0 25 24 8
1 13 12 6
2 17 17 9
3 30 30 10
4 19 18 8
5 19 18 6
6 23 23 9
7 16 16 8
8 23 22 8
9 23 22 8
10 15 15 7
11 12 12 6
12 9 9 9
13 10 10 6
14 15 15 7
15 18 17 9
16 16 15 7
17 26 26 10
18 13 13 7
19 14 14 6
20 17 17 7
21 14 13 7
22 16 16 6
23 19 19 11
24 10 10 6
25 13 13 7
26 18 18 10
27 11 10 6
28 13 13 9
29 18 18 8
30 17 16 8
31 15 15 7
32 10 10 6
33 13 13 9
34 14 14 8
35 13 13 7
36 16 15 7
37 6 6 6
38 25 25 11
39 16 16 6
40 13 13 7
41 16 16 8
42 15 14 6
43 13 13 9
44 14 14 8
45 17 16 10
46 15 14 6
47 13 13 7
48 24 24 6
49 13 13 7
