0 22 21 5
1 11 10 4
2 14 13 5
3 25 25 5
4 15 14 4
5 20 19 7
6 21 20 6
7 14 14 6
8 18 18 4
9 22 21 7
10 13 12 4
11 12 11 5
12 7 6 5
13 9 8 4
14 14 13 5
15 13 13 5
16 13 13 5
17 21 21 5
18 11 10 4
19 14 13 5
20 15 15 5
21 11 11 5
22 15 15 5
23 15 14 6
24 10 9 5
25 11 10 4
26 14 13 5
27 9 9 5
28 9 8 4
29 18 17 7
30 13 13 5
31 13 12 4
32 10 9 5
33 11 10 6
34 10 10 4
35 12 11 5
36 13 13 5
37 7 6 5
38 19 18 4
39 16 15 5
40 11 11 5
41 15 14 6
42 12 12 4
43 10 9 5
44 11 10 4
45 14 13 7
46 15 14 6
47 10 10 4
48 24 23 5
49 11 10 4
50 20 19 7
51 21 20 4
52 6 5 4
53 14 13 5
54 7 6 5
55 11 10 6
56 12 12 4
57 18 17 5
58 25 25 5
59 17 17 5
60 21 20 4
61 16 15 5
62 15 14 4
63 34 33 5
64 29 29 5
65 35 35 5
66 25 25 7
67 15 14 4
68 14 13 5
69 21 20 4
70 18 17 5
71 19 18 4
72 26 25 5
73 21 21 5
74 11 11 5
75 19 18 4
76 16 15 5
77 25 24 6
78 24 24 6
79 16 15 5
80 21 20 6
81 10 10 4
82 32 31 9
83 23 22 4
84 22 21 5
85 23 23 5
86 39 39 5
87 33 33 5
88 15 15 5
89 19 18 4
90 26 25 5
91 35 35 5
92 21 21 5
93 35 34 6
94 28 27 7
95 21 20 4
96 24 23 7
97 25 24 6
98 22 22 6
99 18 18 4
100 26 25 7
101 21 20 4
102 30 29 5
103 23 22 6
104 16 16 4
105 14 13 5
106 19 18 6
107 26 26 6
108 20 20 6
109 18 18 4
110 18 17 5
111 25 24 4
112 20 19 5
113 21 20 6
114 28 28 4
115 20 19 5
116 21 21 5
117 29 29 5
118 21 21 5
119 29 28 8
120 14 14 6
121 18 17 5
122 17 16 4
123 34 33 5
124 21 21 5
125 29 28 6
126 24 23 5
127 37 36 8
128 28 28 6
129 16 16 4
130 16 15 5
131 21 21 5
132 23 22 10
133 16 16 4
134 26 25 5
135 31 31 7
136 19 18 6
137 16 15 5
138 23 22 4
139 22 21 5
140 17 17 5
141 27 26 6
142 26 26 10
143 32 32 6
144 20 19 5
145 25 25 7
146 15 14 6
147 20 19 5
148 21 20 6
149 18 18 4
150 28 27 5
151 27 27 7
152 23 22 4
153 28 27 7
154 17 16 4
155 32 31 5
156 19 18 6
157 26 25 5
158 19 18 6
159 28 28 6
160 24 24 6
161 20 19 5
162 33 32 8
163 30 30 6
164 22 22 6
165 16 15 5
166 17 17 5
167 21 20 6
168 30 29 5
169 25 24 4
170 20 19 5
171 25 25 7
172 23 22 4
173 22 21 5
174 29 28 4
175 22 21 7
176 27 26 8
177 38 37 7
178 31 30 8
179 30 29 5
180 27 26 6
181 24 24 4
182 24 23 5
183 27 26 4
184 26 25 5
185 29 29 5
186 31 31 5
187 29 28 6
188 26 26 6
189 22 22 6
190 30 30 6
191 24 24 4
192 14 13 5
193 15 15 5
194 19 18 6
195 16 16 4
196 24 23 7
197 21 20 6
198 24 24 4
199 26 25 5
200 13 13 5
201 21 21 5
202 23 22 4
203 24 23 5
204 17 17 5
205 23 22 6
206 26 25 5
207 17 17 5
208 35 35 5
209 27 26 8
210 18 18 4
211 20 19 5
212 29 28 6
213 42 41 7
214 21 20 6
215 20 20 4
216 20 19 5
217 31 30 6
218 20 20 4
219 16 15 5
220 21 21 5
221 17 16 4
222 22 21 7
223 25 25 5
224 23 22 4
225 22 21 5
226 33 32 8
227 32 32 6
228 20 20 6
229 26 26 6
230 24 24 4
231 28 27 5
232 15 14 4
233 20 19 5
234 19 19 5
235 33 32 6
236 26 25 5
237 27 26 6
238 14 14 4
239 24 23 5
240 23 23 5
241 23 23 5
242 19 18 6
243 32 32 4
244 14 13 5
245 11 10 6
246 16 16 6
247 16 16 6
248 26 26 8
249 16 16 4
250 12 11 5
251 9 9 5
252 11 10 4
253 14 13 5
254 13 13 5
255 9 9 5
256 9 8 4
257 18 17 7
258 13 12 4
259 18 17 5
260 17 17 5
261 13 12 6
262 14 14 4
263 10 9 5
264 19 19 5
265 9 8 4
266 20 19 5
267 21 21 5
268 19 18 4
269 28 27 5
270 19 19 7
271 19 19 5
272 17 16 4
273 16 15 5
274 11 11 5
275 21 20 8
276 18 18 4
277 22 21 5
278 17 16 6
279 20 19 5
280 21 20 4
281 16 15 5
282 13 12 4
283 42 41 7
284 23 22 6
285 18 17 5
286 23 22 4
287 16 15 5
288 15 14 6
289 14 14 4
290 20 19 5
291 23 22 6
292 28 28 6
293 10 9 5
294 19 18 4
295 16 15 5
296 21 20 4
297 38 37 5
298 33 32 6
299 22 22 6
300 30 30 4
301 50 49 5
302 27 27 9
303 29 28 6
304 34 33 7
305 37 36 8
306 42 42 6
307 42 41 7
308 43 43 7
309 33 32 4
310 36 35 7
311 35 34 4
312 18 17 5
313 45 44 12
314 26 26 4
315 24 23 7
316 37 36 10
317 22 21 7
318 23 23 5
319 23 22 6
320 46 45 7
321 37 36 6
322 44 43 7
323 51 51 9
324 39 39 7
325 19 19 7
326 29 28 4
327 30 29 7
328 35 34 6
329 34 34 10
330 22 22 4
331 22 21 5
332 29 28 8
333 22 21 5
334 11 10 4
335 12 11 5
336 15 14 4
337 24 23 5
338 15 15 5
339 17 16 4
340 32 31 5
341 23 22 6
342 10 9 5
343 15 14 4
344 20 19 5
345 25 25 5
346 17 17 5
347 19 18 4
348 26 25 7
349 17 16 4
350 26 25 7
351 17 16 6
352 14 14 4
353 10 9 5
354 15 14 4
355 18 17 5
356 25 24 6
357 12 12 4
358 12 11 5
359 21 20 4
360 22 21 5
361 13 13 5
362 11 10 4
363 22 21 5
364 19 18 6
365 18 18 6
366 16 15 5
367 27 26 6
368 16 15 5
369 25 24 4
370 14 13 5
371 21 20 4
372 16 15 5
373 19 19 5
374 19 19 5
375 19 19 7
376 19 18 6
377 10 10 4
378 18 17 5
379 19 18 6
380 26 26 4
381 16 15 5
382 11 11 5
383 15 15 5
384 19 19 5
385 13 13 5
386 25 25 5
387 13 12 4
388 18 17 5
389 17 16 4
390 18 17 5
391 13 13 5
392 11 10 4
393 16 15 5
394 15 14 4
395 24 23 7
396 19 18 4
397 22 21 5
398 15 14 4
399 10 9 5
400 9 9 5
401 17 16 4
402 12 11 5
403 15 15 5
404 11 10 4
405 12 11 5
406 7 6 5
407 11 10 6
408 10 10 4
409 26 25 7
410 9 9 5
411 9 8 4
412 10 9 5
413 11 10 4
414 16 15 5
415 21 20 6
416 18 18 6
417 14 14 4
418 12 11 5
419 13 13 5
420 11 10 6
421 12 12 4
422 12 11 5
423 13 12 4
424 12 11 5
425 19 18 4
426 12 11 5
427 11 10 4
428 14 13 5
429 17 16 6
430 16 16 6
431 10 10 4
432 22 21 5
433 33 32 8
434 22 22 4
435 28 27 7
436 17 16 6
437 10 10 6
438 14 14 6
439 14 14 4
440 18 17 7
441 15 14 6
442 20 20 4
443 22 21 5
444 19 18 6
445 10 10 4
446 10 9 5
447 17 16 4
448 12 11 5
449 9 8 4
450 18 17 5
451 13 12 6
452 18 18 6
453 8 8 4
454 16 15 5
455 17 16 4
456 18 17 5
457 13 12 4
458 16 15 5
459 17 16 4
460 14 13 5
461 9 9 5
462 9 9 5
463 17 16 4
464 10 9 5
465 13 13 5
466 11 10 4
467 14 13 5
468 9 9 5
469 7 6 5
470 11 10 6
471 12 12 4
472 10 9 5
473 15 14 4
474 22 21 7
475 27 26 4
476 16 15 7
477 11 10 4
478 6 5 4
479 14 13 5
480 17 17 5
481 9 8 4
482 10 9 5
483 9 8 4
484 6 5 4
485 10 9 5
486 11 11 5
487 15 15 5
488 17 16 6
489 14 14 4
490 10 9 5
491 11 11 5
492 15 14 6
493 14 14 6
494 8 8 4
495 20 19 5
496 9 8 4
497 10 9 5
498 15 15 5
499 11 10 6
