0 32 31 7
1 15 14 4
2 14 13 5
3 7 6 5
4 13 12 6
5 14 14 4
6 14 13 5
7 17 16 4
8 32 31 7
9 27 27 7
10 21 20 6
11 22 22 4
12 18 17 5
13 11 10 4
14 10 9 5
15 23 22 4
16 20 19 5
17 23 22 4
18 10 9 5
19 9 8 4
20 14 13 5
21 15 14 4
22 16 15 5
23 15 15 5
24 21 21 5
25 23 23 5
26 21 21 5
27 15 15 5
28 21 20 6
29 22 22 4
30 14 13 5
31 15 14 4
32 20 19 5
33 21 21 5
34 13 13 5
35 11 10 4
36 14 13 5
37 15 14 4
38 12 11 5
39 23 22 4
40 18 17 5
41 27 27 5
42 21 21 5
43 19 18 6
44 20 20 6
45 32 31 5
46 49 48 4
47 34 33 5
48 27 26 4
49 18 17 5
50 19 18 4
51 28 27 5
52 35 34 6
53 32 32 4
54 26 25 5
55 23 22 4
56 26 25 5
57 27 26 4
58 36 35 5
59 29 28 4
60 22 21 5
61 15 15 5
62 25 24 6
63 20 20 6
64 14 14 4
65 28 27 5
66 27 26 8
67 28 28 4
68 20 19 5
69 39 38 6
70 22 22 4
71 26 25 5
72 27 26 6
73 22 22 6
74 24 24 6
75 12 12 6
76 20 20 4
77 32 31 5
78 29 28 6
79 30 29 7
80 23 23 5
81 31 30 6
82 26 26 4
83 18 17 5
84 35 34 4
85 34 33 5
86 33 32 6
87 28 28 4
88 28 27 5
89 41 40 10
90 32 32 6
91 26 25 5
92 15 15 5
93 29 28 4
94 14 13 5
95 43 42 14
96 28 27 9
97 19 18 6
98 34 34 6
99 14 13 5
100 29 28 8
101 26 26 4
102 38 37 5
103 27 26 6
104 24 24 4
105 32 31 5
106 23 23 5
107 17 16 4
108 30 29 5
109 21 20 6
110 18 18 4
111 32 31 5
112 25 24 6
113 18 18 4
114 34 33 5
115 17 16 6
116 10 10 4
117 34 33 5
118 13 12 6
119 16 16 4
120 24 23 5
121 21 21 5
122 27 27 5
123 13 13 5
124 25 24 6
125 12 12 4
126 18 17 5
127 27 26 6
128 14 14 6
129 26 26 6
130 24 23 5
131 25 24 4
132 32 31 7
133 23 22 4
134 24 23 7
135 25 24 8
136 22 21 5
137 27 27 7
138 21 20 4
139 28 27 5
140 25 24 6
141 20 20 4
142 34 33 5
143 25 25 7
144 21 20 4
145 22 21 5
146 29 29 5
147 37 36 10
148 18 17 5
149 23 22 4
150 24 23 5
151 17 16 4
152 26 25 9
153 25 25 5
154 19 18 6
155 20 20 6
156 20 20 4
157 16 15 5
158 23 23 5
159 23 22 4
160 16 15 5
161 17 16 6
162 20 20 4
163 26 25 7
164 21 20 4
165 22 21 5
166 15 15 5
167 19 18 4
168 18 17 5
169 25 24 6
170 14 14 4
171 12 11 5
172 13 12 4
173 16 15 5
174 33 32 6
175 22 22 6
176 18 17 5
177 13 12 6
178 14 14 4
179 18 17 5
180 21 20 6
181 10 10 6
182 14 14 6
183 34 34 8
184 10 10 4
185 26 25 7
186 19 18 6
187 18 17 5
188 13 12 4
189 22 21 5
190 15 14 4
191 14 13 5
192 17 17 7
193 17 16 4
194 12 11 5
195 13 12 4
196 20 19 5
197 27 27 5
198 23 22 4
199 18 17 5
