0 14 13 5
1 15 14 4
2 10 9 5
3 21 20 10
4 14 14 6
5 10 9 5
6 9 8 7
7 31 30 6
8 22 21 7
9 7 6 5
10 11 11 5
11 13 12 6
12 16 15 7
13 13 12 6
14 18 18 6
15 12 11 5
16 15 14 6
17 12 12 6
18 12 12 6
19 10 9 5
20 15 14 8
21 8 8 4
22 16 15 5
23 15 15 7
24 7 6 5
25 15 15 5
26 9 8 4
27 16 15 7
28 27 26 6
29 20 19 5
30 9 8 4
31 16 15 5
32 17 17 5
33 13 13 7
34 17 16 4
35 16 15 5
36 35 34 6
37 22 22 6
38 20 20 6
39 18 18 4
40 20 19 5
41 39 39 5
42 27 26 6
43 24 24 6
44 12 12 4
45 24 23 5
46 21 21 5
47 17 16 4
48 12 11 5
49 17 16 4
50 22 21 5
51 21 20 4
52 12 11 5
53 25 24 6
54 18 18 6
55 14 13 5
56 9 9 5
57 27 26 6
58 16 16 4
59 30 29 5
60 23 22 6
61 14 13 5
62 23 22 4
63 28 27 7
64 17 16 4
65 20 19 5
66 11 10 4
67 20 19 5
68 17 17 5
69 13 12 4
70 18 17 5
71 25 25 7
72 27 26 8
73 16 16 6
74 28 27 9
75 21 20 8
76 16 16 4
77 16 15 5
78 21 21 7
79 15 15 5
80 19 19 7
81 13 13 5
82 19 19 5
83 17 17 5
84 15 14 6
85 10 10 4
86 16 15 5
87 15 15 5
88 15 14 8
89 18 18 8
90 14 14 8
91 16 15 5
92 15 14 4
93 12 11 5
94 25 25 5
95 9 9 5
96 21 20 8
97 24 24 8
98 22 22 10
99 20 20 6
100 22 21 7
101 13 13 7
102 17 17 7
103 7 6 5
104 17 16 6
105 18 17 7
106 15 14 6
107 24 24 8
108 10 9 5
109 21 20 8
110 16 15 7
111 17 17 7
112 15 14 8
113 18 18 8
114 12 11 5
115 17 16 8
116 16 16 6
117 16 15 5
118 9 9 5
119 13 13 7
120 9 8 4
121 20 19 7
122 19 18 10
123 18 18 6
124 22 21 9
125 25 25 7
126 5 5 5
127 14 13 5
128 13 13 7
129 17 16 4
130 12 11 5
131 29 29 11
132 21 20 8
133 22 22 8
134 8 8 4
135 10 9 5
136 13 12 6
137 22 22 10
138 6 6 6
139 17 16 4
140 14 13 5
141 15 14 8
142 14 14 6
143 26 25 7
144 9 8 4
145 32 31 9
146 11 10 6
147 14 13 7
148 11 11 5
149 21 21 7
150 11 10 4
151 16 15 7
152 19 19 5
153 17 16 6
154 12 11 5
155 13 13 5
156 17 16 8
157 12 11 5
158 21 21 7
159 13 12 6
160 14 14 6
161 10 9 5
162 15 14 8
163 12 12 6
164 16 15 7
165 15 14 4
166 20 19 5
167 17 17 7
168 15 14 8
169 16 16 6
170 14 14 6
171 22 22 12
172 8 8 8
173 15 14 8
174 16 15 7
175 15 14 8
176 30 30 8
177 12 12 6
178 18 17 5
179 9 8 4
180 20 19 5
181 9 8 4
182 26 25 9
183 13 12 4
184 16 15 5
185 9 9 5
186 13 12 6
187 14 14 8
188 14 14 6
189 10 9 5
190 15 14 6
191 16 15 9
192 15 15 9
193 11 10 6
194 10 9 5
195 15 15 7
196 19 18 6
197 14 14 6
198 14 14 8
199 10 10 6
200 22 22 10
201 10 9 5
202 29 28 12
203 14 14 4
204 14 13 5
205 13 13 7
206 9 8 4
207 12 11 5
208 19 18 8
209 10 10 6
210 22 21 7
211 5 5 5
212 22 21 9
213 21 20 6
214 14 14 4
215 14 13 5
216 23 23 7
217 15 14 6
218 14 13 5
219 13 13 5
220 29 28 10
221 12 11 5
222 17 16 6
223 20 20 4
224 18 17 5
225 13 13 5
226 9 8 4
227 28 27 5
228 13 13 5
229 11 11 5
230 17 16 6
231 18 17 7
232 17 16 6
233 12 12 6
234 14 14 6
235 18 17 7
236 15 14 6
237 12 12 4
238 18 17 11
239 11 10 6
240 14 13 5
241 19 18 6
242 20 20 8
243 8 8 4
244 20 19 9
245 7 6 5
246 11 10 6
247 12 12 8
248 16 16 10
249 6 5 4
250 18 17 7
251 7 6 5
252 5 5 5
253 22 21 9
254 13 12 8
255 10 10 6
256 18 18 6
257 18 17 9
258 13 12 6
259 16 15 9
260 11 10 6
261 16 16 6
262 14 13 9
263 15 14 6
264 12 11 5
265 11 10 6
266 8 7 6
267 12 12 8
268 10 9 5
269 15 15 9
270 7 6 5
271 11 11 7
272 13 13 9
273 13 13 9
274 17 16 8
275 12 12 8
276 14 13 7
277 19 18 8
278 12 11 7
279 15 14 8
280 14 13 7
281 19 18 10
282 6 6 6
283 9 9 5
284 11 11 7
285 13 13 7
286 7 7 7
287 12 12 8
288 8 7 6
289 10 10 6
290 18 17 7
291 15 14 8
292 14 13 5
293 15 15 9
294 13 12 6
295 14 14 8
296 12 11 5
297 13 12 6
298 14 13 7
299 17 17 7
300 21 21 7
301 11 11 5
302 7 6 5
303 11 10 4
304 18 17 5
305 15 15 7
306 21 20 10
307 10 10 4
308 12 11 5
309 13 13 7
310 15 14 6
311 16 15 7
312 7 6 5
313 21 20 6
314 16 15 7
315 15 14 6
316 6 5 4
317 16 15 7
318 9 8 4
319 14 13 7
320 19 19 5
321 13 13 7
322 7 6 5
323 19 19 5
324 13 13 5
325 9 8 4
326 20 19 7
327 5 5 5
328 12 11 5
329 17 17 7
330 13 13 7
331 23 22 4
332 16 15 7
333 9 8 4
334 16 15 7
335 7 6 5
336 13 12 6
337 16 15 7
338 15 14 4
339 20 19 5
340 19 18 6
341 10 9 5
342 17 16 8
343 6 5 4
344 10 9 5
345 11 10 6
346 18 17 7
347 19 19 5
348 19 18 4
349 10 9 5
350 13 12 4
351 10 9 5
352 13 12 6
353 14 14 8
354 30 30 6
355 18 17 5
356 17 16 4
357 6 5 4
358 14 13 5
359 13 12 6
360 30 30 4
361 22 21 5
362 25 24 4
363 20 19 5
364 13 13 5
365 11 10 4
366 16 15 5
367 11 10 4
368 20 19 5
369 25 25 5
370 27 26 4
371 12 11 5
372 15 14 4
373 26 25 7
374 15 14 4
375 14 13 5
376 19 18 6
377 16 16 4
378 24 23 5
379 17 16 4
380 18 17 7
381 13 12 4
382 18 17 5
383 21 21 5
384 17 16 6
385 14 14 4
386 20 19 9
387 15 14 4
388 18 17 5
389 17 17 5
390 11 11 5
391 21 21 9
392 27 26 6
393 18 18 6
394 18 17 5
395 21 21 7
396 17 16 4
397 16 15 5
398 19 18 6
399 14 14 4
400 24 23 9
401 21 21 7
402 13 12 6
403 30 30 6
404 22 22 6
405 24 23 11
406 23 23 9
407 17 17 9
408 25 24 10
409 12 11 5
410 19 18 6
411 22 22 8
412 14 14 6
413 14 14 6
414 16 16 6
415 16 15 5
416 21 20 6
417 12 11 5
418 15 15 7
419 19 18 6
420 28 27 7
421 13 12 6
422 26 25 9
423 19 18 6
424 18 17 7
425 11 11 5
426 13 12 6
427 24 24 8
428 20 19 7
429 35 34 12
430 22 21 11
431 23 23 9
432 17 16 8
433 16 15 7
434 19 19 5
435 23 22 8
436 20 20 12
437 30 30 14
438 18 17 7
439 19 19 5
440 17 17 5
441 21 21 7
442 17 16 4
443 16 15 5
444 11 11 7
445 21 20 8
446 14 14 6
447 24 24 8
448 14 14 4
449 16 15 5
450 9 9 5
451 13 12 6
452 10 10 4
453 18 17 7
454 15 15 7
455 21 20 8
456 12 11 5
457 19 18 8
458 16 15 5
459 13 13 7
460 21 20 6
461 18 18 4
462 12 11 5
463 11 11 5
464 15 14 4
465 14 13 7
466 19 18 6
467 24 23 9
468 11 10 4
469 14 13 5
470 17 17 7
471 9 8 4
472 8 7 6
473 16 16 8
474 14 14 4
475 22 21 7
476 9 9 5
477 11 11 5
478 21 20 8
479 10 10 4
480 12 11 5
481 11 10 6
482 12 11 5
483 15 15 7
484 13 13 5
485 15 14 8
486 14 13 7
487 13 12 6
488 8 8 4
489 16 15 7
490 9 8 4
491 14 13 5
492 13 13 5
493 9 9 5
494 15 15 5
495 23 23 7
496 9 9 5
497 15 14 4
498 14 13 7
499 13 13 5
