0 22 21 5
1 11 10 4
2 14 13 5
3 25 25 5
4 15 15 5
5 19 18 6
6 18 18 4
7 14 13 5
8 21 20 6
9 20 19 5
10 13 12 4
11 12 11 5
12 5 5 5
13 10 9 5
14 13 13 5
15 13 13 5
16 15 14 6
17 22 21 5
18 11 11 5
19 15 14 6
20 14 14 4
21 12 11 5
22 15 15 5
23 13 12 4
24 10 9 5
25 13 12 6
26 14 13 5
27 9 8 4
28 10 9 5
29 15 15 5
30 13 13 5
31 15 14 6
32 8 8 4
33 10 9 5
34 13 12 6
35 12 12 6
36 12 12 4
37 8 7 6
38 18 18 4
39 16 15 5
40 11 11 5
41 13 13 5
42 13 13 5
43 9 8 4
44 12 11 5
45 13 12 6
46 14 14 6
47 10 10 4
48 24 23 5
49 11 11 5
50 17 16 4
51 22 21 5
52 5 5 5
53 14 13 5
54 5 5 5
55 10 9 5
56 13 12 4
57 18 17 5
58 25 25 5
59 17 17 5
60 23 22 6
61 14 14 4
62 16 15 5
63 37 36 8
64 28 28 4
65 36 35 5
66 23 23 5
67 17 16 6
68 12 12 4
69 22 21 5
70 17 17 5
71 19 18 4
72 26 25 5
73 21 21 5
74 11 10 4
75 20 19 5
76 15 15 5
77 23 22 4
78 24 23 5
79 17 16 6
80 20 19 5
81 11 11 5
82 29 28 6
83 24 24 6
84 20 20 4
85 24 23 5
86 41 40 6
87 34 34 6
88 16 15 5
89 21 20 6
90 26 26 6
91 36 36 6
92 20 20 4
93 34 33 5
94 25 25 5
95 21 20 4
96 22 21 5
97 23 23 5
98 23 22 6
99 20 19 5
100 25 24 6
101 22 21 5
102 31 30 6
103 20 20 4
104 18 17 5
105 13 13 5
106 17 16 4
107 26 25 5
108 21 20 6
109 20 20 6
110 16 16 4
111 26 25 5
112 19 19 5
113 19 19 5
114 31 30 6
115 20 19 5
116 21 21 5
117 29 29 5
118 21 21 5
119 27 27 7
120 15 14 6
121 16 16 4
122 20 19 7
123 35 34 6
124 22 22 6
125 28 28 6
126 22 22 4
127 34 33 5
128 27 27 5
129 17 16 4
130 16 15 5
131 21 21 5
132 17 16 4
133 20 19 7
134 25 24 4
135 30 29 5
136 19 18 6
137 14 14 4
138 24 23 5
139 21 21 5
140 17 17 5
141 27 26 6
142 22 22 6
143 30 30 4
144 20 19 5
145 23 23 5
146 13 12 4
147 20 19 5
148 19 19 5
149 21 20 6
150 28 28 6
151 26 25 5
152 25 24 6
153 26 26 6
154 18 18 6
155 32 31 5
156 17 17 5
157 25 25 5
158 17 17 5
159 27 27 5
160 27 26 8
161 18 18 4
162 30 29 5
163 29 29 5
164 21 21 5
165 15 15 5
166 17 16 4
167 22 21 7
168 31 30 6
169 24 24 4
170 22 21 7
171 25 24 6
172 24 24 6
173 20 20 4
174 30 29 5
175 19 19 5
176 23 23 5
177 35 34 4
178 32 31 9
179 31 30 6
180 26 26 6
181 26 26 6
182 22 22 4
183 28 27 5
184 25 24 4
185 30 29 5
186 35 34 8
187 26 26 4
188 26 25 5
189 21 21 5
190 31 30 6
191 26 26 6
192 14 14 6
193 14 14 4
194 18 17 5
195 17 17 5
196 23 22 6
197 18 18 4
198 26 25 5
199 25 25 5
200 13 13 5
201 21 21 5
202 23 23 5
203 25 24 6
204 18 18 6
205 20 20 4
206 26 25 5
207 17 17 5
208 37 36 6
209 24 23 5
210 19 19 5
211 21 20 6
212 28 27 5
213 39 39 5
214 19 19 5
215 21 21 5
216 19 18 4
217 30 29 5
218 21 21 5
219 15 14 4
220 22 21 5
221 17 17 5
222 19 18 4
223 26 25 5
224 23 23 5
225 23 22 6
226 28 28 4
227 34 33 7
228 21 20 6
229 24 24 4
230 28 27 7
231 27 26 4
232 16 15 5
233 21 20 6
234 20 19 5
235 33 32 6
236 26 25 5
237 27 26 6
238 16 15 5
239 25 24 6
240 24 24 6
241 24 24 6
242 16 16 4
243 34 33 5
244 15 14 6
245 8 8 4
246 16 15 5
247 15 15 5
248 23 22 4
249 18 17 5
250 11 11 5
251 9 9 5
252 11 10 4
253 14 13 5
254 13 13 5
255 9 8 4
256 10 9 5
257 15 15 5
258 13 13 5
259 19 18 6
260 18 17 5
261 11 10 4
262 16 15 5
263 9 9 5
264 19 18 4
265 10 9 5
266 19 19 5
267 21 21 5
268 19 19 5
269 29 28 6
270 18 18 6
271 18 18 4
272 18 17 5
273 15 15 5
274 11 11 5
275 19 18 6
276 18 18 4
277 22 21 5
278 15 15 5
279 19 19 5
280 21 21 5
281 17 16 6
282 12 12 4
283 40 39 5
284 23 22 6
285 18 17 5
286 23 23 5
287 17 16 6
288 14 14 6
289 14 14 4
290 20 19 5
291 21 21 5
292 29 28 6
293 10 9 5
294 19 18 4
295 16 15 5
296 21 21 5
297 37 37 5
298 31 30 4
299 22 21 5
300 33 32 6
301 50 49 5
302 23 23 5
303 27 26 4
304 32 31 5
305 33 33 5
306 41 41 5
307 41 40 6
308 42 41 5
309 35 34 6
310 34 34 6
311 36 36 6
312 18 17 5
313 39 39 7
314 31 30 8
315 22 22 6
316 34 34 8
317 22 21 7
318 25 24 6
319 22 22 6
320 44 44 6
321 36 35 5
322 41 41 5
323 51 50 8
324 38 38 6
325 16 16 4
326 30 29 5
327 27 27 5
328 33 32 4
329 32 31 7
330 23 22 4
331 22 21 5
332 25 24 4
333 22 21 5
334 11 11 5
335 11 11 5
336 15 14 4
337 24 23 5
338 15 15 5
339 17 17 5
340 33 32 6
341 22 22 6
342 8 8 4
343 16 15 5
344 19 19 5
345 27 26 6
346 18 17 5
347 19 18 4
348 24 23 5
349 17 17 5
350 25 24 6
351 16 16 6
352 16 16 6
353 8 8 4
354 16 15 5
355 17 17 5
356 23 23 5
357 13 12 4
358 12 11 5
359 23 22 6
360 22 21 5
361 13 12 4
362 14 13 7
363 21 20 4
364 18 17 5
365 19 19 7
366 17 16 6
367 26 26 6
368 14 14 4
369 26 25 5
370 13 12 4
371 22 21 5
372 15 15 5
373 19 19 5
374 19 19 5
375 17 16 4
376 18 17 5
377 11 11 5
378 17 17 5
379 17 16 4
380 28 27 5
381 17 16 6
382 12 12 6
383 14 14 4
384 20 19 5
385 15 14 6
386 26 26 6
387 12 12 4
388 20 19 7
389 17 16 4
390 18 17 5
391 13 13 5
392 11 10 4
393 16 15 5
394 17 16 6
395 22 22 6
396 20 20 6
397 22 22 6
398 14 14 4
399 10 9 5
400 11 10 6
401 18 18 6
402 10 10 4
403 16 15 5
404 11 11 5
405 13 12 6
406 6 6 6
407 11 10 6
408 10 10 4
409 24 23 5
410 9 9 5
411 9 9 5
412 9 9 5
413 13 12 6
414 16 16 6
415 20 20 6
416 18 18 6
417 14 14 4
418 12 11 5
419 13 12 4
420 10 9 5
421 13 13 5
422 13 12 6
423 12 12 4
424 12 11 5
425 23 22 8
426 10 10 4
427 12 11 5
428 15 14 6
429 16 16 6
430 14 14 4
431 12 11 5
432 21 20 4
433 32 31 7
434 23 22 4
435 26 25 5
436 15 15 5
437 9 8 4
438 14 13 5
439 17 16 6
440 16 16 6
441 14 14 6
442 20 20 4
443 22 21 5
444 17 17 5
445 11 11 5
446 9 8 4
447 18 17 5
448 13 12 6
449 10 10 6
450 16 16 4
451 12 11 5
452 17 17 5
453 9 9 5
454 17 16 6
455 18 18 6
456 16 16 4
457 14 13 5
458 17 16 6
459 18 18 6
460 12 12 4
461 10 9 5
462 11 10 6
463 18 18 6
464 10 10 6
465 12 12 4
466 12 11 5
467 13 12 4
468 10 9 5
469 5 5 5
470 10 9 5
471 13 13 5
472 9 9 5
473 15 14 4
474 20 19 5
475 27 27 5
476 13 13 5
477 11 10 4
478 8 7 6
479 12 12 4
480 18 17 5
481 11 10 6
482 8 8 4
483 10 9 5
484 7 6 5
485 11 10 6
486 10 10 4
487 16 15 5
488 17 16 6
489 16 15 5
490 11 10 6
491 10 10 4
492 14 13 5
493 13 13 5
494 9 8 4
495 22 21 7
496 11 10 6
497 8 8 4
498 16 15 5
499 11 10 6
500 12 12 6
501 12 12 4
502 16 15 5
503 11 10 6
504 14 14 6
505 16 16 4
506 10 9 5
507 15 15 5
508 11 10 6
509 14 14 4
510 14 13 5
511 15 14 4
512 16 15 7
513 17 16 4
514 12 11 5
515 15 14 6
516 14 14 6
517 14 14 4
518 20 19 5
519 15 15 5
520 9 8 4
521 10 9 5
522 17 16 6
523 10 10 4
524 12 11 5
525 11 11 5
526 13 12 6
527 12 12 4
528 12 11 5
529 5 5 5
530 12 11 5
531 11 10 6
532 14 14 6
533 18 18 6
534 8 8 4
535 10 9 5
536 11 10 6
537 12 12 4
538 20 19 5
539 33 32 6
540 22 22 6
541 14 14 4
542 18 17 5
543 9 9 5
544 9 8 4
545 12 11 5
546 5 5 5
547 18 17 5
548 17 16 4
549 24 23 5
550 23 22 6
551 22 21 5
552 21 20 6
553 14 14 6
554 12 12 6
555 10 10 4
556 12 11 5
557 7 6 5
558 15 15 5
559 15 15 5
560 19 18 4
561 24 23 5
562 13 13 5
563 21 21 5
564 19 18 4
565 16 15 5
566 21 20 6
567 10 9 5
568 7 6 5
569 23 22 6
570 14 13 5
571 13 12 4
572 28 27 5
573 15 14 6
574 12 12 4
575 14 13 5
576 21 20 6
577 20 20 4
578 18 17 5
579 9 9 5
580 25 24 4
581 24 23 5
582 17 16 6
583 24 24 6
584 16 16 4
585 20 19 5
586 19 18 4
587 24 23 5
588 31 30 6
589 24 23 5
590 33 33 5
591 35 35 5
592 23 22 6
593 22 22 4
594 32 31 5
595 17 16 4
596 22 21 5
597 45 45 5
598 35 35 5
599 21 21 5
600 23 22 6
601 22 21 5
602 25 24 4
603 28 27 5
604 35 34 4
605 38 37 7
606 37 37 7
607 43 42 10
608 22 22 6
609 26 26 6
610 34 34 6
611 22 22 6
612 34 34 6
613 26 26 4
614 34 33 7
615 29 28 6
616 28 28 6
617 14 14 4
618 32 31 5
619 31 31 7
620 29 29 7
621 25 25 7
622 35 35 5
623 33 32 8
624 26 26 6
625 30 30 8
626 24 24 8
627 30 30 8
628 22 22 6
629 40 39 7
630 49 48 8
631 28 27 5
632 21 21 5
633 21 20 6
634 24 24 6
635 38 37 9
636 19 19 5
637 29 29 9
638 31 30 6
639 30 30 6
640 30 30 8
641 22 21 5
642 19 19 5
643 27 27 5
644 29 29 9
645 25 24 6
646 30 30 10
647 38 38 6
648 30 29 5
649 25 24 6
650 22 21 5
651 35 35 7
652 21 21 5
653 25 24 8
654 44 44 12
655 20 20 4
656 22 21 5
657 21 21 5
658 37 36 8
659 36 35 7
660 19 19 5
661 35 34 6
662 38 37 9
663 41 40 8
664 36 35 7
665 37 36 10
666 34 34 10
667 22 22 4
668 36 35 7
669 43 42 6
670 28 27 5
671 13 13 5
672 19 18 6
673 34 34 4
674 28 27 9
675 37 37 9
676 31 30 6
677 42 41 7
678 25 24 6
679 30 29 5
680 29 29 5
681 17 17 5
682 25 24 4
683 30 29 7
684 23 23 5
685 27 26 6
686 34 34 8
687 14 14 4
688 32 31 7
689 25 25 5
690 19 18 6
691 26 25 5
692 15 15 5
693 23 23 7
694 31 30 6
695 26 25 5
696 23 22 6
697 30 30 6
698 18 17 5
699 19 18 4
700 28 27 7
701 15 14 4
702 14 13 5
703 15 15 5
704 31 30 6
705 20 19 5
706 11 10 4
707 14 13 5
708 19 19 5
709 17 17 5
710 15 15 5
711 21 20 6
712 16 16 4
713 20 19 5
714 19 18 6
715 22 21 5
716 23 22 6
717 22 22 4
718 14 13 5
719 9 9 5
720 17 16 6
721 14 14 4
722 18 17 5
723 9 9 5
724 9 8 4
725 16 15 5
726 11 11 5
727 19 18 4
728 18 17 5
729 21 21 5
730 17 16 6
731 22 22 6
732 12 12 4
733 16 15 5
734 11 10 4
735 18 17 5
736 15 15 5
737 15 15 5
738 19 19 5
739 17 16 4
740 24 23 5
741 19 18 4
742 14 13 5
743 21 21 5
744 19 19 5
745 19 19 5
746 13 12 4
747 12 11 5
748 21 20 6
749 12 12 4
750 26 25 5
751 17 16 6
752 14 14 6
753 24 24 4
754 16 15 5
755 15 15 5
756 25 25 5
757 13 13 5
758 11 11 5
759 15 14 4
760 20 19 5
761 17 17 5
762 11 11 5
763 19 18 4
764 12 11 5
765 13 13 5
766 11 10 6
767 10 10 6
768 12 12 4
769 16 15 7
770 11 10 4
771 16 15 5
772 23 22 4
773 18 17 5
774 23 23 5
775 21 20 6
776 20 19 5
777 19 18 6
778 12 12 4
779 10 9 5
780 13 12 6
781 14 13 5
782 11 11 5
783 11 10 4
784 14 13 5
785 27 27 5
786 17 16 6
787 10 10 4
788 16 15 5
789 29 28 6
790 8 8 4
791 14 13 5
792 17 16 6
793 12 12 4
794 16 15 5
795 31 31 5
796 13 13 5
797 27 26 6
798 30 29 5
799 33 33 5
800 27 26 4
801 14 13 5
802 9 8 4
803 12 11 5
804 11 11 5
805 19 18 6
806 18 18 6
807 22 22 4
808 16 15 5
809 23 23 5
810 25 24 6
811 10 10 4
812 12 11 5
813 13 13 5
814 13 13 5
815 19 18 4
816 16 15 5
817 27 26 6
818 12 12 6
819 18 18 6
820 16 16 4
821 12 11 5
822 19 18 6
823 28 28 6
824 14 14 4
825 12 11 5
826 25 25 5
827 19 19 5
828 17 16 4
829 12 11 5
830 21 21 5
831 5 5 5
832 12 11 5
833 17 17 5
834 13 13 5
835 11 10 4
836 14 13 5
837 9 9 5
838 13 13 5
839 17 16 4
840 14 13 5
841 15 14 6
842 14 13 5
843 17 16 4
844 24 23 7
845 17 16 4
846 22 21 5
847 17 16 6
848 18 18 6
849 20 20 6
850 20 20 4
851 24 23 5
852 7 6 5
853 23 23 5
854 9 9 5
855 9 8 4
856 18 17 5
857 21 20 6
858 18 18 4
859 10 9 5
860 17 16 6
861 10 10 4
862 16 15 5
863 11 11 5
864 13 12 6
865 12 12 4
866 10 9 5
867 9 9 5
868 27 26 6
869 10 10 4
870 20 19 5
871 19 19 5
872 13 13 5
873 9 8 4
874 18 17 5
875 11 11 5
876 9 9 5
877 13 12 4
878 16 15 5
879 19 19 5
880 9 9 5
881 15 15 5
882 13 12 6
883 14 14 4
884 16 15 7
885 15 15 5
886 15 15 5
887 15 14 4
888 12 11 5
889 7 6 5
890 17 17 5
891 11 10 6
892 12 12 4
893 14 13 5
894 11 11 5
895 15 14 6
896 12 12 4
897 18 17 5
898 17 17 5
899 17 16 6
900 14 14 6
901 18 18 4
902 24 23 5
903 13 13 5
904 13 12 6
905 10 10 4
906 12 11 5
907 9 8 4
908 10 9 5
909 15 15 5
910 11 10 4
911 16 15 5
912 13 12 6
913 10 10 6
914 6 6 6
915 13 12 4
916 12 11 5
917 11 10 4
918 12 11 5
919 15 14 6
920 18 18 4
921 18 17 5
922 9 9 5
923 11 10 4
924 10 9 5
925 11 11 5
926 7 6 5
927 9 8 4
928 10 9 5
929 17 17 5
930 17 16 6
931 24 24 6
932 12 12 6
933 18 18 6
934 12 12 4
935 18 17 5
936 19 19 5
937 13 12 4
938 10 9 5
939 13 13 5
940 21 20 6
941 10 9 5
942 11 10 4
943 12 11 5
944 13 13 5
945 11 11 5
946 29 28 6
947 22 22 6
948 20 20 6
949 20 20 6
950 14 14 4
951 18 17 5
952 7 6 5
953 13 12 6
954 10 10 4
955 10 9 5
956 17 17 5
957 13 13 5
958 11 10 4
959 12 11 5
960 13 12 4
961 20 19 7
962 13 12 4
963 16 15 5
964 15 14 6
965 14 14 4
966 20 19 5
967 13 13 5
968 17 16 6
969 16 16 6
970 12 12 4
971 14 13 5
972 17 16 4
973 12 11 5
974 15 14 6
975 12 11 5
976 9 8 4
977 14 13 5
978 25 25 5
979 25 24 6
980 8 8 4
981 26 25 5
982 19 19 5
983 11 11 5
984 27 26 6
985 18 18 4
986 22 21 7
987 17 16 4
988 14 13 5
989 21 20 6
990 24 24 4
991 34 33 5
992 25 24 4
993 18 17 5
994 25 24 6
995 34 34 6
996 32 32 6
997 26 25 5
998 49 49 9
999 23 23 5
1000 27 26 6
1001 40 40 8
1002 26 26 6
1003 28 27 5
1004 25 24 4
1005 22 21 5
1006 27 27 7
1007 25 24 4
1008 38 37 5
1009 25 25 5
1010 23 22 4
1011 26 25 5
1012 29 29 7
1013 29 28 4
1014 22 21 5
1015 33 33 5
1016 25 25 5
1017 27 27 7
1018 31 30 6
1019 34 34 4
1020 22 21 5
1021 37 36 8
1022 18 18 4
1023 28 27 5
1024 25 25 7
1025 33 32 8
1026 24 24 6
1027 20 20 4
1028 26 25 5
1029 25 25 5
1030 13 13 5
1031 13 13 5
1032 13 12 4
1033 18 17 5
1034 21 21 5
1035 21 21 5
1036 27 26 6
1037 22 22 4
1038 24 23 5
1039 31 31 7
1040 23 22 8
1041 32 32 10
1042 32 32 6
1043 26 25 5
1044 33 32 6
1045 20 20 4
1046 20 19 5
1047 11 10 4
1048 28 27 5
1049 19 18 6
1050 14 14 6
1051 20 20 6
1052 20 20 4
1053 14 13 5
1054 31 31 5
1055 35 35 5
1056 23 23 5
1057 19 18 6
1058 20 20 6
1059 24 24 6
1060 22 22 4
1061 24 23 5
1062 31 31 5
1063 21 21 5
1064 23 22 6
1065 16 15 5
1066 27 27 5
1067 29 28 4
1068 24 23 7
1069 27 26 4
1070 28 27 7
1071 23 22 4
1072 16 15 5
1073 11 11 5
1074 25 24 6
1075 16 16 4
1076 26 25 7
1077 23 22 4
1078 6 5 4
1079 22 21 5
1080 21 21 5
1081 25 24 6
1082 20 20 4
1083 18 17 5
1084 23 23 5
1085 27 27 7
1086 21 20 6
1087 18 17 5
1088 19 18 4
1089 22 21 5
1090 19 19 5
1091 13 13 5
1092 23 22 4
1093 16 15 5
1094 15 14 6
1095 18 18 6
1096 22 22 6
1097 18 17 5
1098 25 24 6
1099 20 20 6
1100 20 20 4
1101 16 15 5
1102 9 8 4
1103 18 17 7
1104 17 16 4
1105 18 17 5
1106 11 10 4
1107 12 11 5
1108 27 26 6
1109 18 18 6
1110 22 22 6
1111 20 19 5
1112 17 17 5
1113 13 12 4
1114 26 25 5
1115 25 25 7
1116 23 22 6
1117 20 20 4
1118 22 21 5
1119 15 14 6
1120 20 19 5
1121 11 10 4
1122 18 17 7
1123 11 10 4
1124 16 15 5
1125 17 16 4
1126 16 15 7
1127 15 14 4
1128 20 19 5
1129 13 13 5
1130 11 10 6
1131 20 20 4
1132 16 15 5
1133 29 28 6
1134 14 13 5
1135 15 14 6
1136 16 16 4
1137 18 17 5
1138 13 13 5
1139 25 24 6
1140 18 18 6
1141 10 10 4
1142 10 9 5
1143 23 22 6
1144 14 14 6
1145 12 12 4
1146 22 21 5
1147 27 27 5
1148 21 21 5
1149 15 14 6
1150 26 26 4
1151 16 15 5
1152 13 12 6
1153 14 14 6
1154 16 16 4
1155 16 15 5
1156 17 17 5
1157 15 14 4
1158 16 15 5
1159 17 16 6
1160 24 24 6
1161 10 10 4
1162 12 11 5
1163 23 22 4
1164 14 13 5
1165 19 19 5
1166 17 17 5
1167 15 15 5
1168 15 15 5
1169 15 14 4
1170 16 15 5
1171 15 14 4
1172 18 17 5
1173 19 19 5
1174 15 14 4
1175 12 11 5
1176 13 12 6
1177 12 12 6
1178 12 12 4
1179 14 13 5
1180 17 16 6
1181 14 13 5
1182 7 6 5
1183 7 6 5
1184 15 14 4
1185 18 17 7
1186 11 10 4
1187 14 13 5
1188 11 10 6
1189 18 18 6
1190 12 12 6
1191 6 6 6
1192 17 16 6
1193 10 10 4
1194 6 5 4
1195 14 13 5
1196 11 11 5
1197 13 13 5
1198 17 16 6
1199 10 10 4
1200 26 25 5
1201 13 13 5
1202 21 20 6
1203 8 8 4
1204 10 9 5
1205 15 14 6
1206 16 16 6
1207 12 12 6
1208 16 16 4
1209 6 5 4
1210 12 11 5
1211 11 11 5
1212 23 22 6
1213 14 13 5
1214 13 12 4
1215 12 11 5
1216 17 17 5
1217 11 11 5
1218 15 14 6
1219 8 8 4
1220 10 9 5
1221 11 10 4
1222 12 11 5
1223 13 13 5
1224 9 8 4
1225 12 11 5
1226 11 10 6
1227 18 17 5
1228 13 12 6
1229 18 18 4
1230 10 9 5
1231 15 14 6
1232 10 10 6
1233 8 8 4
1234 12 11 5
1235 7 6 5
1236 19 18 6
1237 18 17 5
1238 7 6 5
1239 11 10 6
1240 12 12 6
1241 8 8 4
1242 12 11 5
1243 13 12 6
1244 20 20 6
1245 10 10 6
1246 10 10 4
1247 16 15 7
1248 9 8 4
1249 10 9 5
1250 9 8 4
1251 10 9 5
1252 11 10 6
1253 16 15 5
1254 17 16 4
1255 16 15 7
1256 17 16 6
1257 12 12 4
1258 10 9 5
1259 15 14 6
1260 18 18 6
1261 10 10 4
1262 8 7 6
1263 8 8 4
1264 6 5 4
1265 16 15 5
1266 7 7 7
1267 12 12 4
1268 12 11 5
1269 23 22 6
1270 16 15 5
1271 13 12 4
1272 14 13 5
1273 11 10 6
1274 12 11 5
1275 11 10 6
1276 12 12 4
1277 18 17 5
1278 17 17 5
1279 11 10 4
1280 18 17 5
1281 15 15 7
1282 17 16 4
1283 6 5 4
1284 20 19 5
1285 13 13 5
1286 9 8 4
1287 12 11 5
1288 13 13 5
1289 11 10 4
1290 16 15 5
1291 11 10 4
1292 14 13 5
1293 17 17 5
1294 17 16 6
1295 12 12 6
1296 16 16 4
1297 12 11 5
1298 9 9 5
1299 11 10 4
1300 12 11 5
1301 9 8 4
1302 22 21 5
1303 11 10 6
1304 14 14 6
1305 18 18 4
1306 14 13 5
1307 9 8 4
1308 6 5 4
1309 18 17 5
1310 13 13 5
1311 13 13 5
1312 11 10 6
1313 10 10 4
1314 20 19 5
1315 21 20 6
1316 6 5 4
1317 14 13 5
1318 9 8 4
1319 12 11 5
1320 9 9 5
1321 11 11 5
1322 11 10 4
1323 32 31 5
1324 15 15 5
1325 9 9 5
1326 9 8 4
1327 16 15 5
1328 15 14 6
1329 16 16 6
1330 14 14 4
1331 16 15 5
1332 11 11 5
1333 15 14 6
1334 18 18 6
1335 20 20 6
1336 24 24 6
1337 10 10 4
1338 18 17 5
1339 13 12 6
1340 12 12 6
1341 20 20 6
1342 12 12 4
1343 10 9 5
1344 23 23 5
1345 5 5 5
1346 18 17 5
1347 15 15 5
1348 17 16 4
1349 12 11 5
1350 25 24 6
1351 16 15 5
1352 13 12 6
1353 20 20 6
1354 10 10 4
1355 20 19 5
1356 15 14 6
1357 10 9 5
1358 21 20 4
1359 38 37 5
1360 17 17 5
1361 21 20 6
1362 22 22 6
1363 22 22 4
1364 20 19 5
1365 23 22 6
1366 20 20 6
1367 16 16 4
1368 16 15 5
1369 23 23 5
1370 19 19 5
1371 23 22 8
1372 16 16 4
1373 12 11 5
1374 25 24 4
1375 22 21 5
1376 19 19 5
1377 29 28 6
1378 20 20 6
1379 12 12 4
1380 16 15 5
1381 13 13 5
1382 29 29 7
1383 11 10 4
1384 20 19 5
1385 13 13 5
1386 15 15 5
1387 21 20 6
1388 24 24 4
1389 20 19 7
1390 13 12 4
1391 22 21 5
1392 23 22 6
1393 30 29 5
1394 15 14 4
1395 12 11 5
1396 17 16 6
1397 18 17 5
1398 17 16 6
1399 16 16 4
1400 24 23 7
1401 19 18 4
1402 26 25 5
1403 13 13 5
1404 13 12 4
1405 16 15 5
1406 5 5 5
1407 20 19 5
1408 21 20 6
1409 18 18 6
1410 12 12 4
1411 16 15 5
1412 13 13 5
1413 15 14 6
1414 16 16 4
1415 20 19 5
1416 17 17 5
1417 15 14 6
1418 18 18 6
1419 14 14 4
1420 20 19 5
1421 27 27 5
1422 23 22 6
1423 16 16 4
1424 16 15 5
1425 21 21 7
1426 17 16 4
1427 10 9 5
1428 13 12 6
1429 12 12 4
1430 12 11 5
1431 11 11 5
1432 15 14 6
1433 14 14 6
1434 10 10 6
1435 8 8 4
1436 10 9 5
1437 15 14 6
1438 8 8 4
1439 18 17 5
1440 11 10 6
1441 10 10 4
1442 10 9 5
1443 11 11 5
1444 9 8 4
1445 12 11 5
1446 13 13 5
1447 13 12 6
1448 10 10 4
1449 26 25 5
1450 15 14 6
1451 12 12 4
1452 18 17 5
1453 15 15 5
1454 13 13 5
1455 9 8 4
1456 12 11 5
1457 11 10 6
1458 12 12 4
1459 12 11 5
1460 11 11 5
1461 11 10 6
1462 8 8 4
1463 10 9 5
1464 13 12 4
1465 18 17 5
1466 11 11 5
1467 13 12 6
1468 14 14 6
1469 8 8 4
1470 10 9 5
1471 31 31 5
1472 13 13 5
1473 15 14 4
1474 12 11 5
1475 11 10 6
1476 16 16 4
1477 14 13 5
1478 21 21 5
1479 13 12 6
1480 14 14 4
1481 22 21 7
1482 17 16 4
1483 12 11 5
1484 11 11 5
1485 15 14 6
1486 26 25 5
1487 13 12 4
1488 16 15 5
1489 17 16 4
1490 12 11 5
1491 25 24 6
1492 20 20 4
1493 12 11 5
1494 29 29 5
1495 13 13 5
1496 25 24 6
1497 10 9 5
1498 33 33 5
1499 25 24 4
1500 44 43 7
1501 25 24 4
1502 18 17 5
1503 17 16 6
1504 40 39 5
1505 15 14 4
1506 32 31 7
1507 19 18 6
1508 28 28 6
1509 14 14 4
1510 18 17 5
1511 23 22 6
1512 24 24 6
1513 26 26 4
1514 10 9 5
1515 17 16 4
1516 30 29 5
1517 31 30 4
1518 18 17 5
1519 21 21 5
1520 21 21 7
1521 19 18 4
1522 26 25 5
1523 23 22 6
1524 24 23 5
1525 19 19 5
1526 19 18 4
1527 22 21 5
1528 15 14 4
1529 18 17 5
1530 25 24 6
1531 18 17 5
1532 19 18 6
1533 28 28 6
1534 32 32 8
1535 22 21 7
1536 17 16 4
1537 24 23 5
1538 29 28 6
1539 24 23 5
1540 25 24 6
1541 20 20 6
1542 40 40 6
1543 38 38 6
1544 28 28 6
1545 28 28 4
1546 20 19 5
1547 15 14 4
1548 18 17 5
1549 23 23 5
1550 29 29 7
1551 19 18 6
1552 16 16 6
1553 20 20 4
1554 24 23 7
1555 19 18 4
1556 14 13 5
1557 15 14 6
1558 26 26 6
1559 24 24 8
1560 14 14 4
1561 26 25 5
1562 19 19 5
1563 15 14 4
1564 18 17 5
1565 31 30 6
1566 26 26 6
1567 22 22 6
1568 18 18 4
1569 22 21 7
1570 23 22 8
1571 22 22 6
1572 20 20 6
1573 6 6 6
1574 33 32 6
1575 18 18 4
1576 22 21 5
1577 13 13 5
1578 19 18 6
1579 16 16 4
1580 20 19 5
1581 23 22 6
1582 22 22 4
1583 24 23 5
1584 19 18 4
1585 18 17 5
1586 23 23 5
1587 31 30 6
1588 18 17 5
1589 9 8 4
1590 22 21 7
1591 25 24 4
1592 10 9 5
1593 19 18 4
1594 22 21 5
1595 15 15 5
1596 21 20 6
1597 30 30 4
1598 18 17 5
1599 13 13 5
1600 13 12 4
1601 6 5 4
1602 26 25 5
1603 17 16 6
1604 18 18 6
1605 14 14 4
1606 16 15 5
1607 17 17 5
1608 19 18 6
1609 20 19 5
1610 15 14 6
1611 12 12 4
1612 20 19 7
1613 15 14 4
1614 14 13 5
1615 13 12 4
1616 24 23 5
1617 21 20 6
1618 16 15 5
1619 13 12 4
1620 24 23 5
1621 15 15 5
1622 15 14 4
1623 12 11 5
1624 21 20 6
1625 10 10 4
1626 16 15 5
1627 11 11 5
1628 11 11 5
1629 23 22 6
1630 10 10 4
1631 24 23 7
1632 17 16 6
1633 14 14 6
1634 24 24 4
1635 16 15 5
1636 17 17 5
1637 13 12 6
1638 12 12 4
1639 14 13 5
1640 19 19 5
1641 15 15 5
1642 17 16 6
1643 28 28 6
1644 22 22 4
1645 30 29 5
1646 23 23 5
1647 15 15 5
1648 21 20 6
1649 30 30 6
1650 28 27 5
1651 25 24 6
1652 20 20 4
1653 34 33 5
1654 29 28 6
1655 22 21 5
1656 25 25 7
1657 19 18 4
1658 36 35 7
1659 33 32 4
1660 30 29 7
1661 29 28 6
1662 24 23 5
1663 23 22 6
1664 18 18 6
1665 26 26 6
1666 30 29 5
1667 23 22 4
1668 18 17 5
1669 27 27 5
1670 21 20 6
1671 12 12 4
1672 20 19 5
1673 17 17 5
1674 13 13 5
1675 13 12 4
1676 26 25 5
1677 19 19 5
1678 11 11 5
1679 15 15 5
1680 19 18 6
1681 10 10 4
1682 22 21 7
1683 13 12 4
1684 16 15 5
1685 13 12 6
1686 6 6 6
1687 21 20 6
1688 18 18 6
1689 12 12 6
1690 12 12 6
1691 12 12 4
1692 18 17 5
1693 19 18 6
1694 10 10 4
1695 14 13 5
1696 11 11 5
1697 19 18 6
1698 12 12 6
1699 14 14 4
1700 12 11 7
1701 13 12 4
1702 14 13 5
1703 15 14 4
1704 6 5 4
1705 8 7 6
1706 6 6 6
1707 11 10 4
1708 14 13 7
1709 15 14 4
1710 20 19 5
1711 19 18 6
1712 14 14 6
1713 18 18 4
1714 12 11 5
1715 11 10 4
1716 12 11 5
1717 9 9 5
1718 17 16 6
1719 8 8 4
1720 18 17 5
1721 23 22 6
1722 18 18 4
1723 16 15 5
1724 15 15 5
1725 15 14 6
1726 12 11 5
1727 23 22 6
1728 28 28 6
1729 20 19 5
1730 19 18 6
1731 16 16 4
1732 12 11 5
1733 19 18 4
1734 20 19 5
1735 13 13 5
1736 9 9 5
1737 11 10 4
1738 14 13 5
1739 13 12 6
1740 12 11 5
1741 17 16 4
1742 12 11 5
1743 11 11 5
1744 11 11 5
1745 7 6 5
1746 15 14 4
1747 16 15 5
1748 13 13 5
1749 19 18 6
1750 14 13 5
1751 15 14 6
1752 10 10 4
1753 12 11 5
1754 11 11 5
1755 15 15 5
1756 13 12 6
1757 6 6 6
1758 15 14 6
1759 12 12 4
1760 12 11 5
1761 17 17 5
1762 25 25 5
1763 19 19 5
1764 11 11 5
1765 11 11 5
1766 9 8 4
1767 12 11 5
1768 17 16 6
1769 16 16 6
1770 14 14 4
1771 18 17 5
1772 11 11 5
1773 13 13 5
1774 19 18 6
1775 16 16 6
1776 16 16 4
1777 16 15 5
1778 13 12 6
1779 20 20 4
1780 14 13 7
1781 23 22 4
1782 20 19 5
1783 15 15 5
1784 15 15 5
1785 11 11 5
1786 5 5 5
1787 12 11 5
1788 15 14 6
1789 10 9 5
1790 13 12 4
1791 10 9 5
1792 9 9 5
1793 7 6 5
1794 15 14 6
1795 14 13 5
1796 15 14 6
1797 12 12 4
1798 16 15 5
1799 11 11 5
1800 15 15 5
1801 29 28 6
1802 8 8 4
1803 16 15 5
1804 11 11 5
1805 9 9 5
1806 13 12 6
1807 10 10 4
1808 14 13 5
1809 21 21 5
1810 17 17 5
1811 15 15 5
1812 13 13 5
1813 27 26 6
1814 24 24 6
1815 24 24 6
1816 18 18 6
1817 6 6 6
1818 19 18 6
1819 12 12 4
1820 16 15 5
1821 19 19 5
1822 23 23 5
1823 21 21 5
1824 13 12 4
1825 12 11 5
1826 15 15 5
1827 11 11 5
1828 23 22 6
1829 12 12 4
1830 12 11 5
1831 11 10 4
1832 14 13 7
1833 15 14 4
1834 14 13 5
1835 21 21 5
1836 17 16 6
1837 24 24 6
1838 16 16 6
1839 14 14 6
1840 16 16 4
1841 20 19 5
1842 23 23 5
1843 25 25 5
1844 31 31 5
1845 37 37 5
1846 13 12 4
1847 20 19 5
1848 31 31 5
1849 25 25 5
1850 29 29 5
1851 29 29 5
1852 19 18 6
1853 22 21 5
1854 27 27 5
1855 31 31 7
1856 17 16 4
1857 24 23 5
1858 21 20 4
1859 32 31 5
1860 27 26 6
1861 34 33 7
1862 39 38 8
1863 28 27 7
1864 23 23 5
1865 23 22 6
1866 30 30 6
1867 34 33 7
1868 25 25 5
1869 23 23 7
1870 37 36 8
1871 30 29 5
1872 29 28 6
1873 40 39 9
1874 23 23 5
1875 45 44 8
1876 24 23 5
1877 33 32 8
1878 22 22 4
1879 28 27 5
1880 31 30 6
1881 32 31 5
1882 29 29 7
1883 41 41 9
1884 27 26 8
1885 46 45 7
1886 23 22 4
1887 48 47 9
1888 25 25 5
1889 27 27 7
1890 21 20 4
1891 34 33 5
1892 27 27 7
1893 33 32 6
1894 32 32 4
1895 18 17 5
1896 11 11 5
1897 43 42 4
1898 54 53 7
1899 23 23 7
1900 21 21 5
1901 31 31 9
1902 29 28 6
1903 28 28 4
1904 30 29 7
1905 35 35 5
1906 33 32 6
1907 26 25 7
1908 39 38 8
1909 24 24 6
1910 26 26 6
1911 38 38 8
1912 46 45 11
1913 45 44 10
1914 34 34 6
1915 32 32 6
1916 24 24 6
1917 16 16 4
1918 48 47 7
1919 27 27 5
1920 41 40 6
1921 26 26 6
1922 40 39 9
1923 31 31 7
1924 31 31 7
1925 29 28 6
1926 28 27 9
1927 39 38 8
1928 46 45 7
1929 25 24 4
1930 24 23 5
1931 21 20 6
1932 24 24 4
1933 32 31 5
1934 23 23 5
1935 29 29 5
1936 37 36 8
1937 28 27 7
1938 37 36 6
1939 42 42 8
1940 28 28 6
1941 18 18 6
1942 26 26 6
1943 22 22 6
1944 24 24 8
1945 28 27 7
1946 27 26 4
1947 34 33 7
1948 23 22 6
1949 22 22 6
1950 26 25 5
1951 25 25 5
1952 17 16 4
1953 20 19 5
1954 19 19 5
1955 21 20 6
1956 22 22 4
1957 20 19 5
1958 21 20 6
1959 28 28 6
1960 26 26 6
1961 18 17 5
1962 25 24 8
1963 26 26 6
1964 24 24 6
1965 20 20 4
1966 20 19 5
1967 19 19 5
1968 21 20 6
1969 22 22 6
1970 22 21 5
1971 17 17 5
1972 23 23 5
1973 29 28 4
1974 22 21 5
1975 23 22 4
1976 12 11 5
1977 21 20 6
1978 18 18 4
1979 30 29 5
1980 21 20 6
1981 14 14 4
1982 14 13 5
1983 13 13 5
1984 15 15 5
1985 11 10 6
1986 16 16 4
1987 20 19 5
1988 13 13 5
1989 21 21 5
1990 17 16 4
1991 14 13 5
1992 11 10 4
1993 20 19 5
1994 15 15 5
1995 21 20 4
1996 14 13 5
1997 17 16 4
1998 6 5 4
1999 22 21 7
2000 13 12 4
2001 12 11 5
2002 15 14 6
2003 16 16 6
2004 20 20 4
2005 10 9 5
2006 21 20 6
2007 16 16 4
2008 8 7 6
2009 14 14 4
2010 16 15 7
2011 19 18 4
2012 16 15 5
2013 13 13 5
2014 21 21 5
2015 25 24 4
2016 20 19 5
2017 17 17 5
2018 11 10 6
2019 16 16 6
2020 20 20 6
2021 20 20 6
2022 16 16 4
2023 14 13 5
2024 13 13 5
2025 13 12 4
2026 20 19 5
2027 15 14 6
2028 14 14 4
2029 14 13 5
2030 5 5 5
2031 8 7 6
2032 8 8 4
2033 16 15 5
2034 15 15 5
2035 17 16 4
2036 22 21 5
2037 13 13 5
2038 11 10 4
2039 14 13 5
2040 11 11 5
2041 11 11 5
2042 9 8 4
2043 16 15 5
2044 17 16 6
2045 14 13 5
2046 25 24 4
2047 12 11 5
2048 11 10 6
2049 10 9 5
2050 11 10 4
2051 12 11 5
2052 5 5 5
2053 6 5 4
2054 10 9 5
2055 15 14 6
2056 16 15 5
2057 25 24 6
2058 24 24 4
2059 22 21 5
2060 17 17 5
2061 15 14 6
2062 18 18 6
2063 16 16 4
2064 14 13 5
2065 11 10 4
2066 14 13 5
2067 13 13 5
2068 15 14 6
2069 10 10 4
2070 22 21 5
2071 21 20 4
2072 22 21 7
2073 23 22 4
2074 16 15 5
2075 9 9 5
2076 9 8 4
2077 14 13 5
2078 21 21 5
2079 11 11 5
2080 17 16 6
2081 8 8 4
2082 24 23 5
2083 25 25 5
2084 11 11 5
2085 7 6 5
2086 13 12 6
2087 14 14 6
2088 10 10 4
2089 12 11 5
2090 15 14 6
2091 12 12 6
2092 6 6 6
2093 19 18 6
2094 10 9 5
2095 11 10 6
2096 8 8 4
2097 6 5 4
2098 22 21 5
2099 19 19 5
2100 19 18 4
2101 8 7 6
2102 12 12 6
2103 14 14 4
2104 12 11 5
2105 7 6 5
2106 11 11 5
2107 17 16 6
2108 16 16 4
2109 12 11 5
2110 11 11 5
2111 9 8 4
2112 24 23 5
2113 19 19 5
2114 15 15 5
2115 11 11 5
2116 11 10 6
2117 12 12 4
2118 18 17 5
2119 15 14 4
2120 40 39 7
2121 25 24 4
2122 26 25 5
2123 19 19 5
2124 31 30 6
2125 22 21 5
2126 23 22 4
2127 22 21 5
2128 23 22 4
2129 22 21 5
2130 23 23 5
2131 19 18 4
2132 24 23 5
2133 25 25 5
2134 23 23 5
2135 29 28 4
2136 24 23 5
2137 31 31 5
2138 31 31 7
2139 45 44 4
2140 26 25 5
2141 25 25 5
2142 15 14 4
2143 20 19 5
2144 19 19 5
2145 19 18 4
2146 38 37 5
2147 27 27 5
2148 23 23 5
2149 21 20 6
2150 26 25 5
2151 21 21 5
2152 29 28 6
2153 18 18 4
2154 26 25 7
2155 19 18 4
2156 36 35 5
2157 17 17 5
2158 27 26 4
2159 18 17 5
2160 33 32 6
2161 18 18 6
2162 28 28 6
2163 22 21 5
2164 15 14 6
2165 16 16 4
2166 26 25 5
2167 23 22 6
2168 18 18 6
2169 22 22 6
2170 26 25 5
2171 25 25 5
2172 21 20 6
2173 24 24 4
2174 18 17 7
2175 27 26 6
2176 22 22 4
2177 28 27 5
2178 19 19 5
2179 29 28 6
2180 14 13 5
2181 31 30 6
2182 24 24 6
2183 24 24 6
2184 14 14 4
2185 12 11 5
2186 25 24 4
2187 20 19 5
2188 23 23 5
2189 25 24 8
2190 14 14 4
2191 18 17 5
2192 19 19 5
2193 33 32 6
2194 20 19 5
2195 31 30 6
2196 14 14 4
2197 22 21 7
2198 17 16 4
2199 16 15 5
2200 15 15 5
2201 23 22 4
2202 22 21 5
2203 5 5 5
2204 22 21 5
2205 15 15 5
2206 17 16 6
2207 20 19 5
2208 23 22 6
2209 12 12 6
2210 22 22 6
2211 14 14 4
2212 16 15 5
2213 21 20 6
2214 24 24 6
2215 14 14 6
2216 16 16 4
2217 38 37 7
2218 13 12 4
2219 20 19 5
2220 11 10 4
2221 22 21 5
2222 21 20 4
2223 18 17 5
2224 15 15 5
2225 13 13 5
2226 15 14 4
2227 22 21 7
2228 19 18 4
2229 24 23 5
2230 19 19 5
2231 11 10 4
2232 26 25 5
2233 13 13 5
2234 23 22 6
2235 12 12 4
2236 26 25 5
2237 23 23 5
2238 15 15 5
2239 9 8 4
2240 24 23 5
2241 11 11 5
2242 15 14 6
2243 18 18 4
2244 18 17 7
2245 11 10 4
2246 10 9 5
2247 19 18 6
2248 6 6 6
2249 13 12 6
2250 16 16 4
2251 12 11 5
2252 19 18 6
2253 14 14 6
2254 14 14 4
2255 14 13 5
2256 23 23 5
2257 13 12 4
2258 12 11 5
2259 15 14 4
2260 16 15 7
2261 13 12 4
2262 14 13 5
2263 17 16 6
2264 12 11 5
2265 11 10 4
2266 12 11 5
2267 11 11 5
2268 11 11 5
2269 17 16 4
2270 18 17 7
2271 7 6 5
2272 11 10 4
2273 6 5 4
2274 20 19 5
2275 9 9 5
2276 19 18 6
2277 14 13 5
2278 13 12 4
2279 14 13 5
2280 5 5 5
2281 16 15 5
2282 13 12 6
2283 8 8 4
2284 12 11 5
2285 19 18 6
2286 14 14 4
2287 14 13 5
2288 11 11 5
2289 9 8 4
2290 10 9 5
2291 11 10 4
2292 12 11 5
2293 7 6 5
2294 21 21 5
2295 17 17 5
2296 19 19 5
2297 9 8 4
2298 12 11 5
2299 5 5 5
2300 6 5 4
2301 10 9 5
2302 9 9 5
2303 13 13 5
2304 13 12 6
2305 18 17 5
2306 17 16 4
2307 18 17 7
2308 17 16 4
2309 24 23 7
2310 13 12 4
2311 10 9 5
2312 11 10 6
2313 14 14 4
2314 18 17 5
2315 11 11 5
2316 9 8 4
2317 10 9 5
2318 11 11 5
2319 13 12 4
2320 16 15 5
2321 13 13 5
2322 7 6 5
2323 17 17 5
2324 19 18 6
2325 6 6 6
2326 11 10 4
2327 8 7 6
2328 8 8 4
2329 10 9 5
2330 9 8 4
2331 14 13 7
2332 15 14 4
2333 16 15 5
2334 5 5 5
2335 10 9 5
2336 21 21 7
2337 13 12 4
2338 12 11 5
2339 11 10 4
2340 10 9 5
2341 13 12 6
2342 10 10 6
2343 12 12 4
2344 12 11 5
2345 13 12 4
2346 10 9 5
2347 7 7 7
2348 12 12 4
2349 14 13 5
2350 13 13 5
2351 13 13 5
2352 11 10 6
2353 8 8 4
2354 12 11 5
2355 9 9 5
2356 7 6 5
2357 15 14 6
2358 6 6 6
2359 11 10 4
2360 14 13 5
2361 15 14 4
2362 10 9 5
2363 9 8 7
2364 13 12 4
2365 10 9 5
2366 7 6 5
2367 11 11 5
2368 7 6 5
2369 13 12 4
2370 16 15 5
2371 13 13 5
2372 13 12 6
2373 12 12 4
2374 6 5 4
2375 8 7 6
2376 10 10 6
2377 12 12 4
2378 10 9 5
2379 9 9 5
2380 11 10 4
2381 10 9 5
2382 13 13 5
2383 13 12 6
2384 8 8 4
2385 14 13 5
2386 13 13 5
2387 9 9 5
2388 13 12 4
2389 6 5 4
2390 10 9 5
2391 11 10 4
2392 16 15 7
2393 15 14 4
2394 12 11 5
2395 15 14 6
2396 12 12 6
2397 6 6 6
2398 11 10 4
2399 12 11 5
2400 17 16 6
2401 8 8 4
2402 18 17 5
2403 15 14 4
2404 14 13 5
2405 13 13 5
2406 9 9 5
2407 13 12 6
2408 14 14 6
2409 12 12 4
2410 12 11 5
2411 15 15 5
2412 11 10 4
2413 20 19 5
2414 17 16 6
2415 10 10 4
2416 10 9 5
2417 13 12 6
2418 14 14 6
2419 20 20 4
2420 24 23 7
2421 13 12 4
2422 16 15 5
2423 31 30 6
2424 36 36 6
2425 30 29 5
2426 23 23 5
2427 23 23 5
2428 15 14 6
2429 18 18 4
2430 34 33 7
2431 15 14 4
2432 16 15 5
2433 15 15 5
2434 17 16 4
2435 34 33 7
2436 25 24 6
2437 36 36 6
2438 24 24 6
2439 24 24 6
2440 38 37 9
2441 33 32 4
2442 24 23 7
2443 25 24 6
2444 26 26 6
2445 34 33 5
2446 23 23 5
2447 25 24 4
2448 22 21 5
2449 37 37 7
2450 25 25 5
2451 27 26 8
2452 52 52 6
2453 32 32 4
2454 32 31 7
2455 29 28 6
2456 44 44 6
2457 32 32 4
2458 22 21 7
2459 37 36 8
2460 36 36 6
2461 36 36 6
2462 36 35 7
2463 33 32 8
2464 26 26 4
2465 26 25 5
2466 23 23 5
2467 27 27 7
2468 27 26 6
2469 28 28 4
2470 36 35 7
2471 17 16 4
2472 34 33 7
2473 17 16 4
2474 20 19 5
2475 19 19 5
2476 21 20 6
2477 26 26 6
2478 16 15 5
2479 29 29 5
2480 17 17 5
2481 21 20 6
2482 14 14 4
2483 20 19 5
2484 23 23 5
2485 31 30 6
2486 22 22 6
2487 22 22 4
2488 36 35 7
2489 17 16 6
2490 18 18 6
2491 24 23 5
2492 17 16 6
2493 16 16 4
2494 24 23 7
2495 21 20 4
2496 14 13 5
2497 15 15 5
2498 27 26 6
2499 12 12 4
2500 16 15 5
2501 19 18 6
2502 20 20 4
2503 14 13 5
2504 11 10 6
2505 10 10 6
2506 10 10 4
2507 18 17 5
2508 21 20 6
2509 20 20 4
2510 24 23 5
2511 23 22 6
2512 16 16 4
2513 16 15 5
2514 21 20 6
2515 14 14 4
2516 18 17 7
2517 19 18 6
2518 22 22 6
2519 12 12 4
2520 16 15 5
2521 11 10 4
2522 20 19 5
2523 9 9 5
2524 15 15 5
2525 13 12 6
2526 20 20 4
2527 14 13 7
2528 13 12 4
2529 24 23 5
2530 13 13 5
2531 21 21 5
2532 17 16 6
2533 10 10 4
2534 12 11 5
2535 19 18 6
2536 10 10 4
2537 20 19 5
2538 13 13 5
2539 13 12 4
2540 16 15 5
2541 15 15 5
2542 17 16 6
2543 24 24 4
2544 18 17 5
2545 13 12 4
2546 10 9 5
2547 15 14 6
2548 18 17 5
2549 19 18 6
2550 14 14 6
2551 18 18 4
2552 12 11 5
2553 21 21 5
2554 11 10 4
2555 22 21 7
2556 21 20 4
2557 22 21 5
2558 19 19 5
2559 21 20 6
2560 16 16 4
2561 22 21 5
2562 19 19 5
2563 27 26 4
2564 26 25 5
2565 17 17 5
2566 11 10 4
2567 14 13 5
2568 15 15 5
2569 29 28 4
2570 24 23 7
2571 21 20 6
2572 14 14 4
2573 18 17 5
2574 23 23 5
2575 25 24 4
2576 12 11 5
2577 31 30 4
2578 18 17 5
2579 29 28 6
2580 24 24 6
2581 18 18 6
2582 16 16 4
2583 20 19 5
2584 17 17 5
2585 21 21 5
2586 17 16 4
2587 20 19 5
2588 21 21 5
2589 21 20 6
2590 18 18 4
2591 16 15 5
2592 15 15 5
2593 23 22 6
2594 12 12 6
2595 20 20 4
2596 16 15 5
2597 17 17 5
2598 19 19 5
2599 19 18 4
2600 24 23 7
2601 17 16 6
2602 12 12 4
2603 20 19 5
2604 9 8 4
2605 14 13 5
2606 11 10 4
2607 14 13 5
2608 17 17 5
2609 13 12 6
2610 24 23 5
2611 19 19 5
2612 13 12 4
2613 12 11 5
2614 15 14 6
2615 16 15 5
2616 15 14 4
2617 10 9 5
2618 19 18 4
2619 22 21 5
2620 15 15 5
2621 17 16 4
2622 16 15 5
2623 13 13 5
2624 15 14 6
2625 12 12 6
2626 12 12 4
2627 12 11 5
2628 7 6 5
2629 23 22 6
2630 14 14 4
2631 20 19 7
2632 11 10 4
2633 16 15 5
2634 17 16 6
2635 24 24 6
2636 10 10 4
2637 14 13 5
2638 9 8 4
2639 20 19 5
2640 9 9 5
2641 13 13 5
2642 13 12 4
2643 14 13 5
2644 17 17 5
2645 13 12 6
2646 10 10 4
2647 10 9 5
2648 23 22 6
2649 12 11 5
2650 17 16 6
2651 8 8 4
2652 20 19 5
2653 13 12 4
2654 14 13 5
2655 11 11 5
2656 19 18 6
2657 14 13 5
2658 11 10 6
2659 14 14 6
2660 10 10 4
2661 24 23 5
2662 11 10 6
2663 10 9 5
2664 11 10 4
2665 12 11 5
2666 13 12 6
2667 10 10 4
2668 16 15 5
2669 17 16 6
2670 14 13 5
2671 13 12 4
2672 8 7 6
2673 6 6 6
2674 13 12 4
2675 6 5 4
2676 14 13 5
2677 13 13 5
2678 11 11 5
2679 11 10 4
2680 24 23 5
2681 17 17 5
2682 19 18 6
2683 14 14 4
2684 6 5 4
2685 16 15 5
2686 5 5 5
2687 20 19 5
2688 15 14 6
2689 16 15 5
2690 9 8 4
2691 10 9 5
2692 17 17 5
2693 13 12 4
2694 12 11 5
2695 15 14 6
2696 20 20 4
2697 20 19 5
2698 13 12 4
2699 12 11 5
2700 19 18 4
2701 18 17 5
2702 21 20 6
2703 18 18 6
2704 26 26 4
2705 14 13 5
2706 27 26 6
2707 24 23 5
2708 25 25 5
2709 17 16 4
2710 26 25 5
2711 19 18 4
2712 20 19 5
2713 29 28 6
2714 26 26 6
2715 28 28 6
2716 26 25 5
2717 27 26 6
2718 28 27 5
2719 17 16 4
2720 18 17 5
2721 27 27 7
2722 19 18 4
2723 22 21 5
2724 21 21 5
2725 29 28 6
2726 20 20 4
2727 28 27 5
2728 31 30 6
2729 26 25 5
2730 31 30 6
2731 26 26 6
2732 22 21 5
2733 29 28 6
2734 40 39 5
2735 25 25 5
2736 41 40 6
2737 20 19 5
2738 29 28 6
2739 30 30 6
2740 20 20 6
2741 16 16 4
2742 18 17 5
2743 21 20 4
2744 20 19 5
2745 25 25 7
2746 27 26 6
2747 24 24 6
2748 20 20 6
2749 14 13 5
2750 23 22 6
2751 30 30 6
2752 14 13 5
2753 17 17 5
2754 17 17 5
2755 31 31 5
2756 23 23 5
2757 21 20 6
2758 26 25 5
2759 33 32 6
2760 26 25 5
2761 17 16 4
2762 18 17 5
2763 23 23 5
2764 29 28 6
2765 16 16 6
2766 36 36 8
2767 34 33 7
2768 25 24 6
2769 24 24 6
2770 34 34 6
2771 32 32 6
2772 24 24 6
2773 24 24 6
2774 24 24 4
2775 36 35 7
2776 15 15 5
2777 33 32 4
2778 20 19 5
2779 23 23 7
2780 17 16 4
2781 26 25 7
2782 25 25 7
2783 35 34 6
2784 24 23 5
2785 21 21 5
2786 17 16 4
2787 24 23 7
2788 27 27 7
2789 25 24 6
2790 16 16 6
2791 10 10 4
2792 34 33 7
2793 19 18 6
2794 28 28 6
2795 24 23 5
2796 31 31 7
2797 37 36 8
2798 20 20 6
2799 18 18 6
2800 14 14 6
2801 14 14 4
2802 14 13 5
2803 11 11 5
2804 13 13 5
2805 25 25 5
2806 33 33 5
2807 19 18 6
2808 34 33 5
2809 23 22 4
2810 12 11 5
2811 35 34 8
2812 8 8 4
2813 26 25 5
2814 19 19 7
2815 19 18 4
2816 26 25 5
2817 9 9 5
2818 19 18 4
2819 18 17 7
2820 27 26 4
2821 14 13 5
2822 27 26 6
2823 8 8 4
2824 18 17 5
2825 17 17 5
2826 17 16 6
2827 16 16 4
2828 10 9 5
2829 9 9 5
2830 13 12 6
2831 16 16 6
2832 10 10 4
2833 12 11 5
2834 11 11 5
2835 13 12 4
2836 16 15 5
2837 11 10 6
2838 10 10 4
2839 16 15 5
2840 13 13 5
2841 19 18 6
2842 30 30 6
2843 16 16 4
2844 20 19 5
2845 15 14 6
2846 22 22 6
2847 12 12 4
2848 18 17 5
2849 11 10 4
2850 12 11 5
2851 11 11 5
2852 19 19 5
2853 29 29 5
2854 23 22 6
2855 20 19 5
2856 13 12 4
2857 16 15 7
2858 11 10 4
2859 16 15 5
2860 11 11 5
2861 13 12 6
2862 12 12 4
2863 14 13 5
2864 11 11 5
2865 11 10 4
2866 20 19 7
2867 15 14 4
2868 8 7 6
2869 22 22 4
2870 14 13 5
2871 19 19 5
2872 15 15 5
2873 9 9 5
2874 13 12 4
2875 20 19 7
2876 15 14 6
2877 8 8 4
2878 6 5 4
2879 18 17 5
2880 25 24 6
2881 8 8 4
2882 10 9 5
2883 5 5 5
2884 10 9 5
2885 21 20 6
2886 14 14 4
2887 16 15 5
2888 15 15 5
2889 31 30 6
2890 18 18 6
2891 22 22 6
2892 8 8 4
2893 16 15 5
2894 21 20 6
2895 16 15 5
2896 11 10 6
2897 12 12 4
2898 18 17 5
2899 17 17 5
2900 15 14 6
2901 18 18 6
2902 10 10 4
2903 18 17 5
2904 13 13 5
2905 17 16 4
2906 14 13 5
2907 13 12 6
2908 10 10 4
2909 18 17 5
2910 17 16 6
2911 22 21 5
2912 19 18 6
2913 14 14 4
2914 24 23 7
2915 13 12 4
2916 24 23 5
2917 17 16 6
2918 14 14 6
2919 16 16 4
2920 10 9 5
2921 11 11 5
2922 17 16 6
2923 10 10 4
2924 16 15 5
2925 21 21 5
2926 21 20 6
2927 16 16 4
2928 18 17 5
2929 9 9 5
2930 11 10 4
2931 12 11 5
2932 19 19 5
2933 17 17 5
2934 15 14 6
2935 10 10 4
2936 18 17 5
2937 13 13 5
2938 17 16 4
2939 16 15 5
2940 11 10 6
2941 12 12 4
2942 10 9 5
2943 17 16 6
2944 16 15 5
2945 19 18 6
2946 14 14 4
2947 14 13 5
2948 15 14 6
2949 10 10 4
2950 18 17 5
2951 29 29 5
2952 15 15 5
2953 19 18 4
2954 22 21 5
2955 17 16 6
2956 16 16 6
2957 20 19 5
2958 13 12 4
2959 26 25 7
2960 23 22 6
2961 16 16 6
2962 20 20 4
2963 28 27 9
2964 11 10 4
2965 28 27 9
2966 23 23 7
2967 29 29 9
2968 17 16 4
2969 22 21 5
2970 31 30 8
2971 24 24 4
2972 26 25 5
2973 21 20 8
2974 18 18 4
2975 22 21 5
2976 17 16 4
2977 18 17 7
2978 27 26 6
2979 20 20 6
2980 18 18 6
2981 14 14 6
2982 16 16 4
2983 14 13 5
2984 15 14 6
2985 20 20 6
2986 18 18 4
2987 20 19 5
2988 15 15 5
2989 17 16 4
2990 24 23 7
2991 19 19 5
2992 15 15 5
2993 23 23 7
2994 21 20 4
2995 30 29 5
2996 27 26 6
2997 22 22 4
2998 36 35 7
2999 21 20 4
3000 30 29 7
3001 15 14 6
3002 16 16 4
3003 26 25 5
3004 25 25 5
3005 25 25 5
3006 25 25 5
3007 25 25 5
3008 19 18 4
3009 20 19 5
3010 23 23 5
3011 13 13 5
3012 17 16 4
3013 26 25 5
3014 25 25 5
3015 15 15 5
3016 27 26 8
3017 12 12 6
3018 18 18 6
3019 34 34 6
3020 12 12 4
3021 20 19 5
3022 27 26 6
3023 18 17 5
3024 23 22 8
3025 18 17 5
3026 21 20 8
3027 20 20 4
3028 26 25 7
3029 29 28 8
3030 22 22 6
3031 26 25 7
3032 21 20 4
3033 32 31 9
3034 23 23 5
3035 19 18 6
3036 22 22 4
3037 20 19 5
3038 27 27 5
3039 29 28 6
3040 26 26 6
3041 26 26 6
3042 34 34 8
3043 24 24 4
3044 30 29 5
3045 25 24 6
3046 26 25 5
3047 23 22 6
3048 22 22 6
3049 14 13 5
3050 29 28 6
3051 28 27 7
3052 17 16 4
3053 14 13 5
3054 15 15 5
3055 15 14 4
3056 20 19 7
3057 23 22 4
3058 20 19 5
3059 19 19 5
3060 21 21 7
3061 13 13 5
3062 21 20 6
3063 22 22 8
3064 20 20 6
3065 12 12 4
3066 24 23 5
3067 13 13 5
3068 15 14 4
3069 20 19 5
3070 19 18 4
3071 24 23 5
3072 13 12 6
3073 14 14 4
3074 14 13 5
3075 23 22 4
3076 20 19 5
3077 21 20 6
3078 22 22 6
3079 18 18 6
3080 18 18 6
3081 18 18 4
3082 12 11 5
3083 23 22 6
3084 16 16 6
3085 14 14 6
3086 14 14 4
3087 14 13 5
3088 17 17 5
3089 29 28 6
3090 12 11 5
3091 15 14 6
3092 14 14 4
3093 12 11 5
3094 13 13 5
3095 15 14 4
3096 14 13 7
3097 15 14 4
3098 12 11 5
3099 13 13 5
3100 27 26 6
3101 12 12 4
3102 20 19 5
3103 19 19 5
3104 23 22 6
3105 12 12 6
3106 30 30 4
3107 18 17 5
3108 27 26 6
3109 18 18 4
3110 24 23 5
3111 15 15 5
3112 21 21 5
3113 29 28 6
3114 32 32 6
3115 22 21 5
3116 23 23 5
3117 27 26 4
3118 30 29 7
3119 41 40 8
3120 22 22 4
3121 18 17 5
3122 33 32 6
3123 28 27 5
3124 25 24 6
3125 28 28 4
3126 34 33 5
3127 31 31 5
3128 37 36 4
3129 26 25 5
3130 27 26 6
3131 30 30 6
3132 28 28 6
3133 10 10 4
3134 26 25 5
3135 23 23 5
3136 21 21 5
3137 25 25 7
3138 19 19 5
3139 21 20 6
3140 18 18 4
3141 22 21 5
3142 13 12 6
3143 18 18 6
3144 16 16 4
3145 16 15 5
3146 13 13 5
3147 17 16 6
3148 14 14 4
3149 12 11 5
3150 13 13 5
3151 13 13 5
3152 15 14 6
3153 10 10 4
3154 10 9 5
3155 9 9 5
3156 11 10 4
3157 14 13 5
3158 13 13 5
3159 13 12 6
3160 20 20 6
3161 12 12 4
3162 12 11 5
3163 15 14 6
3164 10 9 5
3165 9 8 4
3166 16 15 5
3167 19 19 5
3168 17 16 6
3169 10 10 4
3170 12 11 5
3171 9 9 5
3172 9 9 5
3173 13 13 5
3174 25 24 6
3175 18 18 4
3176 22 21 7
3177 9 8 4
3178 10 9 5
3179 11 10 4
3180 10 9 5
3181 15 15 5
3182 11 11 5
3183 11 11 5
3184 11 10 6
3185 8 8 4
3186 6 5 4
3187 14 13 5
3188 13 12 4
3189 16 15 7
3190 11 10 4
3191 16 15 5
3192 17 16 6
3193 8 8 4
3194 10 9 5
3195 17 16 6
3196 14 13 5
3197 7 6 5
3198 11 10 6
3199 8 8 4
3200 12 11 5
3201 13 12 6
3202 16 16 6
3203 14 14 6
3204 20 20 4
3205 14 13 5
3206 13 13 5
3207 5 5 5
3208 14 13 5
3209 11 11 5
3210 11 10 6
3211 10 10 4
3212 12 11 5
3213 7 6 5
3214 21 20 6
3215 24 24 6
3216 18 18 4
3217 20 19 5
3218 11 11 5
3219 17 16 6
3220 20 20 6
3221 16 16 6
3222 12 12 4
3223 10 9 5
3224 19 19 5
3225 7 6 5
3226 11 11 5
3227 9 8 4
3228 16 15 7
3229 19 18 4
3230 12 11 5
3231 13 12 6
3232 6 6 6
3233 11 10 4
3234 20 19 7
3235 19 18 6
3236 20 20 4
3237 16 15 5
3238 19 18 6
3239 14 13 5
3240 15 14 6
3241 12 12 4
3242 14 13 5
3243 11 10 4
3244 14 13 5
3245 13 12 4
3246 12 11 5
3247 15 15 5
3248 9 8 4
3249 12 11 5
3250 11 11 5
3251 19 18 6
3252 16 16 6
3253 18 18 6
3254 16 16 6
3255 14 14 4
3256 14 13 5
3257 9 9 5
3258 7 6 5
3259 11 10 6
3260 16 16 6
3261 14 14 4
3262 10 9 5
3263 17 17 5
3264 11 10 4
3265 20 19 7
3266 17 16 4
3267 6 5 4
3268 10 9 5
3269 13 12 6
3270 12 12 6
3271 8 8 4
3272 14 13 5
3273 13 13 5
3274 13 12 4
3275 22 21 5
3276 13 13 5
3277 21 20 6
3278 12 12 4
3279 20 19 5
3280 23 23 5
3281 23 23 5
3282 29 28 6
3283 20 20 6
3284 24 24 6
3285 18 18 4
3286 18 17 5
3287 13 13 5
3288 17 16 4
3289 18 17 5
3290 15 14 6
3291 14 14 4
3292 32 31 7
3293 17 16 6
3294 12 12 4
3295 14 13 5
3296 11 10 6
3297 22 22 6
3298 14 14 6
3299 28 28 6
3300 16 16 6
3301 20 20 6
3302 18 18 4
3303 20 19 5
3304 23 22 6
3305 14 14 4
3306 16 15 5
3307 21 21 5
3308 21 21 5
3309 23 22 6
3310 24 23 5
3311 15 14 4
3312 16 15 5
3313 27 27 5
3314 13 12 4
3315 18 17 5
3316 19 19 5
3317 17 16 4
3318 12 11 5
3319 13 12 6
3320 16 15 5
3321 19 19 5
3322 9 8 4
3323 16 15 5
3324 11 11 5
3325 17 16 6
3326 18 17 5
3327 11 10 4
3328 22 21 5
3329 13 13 5
3330 17 16 6
3331 14 14 6
3332 18 18 6
3333 16 16 6
3334 10 10 4
3335 22 21 5
3336 13 13 5
3337 15 15 5
3338 19 18 4
3339 16 15 5
3340 5 5 5
3341 10 9 5
3342 15 14 6
3343 8 8 4
3344 22 21 7
3345 17 16 6
3346 18 18 4
3347 12 11 5
3348 11 11 5
3349 13 13 5
3350 7 6 5
3351 17 16 6
3352 10 10 4
3353 20 19 5
3354 13 12 6
3355 8 8 4
3356 18 17 7
3357 17 16 4
3358 12 11 5
3359 15 14 6
3360 22 21 5
3361 13 12 6
3362 18 18 6
3363 14 14 4
3364 16 15 5
3365 17 16 6
3366 12 12 4
3367 16 15 5
3368 13 13 5
3369 13 12 6
3370 18 17 5
3371 13 12 4
3372 26 25 5
3373 15 14 6
3374 14 14 4
3375 20 19 5
3376 17 17 5
3377 13 12 4
3378 14 13 7
3379 21 20 4
3380 16 15 5
3381 17 17 5
3382 15 15 5
3383 17 16 6
3384 14 14 6
3385 6 6 6
3386 15 14 4
3387 14 13 5
3388 9 9 5
3389 17 17 5
3390 17 16 6
3391 12 12 4
3392 18 17 5
3393 11 11 5
3394 9 9 5
3395 9 8 4
3396 12 11 5
3397 13 13 5
3398 15 15 5
3399 11 10 4
3400 16 15 7
3401 17 16 6
3402 16 16 4
3403 16 15 5
3404 23 23 5
3405 9 9 5
3406 13 12 4
3407 12 11 5
3408 13 13 5
3409 15 14 6
3410 24 24 6
3411 8 8 4
3412 12 11 5
3413 13 12 6
3414 12 12 6
3415 8 8 4
3416 14 13 5
3417 13 13 5
3418 15 14 4
3419 14 13 5
3420 9 8 4
3421 14 13 5
3422 21 21 5
3423 13 13 5
3424 19 18 6
3425 10 10 4
3426 16 15 5
3427 19 18 6
3428 14 14 4
3429 18 17 5
3430 17 16 4
3431 10 9 5
3432 13 12 6
3433 30 30 6
3434 10 10 4
3435 12 11 5
3436 19 18 6
3437 16 15 5
3438 13 12 6
3439 8 8 4
3440 16 15 5
3441 15 15 5
3442 15 15 5
3443 19 18 6
3444 14 14 6
3445 18 18 6
3446 16 16 4
3447 14 13 5
3448 13 12 6
3449 12 11 5
3450 19 18 6
3451 12 12 6
3452 12 12 4
3453 14 13 5
3454 17 16 6
3455 14 14 6
3456 8 8 4
3457 14 13 5
3458 15 15 5
3459 11 10 6
3460 8 8 4
3461 12 11 5
3462 7 6 5
3463 11 11 5
3464 19 18 6
3465 14 13 5
3466 7 6 5
3467 21 20 6
3468 6 6 6
3469 23 22 6
3470 16 16 4
3471 6 5 4
3472 12 11 5
3473 11 10 4
3474 14 13 5
3475 11 10 4
3476 16 15 5
3477 17 17 5
3478 11 11 5
3479 13 12 6
3480 8 8 4
3481 24 23 7
3482 27 26 4
3483 20 19 5
3484 19 18 4
3485 16 15 7
3486 13 12 4
3487 20 19 5
3488 13 13 5
3489 19 18 6
3490 12 12 4
3491 18 17 5
3492 25 24 4
3493 10 9 5
3494 11 10 4
3495 16 15 5
3496 11 10 6
3497 12 12 6
3498 14 14 4
3499 26 25 5
3500 37 36 6
3501 12 11 5
3502 13 12 4
3503 24 23 5
3504 19 19 5
3505 19 19 5
3506 19 18 6
3507 12 12 4
3508 20 19 5
3509 19 19 7
3510 21 20 6
3511 14 14 6
3512 12 12 4
3513 8 7 6
3514 14 14 4
3515 20 19 5
3516 23 22 6
3517 24 23 5
3518 19 19 5
3519 13 13 5
3520 17 16 6
3521 10 10 4
3522 22 21 5
3523 23 23 5
3524 27 26 6
3525 22 21 5
3526 27 27 5
3527 27 27 7
3528 17 16 6
3529 16 16 6
3530 14 14 4
3531 28 27 5
3532 45 45 5
3533 21 21 5
3534 19 18 4
3535 22 21 5
3536 17 17 5
3537 11 11 5
3538 21 20 4
3539 18 17 5
3540 21 21 5
3541 17 17 5
3542 25 25 5
3543 29 28 6
3544 24 24 4
3545 24 23 5
3546 13 13 5
3547 23 23 7
3548 13 12 4
3549 20 19 5
3550 19 19 7
3551 21 21 7
3552 19 18 6
3553 32 32 4
3554 16 15 5
3555 19 19 5
3556 23 23 5
3557 25 24 6
3558 20 20 4
3559 30 29 5
3560 31 31 5
3561 33 32 6
3562 20 20 4
3563 34 33 5
3564 25 25 5
3565 39 38 6
3566 28 27 5
3567 21 20 8
3568 42 42 6
3569 48 48 8
3570 42 41 7
3571 25 24 8
3572 24 24 4
3573 32 31 7
3574 29 28 6
3575 32 31 5
3576 29 29 7
3577 25 24 4
3578 32 31 5
3579 19 19 5
3580 41 41 7
3581 33 32 4
3582 20 19 5
3583 21 20 4
3584 28 27 5
3585 23 23 5
3586 27 27 5
3587 23 22 6
3588 20 20 6
3589 20 20 4
3590 22 21 5
3591 21 21 5
3592 13 12 4
3593 26 25 5
3594 17 16 4
3595 16 15 5
3596 19 19 5
3597 23 23 5
3598 17 17 5
3599 15 14 6
3600 22 22 4
3601 22 21 7
3602 19 18 4
3603 16 15 5
3604 11 11 5
3605 11 10 4
3606 28 27 7
3607 13 12 4
3608 14 13 5
3609 19 19 5
3610 23 22 6
3611 18 18 6
3612 12 12 4
3613 16 15 5
3614 15 15 5
3615 15 15 5
3616 13 12 4
3617 10 9 5
3618 13 13 5
3619 9 8 4
3620 10 9 5
3621 19 18 6
3622 18 17 5
3623 11 10 4
3624 14 13 7
3625 13 12 4
3626 14 13 5
3627 13 12 6
3628 14 14 4
3629 12 11 5
3630 15 14 6
3631 14 14 6
3632 18 18 4
3633 14 13 5
3634 23 22 6
3635 14 14 4
3636 18 17 5
3637 17 17 7
3638 11 10 4
3639 12 11 5
3640 21 20 6
3641 8 8 4
3642 14 13 5
3643 17 17 5
3644 19 18 4
3645 12 11 5
3646 19 18 4
3647 6 5 4
3648 10 9 5
3649 19 18 6
3650 20 20 4
3651 10 9 5
3652 27 26 6
3653 24 24 6
3654 22 22 4
3655 36 35 5
3656 35 35 5
3657 31 30 6
3658 18 18 4
3659 18 17 5
3660 19 19 5
3661 23 23 5
3662 23 23 5
3663 19 18 4
3664 24 23 5
3665 11 11 5
3666 19 18 4
3667 36 35 7
3668 21 20 4
3669 16 15 5
3670 25 25 5
3671 29 29 5
3672 17 16 4
3673 14 13 5
3674 21 20 4
3675 20 19 5
3676 35 34 6
3677 20 19 5
3678 27 26 4
3679 30 29 7
3680 13 12 4
3681 22 21 5
3682 13 12 6
3683 18 18 6
3684 8 8 4
3685 20 19 5
3686 15 14 6
3687 16 16 6
3688 24 24 4
3689 20 19 5
3690 15 15 7
3691 23 22 4
3692 22 21 5
3693 21 21 5
3694 9 8 4
3695 16 15 5
3696 15 15 5
3697 25 24 6
3698 16 16 4
3699 20 19 5
3700 15 14 6
3701 20 20 4
3702 14 13 5
3703 21 21 5
3704 23 22 6
3705 12 12 4
3706 12 11 5
3707 15 14 4
3708 16 15 5
3709 23 23 5
3710 19 19 5
3711 13 12 6
3712 16 16 4
3713 20 19 5
3714 13 12 4
3715 10 9 5
3716 13 13 5
3717 11 11 5
3718 15 14 4
3719 18 17 5
3720 11 11 5
3721 17 17 5
3722 9 9 5
3723 15 14 4
3724 16 15 5
3725 19 18 6
3726 16 15 5
3727 7 6 5
3728 19 18 4
3729 28 27 7
3730 7 6 5
3731 17 16 4
3732 14 13 5
3733 21 20 4
3734 12 11 5
3735 11 11 5
3736 9 9 5
3737 11 10 4
3738 12 11 5
3739 9 8 4
3740 12 11 5
3741 13 13 5
3742 9 9 5
3743 9 8 4
3744 14 13 5
3745 15 14 4
3746 20 19 5
3747 9 8 4
3748 12 11 5
3749 11 10 4
3750 10 9 5
3751 13 13 5
3752 13 12 6
3753 8 8 4
3754 10 9 5
3755 9 9 5
3756 15 14 4
3757 12 11 5
3758 13 13 5
3759 13 12 6
3760 10 10 6
3761 16 16 6
3762 10 10 4
3763 18 17 5
3764 15 15 5
3765 13 13 5
3766 17 16 6
3767 10 10 4
3768 10 9 5
3769 15 15 5
3770 7 6 5
3771 13 12 4
3772 14 13 5
3773 7 6 5
3774 13 12 6
3775 14 13 5
3776 15 14 4
3777 16 15 5
3778 15 14 6
3779 10 9 5
3780 7 6 5
3781 9 8 4
3782 10 9 5
3783 15 14 6
3784 20 20 6
3785 8 8 4
3786 22 21 5
3787 21 21 5
3788 23 23 5
3789 13 12 6
3790 10 10 6
3791 16 16 4
3792 12 11 5
3793 19 18 6
3794 12 12 6
3795 8 8 4
3796 18 17 7
3797 23 22 6
3798 16 16 4
3799 6 5 4
3800 14 13 5
3801 11 10 4
3802 12 11 5
3803 11 11 5
3804 15 15 5
3805 13 12 6
3806 10 10 4
3807 10 9 5
3808 17 17 5
3809 19 18 6
3810 8 8 4
3811 12 11 5
3812 7 6 5
3813 13 12 4
3814 20 19 7
3815 13 12 4
3816 10 9 5
3817 13 12 4
3818 20 19 5
3819 15 15 5
3820 9 9 5
3821 13 12 6
3822 12 12 6
3823 12 12 4
3824 20 19 5
3825 23 23 5
3826 13 13 5
3827 15 14 4
3828 10 9 5
3829 7 6 5
3830 19 19 7
3831 13 12 4
3832 20 19 5
3833 21 20 6
3834 16 15 5
3835 15 14 4
3836 14 13 5
3837 17 16 4
3838 22 21 5
3839 11 10 6
3840 18 18 6
3841 12 12 4
3842 18 17 5
3843 17 16 6
3844 16 16 4
3845 20 19 5
3846 15 15 5
3847 19 18 6
3848 16 16 6
3849 10 10 4
3850 22 21 7
3851 17 16 4
3852 18 17 5
3853 19 18 6
3854 30 29 5
3855 37 36 6
3856 26 26 6
3857 26 26 6
3858 20 20 4
3859 24 23 5
3860 25 25 5
3861 21 21 5
3862 13 12 6
3863 22 22 6
3864 24 24 6
3865 24 23 5
3866 23 22 6
3867 32 31 5
3868 13 13 5
3869 29 29 5
3870 15 14 4
3871 16 15 5
3872 17 16 6
3873 20 20 4
3874 26 25 7
3875 23 22 6
3876 14 14 4
3877 16 15 5
3878 15 14 4
3879 24 23 7
3880 19 18 4
3881 24 23 7
3882 17 16 4
3883 28 27 7
3884 19 18 4
3885 30 29 5
3886 21 21 5
3887 15 14 4
3888 22 21 5
3889 23 22 6
3890 18 18 4
3891 18 17 5
3892 17 17 5
3893 15 14 6
3894 22 21 5
3895 17 16 6
3896 18 18 4
3897 18 17 5
3898 17 17 5
3899 13 12 6
3900 18 18 4
3901 14 13 7
3902 11 10 4
3903 14 13 5
3904 11 10 4
3905 18 17 5
3906 13 12 4
3907 20 19 5
3908 15 15 5
3909 21 21 5
3910 13 13 5
3911 25 24 6
3912 10 10 6
3913 6 6 6
3914 15 14 4
3915 12 11 5
3916 15 14 6
3917 8 8 4
3918 14 13 7
3919 19 18 4
3920 20 19 5
3921 11 10 6
3922 24 24 6
3923 10 9 5
3924 7 6 5
3925 27 26 6
3926 22 22 4
3927 18 17 5
3928 13 13 5
3929 17 16 6
3930 14 14 6
3931 22 22 4
3932 14 13 5
3933 19 18 6
3934 20 20 6
3935 14 14 4
3936 12 11 5
3937 15 15 5
3938 15 14 4
3939 14 13 5
3940 23 22 6
3941 18 17 5
3942 15 14 4
3943 16 15 5
3944 13 13 5
3945 11 11 5
3946 17 17 5
3947 17 16 6
3948 12 12 4
3949 12 11 5
3950 13 13 5
3951 13 12 6
3952 14 14 4
3953 16 15 5
3954 13 12 4
3955 14 13 5
3956 15 14 6
3957 10 10 4
3958 20 19 5
3959 11 11 5
3960 17 16 6
3961 14 14 6
3962 8 8 4
3963 16 15 5
3964 19 18 4
3965 20 19 5
3966 19 19 5
3967 17 16 4
3968 22 21 5
3969 25 24 6
3970 12 12 4
3971 16 15 5
3972 15 15 5
3973 13 13 5
3974 11 10 4
3975 16 15 5
3976 27 26 6
3977 12 11 5
3978 15 14 4
3979 12 11 5
3980 19 18 6
3981 10 10 6
3982 8 8 4
3983 6 5 4
3984 10 9 5
3985 13 12 6
3986 10 9 5
3987 11 10 4
3988 22 21 5
3989 15 15 5
3990 23 23 5
3991 15 14 6
3992 12 12 6
3993 16 16 4
3994 28 27 5
3995 21 20 6
3996 16 16 6
3997 20 20 4
3998 14 13 5
3999 19 19 5
4000 9 8 4
4001 8 7 6
4002 12 12 4
4003 10 9 5
4004 13 13 5
4005 13 12 6
4006 6 6 6
4007 19 18 6
4008 12 12 4
4009 10 9 5
4010 11 10 4
4011 16 15 5
4012 5 5 5
4013 12 11 5
4014 13 13 5
4015 7 6 5
4016 9 9 5
4017 17 16 6
4018 10 10 4
4019 14 13 5
4020 15 14 6
4021 18 18 6
4022 12 12 4
4023 10 9 5
4024 7 6 5
4025 13 12 6
4026 6 5 4
4027 18 17 5
4028 9 8 4
4029 10 9 5
4030 15 15 5
4031 13 12 6
4032 8 8 4
4033 16 15 7
4034 11 10 4
4035 10 9 5
4036 13 12 4
4037 22 21 5
4038 15 15 5
4039 13 13 5
4040 7 6 5
4041 9 8 4
4042 16 15 7
4043 9 8 4
4044 12 11 5
4045 15 14 4
4046 12 11 5
4047 17 17 7
4048 11 10 4
4049 14 13 5
4050 11 10 4
4051 10 9 5
4052 13 12 6
4053 14 13 5
4054 15 14 4
4055 10 9 5
4056 13 12 6
4057 8 8 4
4058 12 11 5
4059 11 10 4
4060 12 11 5
4061 13 13 5
4062 5 5 5
4063 6 5 4
4064 18 17 5
4065 11 11 5
4066 11 10 6
4067 8 8 4
4068 10 9 5
4069 11 11 5
4070 13 12 6
4071 12 12 6
4072 10 10 4
4073 16 15 5
4074 11 10 4
4075 14 13 5
4076 15 14 6
4077 14 14 4
4078 16 15 5
4079 19 19 5
4080 19 18 6
4081 10 10 4
4082 20 19 5
4083 13 13 5
4084 17 17 5
4085 23 22 6
4086 22 22 4
4087 38 37 7
4088 41 40 6
4089 20 20 4
4090 34 33 5
4091 13 13 5
4092 19 18 6
4093 24 24 4
4094 12 11 5
4095 15 14 4
4096 16 15 5
4097 21 21 5
4098 27 26 6
4099 26 25 5
4100 21 21 5
4101 25 24 6
4102 26 25 5
4103 21 21 5
4104 29 28 6
4105 30 30 6
4106 38 37 5
4107 25 24 4
4108 40 39 7
4109 21 20 4
4110 18 17 5
4111 27 26 6
4112 32 31 7
4113 19 18 4
4114 24 23 5
4115 15 15 5
4116 23 22 6
4117 22 22 4
4118 16 15 5
4119 17 17 5
4120 21 21 5
4121 25 25 5
4122 17 17 5
4123 25 25 5
4124 23 23 5
4125 19 19 5
4126 17 16 6
4127 10 10 4
4128 16 15 5
4129 23 23 5
4130 21 20 4
4131 26 25 5
4132 19 19 5
4133 35 34 8
4134 36 35 5
4135 21 20 4
4136 36 35 5
4137 15 15 5
4138 21 20 4
4139 30 29 5
4140 39 39 5
4141 25 24 4
4142 16 15 5
4143 21 20 6
4144 16 16 4
4145 16 15 5
4146 31 31 5
4147 25 25 5
4148 19 18 4
4149 20 19 5
4150 37 36 4
4151 22 21 5
4152 27 27 7
4153 11 10 4
4154 14 13 5
4155 29 28 6
4156 30 30 4
4157 34 33 7
4158 23 22 4
4159 12 11 5
4160 27 26 6
4161 34 33 5
4162 15 15 5
4163 19 18 4
4164 20 19 5
4165 19 19 5
4166 25 24 6
4167 16 16 4
4168 16 15 5
4169 19 19 7
4170 23 22 6
4171 24 24 6
4172 22 22 6
4173 16 16 4
4174 16 15 5
4175 25 24 6
4176 18 17 5
4177 19 18 6
4178 26 26 6
4179 20 20 6
4180 20 20 4
4181 16 15 5
4182 31 30 4
4183 26 25 5
4184 17 16 6
4185 24 24 6
4186 26 26 4
4187 24 23 7
4188 9 8 4
4189 30 29 7
4190 33 32 4
4191 16 15 5
4192 17 16 4
4193 24 23 7
4194 21 20 4
4195 18 17 5
4196 21 20 4
4197 22 21 5
4198 23 22 6
4199 22 22 4
4200 20 19 5
4201 19 19 5
4202 27 27 5
4203 21 21 5
4204 25 25 7
4205 11 10 4
4206 20 19 5
4207 19 19 5
4208 19 19 5
4209 17 16 4
4210 30 29 5
4211 17 17 5
4212 17 16 4
4213 20 19 5
4214 15 15 5
4215 21 20 6
4216 12 12 4
4217 6 5 4
4218 14 13 5
4219 13 12 4
4220 16 15 7
4221 11 10 4
4222 24 23 5
4223 19 18 6
4224 16 16 6
4225 14 14 6
4226 16 16 4
4227 14 13 5
4228 25 24 6
4229 14 14 4
4230 20 19 5
4231 17 17 5
4232 15 15 5
4233 15 14 6
4234 8 8 4
4235 12 11 5
4236 9 8 4
4237 16 15 7
4238 15 14 4
4239 20 19 5
4240 17 16 6
4241 18 18 6
4242 12 12 6
4243 10 10 4
4244 6 5 4
4245 16 15 5
4246 9 9 5
4247 17 17 5
4248 13 12 4
4249 6 5 4
4250 14 13 5
4251 13 12 6
4252 6 6 6
4253 15 14 4
4254 16 15 5
4255 15 15 5
4256 7 6 5
4257 17 16 6
4258 14 13 5
4259 17 16 6
4260 14 14 6
4261 10 10 4
4262 16 15 5
4263 15 14 6
4264 12 12 6
4265 14 14 4
4266 10 9 5
4267 9 8 4
4268 14 13 5
4269 13 13 5
4270 11 11 5
4271 9 8 4
4272 16 15 5
4273 13 13 5
4274 11 10 6
4275 6 6 6
4276 15 14 4
4277 12 11 5
4278 13 13 5
4279 13 13 5
4280 15 14 6
4281 12 12 6
4282 10 10 4
4283 14 13 5
4284 11 10 6
4285 12 12 6
4286 12 12 4
4287 12 11 5
4288 5 5 5
4289 12 11 5
4290 13 13 5
4291 11 10 4
4292 14 13 5
4293 13 12 6
4294 18 18 4
4295 14 13 7
4296 15 14 4
4297 10 9 5
4298 15 15 5
4299 9 8 4
4300 10 9 5
4301 9 9 5
4302 11 11 5
4303 11 10 4
4304 14 13 5
4305 21 21 5
4306 9 9 5
4307 9 8 4
4308 16 15 5
4309 21 21 5
4310 11 11 5
4311 9 9 5
4312 13 12 4
4313 16 15 7
4314 11 10 4
4315 10 9 5
4316 11 10 4
4317 18 17 7
4318 7 6 5
4319 13 12 6
4320 12 12 4
4321 12 11 5
4322 15 15 5
4323 11 10 4
4324 16 15 7
4325 9 8 4
4326 14 13 5
4327 17 17 5
4328 11 10 4
4329 12 11 5
4330 13 12 6
4331 12 12 4
4332 10 9 5
4333 15 14 6
4334 12 12 4
4335 14 13 7
4336 9 8 4
4337 10 9 5
4338 9 8 4
4339 12 11 5
4340 13 13 5
4341 13 13 5
4342 11 10 4
4343 16 15 5
4344 13 13 5
4345 7 6 5
4346 13 13 5
4347 5 5 5
4348 10 9 5
4349 15 14 6
4350 12 12 6
4351 12 12 4
4352 6 5 4
4353 12 11 5
4354 9 9 5
4355 21 20 6
4356 20 20 6
4357 10 10 4
4358 12 11 5
4359 15 15 5
4360 25 24 4
4361 12 11 5
4362 21 20 6
4363 12 12 4
4364 24 23 5
4365 9 9 5
4366 19 18 4
4367 22 21 7
4368 19 18 4
4369 22 21 5
4370 15 15 5
4371 13 12 4
4372 26 25 5
4373 17 16 6
4374 22 22 4
4375 16 15 5
4376 11 10 4
4377 22 21 5
4378 27 26 4
4379 42 41 5
4380 21 21 5
4381 33 32 6
4382 22 22 4
4383 26 25 5
4384 27 26 6
4385 22 22 4
4386 32 31 5
4387 37 36 4
4388 34 33 5
4389 33 33 9
4390 41 40 8
4391 34 34 6
4392 46 46 10
4393 30 30 8
4394 22 22 4
4395 22 21 5
4396 51 50 8
4397 20 20 6
4398 18 18 6
4399 18 18 4
4400 28 27 7
4401 11 10 4
4402 24 23 5
4403 13 12 4
4404 26 25 7
4405 19 19 5
4406 27 26 6
4407 30 29 7
4408 17 16 4
4409 20 19 5
4410 15 15 5
4411 25 25 5
4412 19 19 5
4413 27 27 5
4414 21 21 5
4415 19 19 5
4416 19 18 4
4417 22 21 5
4418 25 25 7
4419 13 12 6
4420 20 20 4
4421 26 25 5
4422 15 14 4
4423 38 37 5
4424 33 33 5
4425 19 19 5
4426 23 23 5
4427 27 27 5
4428 17 16 4
4429 26 25 7
4430 35 34 6
4431 24 24 4
4432 22 21 5
4433 19 18 4
4434 18 17 5
4435 35 34 8
4436 30 30 6
4437 20 19 7
4438 17 16 4
4439 18 17 5
4440 17 16 6
4441 26 26 6
4442 26 25 5
4443 23 22 6
4444 16 15 5
4445 25 24 4
4446 14 13 5
4447 23 23 5
4448 25 25 5
4449 25 24 6
4450 20 19 5
4451 19 19 5
4452 19 19 5
4453 11 10 4
4454 28 27 5
4455 15 15 5
4456 27 27 5
4457 17 17 5
4458 13 13 5
4459 31 30 6
4460 18 17 5
4461 21 20 6
4462 24 24 4
4463 26 25 7
4464 15 14 4
4465 26 25 7
4466 23 23 5
4467 17 17 5
4468 33 33 5
4469 35 35 5
4470 21 21 7
4471 31 31 5
4472 15 15 5
4473 23 23 5
4474 29 28 8
4475 18 18 4
4476 22 21 5
4477 27 27 7
4478 29 28 6
4479 14 13 5
4480 35 34 6
4481 24 24 4
4482 32 31 9
4483 27 26 6
4484 22 22 4
4485 22 21 5
4486 21 21 5
4487 17 17 5
4488 27 26 6
4489 24 24 6
4490 18 18 6
4491 14 14 6
4492 32 32 4
4493 20 19 5
4494 25 24 4
4495 26 25 5
4496 13 13 5
4497 17 17 5
4498 17 17 5
4499 29 29 5
4500 21 20 4
4501 16 15 5
4502 27 27 7
4503 19 19 5
4504 13 12 4
4505 22 21 5
4506 15 15 5
4507 15 14 6
4508 24 24 4
4509 18 17 5
4510 17 16 6
4511 30 30 4
4512 22 21 5
4513 25 24 6
4514 12 12 4
4515 24 23 7
4516 33 32 6
4517 14 13 5
4518 15 14 4
4519 12 11 5
4520 29 28 6
4521 22 22 6
4522 22 22 6
4523 20 20 6
4524 22 22 4
4525 20 19 5
4526 17 16 6
4527 18 18 4
4528 16 15 5
4529 17 17 5
4530 15 15 5
4531 17 17 5
4532 13 12 4
4533 18 17 5
4534 23 23 5
4535 9 9 5
4536 21 20 6
4537 12 12 6
4538 8 8 4
4539 12 11 5
4540 13 12 6
4541 16 16 6
4542 10 10 4
4543 10 9 5
4544 13 12 6
4545 16 15 5
4546 13 12 4
4547 12 11 5
4548 25 24 6
4549 14 14 6
4550 20 20 6
4551 12 12 4
4552 12 11 5
4553 19 18 6
4554 18 18 6
4555 12 12 4
4556 16 15 5
4557 17 16 4
4558 12 11 5
4559 13 13 5
4560 15 15 5
4561 13 12 4
4562 14 13 5
4563 25 24 6
4564 14 13 5
4565 11 10 4
4566 22 21 7
4567 9 8 4
4568 12 11 5
4569 13 12 6
4570 14 14 6
4571 12 12 4
4572 16 15 5
4573 5 5 5
4574 10 9 5
4575 13 13 5
4576 13 13 5
4577 19 19 5
4578 7 6 5
4579 9 8 4
4580 18 17 7
4581 19 18 6
4582 6 5 4
4583 20 19 5
4584 9 8 4
4585 18 17 5
4586 11 11 5
4587 19 19 5
4588 23 22 6
4589 10 10 4
4590 20 19 5
4591 17 17 5
4592 19 18 6
4593 18 18 4
4594 26 25 5
4595 41 41 5
4596 35 35 5
4597 31 30 4
4598 18 17 5
4599 23 22 4
4600 32 31 7
4601 35 34 4
4602 36 35 5
4603 43 42 6
4604 36 35 7
4605 47 46 8
4606 36 36 6
4607 34 33 5
4608 29 29 5
4609 21 20 6
4610 38 38 6
4611 36 36 6
4612 26 26 6
4613 22 22 4
4614 26 25 5
4615 31 30 6
4616 30 30 4
4617 34 33 7
4618 25 25 5
4619 19 19 5
4620 29 28 6
4621 30 29 7
4622 19 18 6
4623 36 35 7
4624 29 28 4
4625 28 27 5
4626 13 13 5
4627 13 12 4
4628 16 15 5
4629 17 16 4
4630 28 27 5
4631 31 31 7
4632 21 20 6
4633 28 28 6
4634 38 38 6
4635 22 22 4
4636 16 15 5
4637 17 17 5
4638 13 12 4
4639 16 15 5
4640 21 20 6
4641 12 11 5
4642 25 24 6
4643 20 20 4
4644 20 19 5
4645 19 18 6
4646 10 10 6
4647 14 14 4
4648 20 19 7
4649 13 12 4
4650 20 19 5
4651 11 11 5
4652 19 18 4
4653 20 19 5
4654 17 17 5
4655 11 11 5
4656 13 12 4
4657 16 15 5
4658 11 11 5
4659 23 23 7
4660 15 14 4
4661 18 17 5
4662 17 17 5
4663 15 15 5
4664 13 12 4
4665 20 19 7
4666 15 14 4
4667 14 13 5
4668 17 16 6
4669 6 6 6
4670 13 12 6
4671 16 16 4
4672 12 11 5
4673 23 23 5
4674 13 13 5
4675 19 18 6
4676 10 10 4
4677 16 15 5
4678 19 18 4
4679 24 23 5
4680 19 19 5
4681 17 16 6
4682 16 16 4
4683 14 13 5
4684 17 17 5
4685 17 17 5
4686 9 8 4
4687 28 27 5
4688 35 35 7
4689 17 16 4
4690 34 33 5
4691 31 31 5
4692 21 21 5
4693 15 14 6
4694 28 28 6
4695 18 18 6
4696 24 24 6
4697 16 16 4
4698 18 17 5
4699 29 29 5
4700 19 19 5
4701 23 22 6
4702 32 32 6
4703 20 20 6
4704 28 28 6
4705 14 14 4
4706 24 23 5
4707 25 24 6
4708 26 26 6
4709 22 22 6
4710 44 43 5
4711 25 25 5
4712 25 24 6
4713 34 33 5
4714 19 19 5
4715 27 26 4
4716 24 23 5
4717 27 26 6
4718 18 18 4
4719 28 27 5
4720 31 31 5
4721 31 30 6
4722 22 22 4
4723 30 29 5
4724 27 27 5
4725 21 20 4
4726 34 33 5
4727 25 25 5
4728 25 25 7
4729 25 24 6
4730 20 20 6
4731 24 24 4
4732 36 35 5
4733 19 18 4
4734 26 25 5
4735 29 29 7
4736 37 36 6
4737 34 33 5
4738 25 25 5
4739 39 38 8
4740 48 48 10
4741 30 29 5
4742 35 35 7
4743 23 23 5
4744 47 46 8
4745 32 31 5
4746 31 31 7
4747 21 20 6
4748 28 28 6
4749 32 31 5
4750 27 26 6
4751 34 34 4
4752 30 29 7
4753 35 34 4
4754 26 25 7
4755 23 22 6
4756 26 26 6
4757 24 23 5
4758 23 22 6
4759 32 31 7
4760 29 29 5
4761 27 27 5
4762 27 27 5
4763 21 21 5
4764 25 24 6
4765 32 31 5
4766 23 23 5
4767 23 23 5
4768 29 28 4
4769 34 33 7
4770 17 16 4
4771 38 37 5
4772 17 17 5
4773 31 31 5
4774 39 38 6
4775 36 35 5
4776 31 31 7
4777 47 47 5
4778 35 34 6
4779 30 29 7
4780 27 26 4
4781 22 21 5
4782 25 25 5
4783 29 29 7
4784 23 22 6
4785 26 26 4
4786 28 27 7
4787 23 22 6
4788 22 22 4
4789 24 23 5
4790 29 29 7
4791 27 27 7
4792 25 24 4
4793 20 19 5
4794 35 35 5
4795 15 15 5
4796 15 14 4
4797 22 21 5
4798 15 15 5
4799 15 14 6
4800 26 25 5
4801 25 24 4
4802 12 11 5
4803 17 16 6
4804 20 20 4
4805 14 13 5
4806 19 19 5
4807 21 21 5
4808 13 13 5
4809 17 17 5
4810 13 13 5
4811 21 20 6
4812 24 23 5
4813 17 16 4
4814 16 15 5
4815 13 12 4
4816 16 15 5
4817 25 24 6
4818 22 22 6
4819 22 22 4
4820 20 19 5
4821 19 18 6
4822 20 20 4
4823 24 23 5
4824 21 20 6
4825 20 19 5
4826 11 10 4
4827 16 15 5
4828 21 21 5
4829 13 13 5
4830 11 11 5
4831 33 33 5
4832 23 22 6
4833 28 27 7
4834 23 22 6
4835 22 22 4
4836 20 19 5
4837 17 17 5
4838 15 14 4
4839 22 21 7
4840 23 22 4
4841 18 17 5
4842 19 19 5
4843 17 17 5
4844 15 15 5
4845 19 19 5
4846 23 22 4
4847 24 23 5
4848 19 19 5
4849 19 18 6
4850 20 19 5
4851 23 22 6
4852 12 12 6
4853 10 10 4
4854 22 21 5
4855 11 11 5
4856 19 18 4
4857 16 15 5
4858 13 12 6
4859 12 12 4
4860 20 19 5
4861 13 12 6
4862 14 14 4
4863 14 13 5
4864 9 8 4
4865 12 11 5
4866 11 10 6
4867 14 14 6
4868 10 10 4
4869 22 21 5
4870 11 10 6
4871 14 14 4
4872 12 11 5
4873 11 11 5
4874 21 21 5
4875 19 18 4
4876 16 15 5
4877 19 18 6
4878 12 12 6
4879 10 10 4
4880 14 13 5
4881 17 17 5
4882 11 11 5
4883 7 6 5
4884 15 14 6
4885 10 10 4
4886 24 23 7
4887 11 10 4
4888 14 13 5
4889 9 8 4
4890 16 15 5
4891 15 15 5
4892 15 15 5
4893 15 14 6
4894 10 10 4
4895 12 11 5
4896 15 14 4
4897 12 11 5
4898 21 20 6
4899 10 10 4
4900 10 9 5
4901 13 13 5
4902 11 11 5
4903 11 10 4
4904 12 11 5
4905 11 11 5
4906 11 10 4
4907 16 15 5
4908 9 9 5
4909 11 11 5
4910 9 8 4
4911 14 13 5
4912 11 11 5
4913 17 17 5
4914 17 16 6
4915 16 16 4
4916 14 13 5
4917 11 11 5
4918 11 10 4
4919 10 9 5
4920 17 17 5
4921 11 11 5
4922 19 19 5
4923 15 14 6
4924 10 10 4
4925 10 9 5
4926 13 12 6
4927 8 8 4
4928 10 9 5
4929 13 12 6
4930 14 14 4
4931 14 13 5
4932 13 13 5
4933 9 9 5
4934 9 8 4
4935 12 11 5
4936 13 13 5
4937 11 11 5
4938 11 10 4
4939 10 9 5
4940 15 14 4
4941 14 13 5
4942 17 17 7
4943 13 12 4
4944 14 13 5
4945 11 11 5
4946 9 8 4
4947 14 13 7
4948 7 6 5
4949 13 12 4
4950 16 15 5
4951 13 13 5
4952 13 12 4
4953 26 25 5
4954 11 10 4
4955 12 11 5
4956 13 12 4
4957 14 13 5
4958 11 10 6
4959 14 13 5
4960 17 16 6
4961 10 10 4
4962 10 9 5
4963 5 5 5
4964 18 17 5
4965 13 13 5
4966 7 6 5
4967 13 12 6
4968 10 9 5
4969 17 16 4
4970 16 15 5
4971 9 9 5
4972 13 12 6
4973 14 14 6
4974 14 14 4
4975 14 13 5
4976 13 13 5
4977 7 6 5
4978 17 17 5
4979 15 14 6
4980 18 18 4
4981 36 35 7
4982 21 20 4
4983 16 15 5
4984 27 27 5
4985 17 16 6
4986 16 16 4
4987 16 15 5
4988 15 14 4
4989 18 17 7
4990 19 18 6
4991 32 32 6
4992 20 19 5
4993 23 22 4
4994 24 23 5
4995 15 14 6
4996 18 18 6
4997 16 16 4
4998 26 25 5
4999 13 13 5
