0 22 21 5
1 11 10 4
2 14 13 5
3 27 27 7
4 15 14 4
5 18 17 5
6 23 22 8
7 14 14 6
8 20 20 6
9 18 18 4
10 14 13 5
11 13 12 6
12 6 6 6
13 9 8 4
14 14 13 5
15 17 16 8
16 14 14 6
17 22 22 6
18 12 11 5
19 13 13 5
20 17 17 7
21 13 12 6
22 14 14 4
23 14 13 5
24 9 9 5
25 13 12 6
26 14 14 6
27 8 8 4
28 10 9 5
29 21 20 10
30 12 12 4
31 14 13 5
32 9 8 4
33 10 9 5
34 11 11 5
35 11 11 5
36 13 13 5
37 7 6 5
38 21 21 7
39 17 16 6
40 10 10 4
41 16 15 7
42 13 13 5
43 9 9 5
44 15 14 8
45 12 12 6
46 14 13 5
47 13 12 6
48 22 22 4
49 12 11 5
50 17 16 4
51 22 21 5
52 5 5 5
53 14 13 5
54 7 6 5
55 11 11 7
56 13 12 4
57 18 17 5
58 27 26 6
59 18 18 6
60 20 20 4
61 18 17 7
62 15 14 4
63 34 33 5
64 31 30 6
65 34 34 4
66 26 25 7
67 17 16 6
68 14 14 6
69 20 20 4
70 20 19 7
71 19 18 4
72 26 25 5
73 23 22 6
74 12 11 5
75 23 22 8
76 16 15 5
77 25 24 6
78 26 25 7
79 17 16 6
80 18 18 4
81 12 11 5
82 29 28 6
83 22 22 4
84 24 23 7
85 23 22 4
86 42 41 7
87 35 34 6
88 14 14 4
89 20 19 5
90 25 25 5
91 37 37 7
92 21 20 4
93 38 37 9
94 27 26 6
95 22 22 6
96 22 22 6
97 22 22 4
98 22 21 5
99 19 19 5
100 23 23 5
101 21 21 5
102 31 30 6
103 20 20 4
104 18 17 5
105 13 13 5
106 19 18 6
107 24 24 4
108 20 19 5
109 21 20 6
110 16 16 4
111 28 27 7
112 21 20 6
113 20 20 6
114 28 28 4
115 20 19 5
116 23 23 7
117 31 30 6
118 22 22 6
119 30 29 9
120 13 12 4
121 18 17 5
122 17 16 4
123 34 33 5
124 21 21 5
125 29 28 6
126 24 23 5
127 35 34 6
128 30 29 7
129 17 17 5
130 15 15 5
131 21 21 5
132 21 20 8
133 20 19 7
134 25 24 4
135 30 29 5
136 19 19 7
137 17 16 6
138 24 24 6
139 22 22 6
140 18 18 6
141 28 28 8
142 22 21 5
143 31 31 5
144 23 22 8
145 24 24 6
146 16 15 7
147 21 20 6
148 22 21 7
149 21 20 6
150 30 29 7
151 25 25 5
152 23 22 4
153 26 25 5
154 19 18 6
155 32 32 6
156 18 17 5
157 25 25 5
158 17 17 5
159 27 27 5
160 25 24 6
161 18 18 4
162 30 29 5
163 29 29 5
164 21 21 5
165 15 15 5
166 19 18 6
167 20 20 6
168 30 30 6
169 24 24 4
170 24 23 9
171 25 24 6
172 26 25 7
173 21 20 4
174 32 31 7
175 23 22 8
176 22 22 4
177 36 35 5
178 35 35 13
179 31 30 6
180 26 26 6
181 24 24 4
182 24 23 5
183 29 29 7
184 27 26 6
185 30 29 5
186 35 34 8
187 28 28 6
188 26 25 5
189 21 20 4
190 30 29 5
191 25 25 5
192 13 13 5
193 17 16 6
194 18 18 6
195 20 20 8
196 22 21 5
197 19 19 5
198 27 27 7
199 25 25 5
200 13 13 5
201 23 22 6
202 22 22 4
203 26 25 7
204 17 16 4
205 22 21 5
206 27 26 6
207 18 17 5
208 35 35 5
209 23 23 5
210 21 20 6
211 18 18 4
212 28 27 5
213 41 40 6
214 20 20 6
215 22 21 5
216 19 19 5
217 29 28 4
218 22 21 5
219 17 16 6
220 22 22 6
221 18 17 5
222 21 21 7
223 25 25 5
224 25 24 6
225 24 24 8
226 32 32 8
227 32 32 6
228 20 19 5
229 25 25 5
230 25 25 5
231 27 27 5
232 15 15 5
233 19 18 4
234 20 19 5
235 31 30 4
236 26 25 5
237 27 26 6
238 14 14 4
239 26 25 7
240 23 23 5
241 23 22 4
242 18 17 5
243 35 34 6
244 14 13 5
245 9 8 4
246 16 15 5
247 15 14 4
248 24 23 5
249 17 16 4
250 12 11 5
251 9 9 5
252 11 11 5
253 15 14 6
254 14 13 5
255 9 8 4
256 10 9 5
257 17 16 6
258 14 14 6
259 20 19 7
260 17 16 4
261 12 11 5
262 15 14 4
263 10 9 5
264 21 20 6
265 10 10 6
266 20 19 5
267 23 23 7
268 19 19 5
269 29 28 6
270 18 17 5
271 19 19 5
272 19 18 6
273 14 14 4
274 12 11 5
275 17 17 5
276 21 20 6
277 22 22 6
278 16 15 5
279 19 18 4
280 22 21 5
281 15 14 4
282 14 13 5
283 41 40 6
284 20 20 4
285 18 17 5
286 27 26 8
287 14 14 4
288 14 13 5
289 15 14 4
290 20 19 5
291 21 21 5
292 27 27 5
293 9 8 4
294 20 19 5
295 15 14 4
296 24 23 7
297 37 36 4
298 32 31 5
299 21 21 5
300 33 32 6
301 50 50 6
302 24 23 5
303 27 27 5
304 33 32 6
305 36 36 8
306 42 41 5
307 43 43 9
308 45 44 8
309 34 34 6
310 34 33 5
311 37 37 7
312 17 17 5
313 41 41 9
314 27 27 5
315 21 21 5
316 39 38 12
317 22 22 8
318 24 23 5
319 21 21 5
320 45 45 7
321 35 35 5
322 43 43 7
323 53 53 11
324 41 40 8
325 18 17 5
326 29 28 4
327 28 27 5
328 35 34 6
329 34 33 9
330 25 24 6
331 20 20 4
332 28 27 7
333 21 21 5
334 13 12 6
335 10 10 4
336 16 15 5
337 25 24 6
338 14 14 4
339 18 17 5
340 33 32 6
341 24 24 8
342 8 8 4
343 16 15 5
344 21 20 6
345 24 24 4
346 18 17 5
347 19 18 4
348 26 25 7
349 19 18 6
350 22 22 4
351 16 15 5
352 15 14 4
353 10 9 5
354 17 16 6
355 16 16 4
356 26 25 7
357 13 12 4
358 12 11 5
359 23 22 6
360 20 20 4
361 14 13 5
362 11 11 5
363 23 22 6
364 16 16 4
365 18 17 5
366 17 16 6
367 24 24 4
368 16 15 5
369 25 25 5
370 13 12 4
371 22 21 5
372 15 14 4
373 20 19 5
374 19 19 5
375 19 18 6
376 18 18 6
377 10 10 4
378 18 17 5
379 19 19 7
380 27 26 4
381 16 15 5
382 11 11 5
383 15 15 5
384 21 20 6
385 12 12 4
386 26 25 5
387 15 15 7
388 17 16 4
389 18 17 5
390 19 19 7
391 13 12 4
392 14 13 7
393 15 14 4
394 16 15 5
395 23 22 6
396 18 18 4
397 22 21 5
398 15 15 5
399 9 9 5
400 11 10 6
401 20 19 7
402 11 10 4
403 16 15 5
404 11 11 5
405 11 11 5
406 7 7 7
407 10 10 6
408 12 12 6
409 24 23 5
410 9 9 5
411 9 8 4
412 10 9 5
413 11 11 5
414 15 15 5
415 19 19 5
416 17 17 5
417 17 17 7
418 11 11 5
419 13 12 4
420 10 9 5
421 15 14 6
422 10 10 4
423 14 13 5
424 11 11 5
425 21 20 6
426 12 12 6
427 12 12 6
428 12 12 4
429 16 15 5
430 15 15 5
431 13 12 6
432 22 22 6
433 32 32 8
434 26 26 8
435 26 26 6
436 14 14 4
437 10 9 5
438 13 12 4
439 16 15 5
440 15 15 5
441 13 13 5
442 23 22 6
443 22 22 6
444 16 16 4
445 12 11 5
446 9 8 4
447 18 17 5
448 11 10 4
449 12 11 7
450 19 18 6
451 12 12 6
452 18 17 5
453 9 8 4
454 16 15 5
455 19 18 6
456 18 18 6
457 14 13 5
458 17 16 6
459 18 18 6
460 14 14 6
461 10 10 6
462 8 8 4
463 20 19 7
464 9 9 5
465 13 12 4
466 12 11 5
467 13 13 5
468 9 9 5
469 7 6 5
470 11 10 6
471 16 16 8
472 8 8 4
473 16 15 5
474 19 19 5
475 27 27 5
476 13 13 5
477 11 10 4
478 8 7 6
479 12 12 4
480 18 17 5
481 9 9 5
482 9 9 5
483 9 8 4
484 8 7 6
485 10 10 6
486 10 10 4
487 16 15 5
488 19 18 8
489 16 16 6
490 10 9 5
491 13 12 6
492 14 14 6
493 12 12 4
494 10 9 5
495 21 20 6
496 10 10 6
497 10 10 6
498 18 17 7
499 9 8 4
