0 22 21 5
1 11 11 5
2 15 14 6
3 30 30 10
4 16 16 6
5 20 19 7
6 23 22 8
7 12 12 4
8 20 19 5
9 21 20 6
10 14 13 5
11 11 10 4
12 6 5 4
13 10 9 5
14 15 14 6
15 14 14 6
16 14 13 5
17 25 24 8
18 14 14 8
19 12 12 4
20 18 17 7
21 11 10 4
22 18 17 7
23 15 14 6
24 10 10 6
25 12 12 6
26 12 12 4
27 10 9 5
28 9 9 5
29 17 17 7
30 13 13 5
31 13 12 4
32 10 9 5
33 11 10 6
34 10 10 4
35 12 11 5
36 13 12 4
37 6 5 4
38 22 21 7
39 17 17 7
40 13 12 6
41 14 13 5
42 13 12 4
43 10 9 5
44 11 11 5
45 11 11 5
46 13 13 5
47 13 12 6
48 26 26 8
49 10 10 4
50 18 17 5
51 21 21 5
52 7 6 5
53 17 16 8
54 6 5 4
55 10 9 5
56 13 13 5
57 17 16 4
58 28 27 7
59 19 18 6
60 24 23 7
61 15 15 5
62 15 15 5
63 35 34 6
64 32 32 8
65 40 40 10
66 24 24 6
67 16 15 5
68 15 14 6
69 22 22 6
70 20 19 7
71 21 20 6
72 26 26 6
73 24 23 7
74 11 11 5
75 21 21 7
76 17 16 6
77 26 25 7
78 27 27 9
79 15 14 4
80 24 23 9
81 11 10 4
82 32 31 9
83 23 23 5
84 25 25 9
85 25 24 6
86 44 43 9
87 39 38 10
88 18 17 7
89 19 18 4
90 28 27 7
91 39 38 8
92 22 22 6
93 38 37 9
94 25 25 5
95 21 21 5
96 23 23 7
97 23 23 5
98 23 22 6
99 22 22 8
100 26 26 8
101 22 22 6
102 28 28 4
103 24 23 7
104 17 17 5
105 15 14 6
106 18 18 6
107 26 26 6
108 20 19 5
109 23 22 8
110 20 19 7
111 27 26 6
112 20 19 5
113 19 19 5
114 33 33 9
115 19 19 5
116 23 22 6
117 32 31 7
118 25 25 9
119 31 30 10
120 14 14 6
121 16 16 4
122 20 19 7
123 35 35 7
124 23 22 6
125 28 28 6
126 28 28 10
127 34 33 5
128 29 29 7
129 17 16 4
130 16 15 5
131 23 22 6
132 24 24 12
133 22 22 10
134 30 30 10
135 28 28 4
136 18 17 5
137 15 14 4
138 26 25 7
139 23 22 6
140 18 18 6
141 28 28 8
142 26 25 9
143 31 31 5
144 21 21 7
145 27 27 9
146 17 16 8
147 22 21 7
148 23 23 9
149 23 22 8
150 30 29 7
151 27 26 6
152 26 25 7
153 27 27 7
154 19 18 6
155 36 36 10
156 18 17 5
157 27 27 7
158 19 18 6
159 28 28 6
160 26 26 8
161 20 20 6
162 32 32 8
163 30 29 5
164 23 22 6
165 16 16 6
166 18 17 5
167 19 18 4
168 30 29 5
169 27 27 7
170 19 19 5
171 25 25 7
172 27 26 8
173 24 23 7
174 31 30 6
175 22 21 7
176 29 28 10
177 36 35 5
178 31 31 9
179 31 31 7
180 29 28 8
181 26 26 6
182 24 23 5
183 29 29 7
184 31 31 11
185 31 31 7
186 35 35 9
187 29 28 6
188 28 27 7
189 23 22 6
190 30 29 5
191 25 25 5
192 15 15 7
193 15 15 5
194 19 19 7
195 19 18 6
196 32 31 15
197 21 21 7
198 25 25 5
199 27 27 7
