0 124 116 101
1 107 105 100
2 114 110 103
3 133 123 104
4 114 110 101
5 117 112 101
6 123 116 103
7 113 109 102
8 120 114 101
9 121 115 102
10 112 108 101
11 109 106 101
12 105 104 103
13 105 103 100
14 112 108 101
15 113 110 103
16 111 108 101
17 127 119 104
18 108 105 100
19 112 108 101
20 115 110 101
21 107 105 100
22 114 109 100
23 116 112 105
24 105 103 100
25 108 105 100
26 114 110 103
27 105 104 101
28 107 105 102
29 116 111 102
30 112 109 102
31 112 108 101
32 105 103 100
33 108 106 103
34 111 108 103
35 109 106 101
36 111 108 101
37 103 102 101
38 125 118 105
39 115 110 101
40 109 106 101
41 113 109 102
42 110 107 100
43 108 106 103
44 109 106 101
45 111 109 104
46 110 107 100
47 108 105 100
48 126 117 100
49 108 105 100
50 118 112 101
51 125 117 102
52 102 102 102
53 113 110 103
54 101 101 101
55 106 104 101
56 115 111 104
57 116 111 100
58 130 120 101
59 121 115 104
60 124 117 102
61 114 110 101
62 113 109 100
63 142 128 101
64 137 126 103
65 145 130 101
66 127 119 102
67 114 110 101
68 111 108 101
69 125 118 103
70 117 111 100
71 122 115 102
72 130 120 101
73 125 117 102
74 108 105 100
75 122 115 102
76 116 111 102
77 130 122 105
78 129 120 103
79 115 110 101
80 121 115 102
81 108 105 100
82 136 125 104
83 126 118 101
84 125 117 102
85 128 119 102
86 152 135 102
87 142 128 101
88 115 111 102
89 120 114 101
90 131 121 102
91 144 130 101
92 123 116 101
93 143 129 102
94 130 121 102
95 124 116 101
96 125 118 103
97 125 117 100
98 124 116 101
99 121 114 101
