0 22 21 5
1 11 10 4
2 14 13 5
3 25 25 5
4 17 16 6
5 18 18 6
6 20 20 6
7 12 12 4
8 20 19 5
9 23 22 8
10 12 12 4
11 12 11 5
12 7 6 5
13 9 8 4
14 14 13 5
15 13 12 4
16 16 15 7
17 21 20 4
18 12 11 5
19 15 14 6
20 16 16 6
21 10 10 4
22 16 15 5
23 15 14 6
24 10 9 5
25 11 11 5
26 15 14 6
27 8 8 4
28 10 9 5
29 15 15 5
30 13 13 5
31 15 14 6
32 10 10 6
33 8 8 4
34 12 11 5
35 11 11 5
36 15 14 6
37 6 6 6
38 19 18 4
39 16 15 5
40 11 10 4
41 16 15 7
42 13 12 4
43 10 9 5
44 11 10 4
45 12 11 5
46 13 12 4
47 12 11 5
48 23 23 5
49 11 11 5
50 19 18 6
51 22 21 5
52 5 5 5
53 14 13 5
54 7 6 5
55 9 8 4
56 14 13 5
57 17 17 5
58 27 26 6
59 18 17 5
60 21 20 4
61 16 15 5
62 15 14 4
63 34 33 5
64 29 29 5
65 37 37 7
66 23 22 4
67 18 17 7
68 13 12 4
69 22 21 5
70 19 18 6
71 18 18 4
72 26 25 5
73 25 24 8
74 10 10 4
75 20 19 5
76 15 14 4
77 26 25 7
78 25 24 6
79 16 15 5
80 21 20 6
81 10 10 4
82 30 29 7
83 23 22 4
84 24 23 7
85 25 24 6
86 40 40 6
87 34 34 6
88 16 15 5
89 19 18 4
90 26 25 5
91 37 36 6
92 22 21 5
93 37 37 9
94 27 26 6
95 22 22 6
96 22 22 6
97 24 24 6
98 22 22 6
99 20 19 5
100 25 25 7
101 21 21 5
102 31 30 6
103 20 20 4
104 18 17 5
105 13 12 4
106 18 17 5
107 27 27 7
108 19 18 4
109 20 19 5
110 17 16 4
111 26 25 5
112 19 19 5
113 19 18 4
114 30 29 5
115 19 19 5
116 23 22 6
117 32 32 8
118 24 23 7
119 27 27 7
120 15 14 6
121 16 16 4
122 18 17 5
123 35 34 6
124 22 21 5
125 27 27 5
126 23 23 5
127 35 35 7
128 29 28 6
129 18 17 5
130 15 14 4
131 22 21 5
132 21 20 8
133 18 18 6
134 28 27 7
135 29 28 4
136 18 17 5
137 15 14 4
138 24 23 5
139 23 22 6
140 16 16 4
141 28 27 7
142 21 21 5
143 31 31 5
144 23 22 8
145 24 24 6
146 14 14 6
147 20 19 5
148 21 20 6
149 20 19 5
150 29 28 6
151 26 26 6
152 26 25 7
153 27 26 6
154 18 18 6
155 32 32 6
156 20 19 7
157 27 26 6
158 18 18 6
159 30 29 7
160 25 24 6
161 20 19 5
162 31 30 6
163 30 30 6
164 22 21 5
165 15 15 5
166 19 18 6
167 20 20 6
168 30 29 5
169 25 25 5
170 19 18 4
171 24 23 5
172 23 23 5
173 21 20 4
174 32 31 7
175 21 20 6
176 24 24 6
177 40 39 9
178 31 30 8
179 30 29 5
180 27 27 7
181 27 26 6
182 22 22 4
183 28 27 5
184 25 25 5
185 31 31 7
186 31 31 5
187 27 27 5
188 25 25 5
189 23 22 6
190 28 28 4
191 26 25 5
192 15 14 6
193 16 16 6
194 16 16 4
195 18 17 5
196 23 22 6
197 18 18 4
198 26 25 5
199 25 25 5
200 13 12 4
201 22 21 5
202 25 24 6
203 24 24 6
204 16 16 4
205 22 21 5
206 29 28 8
207 16 16 4
208 38 37 7
209 25 24 6
210 20 20 6
211 20 20 6
212 28 28 6
213 40 40 6
214 18 18 4
215 22 21 5
216 19 18 4
217 30 29 5
218 21 21 5
219 15 15 5
220 25 24 8
221 16 16 4
222 20 19 5
223 25 25 5
224 25 24 6
225 20 20 4
226 32 31 7
227 35 34 8
228 20 20 6
229 26 25 5
230 27 26 6
231 28 27 5
232 17 16 6
233 18 18 4
234 20 19 5
235 31 31 5
236 25 25 5
237 25 24 4
238 16 15 5
239 23 23 5
240 25 24 6
241 24 23 5
242 17 16 4
243 34 33 5
244 13 13 5
245 9 8 4
246 16 15 5
247 15 15 5
248 25 24 6
249 18 18 6
250 10 10 4
251 10 9 5
252 11 10 4
253 14 13 5
254 13 13 5
255 11 10 6
256 8 8 4
257 18 17 7
258 13 12 4
259 18 17 5
260 17 17 5
261 11 10 4
262 16 15 5
263 11 10 6
264 18 18 4
265 10 9 5
266 21 20 6
267 20 20 4
268 20 19 5
269 31 30 8
270 18 18 6
271 20 19 5
272 17 17 5
273 17 16 6
274 12 12 6
275 18 18 6
276 20 19 5
277 21 21 5
278 17 16 6
279 20 19 5
280 21 20 4
281 16 15 5
282 15 14 6
283 42 41 7
284 25 24 8
285 16 16 4
286 24 23 5
287 17 16 6
288 12 12 4
289 16 15 5
290 19 18 4
291 22 21 5
292 27 27 5
293 9 9 5
294 19 18 4
295 16 15 5
296 23 22 6
297 38 38 6
298 30 30 4
299 22 21 5
300 31 30 4
301 52 51 7
302 27 26 8
303 28 28 6
304 32 32 6
305 38 37 9
306 45 44 8
307 42 42 8
308 40 40 4
309 34 33 5
310 37 36 8
311 36 36 6
312 18 17 5
313 43 42 10
314 32 31 9
315 21 21 5
316 39 38 12
317 24 23 9
318 23 23 5
319 23 22 6
320 44 44 6
321 38 37 7
322 43 42 6
323 54 53 11
324 39 38 6
325 18 17 5
326 31 31 7
327 27 26 4
328 34 33 5
329 33 33 9
330 25 24 6
331 20 20 4
332 26 25 5
333 21 21 5
334 11 11 5
335 11 11 5
336 15 14 4
337 24 23 5
338 15 15 5
339 17 16 4
340 32 31 5
341 21 21 5
342 9 9 5
343 17 16 6
344 18 18 4
345 26 25 5
346 19 18 6
347 20 20 6
348 26 26 8
349 16 16 4
350 24 23 5
351 15 15 5
352 15 14 4
353 10 9 5
354 15 14 4
355 18 17 5
356 23 23 5
357 13 13 5
358 11 11 5
359 21 20 4
360 22 21 5
361 13 12 4
362 12 11 5
363 23 22 6
364 18 18 6
365 18 18 6
366 18 17 7
367 25 24 4
368 16 15 5
369 27 26 6
370 12 12 4
371 22 21 5
372 15 15 5
373 21 20 6
374 20 20 6
375 18 17 5
376 19 18 6
377 10 10 4
378 18 17 5
379 19 18 6
380 26 26 4
381 16 15 5
382 13 13 7
383 17 16 6
384 20 20 6
385 14 14 6
386 24 24 4
387 14 13 5
388 17 16 4
389 18 17 5
390 17 17 5
391 13 12 4
392 12 11 5
393 15 14 4
394 16 15 5
395 23 22 6
396 20 20 6
397 22 21 5
398 15 15 5
399 9 8 4
400 10 9 5
401 17 16 4
402 12 11 5
403 17 17 7
404 13 12 6
405 10 10 4
406 6 5 4
407 10 9 5
408 11 10 4
409 26 25 7
410 11 10 6
411 10 10 6
412 8 8 4
413 12 11 5
414 15 14 4
415 20 19 5
416 17 17 5
417 15 15 5
418 13 12 6
419 14 14 6
420 10 10 6
421 12 12 4
422 12 11 5
423 13 12 4
424 12 11 5
425 19 18 4
426 12 11 5
427 11 10 4
428 14 13 5
429 17 16 6
430 14 14 4
431 12 11 5
432 23 22 6
433 30 30 6
434 24 24 6
435 28 27 7
436 15 14 4
437 10 9 5
438 15 14 6
439 14 14 4
440 18 17 7
441 13 13 5
442 21 20 4
443 22 21 5
444 19 18 6
445 12 11 5
446 9 8 4
447 18 17 5
448 11 10 4
449 10 9 5
450 17 16 4
451 12 11 5
452 17 17 5
453 9 8 4
454 16 15 5
455 17 16 4
456 18 17 5
457 13 12 4
458 16 15 5
459 19 18 6
460 12 12 4
461 10 9 5
462 9 8 4
463 18 17 5
464 9 9 5
465 13 13 5
466 11 10 4
467 14 13 5
468 9 8 4
469 8 7 6
470 10 10 6
471 12 12 4
472 10 9 5
473 15 14 4
474 20 19 5
475 27 27 5
476 13 13 5
477 13 12 6
478 6 6 6
479 13 12 4
480 18 17 5
481 9 9 5
482 9 8 4
483 10 9 5
484 7 6 5
485 9 9 5
486 11 10 4
487 18 17 7
488 17 16 6
489 14 14 4
490 10 9 5
491 13 12 6
492 12 12 4
493 16 15 7
494 9 8 4
495 20 19 5
496 9 8 4
497 10 9 5
498 15 15 5
499 9 8 4
