0 27 26 10
1 13 12 6
2 19 19 11
3 32 32 12
4 21 20 10
5 19 18 6
6 25 25 11
7 18 18 10
8 25 24 10
9 25 24 10
10 15 15 7
11 12 12 6
12 11 11 11
13 10 10 6
14 17 17 9
15 20 19 11
16 16 15 7
17 28 28 12
18 13 13 7
19 14 14 6
20 19 19 9
21 14 13 7
22 16 16 6
23 21 21 13
24 10 10 6
25 13 13 7
26 20 20 12
27 11 10 6
28 15 15 11
29 20 20 10
30 19 18 10
31 15 15 7
32 10 10 6
33 15 15 11
34 16 16 10
35 15 15 9
36 16 15 7
37 6 6 6
38 27 27 13
39 16 16 6
40 13 13 7
41 18 18 10
42 15 14 6
43 15 15 11
44 16 16 10
45 19 18 12
46 15 14 6
47 13 13 7
48 24 24 6
49 13 13 7
50 18 18 6
51 25 25 9
52 10 9 8
53 20 19 11
54 8 7 6
55 10 10 6
56 19 19 11
57 20 19 7
58 26 26 6
59 23 23 11
60 26 25 9
61 20 19 9
62 18 17 7
63 38 38 10
64 35 34 10
65 39 39 9
66 28 27 9
67 20 19 9
68 18 17 9
69 28 27 11
70 18 18 6
71 25 25 11
72 26 26 6
73 27 27 11
74 12 12 6
75 25 25 11
76 20 20 10
77 31 30 12
78 29 29 11
79 20 20 10
80 25 24 10
81 13 13 7
82 34 34 12
83 25 24 6
84 27 27 11
85 28 28 10
86 45 45 11
87 38 38 10
88 21 20 10
89 21 20 6
90 29 29 9
91 40 39 9
92 24 23 7
93 38 38 10
94 31 30 10
95 25 25 9
96 28 27 11
97 26 25 7
98 22 22 6
99 21 21 7
100 28 28 10
101 27 26 10
102 33 33 9
103 26 25 9
104 20 19 7
105 14 14 6
106 21 21 9
107 30 29 9
108 22 21 7
109 24 24 10
110 19 19 7
111 26 26 6
112 21 21 7
113 26 26 12
114 37 36 12
115 25 24 10
116 23 23 7
117 36 36 12
118 27 26 10
119 37 37 17
120 16 15 7
121 18 18 6
122 23 23 11
123 38 38 10
124 23 22 6
125 33 33 11
126 28 28 10
127 37 37 9
128 34 33 11
129 22 22 10
130 19 19 9
131 28 27 11
132 24 24 12
133 25 24 12
134 27 27 7
135 30 30 6
136 21 21 9
137 22 21 11
138 30 29 11
139 26 26 10
140 23 22 10
141 33 33 13
142 26 26 10
143 37 36 10
144 27 26 12
145 29 28 10
146 19 18 10
147 25 25 11
148 22 21 7
149 24 24 10
150 31 31 9
151 32 31 11
152 26 25 7
153 30 30 10
154 19 18 6
155 39 39 13
156 18 18 6
157 27 27 7
158 22 22 10
159 29 28 6
160 29 29 11
161 22 21 7
162 30 30 6
163 35 35 11
164 26 26 10
165 17 17 7
166 18 18 6
167 21 21 7
168 30 30 6
169 27 27 7
170 26 26 12
171 29 29 11
172 24 24 6
173 27 27 11
174 36 36 12
175 27 26 12
176 29 29 11
177 36 36 6
178 39 39 17
179 36 35 11
180 30 30 10
181 27 26 6
182 27 27 9
183 34 33 11
184 26 26 6
185 37 37 13
186 40 40 14
187 29 28 6
188 31 31 11
189 26 26 10
190 35 34 10
191 27 26 6
192 15 15 7
193 20 20 10
194 19 19 7
195 18 18 6
196 27 27 11
197 24 24 10
198 31 30 10
199 29 29 9
200 16 15 7
201 26 26 10
202 25 25 7
203 28 28 10
204 23 22 10
205 27 26 10
206 33 32 12
207 19 18 6
208 41 41 11
209 28 28 10
210 21 21 7
211 24 24 10
212 33 32 10
213 45 44 10
214 21 21 7
215 26 26 10
216 21 20 6
217 31 31 7
218 28 28 12
219 19 19 9
220 28 27 11
221 20 19 7
222 24 24 10
223 29 29 9
224 30 29 11
225 26 26 10
226 31 31 7
227 36 36 10
228 25 24 10
229 31 31 11
230 26 26 6
231 29 29 7
232 16 16 6
233 23 23 9
234 22 21 7
235 36 36 10
236 31 30 10
237 31 30 10
238 21 20 10
239 29 28 10
240 27 27 9
241 26 25 7
242 22 22 10
243 35 34 6
244 15 15 7
245 14 14 10
246 17 16 6
247 19 19 9
248 30 29 11
249 20 19 7
250 16 16 10
251 11 10 6
252 17 17 11
253 18 18 10
254 19 18 10
255 11 10 6
256 11 11 7
257 20 20 10
258 17 17 9
259 22 21 9
260 22 21 9
261 14 13 7
262 16 16 6
263 11 11 7
264 24 24 10
265 15 14 10
266 25 24 10
267 27 27 11
268 26 26 12
269 33 32 10
270 19 18 6
271 21 21 7
272 22 22 10
273 21 20 10
274 13 12 6
275 19 19 7
276 24 24 10
277 27 26 10
278 17 16 6
279 23 23 9
280 24 23 7
281 20 20 10
282 19 18 10
283 41 41 7
284 26 26 10
285 19 18 6
286 25 25 7
287 16 16 6
288 17 17 9
289 18 17 7
290 24 24 10
291 27 26 10
292 29 28 6
293 11 11 7
294 20 20 6
295 19 19 9
296 28 27 11
297 40 39 7
298 36 36 10
299 23 22 6
300 35 35 9
301 54 53 9
302 30 29 11
303 32 31 9
304 38 37 11
305 40 40 12
306 47 46 10
307 43 43 9
308 46 45 9
309 40 39 11
310 38 38 10
311 41 40 10
312 25 24 12
313 47 46 14
314 33 32 10
315 27 27 11
316 40 39 13
317 24 23 9
318 28 27 9
319 30 29 13
320 50 50 12
321 41 41 11
322 46 46 10
323 59 58 16
324 45 44 12
325 23 22 10
326 35 34 10
327 29 28 6
328 35 35 7
329 36 36 12
330 29 28 10
331 23 22 6
332 33 33 13
333 26 26 10
334 13 12 6
335 13 13 7
336 16 16 6
337 27 27 9
338 18 17 7
339 18 18 6
340 35 35 9
341 26 25 9
342 12 11 7
343 20 20 10
344 25 24 10
345 27 26 6
346 19 19 7
347 24 24 10
348 29 29 11
349 18 18 6
350 27 27 9
351 20 19 9
352 18 17 7
353 10 10 6
354 19 19 9
355 24 23 11
356 28 28 10
357 15 14 6
358 13 13 7
359 26 26 10
360 23 23 7
361 14 14 6
362 17 17 11
363 26 26 10
364 23 22 10
365 23 22 10
366 17 16 6
367 31 31 11
368 16 16 6
369 29 29 9
370 16 15 7
371 22 22 6
372 17 17 7
373 24 24 10
374 21 20 6
375 21 21 9
376 24 23 11
377 12 12 6
378 19 19 7
379 22 22 10
380 31 31 9
381 18 17 7
382 12 12 6
383 17 17 7
384 24 24 10
385 15 15 7
386 32 32 12
387 19 18 10
388 19 18 6
389 21 21 9
390 24 23 11
391 14 14 6
392 15 15 9
393 20 19 9
394 18 17 7
395 22 22 6
396 21 21 7
397 26 26 10
398 17 16 6
399 13 13 9
400 12 11 7
401 22 22 10
402 17 16 10
403 23 22 12
404 13 12 6
405 15 15 9
406 8 7 6
407 14 14 10
408 15 15 9
409 28 27 9
410 12 11 7
411 10 10 6
412 15 15 11
413 12 12 6
414 17 17 7
415 26 26 12
416 23 22 10
417 21 20 10
418 13 13 7
419 14 14 6
420 13 13 9
421 18 17 9
422 14 13 7
423 18 18 10
424 17 16 10
425 21 20 6
426 17 17 11
427 12 12 6
428 17 17 9
429 20 19 9
430 20 19 9
431 14 13 7
432 26 26 10
433 33 33 9
434 30 29 11
435 26 26 6
436 17 17 7
437 10 10 6
438 19 19 11
439 20 20 10
440 19 19 9
441 16 15 7
442 26 26 10
443 29 28 12
444 19 18 6
445 15 15 9
446 12 11 7
447 18 18 6
448 13 13 7
449 14 14 10
450 23 22 10
451 17 16 10
452 19 19 7
453 10 10 6
454 17 17 7
455 24 24 12
456 19 18 6
457 17 17 9
458 22 21 11
459 22 21 9
460 16 15 7
461 10 10 6
462 13 13 9
463 24 23 11
464 14 14 10
465 15 15 7
466 12 12 6
467 15 15 7
468 10 10 6
469 11 11 11
470 14 14 10
471 15 14 6
472 11 11 7
473 20 20 10
474 21 20 6
475 29 29 7
476 14 14 6
477 15 15 9
478 8 7 6
479 18 18 10
480 23 22 10
481 11 10 6
482 11 11 7
483 14 14 10
484 7 7 7
485 10 10 6
486 17 17 11
487 16 16 6
488 21 21 11
489 20 20 10
490 11 11 7
491 16 16 10
492 19 18 10
493 15 14 6
494 11 11 7
495 26 26 12
496 15 14 10
497 11 10 6
498 19 19 9
499 14 13 9
