0 22 21 5
1 11 10 4
2 14 13 5
3 27 26 6
4 16 16 6
5 20 20 8
6 18 18 4
7 14 13 5
8 21 20 6
9 20 20 6
10 12 12 4
11 12 11 5
12 5 5 5
13 10 9 5
14 15 14 6
15 14 14 6
16 12 12 4
17 24 23 7
18 13 12 6
19 14 13 5
20 15 14 4
21 12 11 5
22 15 14 4
23 14 13 5
24 9 8 4
25 12 11 5
26 13 13 5
27 9 9 5
28 9 8 4
29 16 15 5
30 13 13 5
31 13 12 4
32 10 9 5
33 9 8 4
34 16 15 9
35 11 10 4
36 14 13 5
37 5 5 5
38 22 21 7
39 15 14 4
40 12 11 5
41 13 12 4
42 16 15 7
43 9 9 5
44 11 10 4
45 12 11 5
46 13 12 4
47 12 11 5
48 23 23 5
49 11 11 5
50 19 18 6
51 20 20 4
52 6 5 4
53 16 15 7
54 5 5 5
55 10 9 5
56 13 12 4
57 18 17 5
58 25 25 5
59 17 16 4
60 22 21 5
61 15 15 5
62 17 16 6
63 32 32 4
64 32 31 7
65 37 36 6
66 24 24 6
67 14 14 4
68 14 13 5
69 23 22 6
70 18 17 5
71 19 18 4
72 26 25 5
73 21 20 4
74 12 11 5
75 19 18 4
76 16 15 5
77 25 24 6
78 24 23 5
79 17 16 6
80 20 20 6
81 10 10 4
82 28 27 5
83 25 24 6
84 22 21 5
85 25 24 6
86 38 38 4
87 34 33 5
88 15 14 4
89 20 19 5
90 25 25 5
91 37 37 7
92 21 20 4
93 34 33 5
94 25 25 5
95 21 21 5
96 23 22 6
97 24 23 5
98 21 20 4
99 20 19 5
100 23 22 4
101 22 21 5
102 29 29 5
103 23 23 7
104 17 16 4
105 14 13 5
106 17 16 4
107 26 25 5
108 19 18 4
109 20 19 5
110 19 18 6
111 26 26 6
112 18 18 4
113 20 19 5
114 31 31 7
115 19 19 5
116 21 21 5
117 31 30 6
118 24 23 7
119 29 28 8
120 14 13 5
121 17 16 4
122 18 17 5
123 33 33 5
124 23 22 6
125 30 29 7
126 25 24 6
127 36 35 7
128 27 26 4
129 18 17 5
130 17 16 6
131 24 24 8
132 20 20 8
133 18 18 6
134 24 24 4
135 32 31 7
136 17 16 4
137 16 15 5
138 25 24 6
139 22 21 5
140 17 16 4
141 26 25 5
142 23 23 7
143 33 32 6
144 22 21 7
145 25 24 6
146 14 13 5
147 19 18 4
148 20 19 5
149 21 21 7
150 27 26 4
151 26 25 5
152 27 26 8
153 28 28 8
154 18 18 6
155 30 30 4
156 18 17 5
157 25 25 5
158 17 16 4
159 28 27 5
160 25 25 7
161 19 19 5
162 31 30 6
163 28 28 4
164 22 21 5
165 15 15 5
166 19 18 6
167 18 18 4
168 30 29 5
169 27 26 6
170 18 18 4
171 26 25 7
172 25 24 6
173 20 20 4
174 30 29 5
175 19 19 5
176 23 23 5
177 37 36 6
178 30 29 7
179 29 28 4
180 26 25 5
181 25 24 4
182 24 23 5
183 29 29 7
184 27 26 6
185 30 30 6
186 32 31 5
187 27 27 5
188 25 25 5
189 21 21 5
190 29 28 4
191 26 25 5
192 15 14 6
193 16 15 5
194 17 16 4
195 18 17 5
196 21 21 5
197 21 21 7
198 25 25 5
199 25 24 4
200 14 13 5
201 21 20 4
202 24 23 5
203 23 23 5
204 17 16 4
205 22 21 5
206 27 27 7
207 17 16 4
208 36 35 5
209 23 22 4
210 20 19 5
211 19 18 4
212 28 27 5
213 41 41 7
214 19 19 5
215 21 21 5
216 19 18 4
217 30 29 5
218 23 22 6
219 16 15 5
220 21 20 4
221 18 17 5
222 21 20 6
223 26 26 6
224 22 22 4
225 22 21 5
226 29 29 5
227 35 34 8
228 18 18 4
229 26 25 5
230 27 26 6
231 26 26 4
232 16 15 5
233 19 18 4
234 20 19 5
235 35 34 8
236 24 24 4
237 28 27 7
238 15 14 4
239 24 23 5
240 25 25 7
241 23 22 4
242 18 17 5
243 35 35 7
244 13 12 4
245 10 9 5
246 17 16 6
247 14 14 4
248 24 23 5
249 17 17 5
250 11 11 5
251 9 8 4
252 12 11 5
253 15 14 6
254 14 14 6
255 8 8 4
256 10 9 5
257 15 14 4
258 14 13 5
259 19 18 6
260 18 18 6
261 10 10 4
262 16 15 5
263 9 8 4
264 22 21 7
265 9 9 5
266 19 18 4
267 22 21 5
268 19 19 5
269 29 28 6
270 16 16 4
271 20 19 5
272 17 16 4
273 16 15 5
274 13 12 6
275 18 17 5
276 19 19 5
277 23 22 6
278 16 16 6
279 20 20 6
280 20 20 4
281 18 17 7
282 13 12 4
283 40 39 5
284 21 21 5
285 17 17 5
286 25 24 6
287 14 14 4
288 14 13 5
289 17 16 6
290 18 18 4
291 22 21 5
292 27 26 4
293 10 9 5
294 19 19 5
295 15 15 5
296 21 20 4
297 40 39 7
298 33 32 6
299 22 22 6
300 30 30 4
301 52 51 7
302 23 23 5
303 27 27 5
304 35 34 8
305 34 33 5
306 41 41 5
307 39 39 5
308 41 41 5
309 33 32 4
310 36 35 7
311 37 37 7
312 17 17 5
313 41 40 8
314 26 26 4
315 24 23 7
316 35 34 8
317 20 20 6
318 24 23 5
319 23 23 7
320 45 44 6
321 38 37 7
322 45 45 9
323 53 52 10
324 40 39 7
325 17 17 5
326 29 28 4
327 28 27 5
328 35 35 7
329 31 31 7
330 25 24 6
331 22 21 5
332 27 27 7
333 21 20 4
334 12 11 5
335 11 10 4
336 18 17 7
337 23 22 4
338 16 15 5
339 17 16 4
340 34 33 7
341 25 24 8
342 8 8 4
343 16 15 5
344 19 18 4
345 26 25 5
346 17 17 5
347 19 18 4
348 26 25 7
349 17 17 5
350 23 22 4
351 18 17 7
352 15 14 4
353 10 9 5
354 15 14 4
355 18 17 5
356 23 22 4
357 14 13 5
358 13 12 6
359 22 22 6
360 22 21 5
361 15 14 6
362 10 10 4
363 22 21 5
364 19 18 6
365 18 17 5
366 15 15 5
367 25 24 4
368 16 15 5
369 25 24 4
370 14 13 5
371 25 24 8
372 14 14 4
373 20 19 5
374 19 18 4
375 18 17 5
376 17 17 5
377 13 13 7
378 17 16 4
379 18 17 5
380 29 28 6
381 16 15 5
382 13 12 6
383 14 14 4
384 22 21 7
385 13 12 4
386 26 25 5
387 13 13 5
388 19 18 6
389 16 16 4
390 18 17 5
391 13 13 5
392 11 10 4
393 16 15 5
394 17 16 6
395 22 22 6
396 20 20 6
397 22 21 5
398 15 14 4
399 10 9 5
400 9 8 4
401 18 17 5
402 11 10 4
403 16 15 5
404 13 12 6
405 12 12 6
406 6 5 4
407 10 9 5
408 11 11 5
409 25 24 6
410 8 8 4
411 10 9 5
412 9 8 4
413 12 11 5
414 17 16 6
415 20 19 5
416 19 19 7
417 15 14 4
418 14 13 7
419 13 12 4
420 10 9 5
421 13 12 4
422 12 11 5
423 15 14 6
424 12 11 5
425 19 18 4
426 14 13 7
427 11 11 5
428 13 12 4
429 22 21 11
430 15 14 4
431 12 11 5
432 21 20 4
433 32 31 7
434 23 22 4
435 26 25 5
436 17 16 6
437 10 10 6
438 12 12 4
439 16 15 5
440 17 16 6
441 14 14 6
442 22 22 6
443 20 20 4
444 18 17 5
445 11 11 5
446 9 9 5
447 17 16 4
448 12 11 5
449 9 8 4
450 18 17 5
451 11 11 5
452 17 16 4
453 10 9 5
454 15 15 5
455 19 18 6
456 18 17 5
457 17 16 8
458 14 14 4
459 18 17 5
460 13 13 5
461 9 8 4
462 10 9 5
463 17 16 4
464 10 9 5
465 13 12 4
466 12 11 5
467 13 13 5
468 9 8 4
469 6 5 4
470 10 9 5
471 15 14 6
472 10 9 5
473 15 15 5
474 19 18 4
475 30 29 7
476 15 14 6
477 12 11 5
478 7 6 5
479 13 12 4
480 18 17 5
481 9 9 5
482 9 8 4
483 10 9 5
484 7 6 5
485 9 8 4
486 14 13 7
487 15 14 4
488 16 15 5
489 17 16 6
490 10 9 5
491 11 10 4
492 14 13 5
493 13 12 4
494 12 11 7
495 21 20 6
496 8 8 4
497 10 9 5
498 15 14 4
499 10 9 5
500 11 11 5
501 13 12 4
502 16 15 5
503 9 8 4
504 14 13 5
505 17 16 4
506 10 9 5
507 19 18 8
508 10 9 5
509 15 14 4
510 14 13 5
511 15 14 4
512 14 13 5
513 17 16 4
514 14 13 7
515 15 14 6
516 16 16 8
517 16 16 6
518 20 20 6
519 14 14 4
520 10 9 5
521 9 8 4
522 16 15 5
523 11 10 4
524 12 11 5
525 11 10 4
526 12 11 5
527 13 12 4
528 14 13 7
529 7 6 5
530 11 10 4
531 10 9 5
532 13 13 5
533 21 20 8
534 8 8 4
535 10 9 5
536 9 8 4
537 14 13 5
538 19 18 4
539 34 33 7
540 21 20 4
541 16 15 5
542 19 18 6
543 8 8 4
544 10 9 5
545 11 10 4
546 6 5 4
547 18 17 5
548 17 17 5
549 23 22 4
550 22 21 5
551 21 21 5
552 19 19 5
553 13 13 5
554 11 11 5
555 11 10 4
556 12 11 5
557 7 6 5
558 17 16 6
559 16 15 5
560 21 20 6
561 24 24 6
562 12 12 4
563 22 21 5
564 19 19 5
565 15 14 4
566 20 19 5
567 9 8 4
568 8 7 6
569 20 20 4
570 14 13 5
571 13 12 4
572 28 27 5
573 13 13 5
574 13 12 4
575 14 13 5
576 21 20 6
577 20 20 4
578 18 17 5
579 9 8 4
580 26 25 5
581 25 25 7
582 15 15 5
583 23 22 4
584 18 17 5
585 19 18 4
586 22 21 7
587 25 24 6
588 28 28 4
589 24 23 5
590 35 34 6
591 36 36 6
592 22 21 5
593 23 22 4
594 34 33 7
595 17 16 4
596 22 21 5
597 45 44 4
598 40 39 9
599 21 20 4
600 22 21 5
601 21 21 5
602 25 25 5
603 27 26 4
604 40 39 9
605 41 40 10
606 36 36 6
607 44 44 12
608 22 21 5
609 27 27 7
610 33 33 5
611 23 23 7
612 35 34 6
613 30 29 7
614 31 30 4
615 30 29 7
616 27 27 5
617 15 15 5
618 31 30 4
619 30 29 5
620 29 29 7
621 25 24 6
622 40 39 9
623 33 32 8
624 26 25 5
625 27 27 5
626 25 24 8
627 28 27 5
628 23 22 6
629 38 37 5
630 49 49 9
631 27 27 5
632 21 21 5
633 19 19 5
634 27 26 8
635 34 34 6
636 20 20 6
637 26 25 5
638 31 31 7
639 29 29 5
640 29 29 7
641 23 22 6
642 20 20 6
643 28 28 6
644 28 28 8
645 26 26 8
646 28 28 8
647 38 38 6
648 30 30 6
649 24 23 5
650 23 23 7
651 37 37 9
652 21 20 4
653 22 21 5
654 41 41 9
655 23 22 6
656 22 22 6
657 22 22 6
658 34 34 6
659 34 34 6
660 20 19 5
661 33 33 5
662 35 35 7
663 37 36 4
664 38 37 9
665 33 32 6
666 32 31 7
667 25 24 6
668 36 35 7
669 45 44 8
670 32 31 9
671 13 12 4
672 18 17 5
673 41 40 10
674 22 22 4
675 36 35 7
676 31 31 7
677 41 40 6
678 24 23 5
679 29 29 5
680 31 30 6
681 18 18 6
682 26 26 6
683 26 26 4
684 24 23 5
685 25 25 5
686 33 33 7
687 15 14 4
688 30 29 5
689 25 25 5
690 17 17 5
691 25 24 4
692 16 15 5
693 21 21 5
694 33 32 8
695 24 24 4
696 22 21 5
697 29 28 4
698 18 17 5
699 19 18 4
700 28 27 7
701 15 14 4
702 14 13 5
703 15 14 4
704 30 29 5
705 21 21 7
706 11 10 4
707 14 13 5
708 19 18 4
709 18 17 5
710 15 14 4
711 22 21 7
712 19 18 6
713 18 18 4
714 18 17 5
715 21 20 4
716 22 21 5
717 25 25 7
718 13 12 4
719 10 9 5
720 15 14 4
721 16 15 5
722 17 17 5
723 9 8 4
724 10 9 5
725 15 14 4
726 12 11 5
727 19 18 4
728 20 19 7
729 23 22 6
730 14 14 4
731 22 21 5
732 13 12 4
733 16 15 5
734 11 10 4
735 18 17 5
736 17 16 6
737 16 15 5
738 19 18 4
739 18 17 5
740 23 23 5
741 19 18 4
742 14 13 5
743 21 20 4
744 20 19 5
745 19 19 5
746 13 13 5
747 11 11 5
748 21 20 6
749 12 12 4
750 26 25 5
751 15 15 5
752 13 12 4
753 26 25 5
754 15 15 5
755 17 16 6
756 30 30 10
757 12 12 4
758 12 11 5
759 15 14 4
760 20 19 5
761 17 17 5
762 11 10 4
763 20 19 5
764 11 10 4
765 16 15 7
766 11 10 6
767 8 8 4
768 14 13 5
769 13 12 4
770 12 11 5
771 17 16 6
772 24 24 6
773 18 17 5
774 25 24 6
775 18 18 4
776 20 19 5
777 17 16 4
778 14 13 5
779 9 8 4
780 12 11 5
781 13 12 4
782 12 11 5
783 11 11 5
784 13 12 4
785 28 27 5
786 17 17 7
787 13 12 6
788 14 14 4
789 28 27 5
790 9 8 4
791 14 13 5
792 17 16 6
793 14 13 5
794 15 14 4
795 34 33 7
796 13 12 4
797 26 25 5
798 31 31 7
799 33 32 4
800 30 29 7
801 13 12 4
802 10 9 5
803 11 10 4
804 12 11 5
805 17 16 4
806 18 17 5
807 23 23 5
808 15 14 4
809 24 23 5
810 23 22 4
811 14 13 7
812 13 12 6
813 12 12 4
814 14 13 5
815 19 18 4
816 16 15 5
817 25 25 5
818 11 11 5
819 17 16 4
820 18 17 5
821 11 11 5
822 19 18 6
823 26 26 4
824 16 15 5
825 11 11 5
826 27 26 6
827 20 20 6
828 18 17 5
829 11 10 4
830 22 21 5
831 5 5 5
832 12 11 5
833 17 16 4
834 14 13 5
835 11 11 5
836 13 12 4
837 10 9 5
838 13 12 4
839 20 19 7
840 13 13 5
841 13 13 5
842 15 14 6
843 18 18 6
844 20 20 4
845 18 17 5
846 21 20 4
847 16 15 5
848 19 18 6
849 20 20 6
850 20 20 4
851 24 23 5
852 7 6 5
853 23 23 5
854 9 9 5
855 9 9 5
856 17 16 4
857 20 19 5
858 21 21 7
859 9 8 4
860 16 15 5
861 11 11 5
862 17 16 6
863 10 10 4
864 12 11 5
865 13 12 4
866 10 9 5
867 9 9 5
868 27 26 6
869 12 11 5
870 19 19 5
871 21 21 7
872 13 12 4
873 10 9 5
874 17 16 4
875 12 11 5
876 9 8 4
877 14 13 5
878 17 16 6
879 22 22 8
880 8 8 4
881 16 15 5
882 15 14 8
883 16 15 5
884 13 12 4
885 16 15 5
886 15 14 4
887 16 15 5
888 11 11 5
889 7 6 5
890 17 16 4
891 12 11 7
892 13 12 4
893 14 13 5
894 13 12 6
895 12 12 4
896 16 15 7
897 17 17 5
898 19 18 6
899 16 16 6
900 14 13 5
901 19 18 4
902 26 25 7
903 13 12 4
904 12 11 5
905 13 12 6
906 12 12 6
907 8 8 4
908 10 9 5
909 15 14 4
910 12 11 5
911 17 16 6
912 10 10 4
913 12 11 7
914 7 6 5
915 15 14 6
916 10 10 4
917 12 11 5
918 11 11 5
919 15 14 6
920 20 20 6
921 18 18 6
922 8 8 4
923 12 11 5
924 9 9 5
925 13 12 6
926 6 6 6
927 9 8 4
928 10 9 5
929 17 16 4
930 18 17 7
931 23 22 4
932 12 11 5
933 17 17 5
934 15 14 6
935 18 17 5
936 19 19 5
937 13 12 4
938 12 11 7
939 13 12 4
940 20 19 5
941 9 8 4
942 14 13 7
943 11 10 4
944 14 13 5
945 11 10 4
946 28 27 5
947 21 21 5
948 21 20 6
949 18 18 4
950 16 15 5
951 17 17 5
952 7 6 5
953 11 10 4
954 12 11 5
955 11 10 6
956 18 18 6
957 14 13 5
958 13 12 6
959 12 12 6
960 12 12 4
961 20 19 7
962 13 12 4
963 16 15 5
964 15 14 6
965 18 18 8
966 18 18 4
967 14 13 5
968 15 14 4
969 16 15 5
970 13 13 5
971 15 14 6
972 18 17 5
973 11 11 5
974 13 12 4
975 12 11 5
976 9 8 4
977 14 13 5
978 27 26 6
979 24 23 5
980 9 9 5
981 25 24 4
982 20 19 5
983 13 12 6
984 26 25 5
985 19 18 4
986 20 19 5
987 17 16 4
988 16 15 7
989 19 18 4
990 26 25 5
991 33 33 5
992 25 25 5
993 17 17 5
994 25 24 6
995 36 36 8
996 32 31 5
997 25 25 5
998 47 47 7
999 23 23 5
1000 27 27 7
1001 37 37 5
1002 27 27 7
1003 29 28 6
1004 26 25 5
1005 21 21 5
1006 25 24 4
1007 26 25 5
1008 41 41 9
1009 27 26 6
1010 24 24 6
1011 24 24 4
1012 28 27 5
1013 33 33 9
1014 21 21 5
1015 37 36 8
1016 26 25 5
1017 27 26 6
1018 30 30 6
1019 40 40 10
1020 20 20 4
1021 36 35 7
1022 19 19 5
1023 29 28 6
1024 26 25 7
1025 33 32 8
1026 22 22 4
1027 22 21 5
1028 25 25 5
1029 25 25 5
1030 13 12 4
1031 14 13 5
1032 13 13 5
1033 17 16 4
1034 22 21 5
1035 25 24 8
1036 24 24 4
1037 24 23 5
1038 23 22 4
1039 32 31 7
1040 19 19 5
1041 33 33 11
1042 33 32 6
1043 26 26 6
1044 32 31 5
1045 23 22 6
1046 20 20 6
1047 10 10 4
1048 28 27 5
1049 17 17 5
1050 13 13 5
1051 19 18 4
1052 22 21 5
1053 13 13 5
1054 33 32 6
1055 36 36 6
1056 24 23 5
1057 19 18 6
1058 18 18 4
1059 24 23 5
1060 23 23 5
1061 23 22 4
1062 34 33 7
1063 25 24 8
1064 20 20 4
1065 18 17 7
1066 29 28 6
1067 32 32 8
1068 20 20 4
1069 28 27 5
1070 25 24 4
1071 26 25 7
1072 17 16 6
1073 12 12 6
1074 24 24 6
1075 16 16 4
1076 24 23 5
1077 23 22 4
1078 6 5 4
1079 22 21 5
1080 21 21 5
1081 25 25 7
1082 21 20 4
1083 18 17 5
1084 23 22 4
1085 28 27 7
1086 21 20 6
1087 18 17 5
1088 19 18 4
1089 22 21 5
1090 19 18 4
1091 14 13 5
1092 25 24 6
1093 14 14 4
1094 14 13 5
1095 19 18 6
1096 20 20 4
1097 20 19 7
1098 25 25 7
1099 19 18 4
1100 22 21 5
1101 15 14 4
1102 10 9 5
1103 15 15 5
1104 17 16 4
1105 18 17 5
1106 13 12 6
1107 12 11 5
1108 25 24 4
1109 18 17 5
1110 23 22 6
1111 20 19 5
1112 17 17 5
1113 13 12 4
1114 26 25 5
1115 25 24 6
1116 22 22 6
1117 20 20 4
1118 22 21 5
1119 13 13 5
1120 19 18 4
1121 12 11 5
1122 17 17 7
1123 13 12 6
1124 16 16 6
1125 16 16 4
1126 14 13 5
1127 15 14 4
1128 20 19 5
1129 13 12 4
1130 10 9 5
1131 23 22 6
1132 16 16 6
1133 26 26 4
1134 14 13 5
1135 15 14 6
1136 18 18 6
1137 18 17 5
1138 13 13 5
1139 23 22 4
1140 20 19 7
1141 11 10 4
1142 10 9 5
1143 21 20 4
1144 14 13 5
1145 15 14 6
1146 20 20 4
1147 28 27 5
1148 23 22 6
1149 12 12 4
1150 28 27 5
1151 15 15 5
1152 11 10 4
1153 14 13 5
1154 19 18 6
1155 16 16 6
1156 18 18 6
1157 14 14 4
1158 16 15 5
1159 17 16 6
1160 24 24 6
1161 12 11 5
1162 11 10 4
1163 26 25 7
1164 13 12 4
1165 20 19 5
1166 17 16 4
1167 16 15 5
1168 17 16 6
1169 16 15 5
1170 15 14 4
1171 16 15 5
1172 19 18 6
1173 18 18 4
1174 16 15 5
1175 11 11 5
1176 11 11 5
1177 11 10 4
1178 14 13 5
1179 15 14 6
1180 16 16 6
1181 12 12 4
1182 6 5 4
1183 6 5 4
1184 16 15 5
1185 17 17 7
1186 11 10 4
1187 14 13 5
1188 9 9 5
1189 17 16 4
1190 12 11 5
1191 7 6 5
1192 17 16 6
1193 12 12 6
1194 6 6 6
1195 13 12 4
1196 12 11 5
1197 13 13 5
1198 17 16 6
1199 10 10 4
1200 28 27 7
1201 13 12 4
1202 20 19 5
1203 9 9 5
1204 9 8 4
1205 14 13 5
1206 15 15 5
1207 11 11 5
1208 17 17 5
1209 7 6 5
1210 11 10 4
1211 12 11 5
1212 23 22 6
1213 14 14 6
1214 12 12 4
1215 12 11 5
1216 17 17 5
1217 13 12 6
1218 14 13 5
1219 9 9 5
1220 9 9 5
1221 13 12 6
1222 10 10 4
1223 14 13 5
1224 9 8 4
1225 12 11 5
1226 9 8 4
1227 18 17 5
1228 13 12 6
1229 22 21 7
1230 11 10 6
1231 12 12 4
1232 10 9 5
1233 9 8 4
1234 12 11 5
1235 5 5 5
1236 18 17 5
1237 17 17 5
1238 5 5 5
1239 10 9 5
1240 11 11 5
1241 11 10 6
1242 12 12 6
1243 12 11 5
1244 19 18 4
1245 10 9 5
1246 11 10 4
1247 14 13 5
1248 9 9 5
1249 9 8 4
1250 10 9 5
1251 13 12 8
1252 8 8 4
1253 16 15 5
1254 19 18 6
1255 12 12 4
1256 18 17 7
1257 13 12 4
1258 10 9 5
1259 13 12 4
1260 18 17 5
1261 11 11 5
1262 5 5 5
1263 10 9 5
1264 7 6 5
1265 15 14 4
1266 6 5 4
1267 16 15 7
1268 11 11 5
1269 21 20 4
1270 18 17 7
1271 13 12 4
1272 14 13 5
1273 9 9 5
1274 13 12 6
1275 8 8 4
1276 14 13 5
1277 17 16 4
1278 18 17 5
1279 11 11 5
1280 19 18 6
1281 16 15 7
1282 19 18 6
1283 6 5 4
1284 20 19 5
1285 15 14 6
1286 10 9 5
1287 13 12 6
1288 12 12 4
1289 12 11 5
1290 17 16 6
1291 12 11 5
1292 13 12 4
1293 20 19 7
1294 17 16 6
1295 10 10 4
1296 18 17 5
1297 13 12 6
1298 8 8 4
1299 12 11 5
1300 11 10 4
1301 10 9 5
1302 23 22 6
1303 10 10 6
1304 14 14 6
1305 20 20 6
1306 12 12 4
1307 10 9 5
1308 7 6 5
1309 17 16 4
1310 14 13 5
1311 13 12 4
1312 10 9 5
1313 11 10 4
1314 22 21 7
1315 19 18 4
1316 8 7 6
1317 12 12 4
1318 10 9 5
1319 11 10 4
1320 10 9 5
1321 11 10 4
1322 12 11 5
1323 35 34 8
1324 16 15 5
1325 11 10 6
1326 10 9 5
1327 17 16 6
1328 12 12 4
1329 16 15 5
1330 15 14 4
1331 16 15 5
1332 11 11 5
1333 15 14 6
1334 18 18 6
1335 18 18 4
1336 24 23 5
1337 11 11 5
1338 19 18 6
1339 10 10 4
1340 12 11 5
1341 21 20 6
1342 12 12 4
1343 10 9 5
1344 25 25 7
1345 7 6 5
1346 17 16 4
1347 16 15 5
1348 21 20 8
1349 10 10 4
1350 24 23 5
1351 15 14 4
1352 12 11 5
1353 23 22 8
1354 12 11 5
1355 19 18 4
1356 14 13 5
1357 11 10 6
1358 22 22 6
1359 38 38 6
1360 18 17 5
1361 19 18 4
1362 22 21 5
1363 25 24 6
1364 18 18 4
1365 24 23 7
1366 21 20 6
1367 18 18 6
1368 14 14 4
1369 24 23 5
1370 19 18 4
1371 20 19 5
1372 17 17 5
1373 11 10 4
1374 28 27 7
1375 23 22 6
1376 20 19 5
1377 27 26 4
1378 20 19 5
1379 13 13 5
1380 15 14 4
1381 14 13 5
1382 27 27 5
1383 11 10 4
1384 22 21 7
1385 15 14 6
1386 14 14 4
1387 20 19 5
1388 25 24 4
1389 18 17 5
1390 13 13 5
1391 21 20 4
1392 22 21 5
1393 33 32 8
1394 14 14 4
1395 12 11 5
1396 15 14 4
1397 18 17 5
1398 15 15 5
1399 19 19 7
1400 23 22 6
1401 18 18 4
1402 26 25 5
1403 15 14 6
1404 12 12 4
1405 16 15 5
1406 5 5 5
1407 20 19 5
1408 21 20 6
1409 16 16 4
1410 14 13 5
1411 15 15 5
1412 13 12 4
1413 14 13 5
1414 17 16 4
1415 20 19 5
1416 17 16 4
1417 14 13 5
1418 17 17 5
1419 15 15 5
1420 19 19 5
1421 27 26 4
1422 22 21 5
1423 19 18 6
1424 14 14 4
1425 20 19 5
1426 17 16 4
1427 10 9 5
1428 11 11 5
1429 15 14 6
1430 10 10 4
1431 14 13 7
1432 15 14 6
1433 12 12 4
1434 12 11 7
1435 9 8 4
1436 10 9 5
1437 13 12 4
1438 10 9 5
1439 17 16 4
1440 10 9 5
1441 11 10 4
1442 10 9 5
1443 13 12 6
1444 10 10 6
1445 10 10 4
1446 14 13 5
1447 11 10 4
1448 12 11 5
1449 29 28 8
1450 12 12 4
1451 14 13 5
1452 17 17 5
1453 15 14 4
1454 14 13 5
1455 9 8 4
1456 12 11 5
1457 13 12 8
1458 12 12 4
1459 14 13 7
1460 11 10 4
1461 10 9 5
1462 11 10 6
1463 8 8 4
1464 14 13 5
1465 19 18 6
1466 12 12 6
1467 10 10 4
1468 16 15 7
1469 9 8 4
1470 10 9 5
1471 33 32 6
1472 14 14 6
1473 14 14 4
1474 12 11 5
1475 9 8 4
1476 18 17 5
1477 15 14 6
1478 22 22 6
1479 10 10 4
1480 16 15 5
1481 19 19 5
1482 17 16 4
1483 12 11 5
1484 11 10 4
1485 16 15 7
1486 25 25 5
1487 13 13 5
1488 15 14 4
1489 18 17 5
1490 11 11 5
1491 25 24 6
1492 22 22 6
1493 12 11 5
1494 31 30 6
1495 12 12 4
1496 26 25 7
1497 9 8 4
1498 36 35 7
1499 25 24 4
1500 42 41 5
1501 27 26 6
1502 18 17 5
1503 15 15 5
1504 39 38 4
1505 16 15 5
1506 31 30 6
1507 16 16 4
1508 32 31 9
1509 17 16 6
1510 16 16 4
1511 22 21 5
1512 23 23 5
1513 27 27 5
1514 9 8 4
1515 18 17 5
1516 31 30 6
1517 34 34 8
1518 16 16 4
1519 22 21 5
1520 23 22 8
1521 18 18 4
1522 26 25 5
1523 21 20 4
1524 26 25 7
1525 19 18 4
1526 20 19 5
1527 21 20 4
1528 16 15 5
1529 17 17 5
1530 25 24 6
1531 16 16 4
1532 20 19 7
1533 29 28 6
1534 30 30 6
1535 20 19 5
1536 19 19 7
1537 25 24 6
1538 26 26 4
1539 24 23 5
1540 25 24 6
1541 20 20 6
1542 40 40 6
1543 40 40 8
1544 30 30 8
1545 30 29 5
1546 19 19 5
1547 17 16 6
1548 18 17 5
1549 23 22 4
1550 28 27 5
1551 19 18 6
1552 16 16 6
1553 20 20 4
1554 26 25 9
1555 19 19 5
1556 13 12 4
1557 14 13 5
1558 25 24 4
1559 22 21 5
1560 15 14 4
1561 26 25 5
1562 19 18 4
1563 18 17 7
1564 17 16 4
1565 34 33 9
1566 27 26 6
1567 20 20 4
1568 20 19 5
1569 19 19 5
1570 21 20 6
1571 22 21 5
1572 19 18 4
1573 6 5 4
1574 32 31 5
1575 19 19 5
1576 23 22 6
1577 14 13 5
1578 19 18 6
1579 16 16 4
1580 20 19 5
1581 21 20 4
1582 26 25 7
1583 25 24 6
1584 18 18 4
1585 18 17 5
1586 25 24 6
1587 32 31 7
1588 17 17 5
1589 9 8 4
1590 22 21 7
1591 27 26 6
1592 10 10 6
1593 18 18 4
1594 22 21 5
1595 15 15 5
1596 19 18 4
1597 34 33 7
1598 17 16 4
1599 14 13 5
1600 13 12 4
1601 6 5 4
1602 26 25 5
1603 15 15 5
1604 17 16 4
1605 18 17 7
1606 15 14 4
1607 18 17 5
1608 17 16 4
1609 20 19 5
1610 13 13 5
1611 13 12 4
1612 18 17 5
1613 17 17 7
1614 15 14 6
1615 14 13 5
1616 23 22 4
1617 20 19 5
1618 15 14 4
1619 14 13 5
1620 23 22 4
1621 16 15 5
1622 15 14 4
1623 12 11 5
1624 19 18 4
1625 12 11 5
1626 17 17 7
1627 11 10 4
1628 12 11 5
1629 23 22 6
1630 12 11 5
1631 21 21 5
1632 17 16 6
1633 14 13 5
1634 27 26 6
1635 16 16 6
1636 18 17 5
1637 11 10 4
1638 14 13 5
1639 13 12 4
1640 20 19 5
1641 15 14 4
1642 16 15 5
1643 31 30 8
1644 24 24 6
1645 28 28 4
1646 26 25 7
1647 15 14 4
1648 20 19 5
1649 31 30 6
1650 28 28 6
1651 22 22 4
1652 22 21 5
1653 35 35 7
1654 27 27 5
1655 21 21 5
1656 25 24 6
1657 20 20 6
1658 36 36 8
1659 36 35 7
1660 29 29 7
1661 29 28 6
1662 22 22 4
1663 22 21 5
1664 17 16 4
1665 26 25 5
1666 31 31 7
1667 25 24 6
1668 18 17 5
1669 27 26 4
1670 20 19 5
1671 13 13 5
1672 21 20 6
1673 18 17 5
1674 13 12 4
1675 14 13 5
1676 29 28 8
1677 22 22 8
1678 10 10 4
1679 16 15 5
1680 17 16 4
1681 12 11 5
1682 19 19 5
1683 13 13 5
1684 15 14 4
1685 12 11 5
1686 7 6 5
1687 21 20 6
1688 18 17 5
1689 13 12 6
1690 10 10 4
1691 14 13 5
1692 17 17 5
1693 19 18 6
1694 10 10 4
1695 14 13 5
1696 11 10 4
1697 18 17 5
1698 11 11 5
1699 15 15 5
1700 9 8 4
1701 16 15 7
1702 13 12 4
1703 16 15 5
1704 7 6 5
1705 7 6 5
1706 7 6 5
1707 13 12 6
1708 10 10 4
1709 16 15 5
1710 21 20 6
1711 18 17 5
1712 15 14 6
1713 20 19 5
1714 11 10 4
1715 12 11 5
1716 13 12 6
1717 8 8 4
1718 16 15 5
1719 9 8 4
1720 18 17 5
1721 21 21 5
1722 21 20 6
1723 14 14 4
1724 16 15 5
1725 15 14 6
1726 10 10 4
1727 22 21 5
1728 29 28 6
1729 18 18 4
1730 20 19 7
1731 17 16 4
1732 12 11 5
1733 19 18 4
1734 20 19 5
1735 13 13 5
1736 9 8 4
1737 12 11 5
1738 15 14 6
1739 12 11 5
1740 11 11 5
1741 19 19 7
1742 11 10 4
1743 12 11 5
1744 11 10 4
1745 6 5 4
1746 16 15 5
1747 15 14 4
1748 14 13 5
1749 19 18 6
1750 14 14 6
1751 14 14 6
1752 12 12 6
1753 10 10 4
1754 12 11 5
1755 15 15 5
1756 11 10 4
1757 6 5 4
1758 16 15 7
1759 15 14 6
1760 12 12 6
1761 18 17 5
1762 25 24 4
1763 20 19 5
1764 11 11 5
1765 13 12 6
1766 8 8 4
1767 12 11 5
1768 15 15 5
1769 15 14 4
1770 16 15 5
1771 19 18 6
1772 12 11 5
1773 13 12 4
1774 18 17 5
1775 15 14 4
1776 18 17 5
1777 15 15 5
1778 11 11 5
1779 23 22 6
1780 12 12 6
1781 22 22 4
1782 20 19 5
1783 15 15 5
1784 17 16 6
1785 10 10 4
1786 6 5 4
1787 12 11 5
1788 13 12 4
1789 10 9 5
1790 15 14 6
1791 8 8 4
1792 12 11 7
1793 7 6 5
1794 13 13 5
1795 13 12 4
1796 16 15 7
1797 13 12 4
1798 16 15 5
1799 11 10 4
1800 16 15 5
1801 29 29 7
1802 9 8 4
1803 16 15 5
1804 13 12 6
1805 8 8 4
1806 12 11 5
1807 11 10 4
1808 14 13 5
1809 21 20 4
1810 18 17 5
1811 15 15 5
1812 13 13 5
1813 27 26 6
1814 22 22 4
1815 24 23 5
1816 17 17 5
1817 7 6 5
1818 17 16 4
1819 14 13 5
1820 17 16 6
1821 20 20 6
1822 22 22 4
1823 22 21 5
1824 13 12 4
1825 12 11 5
1826 15 14 4
1827 12 11 5
1828 21 21 5
1829 13 13 5
1830 11 10 4
1831 12 11 5
1832 11 10 4
1833 18 17 7
1834 13 13 5
1835 21 20 4
1836 16 15 5
1837 23 22 4
1838 16 15 5
1839 13 13 5
1840 19 19 7
1841 21 20 6
1842 22 22 4
1843 26 25 5
1844 33 32 6
1845 38 38 6
1846 12 12 4
1847 20 19 5
1848 35 34 8
1849 24 24 4
1850 30 29 5
1851 29 28 4
1852 18 17 5
1853 23 22 6
1854 28 28 6
1855 32 31 7
1856 19 18 6
1857 24 23 5
1858 21 20 4
1859 32 31 5
1860 25 25 5
1861 33 33 7
1862 39 38 8
1863 28 28 8
1864 24 24 6
1865 22 22 6
1866 28 28 4
1867 34 33 7
1868 31 30 10
1869 22 22 6
1870 36 36 8
1871 28 28 4
1872 32 31 9
1873 39 38 8
1874 26 26 8
1875 44 43 7
1876 23 23 5
1877 31 31 7
1878 25 24 6
1879 28 27 5
1880 31 30 6
1881 34 33 7
1882 29 29 7
1883 41 40 8
1884 28 27 9
1885 47 46 8
1886 24 23 5
1887 49 49 11
1888 27 27 7
1889 25 25 5
1890 21 21 5
1891 35 34 6
1892 24 24 4
1893 32 31 5
1894 37 36 8
1895 18 17 5
1896 11 11 5
1897 45 44 6
1898 54 53 7
1899 23 22 6
1900 22 22 6
1901 28 28 6
1902 30 30 8
1903 28 28 4
1904 28 27 5
1905 37 36 6
1906 32 32 6
1907 24 24 6
1908 38 38 8
1909 24 23 5
1910 25 25 5
1911 39 39 9
1912 41 40 6
1913 44 43 9
1914 37 36 8
1915 34 34 8
1916 22 22 4
1917 18 17 5
1918 49 49 9
1919 29 28 6
1920 42 41 7
1921 27 26 6
1922 40 39 9
1923 33 32 8
1924 28 28 4
1925 28 27 5
1926 27 26 8
1927 40 39 9
1928 45 44 6
1929 26 25 5
1930 25 24 6
1931 20 19 5
1932 29 28 8
1933 32 31 5
1934 23 23 5
1935 29 29 5
1936 37 36 8
1937 30 29 9
1938 37 36 6
1939 44 43 9
1940 29 28 6
1941 16 16 4
1942 26 25 5
1943 21 21 5
1944 25 25 9
1945 27 26 6
1946 28 28 6
1947 32 31 5
1948 21 21 5
1949 21 20 4
1950 26 25 5
1951 27 26 6
1952 16 16 4
1953 20 19 5
1954 19 18 4
1955 20 19 5
1956 23 22 4
1957 20 19 5
1958 21 20 6
1959 28 28 6
1960 26 25 5
1961 19 18 6
1962 20 20 4
1963 30 29 9
1964 25 24 6
1965 20 20 4
1966 20 19 5
1967 19 18 4
1968 20 19 5
1969 23 22 6
1970 24 23 7
1971 17 17 5
1972 23 22 4
1973 30 29 5
1974 21 21 5
1975 23 22 4
1976 12 11 5
1977 19 18 4
1978 20 19 5
1979 31 31 7
1980 19 19 5
1981 15 14 4
1982 14 13 5
1983 13 12 4
1984 16 15 5
1985 9 8 4
1986 18 17 5
1987 19 18 4
1988 14 13 5
1989 21 21 5
1990 19 18 6
1991 12 12 4
1992 12 11 5
1993 19 18 4
1994 16 15 5
1995 21 20 4
1996 14 13 5
1997 17 16 4
1998 6 5 4
1999 20 19 5
2000 13 13 5
2001 11 10 4
2002 14 13 5
2003 17 16 6
2004 24 24 8
2005 8 8 4
2006 20 19 5
2007 17 16 4
2008 8 7 6
2009 14 14 4
2010 14 13 5
2011 19 18 4
2012 16 15 5
2013 15 14 6
2014 22 21 5
2015 25 24 4
2016 22 21 7
2017 17 16 4
2018 10 9 5
2019 15 14 4
2020 22 21 7
2021 19 19 5
2022 17 16 4
2023 14 13 5
2024 13 12 4
2025 14 13 5
2026 19 18 4
2027 14 13 5
2028 15 14 4
2029 16 15 7
2030 7 6 5
2031 7 6 5
2032 9 8 4
2033 16 15 5
2034 17 17 7
2035 17 17 5
2036 23 22 6
2037 12 12 4
2038 12 11 5
2039 15 14 6
2040 12 11 5
2041 11 10 4
2042 10 9 5
2043 17 16 6
2044 16 15 5
2045 13 12 4
2046 30 29 9
2047 11 10 4
2048 10 9 5
2049 9 8 4
2050 12 11 5
2051 11 10 4
2052 8 7 6
2053 6 6 6
2054 11 10 6
2055 14 14 6
2056 14 14 4
2057 24 23 5
2058 25 25 5
2059 23 22 6
2060 16 16 4
2061 14 13 5
2062 19 18 6
2063 18 17 5
2064 13 12 4
2065 12 11 5
2066 13 12 4
2067 14 13 5
2068 13 13 5
2069 11 10 4
2070 22 21 5
2071 23 23 7
2072 19 18 4
2073 24 23 5
2074 15 14 4
2075 10 9 5
2076 9 8 4
2077 14 13 5
2078 25 24 8
2079 10 10 4
2080 16 15 5
2081 11 11 7
2082 23 22 4
2083 26 25 5
2084 11 10 4
2085 6 5 4
2086 16 15 9
2087 13 12 4
2088 12 11 5
2089 11 10 4
2090 14 13 5
2091 11 10 4
2092 6 5 4
2093 18 17 5
2094 9 9 5
2095 9 8 4
2096 10 9 5
2097 7 6 5
2098 25 24 8
2099 18 18 4
2100 20 19 5
2101 7 6 5
2102 15 14 8
2103 14 14 4
2104 12 11 5
2105 7 6 5
2106 13 12 6
2107 16 15 5
2108 19 18 6
2109 10 10 4
2110 12 11 5
2111 11 10 6
2112 22 22 4
2113 20 19 5
2114 15 14 4
2115 12 11 5
2116 9 9 5
2117 13 13 5
2118 17 16 4
2119 16 15 5
2120 37 37 5
2121 27 26 6
2122 24 24 4
2123 20 19 5
2124 29 28 4
2125 22 21 5
2126 25 24 6
2127 22 21 5
2128 23 23 5
2129 21 20 4
2130 24 23 5
2131 19 18 4
2132 24 23 5
2133 27 26 6
2134 24 23 5
2135 29 28 4
2136 24 23 5
2137 31 31 5
2138 29 29 5
2139 49 49 9
2140 25 25 5
2141 25 25 5
2142 15 15 5
2143 21 20 6
2144 20 19 5
2145 21 20 6
2146 38 38 6
2147 26 26 4
2148 26 25 7
2149 19 18 4
2150 28 27 7
2151 21 21 5
2152 29 28 6
2153 20 20 6
2154 22 22 4
2155 20 19 5
2156 35 34 4
2157 20 19 7
2158 29 28 6
2159 18 18 6
2160 32 32 6
2161 18 17 5
2162 27 26 4
2163 24 23 7
2164 13 13 5
2165 19 18 6
2166 28 27 7
2167 25 24 8
2168 18 18 6
2169 22 21 5
2170 27 26 6
2171 26 26 6
2172 20 20 6
2173 26 26 6
2174 16 16 6
2175 26 25 5
2176 23 22 4
2177 30 29 7
2178 21 20 6
2179 30 30 8
2180 12 12 4
2181 32 31 7
2182 23 22 4
2183 24 23 5
2184 15 15 5
2185 11 10 4
2186 28 27 7
2187 19 19 5
2188 23 23 5
2189 21 20 4
2190 16 15 5
2191 17 17 5
2192 19 19 5
2193 31 30 4
2194 20 19 5
2195 29 29 5
2196 15 15 5
2197 21 20 6
2198 16 16 4
2199 16 15 5
2200 15 14 4
2201 24 23 5
2202 25 24 8
2203 6 5 4
2204 22 21 5
2205 15 14 4
2206 16 15 5
2207 19 18 4
2208 22 21 5
2209 13 12 6
2210 22 21 5
2211 15 14 4
2212 16 15 5
2213 21 20 6
2214 22 22 4
2215 14 13 5
2216 17 16 4
2217 38 37 7
2218 13 12 4
2219 20 19 5
2220 11 11 5
2221 21 20 4
2222 22 21 5
2223 17 17 5
2224 15 14 4
2225 14 13 5
2226 15 15 5
2227 19 18 4
2228 20 19 5
2229 23 23 5
2230 21 20 6
2231 12 11 5
2232 29 28 8
2233 12 12 4
2234 22 21 5
2235 13 12 4
2236 26 25 5
2237 25 24 6
2238 14 14 4
2239 10 9 5
2240 25 24 6
2241 10 10 4
2242 14 13 5
2243 19 18 4
2244 16 15 5
2245 11 10 4
2246 10 9 5
2247 19 18 6
2248 6 6 6
2249 13 12 6
2250 18 17 5
2251 11 10 4
2252 18 17 5
2253 13 13 5
2254 17 17 7
2255 13 12 4
2256 24 23 5
2257 13 12 4
2258 12 11 5
2259 15 14 4
2260 14 13 5
2261 15 14 6
2262 14 14 6
2263 16 16 6
2264 10 10 4
2265 12 11 5
2266 11 11 5
2267 13 12 6
2268 12 12 6
2269 18 18 6
2270 16 16 6
2271 6 6 6
2272 11 10 4
2273 6 5 4
2274 22 21 7
2275 9 8 4
2276 18 17 5
2277 13 12 4
2278 16 15 7
2279 13 13 5
2280 7 6 5
2281 15 15 5
2282 11 10 4
2283 10 9 5
2284 11 10 4
2285 20 19 7
2286 17 17 7
2287 15 14 6
2288 10 10 4
2289 10 9 5
2290 9 8 4
2291 12 11 5
2292 11 10 4
2293 6 5 4
2294 22 21 5
2295 19 19 7
2296 19 18 4
2297 10 9 5
2298 11 10 4
2299 6 5 4
2300 6 5 4
2301 10 9 5
2302 13 12 8
2303 12 12 4
2304 12 11 5
2305 19 18 6
2306 16 16 4
2307 18 17 7
2308 19 18 6
2309 20 20 4
2310 14 13 5
2311 9 8 4
2312 10 9 5
2313 15 14 4
2314 18 17 5
2315 11 11 5
2316 11 10 6
2317 8 8 4
2318 12 11 5
2319 13 12 4
2320 18 17 7
2321 13 13 5
2322 7 6 5
2323 17 16 4
2324 18 17 5
2325 7 6 5
2326 13 12 6
2327 6 5 4
2328 10 9 5
2329 9 8 4
2330 10 9 5
2331 13 12 6
2332 14 14 4
2333 16 15 5
2334 5 5 5
2335 10 9 5
2336 21 20 6
2337 12 12 4
2338 14 13 7
2339 11 10 4
2340 10 9 5
2341 11 11 5
2342 9 9 5
2343 15 14 6
2344 10 10 4
2345 14 13 5
2346 9 8 4
2347 6 5 4
2348 14 13 5
2349 13 12 4
2350 16 15 7
2351 15 14 6
2352 10 10 6
2353 8 8 4
2354 14 13 7
2355 9 8 4
2356 6 5 4
2357 16 15 7
2358 7 6 5
2359 11 10 4
2360 14 13 5
2361 15 14 4
2362 10 9 5
2363 7 6 5
2364 15 14 6
2365 8 8 4
2366 8 7 6
2367 10 10 4
2368 6 5 4
2369 16 15 7
2370 17 16 6
2371 14 13 5
2372 11 11 5
2373 15 14 6
2374 6 6 6
2375 7 6 5
2376 11 10 6
2377 16 15 7
2378 9 8 4
2379 10 9 5
2380 11 10 4
2381 10 9 5
2382 13 12 4
2383 12 11 5
2384 9 8 4
2385 14 13 5
2386 17 16 8
2387 8 8 4
2388 14 13 5
2389 7 6 5
2390 9 8 4
2391 12 11 5
2392 13 13 5
2393 15 15 5
2394 11 10 4
2395 14 13 5
2396 13 12 6
2397 6 6 6
2398 11 10 4
2399 12 11 5
2400 15 15 5
2401 11 10 6
2402 18 17 5
2403 15 15 5
2404 13 13 5
2405 13 12 4
2406 10 9 5
2407 11 11 5
2408 13 12 4
2409 14 13 5
2410 13 12 6
2411 16 16 6
2412 12 12 6
2413 18 18 4
2414 16 15 5
2415 11 11 5
2416 9 8 4
2417 14 13 7
2418 13 13 5
2419 21 20 4
2420 22 21 5
2421 13 13 5
2422 15 14 4
2423 30 29 5
2424 37 36 6
2425 30 29 5
2426 23 22 4
2427 24 23 5
2428 15 14 6
2429 20 20 6
2430 32 31 5
2431 15 15 5
2432 15 14 4
2433 20 19 9
2434 19 18 6
2435 32 32 6
2436 24 24 6
2437 36 36 6
2438 24 24 6
2439 24 24 6
2440 38 37 9
2441 33 32 4
2442 22 21 5
2443 25 24 6
2444 26 26 6
2445 36 35 7
2446 25 24 6
2447 24 24 4
2448 22 21 5
2449 37 37 7
2450 25 25 5
2451 25 24 6
2452 52 52 6
2453 34 34 6
2454 30 29 5
2455 29 28 6
2456 46 46 8
2457 36 35 7
2458 21 21 7
2459 37 36 8
2460 36 36 6
2461 36 35 5
2462 33 33 5
2463 31 31 7
2464 27 27 5
2465 25 25 5
2466 23 22 4
2467 26 25 5
2468 25 25 5
2469 31 30 6
2470 36 36 8
2471 18 18 6
2472 30 30 4
2473 20 19 7
2474 19 19 5
2475 19 18 4
2476 20 19 5
2477 25 25 5
2478 15 14 4
2479 34 33 9
2480 17 16 4
2481 20 19 5
2482 15 15 5
2483 21 20 6
2484 22 22 4
2485 30 29 5
2486 21 20 4
2487 24 23 5
2488 35 34 6
2489 16 15 5
2490 17 16 4
2491 26 25 7
2492 15 15 5
2493 17 16 4
2494 22 21 5
2495 21 20 4
2496 14 13 5
2497 15 14 4
2498 28 27 7
2499 15 14 6
2500 16 15 5
2501 17 16 4
2502 22 21 5
2503 13 12 4
2504 10 9 5
2505 11 10 6
2506 10 10 4
2507 18 17 5
2508 21 20 6
2509 22 21 5
2510 23 22 4
2511 22 21 5
2512 17 17 5
2513 15 14 4
2514 20 19 5
2515 15 15 5
2516 17 17 7
2517 17 16 4
2518 22 21 5
2519 13 12 4
2520 16 15 5
2521 11 10 4
2522 20 19 5
2523 9 8 4
2524 16 15 5
2525 11 10 4
2526 24 23 7
2527 11 11 5
2528 13 12 4
2529 24 23 5
2530 15 14 6
2531 24 23 7
2532 15 14 4
2533 12 11 5
2534 11 10 4
2535 18 17 5
2536 11 10 4
2537 20 19 5
2538 13 13 5
2539 13 12 4
2540 18 17 7
2541 17 16 6
2542 14 14 4
2543 26 25 5
2544 17 17 5
2545 13 12 4
2546 10 9 5
2547 15 14 6
2548 16 16 4
2549 18 17 5
2550 13 13 5
2551 19 18 4
2552 12 11 5
2553 25 24 8
2554 10 10 4
2555 20 19 5
2556 21 20 4
2557 24 23 7
2558 19 18 4
2559 20 19 5
2560 17 17 5
2561 21 20 4
2562 20 19 5
2563 27 26 4
2564 28 27 7
2565 19 18 6
2566 10 10 4
2567 14 13 5
2568 15 15 5
2569 29 28 4
2570 22 21 5
2571 19 18 4
2572 16 15 5
2573 19 18 6
2574 22 22 4
2575 26 25 5
2576 11 10 4
2577 32 31 5
2578 17 17 5
2579 29 28 6
2580 22 22 4
2581 18 17 5
2582 17 17 5
2583 19 18 4
2584 18 17 5
2585 21 21 5
2586 17 16 4
2587 20 19 5
2588 21 20 4
2589 20 19 5
2590 21 20 6
2591 14 14 4
2592 16 15 5
2593 21 21 5
2594 11 11 5
2595 21 20 4
2596 16 15 5
2597 17 16 4
2598 20 19 5
2599 21 20 6
2600 22 21 5
2601 15 14 4
2602 14 13 5
2603 21 20 6
2604 10 9 5
2605 13 12 4
2606 12 11 5
2607 13 12 4
2608 18 17 5
2609 11 11 5
2610 25 24 6
2611 18 18 4
2612 16 15 7
2613 11 10 4
2614 14 13 5
2615 15 14 4
2616 16 15 5
2617 9 8 4
2618 20 19 5
2619 23 22 6
2620 16 15 5
2621 17 16 4
2622 16 15 5
2623 13 12 4
2624 16 15 7
2625 11 10 4
2626 14 13 5
2627 11 10 4
2628 6 5 4
2629 22 21 5
2630 15 14 4
2631 18 17 5
2632 11 10 4
2633 16 15 5
2634 17 16 6
2635 24 23 5
2636 11 11 5
2637 15 14 6
2638 8 8 4
2639 22 21 7
2640 9 8 4
2641 14 13 5
2642 13 12 4
2643 14 13 5
2644 19 18 6
2645 12 11 5
2646 11 10 4
2647 10 9 5
2648 23 22 6
2649 12 11 5
2650 15 14 4
2651 10 9 5
2652 19 18 4
2653 14 13 5
2654 13 13 5
2655 11 11 5
2656 17 17 5
2657 15 14 6
2658 8 8 4
2659 14 13 5
2660 11 10 4
2661 26 25 7
2662 9 9 5
2663 9 8 4
2664 12 11 5
2665 11 10 4
2666 12 11 5
2667 11 10 4
2668 16 15 5
2669 15 14 4
2670 14 13 5
2671 13 13 5
2672 7 6 5
2673 7 6 5
2674 15 14 6
2675 6 6 6
2676 15 14 6
2677 12 12 4
2678 12 11 5
2679 13 12 6
2680 24 24 6
2681 18 17 5
2682 17 17 5
2683 15 15 5
2684 5 5 5
2685 16 15 5
2686 5 5 5
2687 20 19 5
2688 13 13 5
2689 15 14 4
2690 10 9 5
2691 9 8 4
2692 18 17 5
2693 13 12 4
2694 12 11 5
2695 13 13 5
2696 21 21 5
2697 19 19 5
2698 13 13 5
2699 11 11 5
2700 19 18 4
2701 18 17 5
2702 19 19 5
2703 17 16 4
2704 30 29 7
2705 15 14 6
2706 26 25 5
2707 25 24 6
2708 24 24 4
2709 18 17 5
2710 29 28 8
2711 18 18 4
2712 20 19 5
2713 27 26 4
2714 26 25 5
2715 31 30 8
2716 24 24 4
2717 26 25 5
2718 29 29 7
2719 19 18 6
2720 16 16 4
2721 26 25 5
2722 21 20 6
2723 22 22 6
2724 26 25 9
2725 27 26 4
2726 22 21 5
2727 27 27 5
2728 31 30 6
2729 26 25 5
2730 31 30 6
2731 26 26 6
2732 22 22 6
2733 28 28 6
2734 42 42 8
2735 26 25 5
2736 41 40 6
2737 18 18 4
2738 30 29 7
2739 29 29 5
2740 21 20 6
2741 16 16 4
2742 18 17 5
2743 21 21 5
2744 19 18 4
2745 26 25 7
2746 27 27 7
2747 25 24 6
2748 20 20 6
2749 14 14 6
2750 22 22 6
2751 30 30 6
2752 14 13 5
2753 19 18 6
2754 18 17 5
2755 33 32 6
2756 24 24 6
2757 20 20 6
2758 26 26 6
2759 30 30 4
2760 28 27 7
2761 19 18 6
2762 16 16 4
2763 24 23 5
2764 27 27 5
2765 17 17 7
2766 35 35 7
2767 31 30 4
2768 24 23 5
2769 23 22 4
2770 36 35 7
2771 35 34 8
2772 26 25 7
2773 27 26 8
2774 26 26 6
2775 36 35 7
2776 15 14 4
2777 38 37 9
2778 19 18 4
2779 22 21 5
2780 19 18 6
2781 26 25 7
2782 25 25 7
2783 35 34 6
2784 22 22 4
2785 24 23 7
2786 17 16 4
2787 24 23 7
2788 27 26 6
2789 24 23 5
2790 15 15 5
2791 11 11 5
2792 33 33 7
2793 17 17 5
2794 27 26 4
2795 24 23 5
2796 31 31 7
2797 41 40 12
2798 20 20 6
2799 16 16 4
2800 14 13 5
2801 17 16 6
2802 12 12 4
2803 12 11 5
2804 13 12 4
2805 28 27 7
2806 35 34 6
2807 18 17 5
2808 33 33 5
2809 23 23 5
2810 11 10 4
2811 34 33 7
2812 9 8 4
2813 26 25 5
2814 19 18 6
2815 20 19 5
2816 27 26 6
2817 8 8 4
2818 20 19 5
2819 15 14 4
2820 30 29 7
2821 13 12 4
2822 26 25 5
2823 9 8 4
2824 18 17 5
2825 17 17 5
2826 15 14 4
2827 18 17 5
2828 9 9 5
2829 9 8 4
2830 12 11 5
2831 17 16 6
2832 12 11 5
2833 11 11 5
2834 11 11 5
2835 13 12 4
2836 16 15 5
2837 9 8 4
2838 12 11 5
2839 15 15 5
2840 13 12 4
2841 18 17 5
2842 29 29 5
2843 19 18 6
2844 18 18 4
2845 14 13 5
2846 23 22 6
2847 12 12 4
2848 18 17 5
2849 11 10 4
2850 12 11 5
2851 11 10 4
2852 20 19 5
2853 31 31 7
2854 21 21 5
2855 23 22 8
2856 12 12 4
2857 14 13 5
2858 11 10 4
2859 16 15 5
2860 11 10 4
2861 12 11 5
2862 13 12 4
2863 14 13 5
2864 13 12 6
2865 12 12 6
2866 18 17 5
2867 17 16 6
2868 6 6 6
2869 25 24 6
2870 14 14 6
2871 20 20 6
2872 14 14 4
2873 10 9 5
2874 13 12 4
2875 18 17 5
2876 13 13 5
2877 9 9 5
2878 5 5 5
2879 18 17 5
2880 25 25 7
2881 9 8 4
2882 10 9 5
2883 7 6 5
2884 9 8 4
2885 20 19 5
2886 15 14 4
2887 16 15 5
2888 15 14 4
2889 32 31 7
2890 17 16 4
2891 22 21 5
2892 9 9 5
2893 17 16 6
2894 20 19 5
2895 15 14 4
2896 10 9 5
2897 17 16 8
2898 16 16 4
2899 18 17 5
2900 15 14 6
2901 16 16 4
2902 12 11 5
2903 19 18 6
2904 12 12 4
2905 18 17 5
2906 13 12 4
2907 12 11 5
2908 11 10 4
2909 18 17 5
2910 15 15 5
2911 23 23 7
2912 19 18 6
2913 14 14 4
2914 22 21 5
2915 13 13 5
2916 23 22 4
2917 16 15 5
2918 13 12 4
2919 18 17 5
2920 9 9 5
2921 13 12 6
2922 14 14 4
2923 12 11 5
2924 15 14 4
2925 22 21 5
2926 19 18 4
2927 20 19 7
2928 17 16 4
2929 10 9 5
2930 11 10 4
2931 14 13 7
2932 19 18 4
2933 18 17 5
2934 15 14 6
2935 12 11 5
2936 17 16 4
2937 14 13 5
2938 17 16 4
2939 16 15 5
2940 9 9 5
2941 15 14 6
2942 8 8 4
2943 16 15 5
2944 15 14 4
2945 20 19 7
2946 15 14 4
2947 14 13 5
2948 13 12 4
2949 12 11 5
2950 19 18 6
2951 30 30 6
2952 14 14 4
2953 20 19 5
2954 23 22 6
2955 14 14 4
2956 16 15 5
2957 19 19 5
2958 15 14 6
2959 24 23 5
2960 23 22 6
2961 14 14 4
2962 22 21 5
2963 25 24 6
2964 12 12 6
2965 24 24 6
2966 26 25 9
2967 27 26 6
2968 18 18 6
2969 22 22 6
2970 30 29 7
2971 27 26 6
2972 26 26 6
2973 18 17 5
2974 19 18 4
2975 22 21 5
2976 17 17 5
2977 15 14 4
2978 26 25 5
2979 19 19 5
2980 19 18 6
2981 14 14 6
2982 16 16 4
2983 14 13 5
2984 13 12 4
2985 20 19 5
2986 19 19 5
2987 21 20 6
2988 14 14 4
2989 18 17 5
2990 21 21 5
2991 19 19 5
2992 17 16 6
2993 22 22 6
2994 22 21 5
2995 29 29 5
2996 27 26 6
2997 24 23 5
2998 37 36 8
2999 22 22 6
3000 26 26 4
3001 14 13 5
3002 21 20 8
3003 24 24 4
3004 28 27 7
3005 25 24 4
3006 26 25 5
3007 25 24 4
3008 20 19 5
3009 19 19 5
3010 23 23 5
3011 13 13 5
3012 19 18 6
3013 24 24 4
3014 26 25 5
3015 15 15 5
3016 27 26 8
3017 12 11 5
3018 17 16 4
3019 34 33 5
3020 13 12 4
3021 20 19 5
3022 27 27 7
3023 19 18 6
3024 22 22 8
3025 18 17 5
3026 19 18 6
3027 22 21 5
3028 23 22 4
3029 26 25 5
3030 23 23 7
3031 23 23 5
3032 21 20 4
3033 30 29 7
3034 27 26 8
3035 16 16 4
3036 24 23 5
3037 21 20 6
3038 28 28 6
3039 26 26 4
3040 28 27 7
3041 27 27 7
3042 33 32 6
3043 26 25 5
3044 33 32 8
3045 24 23 5
3046 25 25 5
3047 23 23 7
3048 23 22 6
3049 14 14 6
3050 28 28 6
3051 26 25 5
3052 17 17 5
3053 13 13 5
3054 17 16 6
3055 14 14 4
3056 18 17 5
3057 23 22 4
3058 20 19 5
3059 21 20 6
3060 20 20 6
3061 14 13 5
3062 19 19 5
3063 21 20 6
3064 18 18 4
3065 14 13 5
3066 23 23 5
3067 15 14 6
3068 16 16 6
3069 18 18 4
3070 20 19 5
3071 25 24 6
3072 12 12 6
3073 14 14 4
3074 14 13 5
3075 23 23 5
3076 19 19 5
3077 19 19 5
3078 21 20 4
3079 18 17 5
3080 17 17 5
3081 19 18 4
3082 12 11 5
3083 21 21 5
3084 15 14 4
3085 14 13 5
3086 15 15 5
3087 13 13 5
3088 17 16 4
3089 28 27 5
3090 11 11 5
3091 15 14 6
3092 14 14 4
3093 12 11 5
3094 13 12 4
3095 18 17 7
3096 11 11 5
3097 15 14 4
3098 12 11 5
3099 13 12 4
3100 28 27 7
3101 13 12 4
3102 20 19 5
3103 19 18 4
3104 22 21 5
3105 11 10 4
3106 34 33 7
3107 19 18 6
3108 26 26 6
3109 20 20 6
3110 24 23 5
3111 15 14 4
3112 22 21 5
3113 27 27 5
3114 31 31 5
3115 23 23 7
3116 25 24 6
3117 30 30 8
3118 28 28 6
3119 42 41 9
3120 25 24 6
3121 18 18 6
3122 32 32 6
3123 28 27 5
3124 25 24 6
3125 30 30 6
3126 34 34 6
3127 32 31 5
3128 39 38 6
3129 24 24 4
3130 26 25 5
3131 33 32 8
3132 28 28 6
3133 10 10 4
3134 26 25 5
3135 27 26 8
3136 22 21 5
3137 25 24 6
3138 20 19 5
3139 19 18 4
3140 20 19 5
3141 25 24 8
3142 10 10 4
3143 18 17 5
3144 19 18 6
3145 14 14 4
3146 14 13 5
3147 15 14 4
3148 16 15 5
3149 11 11 5
3150 13 13 5
3151 13 12 4
3152 16 15 7
3153 11 10 4
3154 10 9 5
3155 9 9 5
3156 11 10 4
3157 14 13 5
3158 13 13 5
3159 11 11 5
3160 23 22 8
3161 12 12 4
3162 12 11 5
3163 15 14 6
3164 8 8 4
3165 10 9 5
3166 17 17 7
3167 19 19 5
3168 17 16 6
3169 12 11 5
3170 11 10 4
3171 10 9 5
3172 11 10 6
3173 14 14 6
3174 24 24 6
3175 20 19 5
3176 19 18 4
3177 10 9 5
3178 9 8 4
3179 14 13 7
3180 9 8 4
3181 16 15 5
3182 13 12 6
3183 12 12 6
3184 8 8 4
3185 10 9 5
3186 7 6 5
3187 15 15 7
3188 15 14 6
3189 14 14 6
3190 10 10 4
3191 18 17 7
3192 17 16 6
3193 10 9 5
3194 9 8 4
3195 16 15 5
3196 13 12 4
3197 6 5 4
3198 10 9 5
3199 11 10 6
3200 12 11 5
3201 13 12 6
3202 16 16 6
3203 14 13 5
3204 23 22 6
3205 14 13 5
3206 15 15 7
3207 7 6 5
3208 13 12 4
3209 12 11 5
3210 9 8 4
3211 12 11 5
3212 11 10 4
3213 6 5 4
3214 20 19 5
3215 23 23 5
3216 19 19 5
3217 21 20 6
3218 10 10 4
3219 16 15 5
3220 19 18 4
3221 18 17 7
3222 15 14 6
3223 8 8 4
3224 20 19 5
3225 7 6 5
3226 11 10 4
3227 10 9 5
3228 13 12 4
3229 20 19 5
3230 13 12 6
3231 10 10 4
3232 6 5 4
3233 12 11 5
3234 17 17 5
3235 19 18 6
3236 22 21 5
3237 17 16 6
3238 18 17 5
3239 15 14 6
3240 12 12 4
3241 14 13 5
3242 13 13 5
3243 11 10 4
3244 14 13 5
3245 13 12 4
3246 12 11 5
3247 17 16 6
3248 10 10 6
3249 10 10 4
3250 12 11 5
3251 17 16 4
3252 18 17 7
3253 17 17 5
3254 17 16 6
3255 14 14 4
3256 16 15 7
3257 9 9 5
3258 7 6 5
3259 9 8 4
3260 16 15 5
3261 17 16 6
3262 8 8 4
3263 18 17 5
3264 11 10 4
3265 20 19 7
3266 17 17 5
3267 7 6 5
3268 9 9 5
3269 15 14 8
3270 10 10 4
3271 10 9 5
3272 13 12 4
3273 14 13 5
3274 13 13 5
3275 21 20 4
3276 14 13 5
3277 19 18 4
3278 14 13 5
3279 21 20 6
3280 24 24 6
3281 22 22 4
3282 30 29 7
3283 19 18 4
3284 24 23 5
3285 19 18 4
3286 18 17 5
3287 15 14 6
3288 20 19 7
3289 17 16 4
3290 14 13 5
3291 15 14 4
3292 30 29 5
3293 15 14 4
3294 14 13 5
3295 15 14 6
3296 10 9 5
3297 23 22 6
3298 12 12 4
3299 28 27 5
3300 15 15 5
3301 19 18 4
3302 20 19 5
3303 19 19 5
3304 23 23 7
3305 15 14 4
3306 16 15 5
3307 23 22 6
3308 22 21 5
3309 21 21 5
3310 23 23 5
3311 17 16 6
3312 14 14 4
3313 28 27 5
3314 13 12 4
3315 20 19 7
3316 19 18 4
3317 18 17 5
3318 11 10 4
3319 12 11 5
3320 15 14 4
3321 22 21 7
3322 9 8 4
3323 16 15 5
3324 11 11 5
3325 15 14 4
3326 18 17 5
3327 11 10 4
3328 24 23 7
3329 15 14 6
3330 14 14 4
3331 14 13 5
3332 19 18 6
3333 14 14 4
3334 12 11 5
3335 23 22 6
3336 14 14 6
3337 16 16 6
3338 18 18 4
3339 16 15 5
3340 7 6 5
3341 9 8 4
3342 14 13 5
3343 9 8 4
3344 22 21 7
3345 15 15 5
3346 21 20 6
3347 10 10 4
3348 12 11 5
3349 17 16 8
3350 6 6 6
3351 17 16 6
3352 10 10 4
3353 22 21 7
3354 13 12 6
3355 8 8 4
3356 16 15 5
3357 17 17 5
3358 13 12 6
3359 14 14 6
3360 22 21 5
3361 11 10 4
3362 18 17 5
3363 15 15 5
3364 15 15 5
3365 15 14 4
3366 14 13 5
3367 15 14 4
3368 14 13 5
3369 11 10 4
3370 20 19 7
3371 13 12 4
3372 26 25 5
3373 13 12 4
3374 16 15 5
3375 21 20 6
3376 16 16 4
3377 14 13 5
3378 13 12 6
3379 22 22 6
3380 16 15 5
3381 19 18 6
3382 16 16 6
3383 16 16 6
3384 14 14 6
3385 6 5 4
3386 16 15 5
3387 13 12 4
3388 10 9 5
3389 17 17 5
3390 15 14 4
3391 14 13 5
3392 17 16 4
3393 12 11 5
3394 9 9 5
3395 9 9 5
3396 13 12 6
3397 12 12 4
3398 16 15 5
3399 11 11 5
3400 13 12 4
3401 16 15 5
3402 17 17 5
3403 17 16 6
3404 24 24 6
3405 10 9 5
3406 15 14 6
3407 10 10 4
3408 14 13 5
3409 13 12 4
3410 24 23 5
3411 9 9 5
3412 11 10 4
3413 12 11 5
3414 13 12 6
3415 10 9 5
3416 15 14 6
3417 12 12 4
3418 18 17 7
3419 13 12 4
3420 10 9 5
3421 13 12 4
3422 22 21 5
3423 15 14 6
3424 18 17 5
3425 11 10 4
3426 16 15 5
3427 19 18 6
3428 16 16 6
3429 16 16 4
3430 18 17 5
3431 9 8 4
3432 12 11 5
3433 29 28 4
3434 12 11 5
3435 13 12 6
3436 18 18 6
3437 14 14 4
3438 12 11 5
3439 9 8 4
3440 16 15 5
3441 17 16 6
3442 14 14 4
3443 18 17 5
3444 13 13 5
3445 17 16 4
3446 20 19 7
3447 13 13 5
3448 13 12 6
3449 10 10 4
3450 18 17 5
3451 13 12 6
3452 12 12 4
3453 16 15 7
3454 15 15 5
3455 15 14 6
3456 8 8 4
3457 14 13 5
3458 15 14 4
3459 10 9 5
3460 9 8 4
3461 12 11 5
3462 5 5 5
3463 12 11 5
3464 19 18 6
3465 14 14 6
3466 6 6 6
3467 21 20 6
3468 6 6 6
3469 23 22 6
3470 18 18 6
3471 6 6 6
3472 11 10 4
3473 12 11 5
3474 15 14 6
3475 12 12 6
3476 14 14 4
3477 18 17 5
3478 11 11 5
3479 11 10 4
3480 10 9 5
3481 21 21 5
3482 27 27 5
3483 19 18 4
3484 20 19 5
3485 13 12 4
3486 14 13 5
3487 21 20 6
3488 12 12 4
3489 18 17 5
3490 15 14 6
3491 18 18 6
3492 26 26 6
3493 8 8 4
3494 12 11 5
3495 17 16 6
3496 8 8 4
3497 12 11 5
3498 15 15 5
3499 27 26 6
3500 36 36 6
3501 10 10 4
3502 14 13 5
3503 23 22 4
3504 20 19 5
3505 21 20 6
3506 18 18 6
3507 14 13 5
3508 21 20 6
3509 18 18 6
3510 18 18 4
3511 14 13 5
3512 13 12 4
3513 6 5 4
3514 16 15 5
3515 19 18 4
3516 24 23 7
3517 23 23 5
3518 19 18 4
3519 14 13 5
3520 15 14 4
3521 12 11 5
3522 23 22 6
3523 24 23 5
3524 27 26 6
3525 22 21 5
3526 27 27 5
3527 27 26 6
3528 16 16 6
3529 14 14 4
3530 16 15 5
3531 27 27 5
3532 49 48 8
3533 22 21 5
3534 21 20 6
3535 20 20 4
3536 18 17 5
3537 11 10 4
3538 22 21 5
3539 17 16 4
3540 22 21 5
3541 19 18 6
3542 28 27 7
3543 27 26 4
3544 26 25 5
3545 23 22 4
3546 14 13 5
3547 23 22 6
3548 14 13 5
3549 19 19 5
3550 19 18 6
3551 20 20 6
3552 18 18 6
3553 34 34 6
3554 16 15 5
3555 19 18 4
3556 24 23 5
3557 25 24 6
3558 22 21 5
3559 29 29 5
3560 33 33 7
3561 33 32 6
3562 22 22 6
3563 36 36 8
3564 26 25 5
3565 37 37 5
3566 31 31 9
3567 19 18 6
3568 42 41 5
3569 49 49 9
3570 43 42 8
3571 22 21 5
3572 29 29 9
3573 35 34 10
3574 28 27 5
3575 31 30 4
3576 28 27 5
3577 25 25 5
3578 33 32 6
3579 20 19 5
3580 43 43 9
3581 37 36 8
3582 20 20 6
3583 20 20 4
3584 28 27 5
3585 23 23 5
3586 27 26 4
3587 22 21 5
3588 21 20 6
3589 22 21 5
3590 21 20 4
3591 22 21 5
3592 13 13 5
3593 27 26 6
3594 18 17 5
3595 15 15 5
3596 19 18 4
3597 24 23 5
3598 17 17 5
3599 15 14 6
3600 24 24 6
3601 18 18 4
3602 20 19 5
3603 15 14 4
3604 12 11 5
3605 11 10 4
3606 28 27 7
3607 13 12 4
3608 14 13 5
3609 19 18 4
3610 24 23 7
3611 17 16 4
3612 14 13 5
3613 15 14 4
3614 18 17 7
3615 15 14 4
3616 14 13 5
3617 11 10 6
3618 12 12 4
3619 10 9 5
3620 9 8 4
3621 18 17 5
3622 19 18 6
3623 12 11 5
3624 11 10 4
3625 14 13 5
3626 15 14 6
3627 12 12 6
3628 16 16 6
3629 10 10 4
3630 14 13 5
3631 15 14 6
3632 18 18 4
3633 14 13 5
3634 23 22 6
3635 16 15 5
3636 17 16 4
3637 16 15 5
3638 11 10 4
3639 12 11 5
3640 23 22 8
3641 8 8 4
3642 14 13 5
3643 17 16 4
3644 20 19 5
3645 11 10 4
3646 20 19 5
3647 7 6 5
3648 9 8 4
3649 18 17 5
3650 21 21 5
3651 9 9 5
3652 27 26 6
3653 24 24 6
3654 24 23 5
3655 37 36 6
3656 36 35 5
3657 29 29 5
3658 19 19 5
3659 17 16 4
3660 20 19 5
3661 25 24 6
3662 24 23 5
3663 19 18 4
3664 24 23 5
3665 11 10 4
3666 20 19 5
3667 37 36 8
3668 24 24 8
3669 14 14 4
3670 26 25 5
3671 31 30 6
3672 16 16 4
3673 14 13 5
3674 23 23 7
3675 19 18 4
3676 34 33 5
3677 19 19 5
3678 27 27 5
3679 27 27 5
3680 13 13 5
3681 21 20 4
3682 12 11 5
3683 19 18 6
3684 10 10 6
3685 18 18 4
3686 14 13 5
3687 17 16 6
3688 26 26 6
3689 20 20 6
3690 14 13 5
3691 23 22 4
3692 24 23 7
3693 21 20 4
3694 10 9 5
3695 17 16 6
3696 16 16 6
3697 22 22 4
3698 18 17 5
3699 23 22 8
3700 12 12 4
3701 22 21 5
3702 13 12 4
3703 22 21 5
3704 21 21 5
3705 13 12 4
3706 12 11 5
3707 17 16 6
3708 16 15 5
3709 25 24 6
3710 22 21 7
3711 11 10 4
3712 18 17 5
3713 21 20 6
3714 14 14 6
3715 8 8 4
3716 14 13 5
3717 13 12 6
3718 14 14 4
3719 18 17 5
3720 11 11 5
3721 17 16 4
3722 10 9 5
3723 15 14 4
3724 18 17 7
3725 17 16 4
3726 16 15 5
3727 5 5 5
3728 20 19 5
3729 25 25 5
3730 7 6 5
3731 17 17 5
3732 13 12 4
3733 22 21 5
3734 11 11 5
3735 13 12 6
3736 8 8 4
3737 12 11 5
3738 15 14 8
3739 8 8 4
3740 14 13 7
3741 13 12 4
3742 10 9 5
3743 9 8 4
3744 14 13 5
3745 17 16 6
3746 20 20 6
3747 10 9 5
3748 11 10 4
3749 12 11 5
3750 9 8 4
3751 14 13 5
3752 11 10 4
3753 10 9 5
3754 9 9 5
3755 9 9 5
3756 15 14 4
3757 12 11 5
3758 13 13 5
3759 11 10 4
3760 10 9 5
3761 15 15 5
3762 11 10 4
3763 22 21 9
3764 17 16 6
3765 14 14 6
3766 14 14 4
3767 12 11 5
3768 9 9 5
3769 17 17 7
3770 7 6 5
3771 13 12 4
3772 16 15 7
3773 7 6 5
3774 13 12 6
3775 12 12 4
3776 18 17 7
3777 17 17 7
3778 15 14 6
3779 10 10 6
3780 6 5 4
3781 10 9 5
3782 9 8 4
3783 14 13 5
3784 19 18 4
3785 10 9 5
3786 23 22 6
3787 20 20 4
3788 24 23 5
3789 11 11 5
3790 11 10 6
3791 18 18 6
3792 10 10 4
3793 20 19 7
3794 13 12 6
3795 10 9 5
3796 17 16 6
3797 20 20 4
3798 20 19 7
3799 7 6 5
3800 13 12 4
3801 12 11 5
3802 11 10 4
3803 14 13 7
3804 17 16 6
3805 10 10 4
3806 12 11 5
3807 9 8 4
3808 18 17 5
3809 17 17 5
3810 9 9 5
3811 11 11 5
3812 7 6 5
3813 13 12 4
3814 18 17 5
3815 13 13 5
3816 9 9 5
3817 13 12 4
3818 20 19 5
3819 15 15 5
3820 11 10 6
3821 10 10 4
3822 12 11 5
3823 15 14 6
3824 20 20 6
3825 24 24 6
3826 14 13 5
3827 15 14 4
3828 10 9 5
3829 7 6 5
3830 17 16 4
3831 14 13 5
3832 19 19 5
3833 19 19 5
3834 17 16 6
3835 14 14 4
3836 14 13 5
3837 19 18 6
3838 20 20 4
3839 10 9 5
3840 17 16 4
3841 14 13 5
3842 17 16 4
3843 16 15 5
3844 19 19 7
3845 21 20 6
3846 14 14 4
3847 18 17 5
3848 15 14 4
3849 12 11 5
3850 19 19 5
3851 17 16 4
3852 18 17 5
3853 17 17 5
3854 33 33 9
3855 35 35 5
3856 27 26 6
3857 24 24 4
3858 24 23 7
3859 23 23 5
3860 27 26 6
3861 22 21 5
3862 11 10 4
3863 22 21 5
3864 25 25 7
3865 23 23 5
3866 21 21 5
3867 33 32 6
3868 14 13 5
3869 31 31 7
3870 15 14 4
3871 16 15 5
3872 15 14 4
3873 22 21 5
3874 23 23 5
3875 23 22 6
3876 16 16 6
3877 14 14 4
3878 16 15 5
3879 23 22 6
3880 20 20 6
3881 22 22 6
3882 18 17 5
3883 27 26 6
3884 20 20 6
3885 32 32 8
3886 22 22 6
3887 16 15 5
3888 21 20 4
3889 22 21 5
3890 19 18 4
3891 20 19 7
3892 17 16 4
3893 14 13 5
3894 21 20 4
3895 18 17 7
3896 21 20 6
3897 18 17 5
3898 17 16 4
3899 12 11 5
3900 19 19 5
3901 11 11 5
3902 11 10 4
3903 14 13 5
3904 13 12 6
3905 16 16 4
3906 14 13 5
3907 19 19 5
3908 15 14 4
3909 22 21 5
3910 15 14 6
3911 24 24 6
3912 10 10 6
3913 6 6 6
3914 15 14 4
3915 12 11 5
3916 13 13 5
3917 11 10 6
3918 12 12 6
3919 18 18 4
3920 20 19 5
3921 9 8 4
3922 26 25 7
3923 9 8 4
3924 6 5 4
3925 28 27 7
3926 27 26 8
3927 16 16 4
3928 14 13 5
3929 15 14 4
3930 14 13 5
3931 25 24 6
3932 12 12 4
3933 18 17 5
3934 19 18 4
3935 16 15 5
3936 13 12 6
3937 16 16 6
3938 14 14 4
3939 14 13 5
3940 23 23 7
3941 17 16 4
3942 16 15 5
3943 17 16 6
3944 12 12 4
3945 12 11 5
3946 17 17 5
3947 15 14 4
3948 14 13 5
3949 15 14 8
3950 12 12 4
3951 12 11 5
3952 17 16 6
3953 14 14 4
3954 14 13 5
3955 13 12 4
3956 14 13 5
3957 13 12 6
3958 18 18 4
3959 12 11 5
3960 17 16 6
3961 14 13 5
3962 9 8 4
3963 16 15 5
3964 19 18 4
3965 22 21 7
3966 19 18 4
3967 18 17 5
3968 21 20 4
3969 24 23 5
3970 13 13 5
3971 17 16 6
3972 16 15 5
3973 13 13 5
3974 13 12 6
3975 14 14 4
3976 26 25 5
3977 13 12 6
3978 16 15 5
3979 11 10 4
3980 18 17 5
3981 9 9 5
3982 9 9 5
3983 5 5 5
3984 10 9 5
3985 13 12 6
3986 10 10 6
3987 12 12 6
3988 20 20 4
3989 16 15 5
3990 25 24 6
3991 16 16 8
3992 10 10 4
3993 18 17 5
3994 27 26 4
3995 20 19 5
3996 15 15 5
3997 21 20 4
3998 14 13 5
3999 21 21 7
4000 9 8 4
4001 6 5 4
4002 14 13 5
4003 9 8 4
4004 14 13 5
4005 15 14 8
4006 6 6 6
4007 17 16 4
4008 14 13 5
4009 9 9 5
4010 13 12 6
4011 16 15 5
4012 5 5 5
4013 12 11 5
4014 15 14 6
4015 6 5 4
4016 10 9 5
4017 15 14 4
4018 12 11 5
4019 15 14 6
4020 14 13 5
4021 17 17 5
4022 15 15 7
4023 9 8 4
4024 6 5 4
4025 12 11 5
4026 7 6 5
4027 17 17 5
4028 9 8 4
4029 10 9 5
4030 19 18 8
4031 10 10 4
4032 10 9 5
4033 13 12 4
4034 14 13 7
4035 9 9 5
4036 13 12 4
4037 22 21 5
4038 17 16 6
4039 14 13 5
4040 5 5 5
4041 10 9 5
4042 15 14 6
4043 10 9 5
4044 11 11 5
4045 15 14 4
4046 14 13 7
4047 15 15 5
4048 11 11 5
4049 15 14 6
4050 12 11 5
4051 9 8 4
4052 12 11 5
4053 15 14 6
4054 14 14 4
4055 10 9 5
4056 11 11 5
4057 9 9 5
4058 11 10 4
4059 12 11 5
4060 11 10 4
4061 14 13 5
4062 7 6 5
4063 7 6 5
4064 17 16 4
4065 14 13 7
4066 11 10 6
4067 10 10 6
4068 10 9 5
4069 13 12 6
4070 12 11 5
4071 11 10 4
4072 12 11 5
4073 15 15 5
4074 13 12 6
4075 14 14 6
4076 12 12 4
4077 16 15 5
4078 17 16 6
4079 18 18 4
4080 18 17 5
4081 11 11 5
4082 19 18 4
4083 14 13 5
4084 17 17 5
4085 23 22 6
4086 22 22 4
4087 38 37 7
4088 39 39 5
4089 21 21 5
4090 33 33 5
4091 13 12 4
4092 18 17 5
4093 27 26 6
4094 10 10 4
4095 16 15 5
4096 15 14 4
4097 22 21 5
4098 25 25 5
4099 27 27 7
4100 21 20 4
4101 24 23 5
4102 25 24 4
4103 22 21 5
4104 29 28 6
4105 30 30 6
4106 38 37 5
4107 25 25 5
4108 37 37 5
4109 21 20 4
4110 18 17 5
4111 27 26 6
4112 30 29 5
4113 19 19 5
4114 23 23 5
4115 17 16 6
4116 22 22 6
4117 24 24 6
4118 16 16 6
4119 16 16 4
4120 22 21 5
4121 25 24 4
4122 20 19 7
4123 25 24 4
4124 26 25 7
4125 19 18 4
4126 16 15 5
4127 11 11 5
4128 15 15 5
4129 23 23 5
4130 23 22 6
4131 26 26 6
4132 18 18 4
4133 34 33 7
4134 37 37 7
4135 21 21 5
4136 35 34 4
4137 18 17 7
4138 21 20 4
4139 32 31 7
4140 41 40 6
4141 26 25 5
4142 15 14 4
4143 20 19 5
4144 17 16 4
4145 16 15 5
4146 31 30 4
4147 28 27 7
4148 19 18 4
4149 22 21 7
4150 39 38 6
4151 22 21 5
4152 29 29 9
4153 11 10 4
4154 14 13 5
4155 27 26 4
4156 34 33 7
4157 31 30 4
4158 24 23 5
4159 11 11 5
4160 25 24 4
4161 36 35 7
4162 15 15 5
4163 19 18 4
4164 20 19 5
4165 21 20 6
4166 24 24 6
4167 18 18 6
4168 16 15 5
4169 17 17 5
4170 23 22 6
4171 24 24 6
4172 20 20 4
4173 18 17 5
4174 15 14 4
4175 24 23 5
4176 19 19 7
4177 17 16 4
4178 26 25 5
4179 19 19 5
4180 23 22 6
4181 14 14 4
4182 32 31 5
4183 25 25 5
4184 15 15 5
4185 23 22 4
4186 28 27 5
4187 23 23 7
4188 9 9 5
4189 27 26 4
4190 34 33 5
4191 15 14 4
4192 18 17 5
4193 21 21 5
4194 25 24 8
4195 18 18 6
4196 20 20 4
4197 22 21 5
4198 21 20 4
4199 24 23 5
4200 21 20 6
4201 20 20 6
4202 28 27 5
4203 21 21 5
4204 23 22 4
4205 12 11 5
4206 19 18 4
4207 20 19 5
4208 21 21 7
4209 17 16 4
4210 30 29 5
4211 19 18 6
4212 18 17 5
4213 21 21 7
4214 15 14 4
4215 20 19 5
4216 15 14 6
4217 6 6 6
4218 15 14 6
4219 12 12 4
4220 14 13 5
4221 11 10 4
4222 24 23 5
4223 17 17 5
4224 15 14 4
4225 14 13 5
4226 21 20 8
4227 12 12 4
4228 24 23 5
4229 15 14 4
4230 20 19 5
4231 17 17 5
4232 15 14 4
4233 14 13 5
4234 11 10 6
4235 12 12 6
4236 8 8 4
4237 14 13 5
4238 15 14 4
4239 20 19 5
4240 15 14 4
4241 18 17 5
4242 13 13 7
4243 11 10 4
4244 6 5 4
4245 16 15 5
4246 11 10 6
4247 18 18 6
4248 14 13 5
4249 7 6 5
4250 13 12 4
4251 12 11 5
4252 7 6 5
4253 15 14 4
4254 16 15 5
4255 15 15 5
4256 7 6 5
4257 17 16 6
4258 12 12 4
4259 16 15 5
4260 13 12 4
4261 12 11 5
4262 17 16 6
4263 14 13 5
4264 13 12 6
4265 14 14 4
4266 10 9 5
4267 9 8 4
4268 14 13 5
4269 13 12 4
4270 12 11 5
4271 9 8 4
4272 18 17 7
4273 13 12 4
4274 10 9 5
4275 7 6 5
4276 15 14 4
4277 14 13 7
4278 13 13 5
4279 15 14 6
4280 12 12 4
4281 12 11 5
4282 11 10 4
4283 14 13 5
4284 11 10 6
4285 10 10 4
4286 14 13 5
4287 15 14 8
4288 6 5 4
4289 12 11 5
4290 17 16 8
4291 10 10 4
4292 14 13 5
4293 11 11 5
4294 19 18 4
4295 12 11 5
4296 15 14 4
4297 10 9 5
4298 15 14 4
4299 10 9 5
4300 9 9 5
4301 9 8 4
4302 12 11 5
4303 11 10 4
4304 16 15 7
4305 23 22 6
4306 10 10 6
4307 8 8 4
4308 16 15 5
4309 23 22 6
4310 12 11 5
4311 9 8 4
4312 14 13 5
4313 13 13 5
4314 11 10 4
4315 10 9 5
4316 11 10 4
4317 18 17 7
4318 7 6 5
4319 11 11 5
4320 13 12 4
4321 12 11 5
4322 15 14 4
4323 14 13 7
4324 13 13 5
4325 9 8 4
4326 14 13 5
4327 17 17 5
4328 11 10 4
4329 12 11 5
4330 11 10 4
4331 14 13 5
4332 9 8 4
4333 14 13 5
4334 13 13 5
4335 11 11 5
4336 9 9 5
4337 9 8 4
4338 10 9 5
4339 15 14 8
4340 12 12 4
4341 14 13 5
4342 11 10 4
4343 18 17 7
4344 15 14 6
4345 6 6 6
4346 13 12 4
4347 6 5 4
4348 10 9 5
4349 15 14 6
4350 12 11 5
4351 13 12 4
4352 6 5 4
4353 12 11 5
4354 9 8 4
4355 20 19 5
4356 19 18 4
4357 12 11 5
4358 11 10 4
4359 18 17 7
4360 27 26 6
4361 10 10 4
4362 20 19 5
4363 15 14 6
4364 24 23 5
4365 9 8 4
4366 20 19 5
4367 23 22 8
4368 18 18 4
4369 22 21 5
4370 17 16 6
4371 12 12 4
4372 26 25 5
4373 15 14 4
4374 26 25 7
4375 15 14 4
4376 12 11 5
4377 21 21 5
4378 27 26 4
4379 44 43 7
4380 21 21 5
4381 31 30 4
4382 24 23 5
4383 25 24 4
4384 26 25 5
4385 23 22 4
4386 34 33 7
4387 39 38 6
4388 36 36 8
4389 30 29 5
4390 45 44 12
4391 34 34 6
4392 48 47 11
4393 27 27 5
4394 23 23 5
4395 21 20 4
4396 52 51 9
4397 19 18 4
4398 18 17 5
4399 19 19 5
4400 27 26 6
4401 12 11 5
4402 25 24 6
4403 14 13 5
4404 23 22 4
4405 20 19 5
4406 29 28 8
4407 28 28 6
4408 16 16 4
4409 22 21 7
4410 17 16 6
4411 28 28 8
4412 20 20 6
4413 28 27 5
4414 23 23 7
4415 21 20 6
4416 20 20 6
4417 20 20 4
4418 28 27 9
4419 11 10 4
4420 22 21 5
4421 27 26 6
4422 14 14 4
4423 38 37 5
4424 35 35 7
4425 21 21 7
4426 25 24 6
4427 28 27 5
4428 17 16 4
4429 24 23 5
4430 37 36 8
4431 26 26 6
4432 22 21 5
4433 19 19 5
4434 19 18 6
4435 32 32 6
4436 30 29 5
4437 17 17 5
4438 17 16 4
4439 18 17 5
4440 15 14 4
4441 28 27 7
4442 25 25 5
4443 21 21 5
4444 15 15 5
4445 25 25 5
4446 13 13 5
4447 23 23 5
4448 27 27 7
4449 23 22 4
4450 20 19 5
4451 19 18 4
4452 20 19 5
4453 13 12 6
4454 30 30 8
4455 16 15 5
4456 27 26 4
4457 18 17 5
4458 15 14 6
4459 32 31 7
4460 19 19 7
4461 19 18 4
4462 26 25 5
4463 27 27 9
4464 15 14 4
4465 24 23 5
4466 27 26 8
4467 18 17 5
4468 35 35 7
4469 39 38 8
4470 18 18 4
4471 34 33 7
4472 15 14 4
4473 26 25 7
4474 27 26 6
4475 20 19 5
4476 23 22 6
4477 26 26 6
4478 28 27 5
4479 13 13 5
4480 35 34 6
4481 26 26 6
4482 30 30 8
4483 26 25 5
4484 23 23 5
4485 21 21 5
4486 23 22 6
4487 16 16 4
4488 26 25 5
4489 25 24 6
4490 16 16 4
4491 14 13 5
4492 35 35 7
4493 19 18 4
4494 26 25 5
4495 29 28 8
4496 14 13 5
4497 17 17 5
4498 19 18 6
4499 30 30 6
4500 22 21 5
4501 15 14 4
4502 30 29 9
4503 21 20 6
4504 12 12 4
4505 22 21 5
4506 15 14 4
4507 14 13 5
4508 25 25 5
4509 17 17 5
4510 15 14 4
4511 34 33 7
4512 21 21 5
4513 23 23 5
4514 13 13 5
4515 21 20 4
4516 32 31 5
4517 13 12 4
4518 16 15 5
4519 13 12 6
4520 30 29 7
4521 21 21 5
4522 21 21 5
4523 19 18 4
4524 24 23 5
4525 19 18 4
4526 16 15 5
4527 19 18 4
4528 16 15 5
4529 17 16 4
4530 16 15 5
4531 17 17 5
4532 13 13 5
4533 19 18 6
4534 22 22 4
4535 10 9 5
4536 19 19 5
4537 11 10 4
4538 10 9 5
4539 13 12 6
4540 12 11 5
4541 17 16 6
4542 10 10 4
4543 10 9 5
4544 11 10 4
4545 16 15 5
4546 15 14 6
4547 12 11 5
4548 23 22 4
4549 14 13 5
4550 21 20 6
4551 14 13 5
4552 11 11 5
4553 17 17 5
4554 17 16 4
4555 14 13 5
4556 15 15 5
4557 17 17 5
4558 11 10 4
4559 14 13 5
4560 15 14 4
4561 16 15 7
4562 13 12 4
4563 26 25 7
4564 13 12 4
4565 12 11 5
4566 19 18 4
4567 10 9 5
4568 11 10 4
4569 12 11 5
4570 13 12 4
4571 14 13 5
4572 15 15 5
4573 7 6 5
4574 11 10 6
4575 12 12 4
4576 14 13 5
4577 19 19 5
4578 7 6 5
4579 11 10 6
4580 16 16 6
4581 18 17 5
4582 7 6 5
4583 19 18 4
4584 10 9 5
4585 17 17 5
4586 11 11 5
4587 19 19 5
4588 21 20 4
4589 12 11 5
4590 21 20 6
4591 16 16 4
4592 20 19 7
4593 19 18 4
4594 26 25 5
4595 43 42 6
4596 36 36 6
4597 32 32 6
4598 18 17 5
4599 25 24 6
4600 32 31 7
4601 35 35 5
4602 37 36 6
4603 44 44 8
4604 34 34 6
4605 46 45 7
4606 37 37 7
4607 35 34 6
4608 28 28 4
4609 20 19 5
4610 39 38 6
4611 40 40 10
4612 26 26 6
4613 24 23 5
4614 25 25 5
4615 31 31 7
4616 35 34 8
4617 32 32 6
4618 26 25 5
4619 19 19 5
4620 31 31 9
4621 29 28 6
4622 16 16 4
4623 36 35 7
4624 29 29 5
4625 29 29 7
4626 13 12 4
4627 16 15 7
4628 15 15 5
4629 17 16 4
4630 30 29 7
4631 31 30 6
4632 22 22 8
4633 30 30 8
4634 40 39 7
4635 23 22 4
4636 16 15 5
4637 17 16 4
4638 14 13 5
4639 15 14 4
4640 20 19 5
4641 11 10 4
4642 24 23 5
4643 21 21 5
4644 19 18 4
4645 20 19 7
4646 9 8 4
4647 16 15 5
4648 17 17 5
4649 13 12 4
4650 22 21 7
4651 11 10 4
4652 20 19 5
4653 19 18 4
4654 18 17 5
4655 11 11 5
4656 13 12 4
4657 16 15 5
4658 11 11 5
4659 21 21 5
4660 15 14 4
4661 18 17 5
4662 17 17 5
4663 15 14 4
4664 14 13 5
4665 19 18 6
4666 16 16 6
4667 14 14 6
4668 16 15 5
4669 7 6 5
4670 11 10 4
4671 18 17 5
4672 11 10 4
4673 24 23 5
4674 15 14 6
4675 18 17 5
4676 11 10 4
4677 16 15 5
4678 23 22 8
4679 22 22 4
4680 20 19 5
4681 15 14 4
4682 18 17 5
4683 13 12 4
4684 18 17 5
4685 17 16 4
4686 10 9 5
4687 29 28 6
4688 36 35 7
4689 17 16 4
4690 34 33 5
4691 33 32 6
4692 22 21 5
4693 13 12 4
4694 28 27 5
4695 19 18 6
4696 24 23 5
4697 17 17 5
4698 17 16 4
4699 30 29 5
4700 21 20 6
4701 22 21 5
4702 33 33 7
4703 19 19 5
4704 27 27 5
4705 15 15 5
4706 25 24 6
4707 22 22 4
4708 26 25 5
4709 21 21 5
4710 47 46 8
4711 26 26 6
4712 24 23 5
4713 33 32 4
4714 20 19 5
4715 29 28 6
4716 24 24 6
4717 26 25 5
4718 19 18 4
4719 28 27 5
4720 31 31 5
4721 31 31 7
4722 23 22 4
4723 30 29 5
4724 27 27 5
4725 21 21 5
4726 35 35 7
4727 25 24 4
4728 26 25 7
4729 25 24 6
4730 20 20 6
4731 26 26 6
4732 38 37 7
4733 19 18 4
4734 28 27 7
4735 27 26 4
4736 38 37 7
4737 35 35 7
4738 25 24 4
4739 36 35 5
4740 49 49 11
4741 33 33 9
4742 37 36 8
4743 28 28 10
4744 50 49 11
4745 31 30 4
4746 32 31 7
4747 21 20 6
4748 28 27 5
4749 35 34 8
4750 26 26 6
4751 36 36 6
4752 28 28 6
4753 38 37 7
4754 25 24 6
4755 20 20 4
4756 30 29 9
4757 25 24 6
4758 22 22 6
4759 28 28 4
4760 34 33 9
4761 29 28 6
4762 28 28 6
4763 22 22 6
4764 26 26 8
4765 32 32 6
4766 24 24 6
4767 24 24 6
4768 30 30 6
4769 34 33 7
4770 17 16 4
4771 38 37 5
4772 19 18 6
4773 32 31 5
4774 41 40 8
4775 36 36 6
4776 32 32 8
4777 48 47 5
4778 35 35 7
4779 31 31 9
4780 27 26 4
4781 22 21 5
4782 25 25 5
4783 29 28 6
4784 22 21 5
4785 27 27 5
4786 25 25 5
4787 21 20 4
4788 24 23 5
4789 25 24 6
4790 30 30 8
4791 26 26 6
4792 26 26 6
4793 20 19 5
4794 35 34 4
4795 16 15 5
4796 17 16 6
4797 20 20 4
4798 16 15 5
4799 15 14 6
4800 24 24 4
4801 26 25 5
4802 11 10 4
4803 16 15 5
4804 21 20 4
4805 14 13 5
4806 19 18 4
4807 22 21 5
4808 15 14 6
4809 18 18 6
4810 12 12 4
4811 20 19 5
4812 25 25 7
4813 17 16 4
4814 16 15 5
4815 13 12 4
4816 16 15 5
4817 25 24 6
4818 22 22 6
4819 24 24 6
4820 20 20 6
4821 16 16 4
4822 22 21 5
4823 23 22 4
4824 20 19 5
4825 19 19 5
4826 13 12 6
4827 16 16 6
4828 22 21 5
4829 15 14 6
4830 10 10 4
4831 36 35 7
4832 23 22 6
4833 24 24 4
4834 22 21 5
4835 25 24 6
4836 18 18 4
4837 18 17 5
4838 15 14 4
4839 20 19 5
4840 25 24 6
4841 16 16 4
4842 20 19 5
4843 19 19 7
4844 17 16 6
4845 18 18 4
4846 24 23 5
4847 23 23 5
4848 19 19 5
4849 17 16 4
4850 20 19 5
4851 23 23 7
4852 13 12 6
4853 10 10 4
4854 22 21 5
4855 11 10 4
4856 20 19 5
4857 15 15 5
4858 11 10 4
4859 14 13 5
4860 23 22 8
4861 12 12 6
4862 14 14 4
4863 14 13 5
4864 9 8 4
4865 12 11 5
4866 9 8 4
4867 14 13 5
4868 11 10 4
4869 24 23 7
4870 9 8 4
4871 16 15 5
4872 13 12 6
4873 10 10 4
4874 22 21 5
4875 21 20 6
4876 14 14 4
4877 20 19 7
4878 11 11 5
4879 11 11 5
4880 15 14 6
4881 18 18 6
4882 10 10 4
4883 6 5 4
4884 14 13 5
4885 11 10 4
4886 24 23 7
4887 11 11 5
4888 13 12 4
4889 10 9 5
4890 15 14 4
4891 18 17 7
4892 15 15 5
4893 15 14 6
4894 10 10 4
4895 12 11 5
4896 15 15 5
4897 11 10 4
4898 20 19 5
4899 11 11 5
4900 9 8 4
4901 14 13 5
4902 11 11 5
4903 11 10 4
4904 12 11 5
4905 11 10 4
4906 12 11 5
4907 15 14 4
4908 10 9 5
4909 11 10 4
4910 10 9 5
4911 13 13 5
4912 11 11 5
4913 17 16 4
4914 16 15 5
4915 21 20 8
4916 12 12 4
4917 12 11 5
4918 11 10 4
4919 10 9 5
4920 17 16 4
4921 12 11 5
4922 19 19 5
4923 15 14 6
4924 12 11 5
4925 9 8 4
4926 12 11 5
4927 9 9 5
4928 9 8 4
4929 12 11 5
4930 17 16 6
4931 14 13 5
4932 15 14 6
4933 8 8 4
4934 10 9 5
4935 13 12 6
4936 14 14 6
4937 12 11 5
4938 11 10 4
4939 10 9 5
4940 17 16 6
4941 14 14 6
4942 14 14 4
4943 14 13 5
4944 13 12 4
4945 12 11 5
4946 9 9 5
4947 15 14 8
4948 6 6 6
4949 13 12 4
4950 16 15 5
4951 13 13 5
4952 13 13 5
4953 25 25 5
4954 11 11 5
4955 11 11 5
4956 13 12 4
4957 14 13 5
4958 9 9 5
4959 13 12 4
4960 16 15 5
4961 13 12 6
4962 8 8 4
4963 6 5 4
4964 18 17 5
4965 13 12 4
4966 8 7 6
4967 12 12 6
4968 8 8 4
4969 18 17 5
4970 15 15 5
4971 9 8 4
4972 12 11 5
4973 13 13 5
4974 15 14 4
4975 14 13 5
4976 13 13 5
4977 5 5 5
4978 20 19 7
4979 13 12 4
4980 20 19 5
4981 33 33 5
4982 23 23 7
4983 15 14 4
4984 28 27 5
4985 15 14 4
4986 20 19 7
4987 15 15 5
4988 15 14 4
4989 16 15 5
4990 17 16 4
4991 34 33 7
4992 19 18 4
4993 24 23 5
4994 23 23 5
4995 13 13 5
4996 17 16 4
4997 18 17 5
4998 27 26 6
4999 16 16 8
