0 22 21 5
1 11 11 5
2 15 14 6
3 30 30 10
4 16 16 6
5 20 19 7
6 23 22 8
7 12 12 4
8 20 19 5
9 21 20 6
10 14 13 5
11 11 10 4
12 6 5 4
13 10 9 5
14 15 14 6
15 14 14 6
16 14 13 5
17 25 24 8
18 14 14 8
19 12 12 4
20 18 17 7
21 11 10 4
22 18 17 7
23 15 14 6
24 10 10 6
25 12 12 6
26 12 12 4
27 10 9 5
28 9 9 5
29 17 17 7
30 13 13 5
31 13 12 4
32 10 9 5
33 11 10 6
34 10 10 4
35 12 11 5
36 13 12 4
37 6 5 4
38 22 21 7
39 17 17 7
40 13 12 6
41 14 13 5
42 13 12 4
43 10 9 5
44 11 11 5
45 11 11 5
46 13 13 5
47 13 12 6
48 26 26 8
49 10 10 4
50 18 17 5
51 21 21 5
52 7 6 5
53 17 16 8
54 6 5 4
55 10 9 5
56 13 13 5
57 17 16 4
58 28 27 7
59 19 18 6
60 24 23 7
61 15 15 5
62 15 15 5
63 35 34 6
64 32 32 8
65 40 40 10
66 24 24 6
67 16 15 5
68 15 14 6
69 22 22 6
70 20 19 7
71 21 20 6
72 26 26 6
73 24 23 7
74 11 11 5
75 21 21 7
76 17 16 6
77 26 25 7
78 27 27 9
79 15 14 4
80 24 23 9
81 11 10 4
82 32 31 9
83 23 23 5
84 25 25 9
85 25 24 6
86 44 43 9
87 39 38 10
88 18 17 7
89 19 18 4
90 28 27 7
91 39 38 8
92 22 22 6
93 38 37 9
94 25 25 5
95 21 21 5
96 23 23 7
97 23 23 5
98 23 22 6
99 22 22 8
100 26 26 8
101 22 22 6
102 28 28 4
103 24 23 7
104 17 17 5
105 15 14 6
106 18 18 6
107 26 26 6
108 20 19 5
109 23 22 8
110 20 19 7
111 27 26 6
112 20 19 5
113 19 19 5
114 33 33 9
115 19 19 5
116 23 22 6
117 32 31 7
118 25 25 9
119 31 30 10
120 14 14 6
121 16 16 4
122 20 19 7
123 35 35 7
124 23 22 6
125 28 28 6
126 28 28 10
127 34 33 5
128 29 29 7
129 17 16 4
130 16 15 5
131 23 22 6
132 24 24 12
133 22 22 10
134 30 30 10
135 28 28 4
136 18 17 5
137 15 14 4
138 26 25 7
139 23 22 6
140 18 18 6
141 28 28 8
142 26 25 9
143 31 31 5
144 21 21 7
145 27 27 9
146 17 16 8
147 22 21 7
148 23 23 9
149 23 22 8
150 30 29 7
151 27 26 6
152 26 25 7
153 27 27 7
154 19 18 6
155 36 36 10
156 18 17 5
157 27 27 7
158 19 18 6
159 28 28 6
160 26 26 8
161 20 20 6
162 32 32 8
163 30 29 5
164 23 22 6
165 16 16 6
166 18 17 5
167 19 18 4
168 30 29 5
169 27 27 7
170 19 19 5
171 25 25 7
172 27 26 8
173 24 23 7
174 31 30 6
175 22 21 7
176 29 28 10
177 36 35 5
178 31 31 9
179 31 31 7
180 29 28 8
181 26 26 6
182 24 23 5
183 29 29 7
184 31 31 11
185 31 31 7
186 35 35 9
187 29 28 6
188 28 27 7
189 23 22 6
190 30 29 5
191 25 25 5
192 15 15 7
193 15 15 5
194 19 19 7
195 19 18 6
196 32 31 15
197 21 21 7
198 25 25 5
199 27 27 7
200 15 14 6
201 22 22 6
202 24 23 5
203 27 26 8
204 18 17 5
205 23 22 6
206 28 27 7
207 19 18 6
208 38 38 8
209 24 23 5
210 21 20 6
211 20 19 5
212 29 29 7
213 45 44 10
214 20 20 6
215 22 22 6
216 20 19 5
217 29 29 5
218 25 25 9
219 15 15 5
220 21 21 5
221 17 17 5
222 23 22 8
223 26 25 5
224 25 24 6
225 24 24 8
226 36 35 11
227 35 34 8
228 20 20 6
229 26 25 5
230 27 27 7
231 27 27 5
232 15 14 4
233 20 19 5
234 19 19 5
235 35 34 8
236 26 26 6
237 28 28 8
238 16 16 6
239 24 24 6
240 26 26 8
241 24 24 6
242 18 18 6
243 36 35 7
244 13 12 4
245 10 9 5
246 15 15 5
247 15 15 5
248 23 23 5
249 17 16 4
250 12 11 5
251 9 8 4
252 12 11 5
253 13 13 5
254 13 13 5
255 9 8 4
256 10 9 5
257 15 14 4
258 14 13 5
259 17 17 5
260 17 17 5
261 11 11 5
262 15 14 4
263 10 9 5
264 23 22 8
265 10 9 5
266 21 21 7
267 23 22 6
268 22 21 7
269 31 30 8
270 18 17 5
271 19 19 5
272 21 20 8
273 14 14 4
274 12 11 5
275 19 18 6
276 20 20 6
277 22 22 6
278 18 17 7
279 19 19 5
280 23 22 6
281 16 15 5
282 13 13 5
283 43 42 8
284 22 21 5
285 17 16 4
286 26 25 7
287 15 14 4
288 14 13 5
289 17 16 6
290 20 20 6
291 22 22 6
292 28 27 5
293 9 9 5
294 21 20 6
295 14 14 4
296 22 21 5
297 41 41 9
298 33 32 6
299 20 20 4
300 34 33 7
301 55 55 11
302 27 26 8
303 28 28 6
304 34 33 7
305 37 37 9
306 43 43 7
307 47 46 12
308 48 47 11
309 33 32 4
310 40 39 11
311 35 34 4
312 18 17 5
313 41 41 9
314 31 31 9
315 21 20 4
316 38 37 11
317 25 25 11
318 25 24 6
319 24 24 8
320 44 43 5
321 39 39 9
322 47 47 11
323 55 54 12
324 46 45 13
325 19 19 7
326 31 30 6
327 28 27 5
328 37 36 8
329 34 33 9
330 25 25 7
331 23 23 7
332 25 25 5
333 23 23 7
334 11 10 4
335 12 11 5
336 15 14 4
337 26 25 7
338 17 16 6
339 18 17 5
340 31 31 5
341 23 22 6
342 8 8 4
343 16 15 5
344 19 19 5
345 27 27 7
346 17 16 4
347 20 19 5
348 27 27 9
349 19 18 6
350 24 24 6
351 14 14 4
352 16 15 5
353 9 9 5
354 17 16 6
355 18 18 6
356 26 25 7
357 15 14 6
358 12 12 6
359 22 22 6
360 20 20 4
361 14 13 5
362 11 11 5
363 23 22 6
364 18 18 6
365 16 16 4
366 18 17 7
367 27 26 6
368 14 14 4
369 26 25 5
370 15 14 6
371 20 20 4
372 16 15 5
373 19 19 5
374 21 20 6
375 20 19 7
376 19 18 6
377 12 11 5
378 17 17 5
379 19 19 7
380 29 29 7
381 17 16 6
382 12 11 5
383 15 14 4
384 22 21 7
385 13 13 5
386 25 25 5
387 13 13 5
388 17 17 5
389 17 17 5
390 21 21 9
391 15 14 6
392 12 11 5
393 17 16 6
394 14 14 4
395 22 21 5
396 21 20 6
397 22 22 6
398 16 15 5
399 9 9 5
400 9 8 4
401 18 17 5
402 11 11 5
403 15 15 5
404 13 12 6
405 10 10 4
406 8 7 6
407 10 10 6
408 12 11 5
409 25 25 7
410 11 10 6
411 8 8 4
412 10 9 5
413 13 12 6
414 16 16 6
415 22 22 8
416 18 18 6
417 16 15 5
418 11 11 5
419 13 12 4
420 10 9 5
421 15 14 6
422 12 11 5
423 15 14 6
424 12 11 5
425 19 18 4
426 12 11 5
427 11 10 4
428 18 17 9
429 17 16 6
430 14 14 4
431 12 11 5
432 23 22 6
433 32 31 7
434 27 26 8
435 26 25 5
436 15 14 4
437 10 9 5
438 13 12 4
439 16 15 5
440 19 18 8
441 12 12 4
442 22 21 5
443 23 23 7
444 17 16 4
445 12 11 5
446 9 8 4
447 18 17 5
448 11 10 4
449 10 9 5
450 17 16 4
451 12 11 5
452 19 19 7
453 9 8 4
454 16 15 5
455 17 17 5
456 19 18 6
457 14 14 6
458 18 17 7
459 19 18 6
460 14 14 6
461 10 10 6
462 8 8 4
463 18 17 5
464 9 9 5
465 15 14 6
466 12 12 6
467 14 14 6
468 10 9 5
469 5 5 5
470 12 11 7
471 15 14 6
472 8 8 4
473 16 15 5
474 21 20 6
475 28 28 6
476 14 14 6
477 10 10 4
478 6 5 4
479 14 13 5
480 19 18 6
481 8 8 4
482 10 9 5
483 9 8 4
484 6 5 4
485 10 9 5
486 13 12 6
487 14 14 4
488 20 19 9
489 15 15 5
490 9 9 5
491 13 12 6
492 14 14 6
493 14 14 6
494 8 8 4
495 20 19 5
496 11 11 7
497 9 8 4
498 16 15 5
499 9 9 5
500 11 11 5
501 13 12 4
502 16 15 5
503 9 8 4
504 16 15 7
505 17 17 5
506 9 9 5
507 15 14 4
508 10 9 5
509 17 16 6
510 14 14 6
511 18 17 7
512 13 12 4
513 20 19 7
514 11 10 4
515 16 15 7
516 13 12 4
517 16 15 5
518 19 19 5
519 15 15 5
520 9 9 5
521 11 10 6
522 16 16 6
523 10 10 4
524 14 13 7
525 13 12 6
526 12 11 5
527 15 15 7
528 13 12 6
529 6 5 4
530 12 11 5
531 11 10 6
532 12 12 4
533 18 17 5
534 9 8 4
535 10 9 5
536 9 9 5
537 13 13 5
538 21 21 7
539 33 33 7
540 23 23 7
541 15 15 5
542 19 18 6
543 8 8 4
544 10 9 5
545 11 10 4
546 6 5 4
547 20 19 7
548 17 17 5
549 25 24 6
550 24 23 7
551 25 24 8
552 20 20 6
553 14 14 6
554 10 10 4
555 12 11 5
556 13 12 6
557 6 6 6
558 15 14 4
559 16 15 5
560 19 19 5
561 25 24 6
562 14 13 5
563 23 22 6
564 20 19 5
565 17 17 7
566 21 20 6
567 10 9 5
568 7 6 5
569 23 22 6
570 14 14 6
571 14 14 6
572 28 28 6
573 14 13 5
574 13 13 5
575 15 14 6
576 22 22 8
577 24 24 8
578 16 16 4
579 10 9 5
580 27 27 7
581 23 23 5
582 17 16 6
583 28 27 9
584 19 18 6
585 20 20 6
586 20 20 6
587 22 22 4
588 32 31 7
589 27 27 9
590 35 34 6
591 38 37 7
592 25 24 8
593 26 25 7
594 33 33 7
595 17 17 5
596 21 20 4
597 50 49 9
598 41 41 11
599 23 23 7
600 23 23 7
601 25 24 8
602 26 25 5
603 31 30 8
604 40 40 10
605 40 40 10
606 38 37 7
607 49 49 17
608 25 24 8
609 30 29 9
610 39 38 10
611 22 22 6
612 36 35 7
613 29 29 7
614 35 34 8
615 30 30 8
616 28 28 6
617 16 15 5
618 33 33 7
619 29 29 5
620 31 31 9
621 27 27 9
622 43 42 12
623 36 35 11
624 27 27 7
625 33 33 11
626 27 26 10
627 32 31 9
628 25 24 8
629 40 40 8
630 52 52 12
631 30 30 8
632 24 23 7
633 21 20 6
634 28 28 10
635 38 37 9
636 25 25 11
637 33 32 12
638 34 33 9
639 31 31 7
640 35 34 12
641 24 24 8
642 22 22 8
643 30 29 7
644 31 31 11
645 27 26 8
646 30 30 10
647 42 42 10
648 34 34 10
649 26 25 7
650 23 23 7
651 39 38 10
652 26 25 9
653 23 23 7
654 49 48 16
655 22 22 6
656 26 26 10
657 20 20 4
658 40 39 11
659 37 37 9
660 19 18 4
661 36 35 7
662 41 41 13
663 41 41 9
664 41 40 12
665 36 35 9
666 33 32 8
667 26 26 8
668 40 40 12
669 52 52 16
670 30 29 7
671 13 12 4
672 18 17 5
673 39 38 8
674 28 27 9
675 37 37 9
676 35 35 11
677 47 46 12
678 26 25 7
679 31 31 7
680 35 34 10
681 18 17 5
682 29 29 9
683 29 29 7
684 25 24 6
685 30 29 9
686 35 34 8
687 18 17 7
688 33 33 9
689 29 29 9
690 21 20 8
691 28 27 7
692 15 15 5
693 23 23 7
694 31 31 7
695 31 30 10
696 22 21 5
697 31 31 7
698 17 16 4
699 24 23 9
700 25 25 5
701 17 17 7
702 15 14 6
703 16 16 6
704 32 32 8
705 20 19 5
706 11 11 5
707 13 12 4
708 20 19 5
709 19 19 7
710 15 14 4
711 24 23 9
712 17 16 4
713 22 21 7
714 19 18 6
715 22 22 6
716 22 22 6
717 24 23 5
718 13 12 4
719 10 9 5
720 15 14 4
721 16 15 5
722 17 17 5
723 9 9 5
724 9 8 4
725 16 15 5
726 11 10 4
727 20 19 5
728 21 21 9
729 23 22 6
730 16 16 6
731 22 22 6
732 14 14 6
733 16 16 6
734 10 10 4
735 18 17 5
736 15 15 5
737 17 16 6
738 20 19 5
739 17 16 4
740 26 25 7
741 19 19 5
742 13 12 4
743 22 21 5
744 21 20 6
745 20 20 6
746 14 13 5
747 13 12 6
748 18 18 4
749 14 13 5
750 25 24 4
751 16 15 5
752 13 13 5
753 25 25 5
754 17 17 7
755 17 16 6
756 30 29 9
757 13 12 4
758 12 11 5
759 17 16 6
760 20 20 6
761 18 17 5
762 11 11 5
763 19 18 4
764 12 11 5
765 17 16 8
766 10 9 5
767 9 8 4
768 14 13 5
769 15 15 7
770 11 10 4
771 18 17 7
772 25 24 6
773 18 17 5
774 27 26 8
775 20 20 6
776 22 21 7
777 19 18 6
778 14 14 6
779 8 8 4
780 12 11 5
781 15 15 7
782 11 10 4
783 12 11 5
784 15 14 6
785 30 30 8
786 18 17 7
787 11 11 5
788 17 16 6
789 30 30 8
790 10 9 5
791 13 13 5
792 19 18 8
793 12 12 4
794 16 15 5
795 35 34 8
796 12 12 4
797 28 27 7
798 35 34 10
799 38 38 10
800 30 30 8
801 12 12 4
802 10 9 5
803 11 11 5
804 11 10 4
805 20 19 7
806 19 18 6
807 24 23 5
808 17 16 6
809 26 25 7
810 25 24 6
811 10 10 4
812 12 11 5
813 15 14 6
814 14 14 6
815 20 20 6
816 16 16 6
817 26 26 6
818 12 12 6
819 18 18 6
820 18 18 6
821 12 12 6
822 18 18 6
823 28 28 6
824 16 15 5
825 11 11 5
826 29 28 8
827 18 18 4
828 18 17 5
829 15 14 8
830 22 22 6
831 6 6 6
832 13 12 6
833 16 16 4
834 14 13 5
835 13 12 6
836 16 16 8
837 8 8 4
838 14 13 5
839 19 19 7
840 13 13 5
841 15 14 6
842 14 14 6
843 20 20 8
844 24 24 8
845 18 17 5
846 25 24 8
847 18 18 8
848 20 19 7
849 19 18 4
850 26 25 9
851 27 26 8
852 6 5 4
853 26 25 7
854 9 9 5
855 9 8 4
856 18 17 5
857 23 22 8
858 20 19 5
859 9 8 4
860 18 17 7
861 11 11 5
862 21 20 10
863 10 10 4
864 12 11 5
865 15 15 7
866 9 8 4
867 10 9 5
868 27 26 6
869 12 11 5
870 23 22 8
871 20 20 6
872 14 13 5
873 9 9 5
874 17 16 4
875 12 11 5
876 9 8 4
877 16 15 7
878 17 16 6
879 22 21 7
880 9 8 4
881 16 15 5
882 11 10 4
883 18 17 7
884 13 13 5
885 15 15 5
886 15 14 4
887 16 15 5
888 13 12 6
889 6 6 6
890 19 18 6
891 10 9 5
892 15 14 6
893 12 12 4
894 12 11 5
895 13 13 5
896 13 13 5
897 19 18 6
898 20 20 8
899 16 16 6
900 12 12 4
901 20 19 5
902 27 26 8
903 12 12 4
904 12 11 5
905 11 11 5
906 13 12 6
907 10 9 5
908 9 8 4
909 16 15 5
910 11 11 5
911 17 16 6
912 10 10 4
913 10 9 5
914 5 5 5
915 14 13 5
916 11 11 5
917 11 10 4
918 12 11 5
919 15 15 7
920 21 20 6
921 16 16 4
922 10 9 5
923 11 10 4
924 10 9 5
925 13 12 6
926 6 6 6
927 11 10 6
928 10 9 5
929 17 17 5
930 17 16 6
931 24 24 6
932 12 12 6
933 18 18 6
934 14 13 5
935 19 18 6
936 18 18 4
937 14 13 5
938 9 9 5
939 13 13 5
940 19 19 5
941 9 8 4
942 12 11 5
943 11 11 5
944 13 13 5
945 13 12 6
946 28 28 6
947 22 21 5
948 21 20 6
949 20 20 6
950 18 17 7
951 19 18 6
952 6 6 6
953 11 10 4
954 14 13 7
955 9 8 4
956 20 19 7
957 13 12 4
958 12 11 5
959 11 10 4
960 14 13 5
961 17 17 5
962 15 15 7
963 17 16 6
964 14 13 5
965 15 15 5
966 21 20 6
967 14 14 6
968 16 16 6
969 16 15 5
970 13 13 5
971 17 16 8
972 18 18 6
973 12 12 6
974 12 12 4
975 12 11 5
976 9 8 4
977 14 13 5
978 27 27 7
979 25 24 6
980 10 9 5
981 25 25 5
982 21 20 6
983 10 10 4
984 28 27 7
985 21 20 6
986 22 21 7
987 19 18 6
988 14 13 5
989 21 21 7
990 27 26 6
991 34 34 6
992 26 26 6
993 18 18 6
994 26 26 8
995 38 38 10
996 38 37 11
997 29 29 9
998 53 53 13
999 25 25 7
1000 29 29 9
1001 47 46 14
1002 30 30 10
1003 30 29 7
1004 27 27 7
1005 23 22 6
1006 28 28 8
1007 30 29 9
1008 39 39 7
1009 27 26 6
1010 24 23 5
1011 25 25 5
1012 33 33 11
1013 31 31 7
1014 25 25 9
1015 39 38 10
1016 30 30 10
1017 30 29 9
1018 33 32 8
1019 42 42 12
1020 24 24 8
1021 38 38 10
1022 22 21 7
1023 29 29 7
1024 27 26 8
1025 36 36 12
1026 28 28 10
1027 22 22 6
1028 26 26 6
1029 28 28 8
1030 12 12 4
1031 16 15 7
1032 13 12 4
1033 18 17 5
1034 25 24 8
1035 22 22 6
1036 26 26 6
1037 26 25 7
1038 25 24 6
1039 36 35 11
1040 29 28 14
1041 36 36 14
1042 36 35 9
1043 27 26 6
1044 32 32 6
1045 22 21 5
1046 21 20 6
1047 12 12 6
1048 30 29 7
1049 21 20 8
1050 14 14 6
1051 20 20 6
1052 22 22 6
1053 14 13 5
1054 35 34 8
1055 40 40 10
1056 26 26 8
1057 18 18 6
1058 22 22 8
1059 28 27 9
1060 25 24 6
1061 28 27 9
1062 31 31 5
1063 29 29 13
1064 21 21 5
1065 19 19 9
1066 31 30 8
1067 32 32 8
1068 24 24 8
1069 32 32 10
1070 26 26 6
1071 34 33 15
1072 17 17 7
1073 11 11 5
1074 25 24 6
1075 20 19 7
1076 25 24 6
1077 26 25 7
1078 7 6 5
1079 27 26 10
1080 22 22 6
1081 26 26 8
1082 22 21 5
1083 23 23 11
1084 29 28 10
1085 30 29 9
1086 21 21 7
1087 19 19 7
1088 23 22 8
1089 22 22 6
1090 20 19 5
1091 13 13 5
1092 29 28 10
1093 16 15 5
1094 15 14 6
1095 20 19 7
1096 21 21 5
1097 19 19 7
1098 25 25 7
1099 19 19 5
1100 23 22 6
1101 16 15 5
1102 9 9 5
1103 15 14 4
1104 20 19 7
1105 17 16 4
1106 12 11 5
1107 11 10 4
1108 28 27 7
1109 21 21 9
1110 25 25 9
1111 23 23 9
1112 25 24 12
1113 12 12 4
1114 28 27 7
1115 25 25 7
1116 23 23 7
1117 23 22 6
1118 20 20 4
1119 14 13 5
1120 21 20 6
1121 12 11 5
1122 17 17 7
1123 11 10 4
1124 16 15 5
1125 19 18 6
1126 16 15 7
1127 17 16 6
1128 20 19 5
1129 13 13 5
1130 9 8 4
1131 24 23 7
1132 17 16 6
1133 30 30 8
1134 16 15 7
1135 17 16 8
1136 16 16 4
1137 20 19 7
1138 15 14 6
1139 22 22 4
1140 18 17 5
1141 13 12 6
1142 8 8 4
1143 26 25 9
1144 13 13 5
1145 15 14 6
1146 22 22 6
1147 30 29 7
1148 23 22 6
1149 14 14 6
1150 32 32 10
1151 16 16 6
1152 14 13 7
1153 13 12 4
1154 20 19 7
1155 17 16 6
1156 18 18 6
1157 16 15 5
1158 17 17 7
1159 17 16 6
1160 24 23 5
1161 13 12 6
1162 10 10 4
1163 24 23 5
1164 13 13 5
1165 21 20 6
1166 18 18 6
1167 18 18 8
1168 16 16 6
1169 14 14 4
1170 16 15 5
1171 15 15 5
1172 19 18 6
1173 20 19 5
1174 15 14 4
1175 12 11 5
1176 11 10 4
1177 12 11 5
1178 15 14 6
1179 14 13 5
1180 17 16 6
1181 12 12 4
1182 6 5 4
1183 6 5 4
1184 18 17 7
1185 17 17 7
1186 13 12 6
1187 16 15 7
1188 9 8 4
1189 18 17 5
1190 13 12 6
1191 6 6 6
1192 17 17 7
1193 13 12 6
1194 6 5 4
1195 14 13 5
1196 13 13 7
1197 13 13 5
1198 19 18 8
1199 10 10 4
1200 26 25 5
1201 13 13 5
1202 21 21 7
1203 9 8 4
1204 10 9 5
1205 15 15 7
1206 15 14 4
1207 12 11 5
1208 21 20 8
1209 6 6 6
1210 13 12 6
1211 10 10 4
1212 24 23 7
1213 13 12 4
1214 14 13 5
1215 13 12 6
1216 18 18 6
1217 12 11 5
1218 13 13 5
1219 9 9 5
1220 11 10 6
1221 10 10 4
1222 14 13 7
1223 13 12 4
1224 10 9 5
1225 11 11 5
1226 11 10 6
1227 18 17 5
1228 13 12 6
1229 20 19 5
1230 9 9 5
1231 13 13 5
1232 9 9 5
1233 9 9 5
1234 13 12 6
1235 6 6 6
1236 21 20 8
1237 18 17 5
1238 7 6 5
1239 9 8 4
1240 12 11 5
1241 9 9 5
1242 11 10 4
1243 12 11 5
1244 21 20 6
1245 8 8 4
1246 12 11 5
1247 19 18 10
1248 10 10 6
1249 10 10 6
1250 10 9 5
1251 9 8 4
1252 10 9 5
1253 15 15 5
1254 21 20 8
1255 14 13 5
1256 19 18 8
1257 14 14 6
1258 8 8 4
1259 14 13 5
1260 21 21 9
1261 11 10 4
1262 8 7 6
1263 8 8 4
1264 6 5 4
1265 18 17 7
1266 7 6 5
1267 15 14 6
1268 10 10 4
1269 22 21 5
1270 15 15 5
1271 13 13 5
1272 15 14 6
1273 10 9 5
1274 11 10 4
1275 10 9 5
1276 15 15 7
1277 19 18 6
1278 18 18 6
1279 10 10 4
1280 20 19 7
1281 17 16 8
1282 18 18 6
1283 6 6 6
1284 19 18 4
1285 16 15 7
1286 9 9 5
1287 11 10 4
1288 14 13 5
1289 11 10 4
1290 16 15 5
1291 13 12 6
1292 14 13 5
1293 17 17 5
1294 17 16 6
1295 12 11 5
1296 19 18 6
1297 12 12 6
1298 10 9 5
1299 11 10 4
1300 12 11 5
1301 11 10 6
1302 22 22 6
1303 10 9 5
1304 13 12 4
1305 20 19 5
1306 13 12 4
1307 10 9 5
1308 7 6 5
1309 19 18 6
1310 12 12 4
1311 14 13 5
1312 9 9 5
1313 11 10 4
1314 26 25 11
1315 19 18 4
1316 8 7 6
1317 14 13 5
1318 9 9 5
1319 13 12 6
1320 8 8 4
1321 12 11 5
1322 13 12 6
1323 34 34 8
1324 14 14 4
1325 10 9 5
1326 9 8 4
1327 16 15 5
1328 13 12 4
1329 18 17 7
1330 15 14 4
1331 18 17 7
1332 13 12 6
1333 12 12 4
1334 18 17 5
1335 21 21 7
1336 27 26 8
1337 10 10 4
1338 18 17 5
1339 11 10 4
1340 12 11 5
1341 21 21 7
1342 15 14 6
1343 10 9 5
1344 25 25 7
1345 7 6 5
1346 17 16 4
1347 16 15 5
1348 19 19 7
1349 11 11 5
1350 27 26 8
1351 16 15 5
1352 11 10 4
1353 22 21 7
1354 13 13 7
1355 19 18 4
1356 14 13 5
1357 9 8 4
1358 24 23 7
1359 41 40 8
1360 18 18 6
1361 22 22 8
1362 20 20 4
1363 26 25 7
1364 21 20 6
1365 26 25 9
1366 19 19 5
1367 17 17 5
1368 17 16 6
1369 24 24 6
1370 20 20 6
1371 20 20 6
1372 18 18 6
1373 12 12 6
1374 24 24 4
1375 24 23 7
1376 19 18 4
1377 30 29 7
1378 21 21 7
1379 13 12 4
1380 16 15 5
1381 13 13 5
1382 29 28 6
1383 12 11 5
1384 23 22 8
1385 12 12 4
1386 16 15 5
1387 19 18 4
1388 26 25 5
1389 17 16 4
1390 14 13 5
1391 25 25 9
1392 21 21 5
1393 31 31 7
1394 17 16 6
1395 12 12 6
1396 16 16 6
1397 18 17 5
1398 17 16 6
1399 18 18 6
1400 20 20 4
1401 22 21 7
1402 27 26 6
1403 12 12 4
1404 16 15 7
1405 15 15 5
1406 7 7 7
1407 20 20 6
1408 20 20 6
1409 20 20 8
1410 12 12 4
1411 18 17 7
1412 15 14 6
1413 12 12 4
1414 22 21 9
1415 21 20 6
1416 18 17 5
1417 13 13 5
1418 17 16 4
1419 16 15 5
1420 19 19 5
1421 29 29 7
1422 23 22 6
1423 18 17 5
1424 15 14 4
1425 20 19 5
1426 21 20 8
1427 8 8 4
1428 14 13 7
1429 13 12 4
1430 12 11 5
1431 11 10 4
1432 14 13 5
1433 15 15 7
1434 9 8 4
1435 10 9 5
1436 11 10 6
1437 14 14 6
1438 8 8 4
1439 18 17 5
1440 11 10 6
1441 10 10 4
1442 10 9 5
1443 11 10 4
1444 10 9 5
1445 13 12 6
1446 16 15 7
1447 11 11 5
1448 11 10 4
1449 26 25 5
1450 13 12 4
1451 16 15 7
1452 19 18 6
1453 16 15 5
1454 13 12 4
1455 10 9 5
1456 11 10 4
1457 10 9 5
1458 13 12 4
1459 12 11 5
1460 11 11 5
1461 11 10 6
1462 8 8 4
1463 10 9 5
1464 13 13 5
1465 17 17 5
1466 15 14 8
1467 12 12 6
1468 14 14 6
1469 8 8 4
1470 12 11 7
1471 31 31 5
1472 13 13 5
1473 17 16 6
1474 12 12 6
1475 8 8 4
1476 18 17 5
1477 15 15 7
1478 23 22 6
1479 12 11 5
1480 17 16 6
1481 22 22 8
1482 18 18 6
1483 10 10 4
1484 12 11 5
1485 13 13 5
1486 27 26 6
1487 16 15 7
1488 15 14 4
1489 20 19 7
1490 11 10 4
1491 26 25 7
1492 21 21 5
1493 11 11 5
1494 31 30 6
1495 14 14 6
1496 26 25 7
1497 9 9 5
1498 35 34 6
1499 28 27 7
1500 45 44 8
1501 26 26 6
1502 18 17 5
1503 15 14 4
1504 46 45 11
1505 15 14 4
1506 36 35 11
1507 19 18 6
1508 32 32 10
1509 18 18 8
1510 16 16 4
1511 22 21 5
1512 27 26 8
1513 28 28 6
1514 8 8 4
1515 20 19 7
1516 31 31 7
1517 33 33 7
1518 17 16 4
1519 24 23 7
1520 21 20 6
1521 22 21 7
1522 25 25 5
1523 25 25 9
1524 23 22 4
1525 22 21 7
1526 19 19 5
1527 23 23 7
1528 17 16 6
1529 16 16 4
1530 24 23 5
1531 17 17 5
1532 19 19 7
1533 31 31 9
1534 29 28 4
1535 30 29 15
1536 19 18 6
1537 24 24 6
1538 28 27 5
1539 23 23 5
1540 23 23 5
1541 23 22 8
1542 40 40 6
1543 42 41 9
1544 29 29 7
1545 31 30 6
1546 22 21 7
1547 15 15 5
1548 17 16 4
1549 26 25 7
1550 29 28 6
1551 20 20 8
1552 16 16 6
1553 22 21 5
1554 27 27 11
1555 19 19 5
1556 15 14 6
1557 12 12 4
1558 26 25 5
1559 23 22 6
1560 16 15 5
1561 25 25 5
1562 21 20 6
1563 18 17 7
1564 17 17 5
1565 33 32 8
1566 28 27 7
1567 23 22 6
1568 20 20 6
1569 20 19 5
1570 21 20 6
1571 24 24 8
1572 22 21 7
1573 7 6 5
1574 35 34 8
1575 20 20 6
1576 24 24 8
1577 14 13 5
1578 19 18 6
1579 18 18 6
1580 22 21 7
1581 23 23 7
1582 25 24 6
1583 26 25 7
1584 21 21 7
1585 17 17 5
1586 25 25 7
1587 31 30 6
1588 20 19 7
1589 9 9 5
1590 19 18 4
1591 26 25 5
1592 11 11 7
1593 23 22 8
1594 24 24 8
1595 16 15 5
1596 21 21 7
1597 39 38 12
1598 18 18 6
1599 12 12 4
1600 14 13 5
1601 7 6 5
1602 27 26 6
1603 16 15 5
1604 19 18 6
1605 16 15 5
1606 17 17 7
1607 21 20 8
1608 18 18 6
1609 20 20 6
1610 14 13 5
1611 13 13 5
1612 19 18 6
1613 18 17 7
1614 13 12 4
1615 16 15 7
1616 25 25 7
1617 19 18 4
1618 18 17 7
1619 15 14 6
1620 28 28 10
1621 14 14 4
1622 20 19 9
1623 13 12 6
1624 20 20 6
1625 12 11 5
1626 17 17 7
1627 11 11 5
1628 11 11 5
1629 23 23 7
1630 11 11 5
1631 25 24 8
1632 16 15 5
1633 13 13 5
1634 27 26 6
1635 16 15 5
1636 19 19 7
1637 13 12 6
1638 12 12 4
1639 14 13 5
1640 21 20 6
1641 16 15 5
1642 17 16 6
1643 30 30 8
1644 22 22 4
1645 30 29 5
1646 27 27 9
1647 15 15 5
1648 21 20 6
1649 34 34 10
1650 30 30 8
1651 24 24 6
1652 24 23 7
1653 35 34 6
1654 28 27 5
1655 23 23 7
1656 27 26 8
1657 22 21 7
1658 35 34 6
1659 36 35 7
1660 35 35 13
1661 29 28 6
1662 24 23 5
1663 25 25 9
1664 19 19 7
1665 27 27 7
1666 33 32 8
1667 26 25 7
1668 21 20 8
1669 28 28 6
1670 20 20 6
1671 14 13 5
1672 21 20 6
1673 16 16 4
1674 14 13 5
1675 13 12 4
1676 36 35 15
1677 21 21 7
1678 11 10 4
1679 16 15 5
1680 19 18 6
1681 12 12 6
1682 20 20 6
1683 14 13 5
1684 15 14 4
1685 12 11 5
1686 7 6 5
1687 21 20 6
1688 16 16 4
1689 12 11 5
1690 11 10 4
1691 14 13 5
1692 19 18 6
1693 20 20 8
1694 10 10 4
1695 14 13 5
1696 11 11 5
1697 19 18 6
1698 10 10 4
1699 16 15 5
1700 9 9 5
1701 13 13 5
1702 15 15 7
1703 15 15 5
1704 7 6 5
1705 7 6 5
1706 7 6 5
1707 13 12 6
1708 12 12 6
1709 16 16 6
1710 22 22 8
1711 18 18 6
1712 16 16 8
1713 20 20 6
1714 12 11 5
1715 11 10 4
1716 12 11 5
1717 9 8 4
1718 16 15 5
1719 9 9 5
1720 17 17 5
1721 25 24 8
1722 20 20 6
1723 14 14 4
1724 16 15 5
1725 15 14 6
1726 14 13 7
1727 21 20 4
1728 30 29 7
1729 19 18 4
1730 20 19 7
1731 17 17 5
1732 11 11 5
1733 19 18 4
1734 20 19 5
1735 13 13 5
1736 11 10 6
1737 12 12 6
1738 16 16 8
1739 12 11 5
1740 11 10 4
1741 18 17 5
1742 11 10 4
1743 12 11 5
1744 11 10 4
1745 6 5 4
1746 16 15 5
1747 19 19 9
1748 15 14 6
1749 18 18 6
1750 12 12 4
1751 14 13 5
1752 13 12 6
1753 12 12 6
1754 12 12 6
1755 16 16 6
1756 12 12 6
1757 6 6 6
1758 15 14 6
1759 14 14 6
1760 12 12 6
1761 18 17 5
1762 25 25 5
1763 21 21 7
1764 13 12 6
1765 10 10 4
1766 12 11 7
1767 11 10 4
1768 16 15 5
1769 17 16 6
1770 16 15 5
1771 17 17 5
1772 11 11 5
1773 13 13 5
1774 17 17 5
1775 15 15 5
1776 21 20 8
1777 16 16 6
1778 12 12 6
1779 22 22 6
1780 12 11 5
1781 23 23 5
1782 23 22 8
1783 18 17 7
1784 19 18 8
1785 12 12 6
1786 6 6 6
1787 11 10 4
1788 14 13 5
1789 9 8 4
1790 14 13 5
1791 11 10 6
1792 8 8 4
1793 6 5 4
1794 14 13 5
1795 15 14 6
1796 18 17 9
1797 13 12 4
1798 16 15 5
1799 11 10 4
1800 18 17 7
1801 29 28 6
1802 8 8 4
1803 18 17 7
1804 13 12 6
1805 10 9 5
1806 11 11 5
1807 13 12 6
1808 12 12 4
1809 24 23 7
1810 17 17 5
1811 17 16 6
1812 14 13 5
1813 25 25 5
1814 23 23 5
1815 25 24 6
1816 18 18 6
1817 6 5 4
1818 20 19 7
1819 13 12 4
1820 16 15 5
1821 19 18 4
1822 24 23 5
1823 21 21 5
1824 13 12 4
1825 12 11 5
1826 17 16 6
1827 10 10 4
1828 22 21 5
1829 13 12 4
1830 12 11 5
1831 11 10 4
1832 12 11 5
1833 15 14 4
1834 16 15 7
1835 21 20 4
1836 16 15 5
1837 23 23 5
1838 17 17 7
1839 13 12 4
1840 20 19 7
1841 23 22 8
1842 24 24 6
1843 26 25 5
1844 35 34 8
1845 38 38 6
1846 12 12 4
1847 22 21 7
1848 35 34 8
1849 26 26 6
1850 30 30 6
1851 32 31 7
1852 17 17 5
1853 23 23 7
1854 29 29 7
1855 33 33 9
1856 19 18 6
1857 26 26 8
1858 22 21 5
1859 33 33 7
1860 27 26 6
1861 36 36 10
1862 40 40 10
1863 28 28 8
1864 26 25 7
1865 25 25 9
1866 31 30 6
1867 36 35 9
1868 27 27 7
1869 27 26 10
1870 42 42 14
1871 32 32 8
1872 34 34 12
1873 42 42 12
1874 30 29 11
1875 47 47 11
1876 27 26 8
1877 32 32 8
1878 24 24 6
1879 30 29 7
1880 33 33 9
1881 35 34 8
1882 32 32 10
1883 42 41 9
1884 35 34 16
1885 50 50 12
1886 24 24 6
1887 60 59 21
1888 27 27 7
1889 25 24 4
1890 24 23 7
1891 35 35 7
1892 25 25 5
1893 35 34 8
1894 38 38 10
1895 18 18 6
1896 12 12 6
1897 44 44 6
1898 58 57 11
1899 21 21 5
1900 25 25 9
1901 29 28 6
1902 30 29 7
1903 33 32 8
1904 32 32 10
1905 38 37 7
1906 33 33 7
1907 25 24 6
1908 38 38 8
1909 24 24 6
1910 28 27 7
1911 43 42 12
1912 48 47 13
1913 45 45 11
1914 39 38 10
1915 38 38 12
1916 26 25 7
1917 21 20 8
1918 52 52 12
1919 30 30 8
1920 46 45 11
1921 29 28 8
1922 46 45 15
1923 39 38 14
1924 32 32 8
1925 28 28 6
1926 34 33 15
1927 41 41 11
1928 47 47 9
1929 29 29 9
1930 27 27 9
1931 21 20 6
1932 28 27 7
1933 33 33 7
1934 25 25 7
1935 33 32 8
1936 42 42 14
1937 30 29 9
1938 39 39 9
1939 45 44 10
1940 32 31 9
1941 17 16 4
1942 28 27 7
1943 23 23 7
1944 25 25 9
1945 27 26 6
1946 36 35 13
1947 33 32 6
1948 22 21 5
1949 25 25 9
1950 27 27 7
1951 29 28 8
1952 16 16 4
1953 22 21 7
1954 19 18 4
1955 20 19 5
1956 25 25 7
1957 19 19 5
1958 21 21 7
1959 27 27 5
1960 27 27 7
1961 19 19 7
1962 23 23 7
1963 29 28 8
1964 26 25 7
1965 21 21 5
1966 19 19 5
1967 21 21 7
1968 21 20 6
1969 24 24 8
1970 26 25 9
1971 17 16 4
1972 26 25 7
1973 31 31 7
1974 21 21 5
1975 23 23 5
1976 13 12 6
1977 20 20 6
1978 20 20 6
1979 30 30 6
1980 24 23 9
1981 17 16 6
1982 14 13 5
1983 15 15 7
1984 15 14 4
1985 10 9 5
1986 19 18 6
1987 18 18 4
1988 14 13 5
1989 21 21 5
1990 17 17 5
1991 13 13 5
1992 11 10 4
1993 20 19 5
1994 15 15 5
1995 21 21 5
1996 13 13 5
1997 19 18 6
1998 6 6 6
1999 21 20 6
2000 14 13 5
2001 13 12 6
2002 12 12 4
2003 18 17 7
2004 23 22 6
2005 8 8 4
2006 20 19 5
2007 19 18 6
2008 6 6 6
2009 17 16 6
2010 14 13 5
2011 21 21 7
2012 15 15 5
2013 13 13 5
2014 23 22 6
2015 26 26 6
2016 20 20 6
2017 20 19 7
2018 11 10 6
2019 14 14 4
2020 20 19 5
2021 19 19 5
2022 19 19 7
2023 15 14 6
2024 14 13 5
2025 15 14 6
2026 20 20 6
2027 14 14 6
2028 16 16 6
2029 14 13 5
2030 5 5 5
2031 8 7 6
2032 8 8 4
2033 16 15 5
2034 17 17 7
2035 17 16 4
2036 24 23 7
2037 13 12 4
2038 12 11 5
2039 13 13 5
2040 11 10 4
2041 14 13 7
2042 9 9 5
2043 17 16 6
2044 16 16 6
2045 12 12 4
2046 28 27 7
2047 11 10 4
2048 10 9 5
2049 9 8 4
2050 12 11 5
2051 11 11 5
2052 5 5 5
2053 6 5 4
2054 10 9 5
2055 13 13 5
2056 17 16 6
2057 24 23 5
2058 25 25 5
2059 21 21 5
2060 19 19 7
2061 15 15 7
2062 19 18 6
2063 18 17 5
2064 13 13 5
2065 11 11 5
2066 13 13 5
2067 13 13 5
2068 15 14 6
2069 14 13 7
2070 23 22 6
2071 22 21 5
2072 21 20 6
2073 26 25 7
2074 15 14 4
2075 10 9 5
2076 11 10 6
2077 16 16 8
2078 22 21 5
2079 11 10 4
2080 16 15 5
2081 9 8 4
2082 26 25 7
2083 29 29 9
2084 13 12 6
2085 6 6 6
2086 11 10 4
2087 14 13 5
2088 13 12 6
2089 12 12 6
2090 14 14 6
2091 10 10 4
2092 6 5 4
2093 20 19 7
2094 9 8 4
2095 10 9 5
2096 9 9 5
2097 7 6 5
2098 21 21 5
2099 19 19 5
2100 19 19 5
2101 5 5 5
2102 12 11 5
2103 15 15 5
2104 11 10 4
2105 6 5 4
2106 12 11 5
2107 17 16 6
2108 16 16 4
2109 12 11 5
2110 13 12 6
2111 8 8 4
2112 24 23 5
2113 21 21 7
2114 15 14 4
2115 12 11 5
2116 9 9 5
2117 15 14 6
2118 18 18 6
2119 16 16 6
2120 40 40 8
2121 24 24 4
2122 28 27 7
2123 23 22 8
2124 30 29 5
2125 21 21 5
2126 23 22 4
2127 22 21 5
2128 25 25 7
2129 23 22 6
2130 24 23 5
2131 21 20 6
2132 24 24 6
2133 26 26 6
2134 24 23 5
2135 33 32 8
2136 26 25 7
2137 33 33 7
2138 33 32 8
2139 52 52 12
2140 28 28 8
2141 26 26 6
2142 16 15 5
2143 19 18 4
2144 20 19 5
2145 19 19 5
2146 41 40 8
2147 30 29 7
2148 25 24 6
2149 20 19 5
2150 27 27 7
2151 23 22 6
2152 32 31 9
2153 23 22 8
2154 24 23 5
2155 23 23 9
2156 37 36 6
2157 20 20 8
2158 28 28 6
2159 18 18 6
2160 34 33 7
2161 21 20 8
2162 32 32 10
2163 22 21 5
2164 13 13 5
2165 19 18 6
2166 28 28 8
2167 26 26 10
2168 20 20 8
2169 26 26 10
2170 26 26 6
2171 28 28 8
2172 20 20 6
2173 26 25 5
2174 15 14 4
2175 32 31 11
2176 25 24 6
2177 32 32 10
2178 24 24 10
2179 36 36 14
2180 14 13 5
2181 31 30 6
2182 28 28 10
2183 24 24 6
2184 14 14 4
2185 12 11 5
2186 35 35 15
2187 19 18 4
2188 26 25 7
2189 23 22 6
2190 18 18 8
2191 18 18 6
2192 20 20 6
2193 30 30 4
2194 22 21 7
2195 31 30 6
2196 18 17 7
2197 21 20 6
2198 18 18 6
2199 16 15 5
2200 17 17 7
2201 29 28 10
2202 24 24 8
2203 6 6 6
2204 23 22 6
2205 14 14 4
2206 16 15 5
2207 21 20 6
2208 22 22 6
2209 12 11 5
2210 21 21 5
2211 15 14 4
2212 18 17 7
2213 19 18 4
2214 28 27 9
2215 15 14 6
2216 18 18 6
2217 36 35 5
2218 13 13 5
2219 21 21 7
2220 11 11 5
2221 21 20 4
2222 22 21 5
2223 23 22 10
2224 18 17 7
2225 13 13 5
2226 19 18 8
2227 20 20 6
2228 22 21 7
2229 23 23 5
2230 25 25 11
2231 13 12 6
2232 28 28 8
2233 12 12 4
2234 22 21 5
2235 13 13 5
2236 31 30 10
2237 28 27 9
2238 17 16 6
2239 10 9 5
2240 23 23 5
2241 11 11 5
2242 15 14 6
2243 24 23 9
2244 17 17 7
2245 11 10 4
2246 10 9 5
2247 21 21 9
2248 5 5 5
2249 14 13 7
2250 17 16 4
2251 12 11 5
2252 17 17 5
2253 13 13 5
2254 17 16 6
2255 14 14 6
2256 22 22 4
2257 14 13 5
2258 11 11 5
2259 15 15 5
2260 13 12 4
2261 14 13 5
2262 13 12 4
2263 16 15 5
2264 11 11 5
2265 11 10 4
2266 12 11 5
2267 11 10 4
2268 12 11 5
2269 17 17 5
2270 15 15 5
2271 5 5 5
2272 12 11 5
2273 5 5 5
2274 20 19 5
2275 9 9 5
2276 21 21 9
2277 13 13 5
2278 13 13 5
2279 13 12 4
2280 6 5 4
2281 18 17 7
2282 13 12 6
2283 8 8 4
2284 12 11 5
2285 19 19 7
2286 15 15 5
2287 15 15 7
2288 13 12 6
2289 8 8 4
2290 10 9 5
2291 11 11 5
2292 11 10 4
2293 6 5 4
2294 24 23 7
2295 17 16 4
2296 22 21 7
2297 9 9 5
2298 11 10 4
2299 6 5 4
2300 6 5 4
2301 10 9 5
2302 9 8 4
2303 16 15 7
2304 13 13 7
2305 19 18 6
2306 18 18 6
2307 18 18 8
2308 22 21 9
2309 21 20 4
2310 16 15 7
2311 11 10 6
2312 10 10 6
2313 16 16 6
2314 18 17 5
2315 11 11 5
2316 9 8 4
2317 12 11 7
2318 11 10 4
2319 16 15 7
2320 19 18 8
2321 12 12 4
2322 6 5 4
2323 18 17 5
2324 17 17 5
2325 7 7 7
2326 12 12 6
2327 6 6 6
2328 9 8 4
2329 10 9 5
2330 9 8 4
2331 12 11 5
2332 15 14 4
2333 18 17 7
2334 7 6 5
2335 9 9 5
2336 21 21 7
2337 13 13 5
2338 13 12 6
2339 10 10 4
2340 10 9 5
2341 11 10 4
2342 10 9 5
2343 13 13 5
2344 13 12 6
2345 16 15 7
2346 9 9 5
2347 7 7 7
2348 12 12 4
2349 14 13 5
2350 13 12 4
2351 14 13 5
2352 9 9 5
2353 11 10 6
2354 12 12 6
2355 10 10 6
2356 6 6 6
2357 15 14 6
2358 6 6 6
2359 11 10 4
2360 16 15 7
2361 15 14 4
2362 10 9 5
2363 5 5 5
2364 14 13 5
2365 11 10 6
2366 6 6 6
2367 11 11 5
2368 7 6 5
2369 15 14 6
2370 14 14 4
2371 14 13 5
2372 11 11 5
2373 13 13 5
2374 7 6 5
2375 7 6 5
2376 11 10 6
2377 14 14 6
2378 8 8 4
2379 12 11 7
2380 13 12 6
2381 10 10 6
2382 14 14 6
2383 12 11 5
2384 9 8 4
2385 14 13 5
2386 15 15 7
2387 9 8 4
2388 14 13 5
2389 5 5 5
2390 10 9 5
2391 11 11 5
2392 13 12 4
2393 16 15 5
2394 15 15 9
2395 13 12 4
2396 12 11 5
2397 7 7 7
2398 12 11 5
2399 11 10 4
2400 16 15 5
2401 9 9 5
2402 19 18 6
2403 16 16 6
2404 12 12 4
2405 14 13 5
2406 9 9 5
2407 13 13 7
2408 15 14 6
2409 14 14 6
2410 12 11 5
2411 17 16 6
2412 10 10 4
2413 22 21 7
2414 15 15 5
2415 11 11 5
2416 9 9 5
2417 11 11 5
2418 13 12 4
2419 24 23 7
2420 21 20 4
2421 14 13 5
2422 15 14 4
2423 34 33 9
2424 37 36 6
2425 32 31 7
2426 23 22 4
2427 26 25 7
2428 13 13 5
2429 23 22 8
2430 32 32 6
2431 16 16 6
2432 16 15 5
2433 19 18 8
2434 18 17 5
2435 33 33 7
2436 25 24 6
2437 38 38 8
2438 24 24 6
2439 28 28 10
2440 40 39 11
2441 35 34 6
2442 24 23 7
2443 25 24 6
2444 28 27 7
2445 37 37 9
2446 23 23 5
2447 25 24 4
2448 26 25 9
2449 41 41 11
2450 27 27 7
2451 27 27 9
2452 57 56 10
2453 34 33 5
2454 31 30 6
2455 32 32 10
2456 48 48 10
2457 36 35 7
2458 21 21 7
2459 37 36 8
2460 46 45 15
2461 39 38 8
2462 36 35 7
2463 33 32 8
2464 32 32 10
2465 24 24 4
2466 26 25 7
2467 27 27 7
2468 25 25 5
2469 33 33 9
2470 39 38 10
2471 18 17 5
2472 33 33 7
2473 21 20 8
2474 22 22 8
2475 20 19 5
2476 23 23 9
2477 29 28 8
2478 20 19 9
2479 31 31 7
2480 17 17 5
2481 23 22 8
2482 16 16 6
2483 18 18 4
2484 24 23 5
2485 31 31 7
2486 21 20 4
2487 26 25 7
2488 37 37 9
2489 17 17 7
2490 19 18 6
2491 26 25 7
2492 17 17 7
2493 19 18 6
2494 22 22 6
2495 22 22 6
2496 14 13 5
2497 19 18 8
2498 26 26 6
2499 14 13 5
2500 17 16 6
2501 18 18 6
2502 24 23 7
2503 15 14 6
2504 10 9 5
2505 9 9 5
2506 13 13 7
2507 19 18 6
2508 20 20 6
2509 22 22 6
2510 24 23 5
2511 23 23 7
2512 17 16 4
2513 16 15 5
2514 19 19 5
2515 15 15 5
2516 15 15 5
2517 19 18 6
2518 22 21 5
2519 15 14 6
2520 16 15 5
2521 11 11 5
2522 21 21 7
2523 9 8 4
2524 18 17 7
2525 11 11 5
2526 25 24 8
2527 12 12 6
2528 14 14 6
2529 24 24 6
2530 16 15 7
2531 21 20 4
2532 16 15 5
2533 13 12 6
2534 10 10 4
2535 18 17 5
2536 11 10 4
2537 22 21 7
2538 15 14 6
2539 14 14 6
2540 18 18 8
2541 16 15 5
2542 15 15 5
2543 27 27 7
2544 17 16 4
2545 14 13 5
2546 11 10 6
2547 12 12 4
2548 20 19 7
2549 19 18 6
2550 12 12 4
2551 22 21 7
2552 13 12 6
2553 20 20 4
2554 14 13 7
2555 19 18 4
2556 22 21 5
2557 21 21 5
2558 21 20 6
2559 20 20 6
2560 18 18 6
2561 22 21 5
2562 19 19 5
2563 27 26 4
2564 28 27 7
2565 21 20 8
2566 10 10 4
2567 16 15 7
2568 15 14 4
2569 32 31 7
2570 21 21 5
2571 21 21 7
2572 17 16 6
2573 18 18 6
2574 24 24 6
2575 26 26 6
2576 10 10 4
2577 36 35 9
2578 17 16 4
2579 30 29 7
2580 27 27 9
2581 19 18 6
2582 16 16 4
2583 20 19 5
2584 17 17 5
2585 23 22 6
2586 18 17 5
2587 21 20 6
2588 20 20 4
2589 20 19 5
2590 23 22 8
2591 14 14 4
2592 16 15 5
2593 21 21 5
2594 11 11 5
2595 25 24 8
2596 16 16 6
2597 18 18 6
2598 22 22 8
2599 20 20 6
2600 22 22 6
2601 14 14 4
2602 14 13 5
2603 23 22 8
2604 10 9 5
2605 13 12 4
2606 12 11 5
2607 13 13 5
2608 19 19 7
2609 13 12 6
2610 26 26 8
2611 20 20 6
2612 14 14 6
2613 10 10 4
2614 14 13 5
2615 15 15 5
2616 17 17 7
2617 11 10 6
2618 20 20 6
2619 22 22 6
2620 16 16 6
2621 18 18 6
2622 14 14 4
2623 14 13 5
2624 13 12 4
2625 12 11 5
2626 13 13 5
2627 11 11 5
2628 7 6 5
2629 23 22 6
2630 16 15 5
2631 17 16 4
2632 12 11 5
2633 17 16 6
2634 16 16 6
2635 24 23 5
2636 13 13 7
2637 13 12 4
2638 10 9 5
2639 19 19 5
2640 9 9 5
2641 13 12 4
2642 14 13 5
2643 15 14 6
2644 20 19 7
2645 11 11 5
2646 13 12 6
2647 10 10 6
2648 20 20 4
2649 12 11 5
2650 17 16 6
2651 8 8 4
2652 20 19 5
2653 13 13 5
2654 15 14 6
2655 14 13 7
2656 19 18 6
2657 12 12 4
2658 10 9 5
2659 13 13 5
2660 15 14 8
2661 26 25 7
2662 9 8 4
2663 12 11 7
2664 13 13 7
2665 13 12 6
2666 10 10 4
2667 12 11 5
2668 17 16 6
2669 14 14 4
2670 14 13 5
2671 15 14 6
2672 6 6 6
2673 7 6 5
2674 15 15 7
2675 5 5 5
2676 14 13 5
2677 13 13 5
2678 11 11 5
2679 13 12 6
2680 26 25 7
2681 17 17 5
2682 17 17 5
2683 19 18 8
2684 6 5 4
2685 18 17 7
2686 7 6 5
2687 19 18 4
2688 14 13 5
2689 17 16 6
2690 10 9 5
2691 9 8 4
2692 18 17 5
2693 15 14 6
2694 12 11 5
2695 15 14 6
2696 20 20 4
2697 24 23 9
2698 15 14 6
2699 10 10 4
2700 22 21 7
2701 23 22 10
2702 22 22 8
2703 18 18 6
2704 30 30 8
2705 16 15 7
2706 25 25 5
2707 25 25 7
2708 27 27 7
2709 19 18 6
2710 26 25 5
2711 19 18 4
2712 20 19 5
2713 29 29 7
2714 31 31 11
2715 31 30 8
2716 28 27 7
2717 29 29 9
2718 29 28 6
2719 20 20 8
2720 18 17 5
2721 29 28 8
2722 20 20 6
2723 26 25 9
2724 25 24 8
2725 28 28 6
2726 24 24 8
2727 28 28 6
2728 32 32 8
2729 30 30 10
2730 34 33 9
2731 33 32 12
2732 22 22 6
2733 30 30 8
2734 44 43 9
2735 29 28 8
2736 44 44 10
2737 20 20 6
2738 34 33 11
2739 37 36 12
2740 22 22 8
2741 16 16 4
2742 20 19 7
2743 23 22 6
2744 22 21 7
2745 29 28 10
2746 32 31 11
2747 25 24 6
2748 20 19 5
2749 15 14 6
2750 28 27 11
2751 35 34 10
2752 12 12 4
2753 20 19 7
2754 23 22 10
2755 38 38 12
2756 26 26 8
2757 22 22 8
2758 26 26 6
2759 34 34 8
2760 26 26 6
2761 22 21 9
2762 19 18 6
2763 24 24 6
2764 38 37 15
2765 17 16 6
2766 40 39 11
2767 35 35 9
2768 27 26 8
2769 26 26 8
2770 40 39 11
2771 41 40 14
2772 28 28 10
2773 28 28 10
2774 30 29 9
2775 41 40 12
2776 18 18 8
2777 44 43 15
2778 21 20 6
2779 22 22 6
2780 20 19 7
2781 31 30 12
2782 28 28 10
2783 38 38 10
2784 26 26 8
2785 24 24 8
2786 16 16 4
2787 26 25 9
2788 35 34 14
2789 24 23 5
2790 15 15 5
2791 13 13 7
2792 39 38 12
2793 20 19 7
2794 31 30 8
2795 26 25 7
2796 37 37 13
2797 45 44 16
2798 26 25 11
2799 21 20 8
2800 14 14 6
2801 16 16 6
2802 14 13 5
2803 11 11 5
2804 13 13 5
2805 25 25 5
2806 37 37 9
2807 21 21 9
2808 39 38 10
2809 28 27 9
2810 11 11 5
2811 37 37 11
2812 9 9 5
2813 31 31 11
2814 17 16 4
2815 24 23 9
2816 29 28 8
2817 10 9 5
2818 23 22 8
2819 16 16 6
2820 28 27 5
2821 13 13 5
2822 29 28 8
2823 10 9 5
2824 17 17 5
2825 19 19 7
2826 17 16 6
2827 18 18 6
2828 8 8 4
2829 10 9 5
2830 13 12 6
2831 16 16 6
2832 12 12 6
2833 10 10 4
2834 12 11 5
2835 13 12 4
2836 16 15 5
2837 11 11 7
2838 13 12 6
2839 14 14 4
2840 14 13 5
2841 17 16 4
2842 34 33 9
2843 17 17 5
2844 19 19 5
2845 13 13 5
2846 25 25 9
2847 13 13 5
2848 17 17 5
2849 11 11 5
2850 11 11 5
2851 13 12 6
2852 18 18 4
2853 30 29 5
2854 21 21 5
2855 21 21 7
2856 15 14 6
2857 12 12 4
2858 12 11 5
2859 17 16 6
2860 10 10 4
2861 12 11 5
2862 15 14 6
2863 14 13 5
2864 13 12 6
2865 12 12 6
2866 18 18 6
2867 16 15 5
2868 5 5 5
2869 24 23 5
2870 15 14 6
2871 22 22 8
2872 16 15 5
2873 11 10 6
2874 14 14 6
2875 18 18 6
2876 14 14 6
2877 10 9 5
2878 7 6 5
2879 17 16 4
2880 26 25 7
2881 9 9 5
2882 11 10 6
2883 6 6 6
2884 11 10 6
2885 20 19 5
2886 19 19 9
2887 15 15 5
2888 15 15 5
2889 31 30 6
2890 18 18 6
2891 22 21 5
2892 9 9 5
2893 17 16 6
2894 20 20 6
2895 14 14 4
2896 10 9 5
2897 15 14 6
2898 20 19 7
2899 19 18 6
2900 12 12 4
2901 18 17 5
2902 13 13 7
2903 17 16 4
2904 14 13 5
2905 17 17 5
2906 13 13 5
2907 13 12 6
2908 10 10 4
2909 18 17 5
2910 17 16 6
2911 22 22 6
2912 22 22 10
2913 16 16 6
2914 24 24 8
2915 12 12 4
2916 26 25 7
2917 15 14 4
2918 14 13 5
2919 19 18 6
2920 10 9 5
2921 11 11 5
2922 15 14 4
2923 12 11 5
2924 17 16 6
2925 22 21 5
2926 19 19 5
2927 19 18 6
2928 18 18 6
2929 10 10 6
2930 10 10 4
2931 12 11 5
2932 19 18 4
2933 18 17 5
2934 15 14 6
2935 10 10 4
2936 18 17 5
2937 13 13 5
2938 17 17 5
2939 17 16 6
2940 10 9 5
2941 13 13 5
2942 9 9 5
2943 15 15 5
2944 17 16 6
2945 18 17 5
2946 17 16 6
2947 12 12 4
2948 14 13 5
2949 11 11 5
2950 17 16 4
2951 32 31 7
2952 15 15 5
2953 21 21 7
2954 23 22 6
2955 16 16 6
2956 16 15 5
2957 19 19 5
2958 15 14 6
2959 26 26 8
2960 22 22 6
2961 16 16 6
2962 22 22 6
2963 26 25 7
2964 15 14 8
2965 34 34 16
2966 24 24 8
2967 34 33 13
2968 21 21 9
2969 21 21 5
2970 33 32 10
2971 30 30 10
2972 26 25 5
2973 17 17 5
2974 21 20 6
2975 22 21 5
2976 19 18 6
2977 14 14 4
2978 28 27 7
2979 21 20 6
2980 18 18 6
2981 14 13 5
2982 17 17 5
2983 15 15 7
2984 15 14 6
2985 18 18 4
2986 22 21 7
2987 23 23 9
2988 17 16 6
2989 18 18 6
2990 24 23 7
2991 23 22 8
2992 16 16 6
2993 22 21 5
2994 21 21 5
2995 31 31 7
2996 29 28 8
2997 24 23 5
2998 39 38 10
2999 24 24 8
3000 30 29 7
3001 13 13 5
3002 19 18 6
3003 24 24 4
3004 30 29 9
3005 25 25 5
3006 27 27 7
3007 25 25 5
3008 27 27 13
3009 23 22 8
3010 26 26 8
3011 12 12 4
3012 20 19 7
3013 27 26 6
3014 26 25 5
3015 19 18 8
3016 26 25 7
3017 13 12 6
3018 18 18 6
3019 36 36 8
3020 14 14 6
3021 22 21 7
3022 29 28 8
3023 20 20 8
3024 32 32 18
3025 18 18 6
3026 18 18 6
3027 22 22 6
3028 30 30 12
3029 32 31 11
3030 21 21 5
3031 27 26 8
3032 22 22 6
3033 36 35 13
3034 25 25 7
3035 19 19 7
3036 25 25 7
3037 23 23 9
3038 31 30 8
3039 30 30 8
3040 30 29 9
3041 27 26 6
3042 36 36 10
3043 30 30 10
3044 32 32 8
3045 28 28 10
3046 30 30 10
3047 26 25 9
3048 27 26 10
3049 14 13 5
3050 31 31 9
3051 29 28 8
3052 18 18 6
3053 14 14 6
3054 16 15 5
3055 17 17 7
3056 19 18 6
3057 26 26 8
3058 24 23 9
3059 21 21 7
3060 21 20 6
3061 16 16 8
3062 24 23 9
3063 21 21 7
3064 21 20 6
3065 16 15 7
3066 25 25 7
3067 15 14 6
3068 18 17 7
3069 21 20 6
3070 26 26 12
3071 24 24 6
3072 14 13 7
3073 17 16 6
3074 14 13 5
3075 25 24 6
3076 22 21 7
3077 21 20 6
3078 22 22 6
3079 18 18 6
3080 18 18 6
3081 22 21 7
3082 11 10 4
3083 22 21 5
3084 15 15 5
3085 13 12 4
3086 18 17 7
3087 13 13 5
3088 17 17 5
3089 31 30 8
3090 10 10 4
3091 16 15 7
3092 15 14 4
3093 12 11 5
3094 13 13 5
3095 17 16 6
3096 12 11 5
3097 17 16 6
3098 10 10 4
3099 14 13 5
3100 27 26 6
3101 14 13 5
3102 19 19 5
3103 21 20 6
3104 24 24 8
3105 14 13 7
3106 33 32 6
3107 18 18 6
3108 28 28 8
3109 22 21 7
3110 27 26 8
3111 18 17 7
3112 23 22 6
3113 30 30 8
3114 36 35 9
3115 23 23 7
3116 29 28 10
3117 28 28 6
3118 30 30 8
3119 46 45 13
3120 25 25 7
3121 19 18 6
3122 32 32 6
3123 28 27 5
3124 25 24 6
3125 34 33 9
3126 37 36 8
3127 32 32 6
3128 42 42 10
3129 26 25 5
3130 27 27 7
3131 33 32 8
3132 30 30 8
3133 12 11 5
3134 27 27 7
3135 33 32 14
3136 24 23 7
3137 27 26 8
3138 22 21 7
3139 21 20 6
3140 24 23 9
3141 27 26 10
3142 10 10 4
3143 20 19 7
3144 21 20 8
3145 16 16 6
3146 12 12 4
3147 16 15 5
3148 15 15 5
3149 13 13 7
3150 13 13 5
3151 13 13 5
3152 15 15 7
3153 11 10 4
3154 10 9 5
3155 11 10 6
3156 10 10 4
3157 16 15 7
3158 15 14 6
3159 12 11 5
3160 21 21 7
3161 15 14 6
3162 10 10 4
3163 14 13 5
3164 9 8 4
3165 12 11 7
3166 17 16 6
3167 22 21 7
3168 15 14 4
3169 14 13 7
3170 11 10 4
3171 10 9 5
3172 11 10 6
3173 14 14 6
3174 26 25 7
3175 21 21 7
3176 21 20 6
3177 10 9 5
3178 9 8 4
3179 14 13 7
3180 9 8 4
3181 16 15 5
3182 13 12 6
3183 14 13 7
3184 9 9 5
3185 11 10 6
3186 6 6 6
3187 13 13 5
3188 13 13 5
3189 15 15 7
3190 13 12 6
3191 16 16 6
3192 16 16 6
3193 8 8 4
3194 10 9 5
3195 19 18 8
3196 12 12 4
3197 8 7 6
3198 8 8 4
3199 10 9 5
3200 13 12 6
3201 10 10 4
3202 20 19 9
3203 13 12 4
3204 24 23 7
3205 15 15 7
3206 15 15 7
3207 7 6 5
3208 13 12 4
3209 12 11 5
3210 9 9 5
3211 13 12 6
3212 12 12 6
3213 6 5 4
3214 22 21 7
3215 25 24 6
3216 22 21 7
3217 21 20 6
3218 12 11 5
3219 17 17 7
3220 19 18 4
3221 16 15 5
3222 15 14 6
3223 8 8 4
3224 20 19 5
3225 5 5 5
3226 12 11 5
3227 9 9 5
3228 17 17 9
3229 19 18 4
3230 12 11 5
3231 13 12 6
3232 6 6 6
3233 11 10 4
3234 18 17 5
3235 19 18 6
3236 24 23 7
3237 15 15 5
3238 17 17 5
3239 17 16 8
3240 14 14 6
3241 14 14 6
3242 14 13 5
3243 13 12 6
3244 14 13 5
3245 13 13 5
3246 11 10 4
3247 18 17 7
3248 9 9 5
3249 13 12 6
3250 10 10 4
3251 22 21 9
3252 17 16 6
3253 18 18 6
3254 16 16 6
3255 14 14 4
3256 14 13 5
3257 9 9 5
3258 7 6 5
3259 9 8 4
3260 18 17 7
3261 17 16 6
3262 10 9 5
3263 19 18 6
3264 14 13 7
3265 21 20 8
3266 16 16 4
3267 6 5 4
3268 10 9 5
3269 13 12 6
3270 10 10 4
3271 10 9 5
3272 15 14 6
3273 14 14 6
3274 16 15 7
3275 21 21 5
3276 13 13 5
3277 19 19 5
3278 13 13 5
3279 19 19 5
3280 27 26 8
3281 26 25 7
3282 29 28 6
3283 20 20 6
3284 26 25 7
3285 19 18 4
3286 18 17 5
3287 13 13 5
3288 19 18 6
3289 18 18 6
3290 12 12 4
3291 16 15 5
3292 31 31 7
3293 15 15 5
3294 15 14 6
3295 12 12 4
3296 12 11 7
3297 23 22 6
3298 14 14 6
3299 26 26 4
3300 18 17 7
3301 21 20 6
3302 18 18 4
3303 22 21 7
3304 25 24 8
3305 16 16 6
3306 16 15 5
3307 23 22 6
3308 20 20 4
3309 22 21 5
3310 23 23 5
3311 15 15 5
3312 17 16 6
3313 30 30 8
3314 16 15 7
3315 19 18 6
3316 20 19 5
3317 17 17 5
3318 11 11 5
3319 11 10 4
3320 16 15 5
3321 19 19 5
3322 9 9 5
3323 15 14 4
3324 12 11 5
3325 17 16 6
3326 18 18 6
3327 12 12 6
3328 22 22 6
3329 16 15 7
3330 15 14 4
3331 14 13 5
3332 19 18 6
3333 16 16 6
3334 10 10 4
3335 26 25 9
3336 13 12 4
3337 16 15 5
3338 19 18 4
3339 16 15 5
3340 5 5 5
3341 10 9 5
3342 15 15 7
3343 9 9 5
3344 21 21 7
3345 17 16 6
3346 20 19 5
3347 13 12 6
3348 12 12 6
3349 14 13 5
3350 7 7 7
3351 16 16 6
3352 12 12 6
3353 18 18 4
3354 12 11 5
3355 11 10 6
3356 14 14 4
3357 20 19 7
3358 11 11 5
3359 15 14 6
3360 22 21 5
3361 11 11 5
3362 23 22 10
3363 16 16 6
3364 14 14 4
3365 18 17 7
3366 13 12 4
3367 20 19 9
3368 15 14 6
3369 10 10 4
3370 20 19 7
3371 15 14 6
3372 24 24 4
3373 14 13 5
3374 19 18 8
3375 20 20 6
3376 18 17 5
3377 13 12 4
3378 14 13 7
3379 23 22 6
3380 16 15 5
3381 17 17 5
3382 15 14 4
3383 16 15 5
3384 15 15 7
3385 7 6 5
3386 17 16 6
3387 14 13 5
3388 9 9 5
3389 19 19 7
3390 15 14 4
3391 14 13 5
3392 19 18 6
3393 12 12 6
3394 10 9 5
3395 9 8 4
3396 12 11 5
3397 15 14 6
3398 14 14 4
3399 12 11 5
3400 15 14 6
3401 16 16 6
3402 20 19 7
3403 15 15 5
3404 23 23 5
3405 9 9 5
3406 13 12 4
3407 12 11 5
3408 13 12 4
3409 14 13 5
3410 27 26 8
3411 8 8 4
3412 12 11 5
3413 11 10 4
3414 12 11 5
3415 9 8 4
3416 14 13 5
3417 13 13 5
3418 15 15 5
3419 15 14 6
3420 10 10 6
3421 12 12 4
3422 22 21 5
3423 15 15 7
3424 19 19 7
3425 11 10 4
3426 16 15 5
3427 17 16 4
3428 16 15 5
3429 19 18 6
3430 18 17 5
3431 9 8 4
3432 12 11 5
3433 31 30 6
3434 12 12 6
3435 10 10 4
3436 18 17 5
3437 17 16 6
3438 10 10 4
3439 10 9 5
3440 17 16 6
3441 16 15 5
3442 17 16 6
3443 20 19 7
3444 13 12 4
3445 18 17 5
3446 17 17 5
3447 13 13 5
3448 11 10 4
3449 12 11 5
3450 19 19 7
3451 11 11 5
3452 13 13 5
3453 13 12 4
3454 16 15 5
3455 13 13 5
3456 9 9 5
3457 13 12 4
3458 16 15 5
3459 9 8 4
3460 10 9 5
3461 11 10 4
3462 8 7 6
3463 10 10 4
3464 18 17 5
3465 15 14 6
3466 6 6 6
3467 19 19 5
3468 7 6 5
3469 21 20 4
3470 18 17 5
3471 5 5 5
3472 12 11 5
3473 11 10 4
3474 14 13 5
3475 13 12 6
3476 14 14 4
3477 18 17 5
3478 11 10 4
3479 12 11 5
3480 9 9 5
3481 21 20 4
3482 30 29 7
3483 19 19 5
3484 21 20 6
3485 12 12 4
3486 14 13 5
3487 19 18 4
3488 16 15 7
3489 19 18 6
3490 14 13 5
3491 21 20 8
3492 24 24 4
3493 10 9 5
3494 13 12 6
3495 16 16 6
3496 10 9 5
3497 11 10 4
3498 16 15 5
3499 25 25 5
3500 39 38 8
3501 12 11 5
3502 13 12 4
3503 24 23 5
3504 21 20 6
3505 20 19 5
3506 17 17 5
3507 13 13 5
3508 21 20 6
3509 16 16 4
3510 20 19 5
3511 17 16 8
3512 12 12 4
3513 6 5 4
3514 16 15 5
3515 21 20 6
3516 22 22 6
3517 26 25 7
3518 21 21 7
3519 13 12 4
3520 16 15 5
3521 13 12 6
3522 24 24 8
3523 24 24 6
3524 26 26 6
3525 22 22 6
3526 32 31 9
3527 27 27 7
3528 15 14 4
3529 16 15 5
3530 19 18 8
3531 30 30 8
3532 46 46 6
3533 22 22 6
3534 20 20 6
3535 24 23 7
3536 17 17 5
3537 13 12 6
3538 22 22 6
3539 20 20 8
3540 20 20 4
3541 20 19 7
3542 29 28 8
3543 30 30 8
3544 26 26 6
3545 24 23 5
3546 15 14 6
3547 24 23 7
3548 15 14 6
3549 20 20 6
3550 20 19 7
3551 21 21 7
3552 19 19 7
3553 35 34 6
3554 16 16 6
3555 20 20 6
3556 24 24 6
3557 30 29 11
3558 23 22 6
3559 32 32 8
3560 36 35 9
3561 37 37 11
3562 25 24 8
3563 36 36 8
3564 30 29 9
3565 45 44 12
3566 30 30 8
3567 22 21 9
3568 45 44 8
3569 54 54 14
3570 46 45 11
3571 25 24 8
3572 26 26 6
3573 34 34 10
3574 28 28 6
3575 36 35 9
3576 31 31 9
3577 27 26 6
3578 34 33 7
3579 21 21 7
3580 43 42 8
3581 40 39 11
3582 21 20 6
3583 22 21 5
3584 29 29 7
3585 23 23 5
3586 29 28 6
3587 24 23 7
3588 21 20 6
3589 24 24 8
3590 22 22 6
3591 22 21 5
3592 13 12 4
3593 26 25 5
3594 17 17 5
3595 15 15 5
3596 21 20 6
3597 26 26 8
3598 20 19 7
3599 13 13 5
3600 25 24 6
3601 22 21 7
3602 21 21 7
3603 15 15 5
3604 11 10 4
3605 12 11 5
3606 27 26 6
3607 14 13 5
3608 13 13 5
3609 23 22 8
3610 22 22 6
3611 16 16 4
3612 14 13 5
3613 15 15 5
3614 15 15 5
3615 15 15 5
3616 15 14 6
3617 10 10 6
3618 16 15 7
3619 9 8 4
3620 10 9 5
3621 19 19 7
3622 19 18 6
3623 14 13 7
3624 13 12 6
3625 14 13 5
3626 13 12 4
3627 12 11 5
3628 15 15 5
3629 11 11 5
3630 15 14 6
3631 14 14 6
3632 22 21 7
3633 13 12 4
3634 24 23 7
3635 17 16 6
3636 20 19 7
3637 17 16 6
3638 10 10 4
3639 12 11 5
3640 21 20 6
3641 8 8 4
3642 14 13 5
3643 17 17 5
3644 23 22 8
3645 12 12 6
3646 20 19 5
3647 5 5 5
3648 10 9 5
3649 19 18 6
3650 22 22 6
3651 8 8 4
3652 28 27 7
3653 25 24 6
3654 24 24 6
3655 38 38 8
3656 38 37 7
3657 33 32 8
3658 24 24 10
3659 18 18 6
3660 18 18 4
3661 24 23 5
3662 23 23 5
3663 19 19 5
3664 25 25 7
3665 11 10 4
3666 20 19 5
3667 35 35 7
3668 23 22 6
3669 16 15 5
3670 29 28 8
3671 28 28 4
3672 18 17 5
3673 15 15 7
3674 21 20 4
3675 20 19 5
3676 33 33 5
3677 21 21 7
3678 31 31 9
3679 29 28 6
3680 14 13 5
3681 25 24 8
3682 12 11 5
3683 19 18 6
3684 10 10 6
3685 22 21 7
3686 15 14 6
3687 16 16 6
3688 28 27 7
3689 23 23 9
3690 15 15 7
3691 27 26 8
3692 20 20 4
3693 24 23 7
3694 9 8 4
3695 20 19 9
3696 19 18 8
3697 26 25 7
3698 19 19 7
3699 23 22 8
3700 12 12 4
3701 22 21 5
3702 15 15 7
3703 21 20 4
3704 24 23 7
3705 13 13 5
3706 11 11 5
3707 19 18 8
3708 14 14 4
3709 30 29 11
3710 19 19 5
3711 15 14 8
3712 18 18 6
3713 20 20 6
3714 14 13 5
3715 11 10 6
3716 12 12 4
3717 12 11 5
3718 17 16 6
3719 20 20 8
3720 10 10 4
3721 18 17 5
3722 9 9 5
3723 17 17 7
3724 15 15 5
3725 21 20 8
3726 16 15 5
3727 5 5 5
3728 24 23 9
3729 27 26 6
3730 6 5 4
3731 18 17 5
3732 15 14 6
3733 22 22 6
3734 10 10 4
3735 12 11 5
3736 9 8 4
3737 14 13 7
3738 11 11 5
3739 11 10 6
3740 10 10 4
3741 14 13 5
3742 9 9 5
3743 9 8 4
3744 14 13 5
3745 17 16 6
3746 22 21 7
3747 9 9 5
3748 11 11 5
3749 11 10 4
3750 10 9 5
3751 15 14 6
3752 12 11 5
3753 9 8 4
3754 10 9 5
3755 9 8 4
3756 18 17 7
3757 13 12 6
3758 14 13 5
3759 11 11 5
3760 9 8 4
3761 22 21 11
3762 11 11 5
3763 19 18 6
3764 14 14 4
3765 14 13 5
3766 15 15 5
3767 13 12 6
3768 10 10 6
3769 16 16 6
3770 6 6 6
3771 15 14 6
3772 14 13 5
3773 7 6 5
3774 11 11 5
3775 15 14 6
3776 16 15 5
3777 17 17 7
3778 15 14 6
3779 10 10 6
3780 6 6 6
3781 9 8 4
3782 10 9 5
3783 13 12 4
3784 22 21 7
3785 9 8 4
3786 22 21 5
3787 21 20 4
3788 26 25 7
3789 11 10 4
3790 10 9 5
3791 19 18 6
3792 12 11 5
3793 17 16 4
3794 12 11 5
3795 9 9 5
3796 17 16 6
3797 22 21 5
3798 17 17 5
3799 5 5 5
3800 14 13 5
3801 11 11 5
3802 11 11 5
3803 13 12 6
3804 14 14 4
3805 14 13 7
3806 11 11 5
3807 9 9 5
3808 19 18 6
3809 20 19 7
3810 9 8 4
3811 12 11 5
3812 5 5 5
3813 14 13 5
3814 19 18 6
3815 16 15 7
3816 9 8 4
3817 14 13 5
3818 19 18 4
3819 16 15 5
3820 13 12 8
3821 10 10 4
3822 14 13 7
3823 13 12 4
3824 22 21 7
3825 25 24 6
3826 14 13 5
3827 17 16 6
3828 10 9 5
3829 7 6 5
3830 17 17 5
3831 15 14 6
3832 22 21 7
3833 19 19 5
3834 17 16 6
3835 16 16 6
3836 14 13 5
3837 17 17 5
3838 21 21 5
3839 9 9 5
3840 17 17 5
3841 13 13 5
3842 17 17 5
3843 19 18 8
3844 18 18 6
3845 20 20 6
3846 14 14 4
3847 18 17 5
3848 17 17 7
3849 11 10 4
3850 20 19 5
3851 19 19 7
3852 19 18 6
3853 24 23 11
3854 33 32 8
3855 38 37 7
3856 25 25 5
3857 29 29 9
3858 23 22 6
3859 24 24 6
3860 28 27 7
3861 21 21 5
3862 13 12 6
3863 22 21 5
3864 23 23 5
3865 25 25 7
3866 23 23 7
3867 33 33 7
3868 15 14 6
3869 30 29 5
3870 15 15 5
3871 17 16 6
3872 18 17 7
3873 23 23 7
3874 27 26 8
3875 24 23 7
3876 17 16 6
3877 16 16 6
3878 14 14 4
3879 26 25 9
3880 19 19 5
3881 23 23 7
3882 19 18 6
3883 36 35 15
3884 19 18 4
3885 32 31 7
3886 23 23 7
3887 15 14 4
3888 22 21 5
3889 25 24 8
3890 20 20 6
3891 20 19 7
3892 17 16 4
3893 16 15 7
3894 25 24 8
3895 14 14 4
3896 20 19 5
3897 17 17 5
3898 21 20 8
3899 10 10 4
3900 22 21 7
3901 11 11 5
3902 11 11 5
3903 13 13 5
3904 13 12 6
3905 20 19 7
3906 13 12 4
3907 20 19 5
3908 17 16 6
3909 24 23 7
3910 13 12 4
3911 24 23 5
3912 9 9 5
3913 7 6 5
3914 17 16 6
3915 12 11 5
3916 15 14 6
3917 8 8 4
3918 14 13 7
3919 19 19 5
3920 19 19 5
3921 9 8 4
3922 26 25 7
3923 11 10 6
3924 6 6 6
3925 29 28 8
3926 24 23 5
3927 17 16 4
3928 14 13 5
3929 17 17 7
3930 13 12 4
3931 26 25 7
3932 15 14 6
3933 18 18 6
3934 20 20 6
3935 16 15 5
3936 11 11 5
3937 17 17 7
3938 17 16 6
3939 14 14 6
3940 24 24 8
3941 18 17 5
3942 17 17 7
3943 17 16 6
3944 14 14 6
3945 12 12 6
3946 16 16 4
3947 16 15 5
3948 13 13 5
3949 11 10 4
3950 16 15 7
3951 11 10 4
3952 16 15 5
3953 15 15 5
3954 15 15 7
3955 15 14 6
3956 12 12 4
3957 12 11 5
3958 19 19 5
3959 11 11 5
3960 15 15 5
3961 17 16 8
3962 10 10 6
3963 16 16 6
3964 22 21 7
3965 21 21 7
3966 19 19 5
3967 17 17 5
3968 23 23 7
3969 27 26 8
3970 14 14 6
3971 16 16 6
3972 14 14 4
3973 14 13 5
3974 11 10 4
3975 20 19 9
3976 27 27 7
3977 11 11 5
3978 17 16 6
3979 10 10 4
3980 18 17 5
3981 11 11 7
3982 9 8 4
3983 8 7 6
3984 10 10 6
3985 10 10 4
3986 10 9 5
3987 11 10 4
3988 26 25 9
3989 15 15 5
3990 25 25 7
3991 15 14 6
3992 10 10 4
3993 20 19 7
3994 27 27 5
3995 21 21 7
3996 15 15 5
3997 23 22 6
3998 14 13 5
3999 21 20 6
4000 10 10 6
4001 8 7 6
4002 14 14 6
4003 10 10 6
4004 14 13 5
4005 11 11 5
4006 7 6 5
4007 19 18 6
4008 14 13 5
4009 11 10 6
4010 12 12 6
4011 18 18 8
4012 6 5 4
4013 12 11 5
4014 15 14 6
4015 6 6 6
4016 9 8 4
4017 18 17 7
4018 11 11 5
4019 15 15 7
4020 15 14 6
4021 22 21 9
4022 15 14 6
4023 8 8 4
4024 6 5 4
4025 12 11 5
4026 7 6 5
4027 19 18 6
4028 8 8 4
4029 10 9 5
4030 17 16 6
4031 10 10 4
4032 12 11 7
4033 15 15 7
4034 11 10 4
4035 10 9 5
4036 13 13 5
4037 21 21 5
4038 15 15 5
4039 15 14 6
4040 6 6 6
4041 9 8 4
4042 14 13 5
4043 9 9 5
4044 13 12 6
4045 16 15 5
4046 11 11 5
4047 21 20 10
4048 10 10 4
4049 14 13 5
4050 11 10 4
4051 10 9 5
4052 13 12 6
4053 12 12 4
4054 16 15 5
4055 9 9 5
4056 13 12 6
4057 8 8 4
4058 12 11 5
4059 11 11 5
4060 13 12 6
4061 12 12 4
4062 8 7 6
4063 6 6 6
4064 17 17 5
4065 13 13 7
4066 9 8 4
4067 10 9 5
4068 9 9 5
4069 13 12 6
4070 12 12 6
4071 12 11 5
4072 11 10 4
4073 16 15 5
4074 13 12 6
4075 14 13 5
4076 13 13 5
4077 15 15 5
4078 15 14 4
4079 20 19 5
4080 19 18 6
4081 12 11 5
4082 21 20 6
4083 14 14 6
4084 16 16 4
4085 24 23 7
4086 23 23 5
4087 37 36 6
4088 42 42 8
4089 22 21 5
4090 35 35 7
4091 13 13 5
4092 17 17 5
4093 27 27 7
4094 11 10 4
4095 16 15 5
4096 15 15 5
4097 21 21 5
4098 25 25 5
4099 29 29 9
4100 21 21 5
4101 23 23 5
4102 25 25 5
4103 27 27 11
4104 29 28 6
4105 32 32 8
4106 40 40 8
4107 28 28 8
4108 42 41 9
4109 23 23 7
4110 17 16 4
4111 28 27 7
4112 33 33 9
4113 19 18 4
4114 26 25 7
4115 15 15 5
4116 23 22 6
4117 28 28 10
4118 16 16 6
4119 18 18 6
4120 20 20 4
4121 28 27 7
4122 17 16 4
4123 28 27 7
4124 25 25 7
4125 19 19 5
4126 15 15 5
4127 13 12 6
4128 16 16 6
4129 24 24 6
4130 22 21 5
4131 29 29 9
4132 19 19 5
4133 33 33 7
4134 37 36 6
4135 22 22 6
4136 38 38 8
4137 18 17 7
4138 23 22 6
4139 30 29 5
4140 47 46 12
4141 28 28 8
4142 14 14 4
4143 22 21 7
4144 19 18 6
4145 16 16 6
4146 36 35 9
4147 29 28 8
4148 22 22 8
4149 20 20 6
4150 42 41 9
4151 23 23 7
4152 31 30 10
4153 14 13 7
4154 15 14 6
4155 28 27 5
4156 37 36 10
4157 36 35 9
4158 25 24 6
4159 12 11 5
4160 27 27 7
4161 39 38 10
4162 16 16 6
4163 20 19 5
4164 21 21 7
4165 19 19 5
4166 27 27 9
4167 17 17 5
4168 15 15 5
4169 17 16 4
4170 26 25 9
4171 25 24 6
4172 24 23 7
4173 19 18 6
4174 18 18 8
4175 26 25 7
4176 17 16 4
4177 20 19 7
4178 27 26 6
4179 20 20 6
4180 22 21 5
4181 15 14 4
4182 32 31 5
4183 29 29 9
4184 17 16 6
4185 24 24 6
4186 30 29 7
4187 23 23 7
4188 11 11 7
4189 29 28 6
4190 36 36 8
4191 16 16 6
4192 20 19 7
4193 21 21 5
4194 23 22 6
4195 18 17 5
4196 21 21 5
4197 23 23 7
4198 23 22 6
4199 30 29 11
4200 21 20 6
4201 20 20 6
4202 32 31 9
4203 23 22 6
4204 24 24 6
4205 14 13 7
4206 19 18 4
4207 24 23 9
4208 23 22 8
4209 20 19 7
4210 33 32 8
4211 18 17 5
4212 17 16 4
4213 20 19 5
4214 19 19 9
4215 21 20 6
4216 14 14 6
4217 6 6 6
4218 13 12 4
4219 14 13 5
4220 15 14 6
4221 10 10 4
4222 24 23 5
4223 17 17 5
4224 17 16 6
4225 14 14 6
4226 18 17 5
4227 15 14 6
4228 24 24 6
4229 14 14 4
4230 22 21 7
4231 17 17 5
4232 17 17 7
4233 13 13 5
4234 9 8 4
4235 12 11 5
4236 9 9 5
4237 13 13 5
4238 17 17 7
4239 19 19 5
4240 15 15 5
4241 21 20 8
4242 12 11 5
4243 11 11 5
4244 7 7 7
4245 18 18 8
4246 8 8 4
4247 18 17 5
4248 13 13 5
4249 7 6 5
4250 15 14 6
4251 12 11 5
4252 7 6 5
4253 17 16 6
4254 16 15 5
4255 15 15 5
4256 5 5 5
4257 16 15 5
4258 13 13 5
4259 17 16 6
4260 14 13 5
4261 13 12 6
4262 16 16 6
4263 14 13 5
4264 11 10 4
4265 16 15 5
4266 9 9 5
4267 11 10 6
4268 14 14 6
4269 14 14 6
4270 12 12 6
4271 8 8 4
4272 16 15 5
4273 13 13 5
4274 9 9 5
4275 7 6 5
4276 17 16 6
4277 12 12 6
4278 14 14 6
4279 14 13 5
4280 13 13 5
4281 13 13 7
4282 13 12 6
4283 12 12 4
4284 12 11 7
4285 11 11 5
4286 13 13 5
4287 11 11 5
4288 5 5 5
4289 14 13 7
4290 13 12 4
4291 12 11 5
4292 13 12 4
4293 14 13 7
4294 21 20 6
4295 10 10 4
4296 16 15 5
4297 9 8 4
4298 16 15 5
4299 9 8 4
4300 10 9 5
4301 9 9 5
4302 11 11 5
4303 13 12 6
4304 14 13 5
4305 25 24 8
4306 8 8 4
4307 10 9 5
4308 17 16 6
4309 26 25 9
4310 11 10 4
4311 10 9 5
4312 15 14 6
4313 14 13 5
4314 11 11 5
4315 9 8 4
4316 12 11 5
4317 15 15 5
4318 5 5 5
4319 14 13 7
4320 13 12 4
4321 12 11 5
4322 15 14 4
4323 12 11 5
4324 15 14 6
4325 8 8 4
4326 14 13 5
4327 19 18 6
4328 12 12 6
4329 12 11 5
4330 13 12 6
4331 14 14 6
4332 10 9 5
4333 13 13 5
4334 13 12 4
4335 12 11 5
4336 9 9 5
4337 9 8 4
4338 10 9 5
4339 13 12 6
4340 14 13 5
4341 13 13 5
4342 11 10 4
4343 18 17 7
4344 15 14 6
4345 6 6 6
4346 13 13 5
4347 7 6 5
4348 9 9 5
4349 15 14 6
4350 12 12 6
4351 14 13 5
4352 7 6 5
4353 13 12 6
4354 8 8 4
4355 20 19 5
4356 23 23 9
4357 11 11 5
4358 11 10 4
4359 16 15 5
4360 25 25 5
4361 11 11 5
4362 19 18 4
4363 14 13 5
4364 23 22 4
4365 10 9 5
4366 25 24 10
4367 22 22 8
4368 24 24 10
4369 26 26 10
4370 16 16 6
4371 12 12 4
4372 28 27 7
4373 15 14 4
4374 26 25 7
4375 17 17 7
4376 11 11 5
4377 23 22 6
4378 28 27 5
4379 45 45 9
4380 23 23 7
4381 33 33 7
4382 23 23 5
4383 27 26 6
4384 28 27 7
4385 25 24 6
4386 34 34 8
4387 40 40 8
4388 38 37 9
4389 35 34 10
4390 54 53 21
4391 41 40 12
4392 54 54 18
4393 30 29 7
4394 27 26 8
4395 26 25 9
4396 59 59 17
4397 19 19 5
4398 19 18 6
4399 22 21 7
4400 31 30 10
4401 12 11 5
4402 25 25 7
4403 13 13 5
4404 25 25 7
4405 23 22 8
4406 28 28 8
4407 30 30 8
4408 20 19 7
4409 29 29 15
4410 15 14 4
4411 34 33 13
4412 25 24 10
4413 34 34 12
4414 22 22 6
4415 20 19 5
4416 23 23 9
4417 23 22 6
4418 28 28 10
4419 10 10 4
4420 22 21 5
4421 29 28 8
4422 16 16 6
4423 38 38 6
4424 38 37 9
4425 23 23 9
4426 25 24 6
4427 28 27 5
4428 17 17 5
4429 23 22 4
4430 42 41 13
4431 25 25 5
4432 23 23 7
4433 25 24 10
4434 16 16 4
4435 42 41 15
4436 31 31 7
4437 17 17 5
4438 19 19 7
4439 19 18 6
4440 14 14 4
4441 34 33 13
4442 29 29 9
4443 25 24 8
4444 16 16 6
4445 28 27 7
4446 15 14 6
4447 26 26 8
4448 28 27 7
4449 27 26 8
4450 20 20 6
4451 20 20 6
4452 18 18 4
4453 12 11 5
4454 31 30 8
4455 16 15 5
4456 31 31 9
4457 17 16 4
4458 16 15 7
4459 43 42 18
4460 18 18 6
4461 20 20 6
4462 26 25 5
4463 31 30 12
4464 14 14 4
4465 30 29 11
4466 29 28 10
4467 18 17 5
4468 37 36 8
4469 38 37 7
4470 19 19 5
4471 33 33 7
4472 17 17 7
4473 25 25 7
4474 27 26 6
4475 22 22 8
4476 22 22 6
4477 26 25 5
4478 27 27 5
4479 13 13 5
4480 39 39 11
4481 29 29 9
4482 31 30 8
4483 26 26 6
4484 26 26 8
4485 22 22 6
4486 24 23 7
4487 19 18 6
4488 26 25 5
4489 23 23 5
4490 19 19 7
4491 13 12 4
4492 36 35 7
4493 21 20 6
4494 26 26 6
4495 26 26 6
4496 14 13 5
4497 19 18 6
4498 18 17 5
4499 31 31 7
4500 23 23 7
4501 15 15 5
4502 27 27 7
4503 21 21 7
4504 15 14 6
4505 22 22 6
4506 18 17 7
4507 15 14 6
4508 24 24 4
4509 18 17 5
4510 17 17 7
4511 31 31 5
4512 21 21 5
4513 25 24 6
4514 14 13 5
4515 21 21 5
4516 33 33 7
4517 13 13 5
4518 15 15 5
4519 13 12 6
4520 32 32 10
4521 26 25 9
4522 23 23 7
4523 21 20 6
4524 24 23 5
4525 19 19 5
4526 15 15 5
4527 21 21 7
4528 17 16 6
4529 18 18 6
4530 18 17 7
4531 19 18 6
4532 12 12 4
4533 18 17 5
4534 23 23 5
4535 11 11 7
4536 23 22 8
4537 12 12 6
4538 10 9 5
4539 11 10 4
4540 12 11 5
4541 17 16 6
4542 12 11 5
4543 11 10 6
4544 12 12 6
4545 16 16 6
4546 14 14 6
4547 12 12 6
4548 24 24 6
4549 16 16 8
4550 18 18 4
4551 14 13 5
4552 13 13 7
4553 17 16 4
4554 20 19 7
4555 13 12 4
4556 16 15 5
4557 17 17 5
4558 13 13 7
4559 15 14 6
4560 16 16 6
4561 14 13 5
4562 13 12 4
4563 26 25 7
4564 13 12 4
4565 12 11 5
4566 21 20 6
4567 8 8 4
4568 14 13 7
4569 11 11 5
4570 15 14 6
4571 14 13 5
4572 17 16 6
4573 6 6 6
4574 11 10 6
4575 12 12 4
4576 14 13 5
4577 19 18 4
4578 8 7 6
4579 10 10 6
4580 16 16 6
4581 18 18 6
4582 6 5 4
4583 20 19 5
4584 9 9 5
4585 19 19 7
4586 11 11 5
4587 21 20 6
4588 22 21 5
4589 11 11 5
4590 21 21 7
4591 19 18 6
4592 18 18 6
4593 18 18 4
4594 26 25 5
4595 41 41 5
4596 37 37 7
4597 35 34 8
4598 18 18 6
4599 24 24 6
4600 30 30 6
4601 38 38 8
4602 38 37 7
4603 49 48 12
4604 36 35 7
4605 49 49 11
4606 41 41 11
4607 37 37 9
4608 31 30 6
4609 20 19 5
4610 41 41 9
4611 47 47 17
4612 31 30 10
4613 28 27 9
4614 29 28 8
4615 34 33 9
4616 35 34 8
4617 42 42 16
4618 32 32 12
4619 24 23 9
4620 33 33 11
4621 33 33 11
4622 17 16 4
4623 40 39 11
4624 35 35 11
4625 33 32 10
4626 14 14 6
4627 16 16 8
4628 16 16 6
4629 20 19 7
4630 35 35 13
4631 33 32 8
4632 28 28 14
4633 30 29 7
4634 45 45 13
4635 27 26 8
4636 16 16 6
4637 18 17 5
4638 13 13 5
4639 15 15 5
4640 21 20 6
4641 12 12 6
4642 26 26 8
4643 22 22 6
4644 24 23 9
4645 17 16 4
4646 10 9 5
4647 15 14 4
4648 20 19 7
4649 15 14 6
4650 18 18 4
4651 12 11 5
4652 19 19 5
4653 25 24 10
4654 16 16 4
4655 12 11 5
4656 13 12 4
4657 16 15 5
4658 11 11 5
4659 25 25 9
4660 17 16 6
4661 18 17 5
4662 21 20 8
4663 16 15 5
4664 13 12 4
4665 18 17 5
4666 19 18 8
4667 12 12 4
4668 16 15 5
4669 5 5 5
4670 12 11 5
4671 19 19 7
4672 11 10 4
4673 28 27 9
4674 13 13 5
4675 17 16 4
4676 12 11 5
4677 19 18 8
4678 20 20 6
4679 24 24 6
4680 20 20 6
4681 16 15 5
4682 17 17 5
4683 13 12 4
4684 18 17 5
4685 19 19 7
4686 11 10 6
4687 26 26 4
4688 38 37 9
4689 19 18 6
4690 36 35 7
4691 35 35 9
4692 21 21 5
4693 13 13 5
4694 29 28 6
4695 16 16 4
4696 28 27 9
4697 17 16 4
4698 18 17 5
4699 31 31 7
4700 19 19 5
4701 23 23 7
4702 35 34 8
4703 20 19 5
4704 33 33 11
4705 17 16 6
4706 24 24 6
4707 24 24 6
4708 26 25 5
4709 23 23 7
4710 51 50 12
4711 26 26 6
4712 24 24 6
4713 36 35 7
4714 19 19 5
4715 29 28 6
4716 26 25 7
4717 25 24 4
4718 20 19 5
4719 29 28 6
4720 34 33 7
4721 31 31 7
4722 27 27 9
4723 31 30 6
4724 30 29 7
4725 23 22 6
4726 36 36 8
4727 26 25 5
4728 23 23 5
4729 25 25 7
4730 19 19 5
4731 27 26 6
4732 38 37 7
4733 23 22 8
4734 26 26 6
4735 32 31 9
4736 41 40 10
4737 38 38 10
4738 26 26 6
4739 36 36 6
4740 56 55 17
4741 33 32 8
4742 42 41 13
4743 27 27 9
4744 57 57 19
4745 33 33 7
4746 33 32 8
4747 22 22 8
4748 28 28 6
4749 34 34 8
4750 28 27 7
4751 37 36 6
4752 30 30 8
4753 38 37 7
4754 25 24 6
4755 24 23 7
4756 29 28 8
4757 26 25 7
4758 23 23 7
4759 29 28 4
4760 38 37 13
4761 29 28 6
4762 30 29 7
4763 23 22 6
4764 28 27 9
4765 35 35 9
4766 25 25 7
4767 23 23 5
4768 37 36 12
4769 34 34 8
4770 18 18 6
4771 42 41 9
4772 19 19 7
4773 33 32 6
4774 40 39 7
4775 39 39 9
4776 33 33 9
4777 47 47 5
4778 39 39 11
4779 31 30 8
4780 28 28 6
4781 24 23 7
4782 25 25 5
4783 29 29 7
4784 23 23 7
4785 31 31 9
4786 31 31 11
4787 21 20 4
4788 26 25 7
4789 23 23 5
4790 33 33 11
4791 27 26 6
4792 30 30 10
4793 24 23 9
4794 37 37 7
4795 15 15 5
4796 15 15 5
4797 23 23 7
4798 15 15 5
4799 13 13 5
4800 27 27 7
4801 27 26 6
4802 12 11 5
4803 17 16 6
4804 24 24 8
4805 12 12 4
4806 20 19 5
4807 21 21 5
4808 15 14 6
4809 20 20 8
4810 16 16 8
4811 22 21 7
4812 25 24 6
4813 18 18 6
4814 14 14 4
4815 14 13 5
4816 15 15 5
4817 25 24 6
4818 22 22 6
4819 26 25 7
4820 21 20 6
4821 20 20 8
4822 22 22 6
4823 24 24 6
4824 22 21 7
4825 21 21 7
4826 13 12 6
4827 16 16 6
4828 22 21 5
4829 17 16 8
4830 10 10 4
4831 36 35 7
4832 23 22 6
4833 28 27 7
4834 25 25 9
4835 27 26 8
4836 20 19 5
4837 17 16 4
4838 18 17 7
4839 19 18 4
4840 24 23 5
4841 19 18 6
4842 20 20 6
4843 18 17 5
4844 19 19 9
4845 21 20 6
4846 22 22 4
4847 24 23 5
4848 19 19 5
4849 17 16 4
4850 22 21 7
4851 23 23 7
4852 11 10 4
4853 12 11 5
4854 23 22 6
4855 10 10 4
4856 22 21 7
4857 17 16 6
4858 10 10 4
4859 14 13 5
4860 27 26 12
4861 12 11 5
4862 17 16 6
4863 14 13 5
4864 11 10 6
4865 10 10 4
4866 10 9 5
4867 13 13 5
4868 15 14 8
4869 22 22 6
4870 10 9 5
4871 17 16 6
4872 12 11 5
4873 11 10 4
4874 24 23 7
4875 21 20 6
4876 14 14 4
4877 18 17 5
4878 13 12 6
4879 10 10 4
4880 16 15 7
4881 19 18 6
4882 12 11 5
4883 5 5 5
4884 14 13 5
4885 11 11 5
4886 25 25 9
4887 13 12 6
4888 14 14 6
4889 8 8 4
4890 18 17 7
4891 17 16 6
4892 16 15 5
4893 13 13 5
4894 11 11 5
4895 13 12 6
4896 18 17 7
4897 11 11 5
4898 21 20 6
4899 12 11 5
4900 9 8 4
4901 14 13 5
4902 13 12 6
4903 10 10 4
4904 12 11 5
4905 15 15 9
4906 11 11 5
4907 17 16 6
4908 10 10 6
4909 12 12 6
4910 10 9 5
4911 15 14 6
4912 12 11 5
4913 17 17 5
4914 15 14 4
4915 18 17 5
4916 15 14 6
4917 12 11 5
4918 11 10 4
4919 10 9 5
4920 19 18 6
4921 10 10 4
4922 24 23 9
4923 15 14 6
4924 10 10 4
4925 10 9 5
4926 13 12 6
4927 8 8 4
4928 10 9 5
4929 11 10 4
4930 16 15 5
4931 13 12 4
4932 14 13 5
4933 9 8 4
4934 12 11 7
4935 11 10 4
4936 18 17 9
4937 13 12 6
4938 10 10 4
4939 10 9 5
4940 17 16 6
4941 14 14 6
4942 16 15 5
4943 13 12 4
4944 16 15 7
4945 15 14 8
4946 8 8 4
4947 12 11 5
4948 7 6 5
4949 13 12 4
4950 18 17 7
4951 15 14 6
4952 14 13 5
4953 29 29 9
4954 11 11 5
4955 11 11 5
4956 13 12 4
4957 16 15 7
4958 9 8 4
4959 14 13 5
4960 15 14 4
4961 12 11 5
4962 9 9 5
4963 5 5 5
4964 18 17 5
4965 13 13 5
4966 7 6 5
4967 13 12 6
4968 8 8 4
4969 18 17 5
4970 15 15 5
4971 9 8 4
4972 12 11 5
4973 15 15 7
4974 19 19 9
4975 13 12 4
4976 14 13 5
4977 5 5 5
4978 18 17 5
4979 13 13 5
4980 19 19 5
4981 35 35 7
4982 21 20 4
4983 16 15 5
4984 27 27 5
4985 15 15 5
4986 19 19 7
4987 17 16 6
4988 16 15 5
4989 17 16 6
4990 16 16 4
4991 38 37 11
4992 19 18 4
4993 24 23 5
4994 23 23 5
4995 13 13 5
4996 19 18 6
4997 18 18 6
4998 28 28 8
4999 18 17 9
