0 15 14 6
1 17 17 7
2 10 10 6
3 23 23 13
4 20 19 11
5 10 10 6
6 11 11 11
7 34 34 10
8 25 25 11
9 10 10 10
10 13 12 6
11 17 17 11
12 18 18 10
13 15 15 9
14 24 23 11
15 12 12 6
16 17 17 9
17 16 15 9
18 18 17 11
19 10 10 6
20 17 17 11
21 12 11 7
22 20 20 10
23 19 18 10
24 9 9 9
25 18 17 7
26 10 10 6
27 19 19 11
28 30 30 10
29 21 21 7
30 10 10 6
31 19 19 9
32 22 21 9
33 18 17 11
34 18 18 6
35 17 17 7
36 38 38 10
37 27 26 10
38 25 24 10
39 21 20 6
40 23 23 9
41 42 41 7
42 30 30 10
43 29 28 10
44 15 14 6
45 27 27 9
46 24 23 7
47 18 18 6
48 13 13 7
49 18 18 6
50 23 23 7
51 22 22 6
52 13 13 7
53 28 28 10
54 23 22 10
55 17 17 9
56 12 11 7
57 30 30 10
58 19 18 6
59 31 31 7
60 26 26 10
61 15 15 7
62 24 24 6
63 31 31 11
64 18 18 6
65 21 21 7
66 12 12 6
67 23 23 9
68 20 19 7
69 14 14 6
70 21 21 9
71 30 29 11
72 30 30 12
73 21 20 10
74 31 31 13
75 24 24 12
76 19 18 6
77 19 19 9
78 26 25 11
79 20 19 9
80 24 23 11
81 18 17 9
82 24 23 9
83 20 19 7
84 18 18 10
85 13 12 6
86 19 19 9
87 18 17 7
88 18 18 12
89 23 22 12
90 19 18 12
91 17 17 7
92 16 16 6
93 15 15 9
94 30 29 9
95 12 11 7
96 24 24 12
97 29 28 12
98 27 26 14
99 25 24 10
100 25 25 11
101 18 17 11
102 22 21 11
103 6 6 6
104 21 21 11
105 20 20 10
106 17 17 9
107 30 29 13
108 10 10 6
109 25 25 13
110 20 20 12
111 21 20 10
112 17 17 11
113 24 23 13
114 12 12 6
115 19 19 11
116 22 21 11
117 20 20 10
118 15 14 10
119 17 16 10
120 11 11 7
121 22 22 10
122 21 21 13
123 24 23 11
124 26 26 14
125 31 30 12
126 7 6 5
127 17 17 9
128 18 17 11
129 18 18 6
130 15 15 9
131 34 33 15
132 24 24 12
133 27 26 12
134 11 10 6
135 11 11 7
136 16 16 10
137 27 26 14
138 7 6 5
139 19 19 7
140 14 14 6
141 17 17 11
142 20 19 11
143 28 28 10
144 11 11 7
145 34 34 12
146 15 15 11
147 18 18 12
148 17 16 10
149 25 24 10
150 13 13 7
151 20 20 12
152 21 20 6
153 21 21 11
154 16 16 10
155 15 14 6
156 21 21 13
157 16 16 10
158 25 24 10
159 15 15 9
160 20 19 11
161 10 10 6
162 17 17 11
163 18 17 11
164 18 18 10
165 17 17 7
166 24 24 10
167 21 20 10
168 17 17 11
169 20 19 9
170 18 17 9
171 26 25 15
172 12 11 10
173 18 18 12
174 19 19 11
175 18 18 12
176 35 34 12
177 17 16 10
178 19 19 7
179 10 10 6
180 21 21 7
181 10 10 6
182 29 29 13
183 14 14 6
184 19 19 9
185 12 11 7
186 16 16 10
187 19 18 12
188 19 18 10
189 11 11 7
190 18 18 10
191 19 19 13
192 20 19 13
193 14 14 10
194 13 13 9
195 20 19 11
196 22 22 10
197 19 18 10
198 19 18 12
199 15 14 10
200 27 26 14
201 11 11 7
202 32 32 16
203 17 16 6
204 17 17 9
205 18 17 11
206 10 10 6
207 13 13 7
208 22 22 12
209 15 14 10
210 25 25 11
211 8 7 6
212 24 24 12
213 23 23 9
214 18 17 7
215 18 18 10
216 27 26 10
217 19 19 11
218 18 18 10
219 15 14 6
220 33 33 15
221 12 12 6
222 19 19 9
223 24 23 7
224 22 22 10
225 15 14 6
226 11 11 7
227 32 32 10
228 19 18 10
229 13 12 6
230 21 21 11
231 20 20 10
232 19 19 9
233 16 15 9
234 20 19 11
235 20 20 10
236 17 17 9
237 16 15 7
238 20 20 14
239 15 15 11
240 14 14 6
241 21 21 9
242 24 23 11
243 12 11 7
244 22 22 12
245 7 7 7
246 14 14 10
247 17 16 12
248 21 20 14
249 7 7 7
250 20 20 10
251 9 9 9
252 8 7 6
253 24 24 12
254 15 15 11
255 14 13 9
256 24 23 11
257 20 20 12
258 17 17 11
259 18 18 12
260 13 13 9
261 22 21 11
262 16 16 12
263 19 19 11
264 12 12 6
265 15 15 11
266 10 10 10
267 17 16 12
268 13 13 9
269 20 19 13
270 10 10 10
271 17 16 12
272 19 18 14
273 17 16 12
274 19 19 11
275 18 17 13
276 16 16 10
277 23 23 13
278 14 14 10
279 19 19 13
280 16 16 10
281 21 21 13
282 10 9 8
283 14 13 9
284 16 15 11
285 18 17 11
286 10 9 8
287 18 17 13
288 10 10 10
289 15 14 10
290 21 21 11
291 18 18 12
292 17 17 9
293 20 19 13
294 16 16 10
295 19 18 12
296 13 13 7
297 16 16 10
298 17 17 11
299 22 21 11
300 26 25 11
301 14 13 7
302 6 6 6
303 13 13 7
304 22 22 10
305 19 18 10
306 23 23 13
307 14 13 7
308 16 16 10
309 17 16 10
310 19 19 11
311 18 18 10
312 7 7 7
313 24 24 10
314 19 19 11
315 18 18 10
316 7 7 7
317 18 18 10
318 11 11 7
319 18 18 12
320 25 24 10
321 17 16 10
322 9 9 9
323 24 23 9
324 16 15 7
325 10 10 6
326 23 23 11
327 8 7 6
328 16 16 10
329 23 22 12
330 17 16 10
331 25 25 7
332 18 18 10
333 11 11 7
334 18 18 10
335 7 7 7
336 16 16 10
337 19 19 11
338 16 16 6
339 21 21 7
340 22 22 10
341 11 11 7
342 20 20 12
343 7 7 7
344 10 10 6
345 15 15 11
346 22 22 12
347 21 20 6
348 21 21 7
349 10 10 6
350 15 15 7
351 10 10 6
352 15 15 9
353 18 17 11
354 36 35 11
355 18 18 6
356 19 19 7
357 6 6 6
358 15 15 7
359 16 16 10
360 33 32 6
361 23 23 7
362 26 26 6
363 23 23 9
364 16 15 7
365 12 12 6
366 17 17 7
367 12 12 6
368 23 23 9
369 28 27 7
370 28 28 6
371 13 13 7
372 16 16 6
373 29 29 11
374 16 16 6
375 15 15 7
376 22 22 10
377 19 18 6
378 25 25 7
379 18 18 6
380 21 21 11
381 14 14 6
382 21 21 9
383 24 23 7
384 20 20 10
385 17 16 6
386 23 23 13
387 16 16 6
388 21 21 9
389 22 21 9
390 16 15 9
391 26 25 13
392 30 30 10
393 23 22 10
394 21 21 9
395 26 25 11
396 18 18 6
397 17 17 7
398 22 22 10
399 17 16 6
400 27 27 13
401 26 25 11
402 16 16 10
403 35 34 10
404 27 26 10
405 27 27 15
406 28 27 13
407 22 21 13
408 28 28 14
409 13 13 7
410 22 22 10
411 27 26 12
412 19 18 10
413 19 18 10
414 21 20 10
415 17 17 7
416 24 24 10
417 15 15 9
418 20 19 11
419 22 22 10
420 31 31 11
421 16 16 10
422 29 29 13
423 22 22 10
424 21 21 11
425 14 13 7
426 16 16 10
427 29 28 12
428 23 23 11
429 38 38 16
430 25 25 15
431 28 27 13
432 20 20 12
433 19 19 11
434 22 21 7
435 26 26 12
436 25 24 16
437 35 34 18
438 21 21 11
439 24 23 9
440 22 21 9
441 26 25 11
442 18 18 6
443 19 19 9
444 16 15 11
445 24 24 12
446 19 18 10
447 29 28 12
448 17 16 6
449 19 19 9
450 12 11 7
451 16 16 10
452 13 12 6
453 21 21 11
454 20 19 11
455 24 24 12
456 13 13 7
457 22 22 12
458 19 19 9
459 18 17 11
460 24 24 10
461 21 20 6
462 15 15 9
463 14 13 7
464 16 16 6
465 17 17 11
466 22 22 10
467 27 27 13
468 12 12 6
469 17 17 9
470 22 21 11
471 10 10 6
472 9 9 9
473 20 19 11
474 18 17 7
475 26 26 12
476 15 14 10
477 13 12 6
478 23 23 11
479 14 13 7
480 12 12 6
481 15 15 11
482 16 16 10
483 21 20 12
484 15 14 6
485 19 19 13
486 16 16 10
487 15 15 9
488 12 11 7
489 18 18 10
490 11 11 7
491 18 18 10
492 19 18 10
493 15 14 10
494 21 20 10
495 29 28 12
496 11 10 6
497 17 17 7
498 18 18 12
499 15 14 6
500 27 27 9
501 22 21 7
502 20 20 6
503 21 21 11
504 22 22 12
505 15 14 6
506 27 27 7
507 14 14 6
508 23 23 11
509 10 10 6
510 17 17 9
511 26 25 13
512 28 28 10
513 17 16 10
514 15 14 6
515 19 19 9
516 16 15 7
517 20 20 12
518 19 18 12
519 25 24 12
520 23 22 12
521 17 16 10
522 19 19 11
523 18 18 10
524 21 20 10
525 27 26 12
526 17 17 9
527 14 13 7
528 24 24 10
529 15 15 11
530 20 19 9
531 14 13 9
532 20 19 11
533 20 20 10
534 17 17 13
535 12 11 7
536 6 6 6
537 17 17 7
538 18 18 12
539 15 14 10
540 15 14 10
541 11 11 7
542 20 20 6
543 11 11 7
544 26 26 10
545 13 12 6
546 17 17 11
547 18 18 12
548 19 18 14
549 15 14 10
550 19 18 12
551 15 14 10
552 17 17 11
553 14 13 9
554 18 17 13
555 10 10 6
556 21 21 13
557 14 14 10
558 25 24 14
559 17 16 10
560 7 6 5
561 15 15 9
562 18 17 9
563 20 19 13
564 16 16 10
565 17 17 11
566 18 18 12
567 17 16 6
568 13 13 9
569 16 15 11
570 20 20 12
571 7 6 5
572 23 23 13
573 18 18 10
574 7 6 5
575 19 19 13
576 16 16 10
577 21 20 12
578 19 19 11
579 16 16 10
580 11 11 7
581 24 24 10
582 15 14 10
583 23 22 10
584 17 16 10
585 19 18 10
586 21 20 10
587 17 16 10
588 19 18 12
589 15 15 7
590 18 18 10
591 19 18 6
592 23 23 13
593 22 22 6
594 13 13 9
595 24 23 7
596 6 6 6
597 19 19 11
598 16 16 10
599 17 16 6
600 19 19 7
601 22 22 10
602 21 20 10
603 21 20 6
604 23 23 9
605 16 15 7
606 12 12 6
607 21 21 11
608 18 17 7
609 20 20 6
610 15 15 7
611 20 20 6
612 19 19 7
613 24 24 10
614 15 14 6
615 15 15 9
616 16 15 7
617 18 18 6
618 13 13 7
619 16 16 10
620 21 20 10
621 21 20 10
622 15 14 10
623 23 23 7
624 22 22 10
625 25 25 9
626 22 21 7
627 14 14 10
628 31 30 10
629 13 12 6
630 23 23 11
631 18 18 10
632 13 12 6
633 19 19 9
634 24 23 9
635 24 23 7
636 46 46 10
637 23 23 7
638 16 16 10
639 23 22 10
640 25 24 6
641 33 33 11
642 22 22 6
643 31 31 9
644 30 29 11
645 26 25 11
646 16 16 6
647 27 27 9
648 34 33 13
649 14 13 9
650 32 31 9
651 22 21 11
652 38 38 18
653 27 27 15
654 18 17 9
655 20 19 11
656 24 24 10
657 27 27 9
658 28 27 11
659 30 29 17
660 14 13 7
661 20 20 10
662 29 28 12
663 17 17 7
664 24 24 12
665 17 16 6
666 25 25 9
667 18 17 7
668 36 36 12
669 21 20 10
670 31 31 11
671 28 27 11
672 46 46 14
673 19 19 9
674 22 21 9
675 18 17 7
676 24 24 10
677 7 6 5
678 39 39 11
679 18 17 7
680 16 16 6
681 19 19 7
682 16 16 6
683 15 15 7
684 24 24 10
685 21 20 10
686 19 18 6
687 21 21 9
688 18 17 11
689 16 16 6
690 13 13 7
691 26 26 12
692 19 18 6
693 23 23 11
694 12 12 6
695 17 17 7
696 12 12 6
697 23 23 11
698 16 16 6
699 17 17 11
700 16 16 10
701 35 34 14
702 17 16 6
703 15 15 9
704 16 15 9
705 20 19 11
706 20 20 6
707 19 19 9
708 14 13 9
709 18 17 9
710 16 15 11
711 16 15 9
712 18 17 11
713 16 16 10
714 17 16 10
715 21 20 14
716 21 20 6
717 27 27 9
718 26 25 9
719 22 21 11
720 20 19 11
721 14 14 10
722 19 19 13
723 32 32 12
724 19 19 7
725 26 26 10
726 17 16 10
727 25 24 12
728 23 22 14
729 15 15 7
730 22 22 10
731 19 19 11
732 12 12 6
733 17 17 9
734 16 15 7
735 18 18 10
736 17 16 10
737 13 12 6
738 17 17 11
739 26 26 14
740 21 20 6
741 23 23 11
742 28 27 13
743 20 20 12
744 15 15 9
745 20 19 11
746 14 14 6
747 25 25 15
748 18 18 10
749 21 20 10
750 23 22 12
751 19 18 12
752 13 13 7
753 14 14 6
754 17 17 11
755 16 16 10
756 21 20 12
757 19 18 10
758 19 18 12
759 15 14 10
760 15 15 11
761 18 18 12
762 17 17 11
763 20 20 12
764 17 16 12
765 19 18 10
766 17 16 12
767 23 23 11
768 20 20 10
769 19 19 11
770 18 17 11
771 16 16 10
772 31 31 13
773 12 11 7
774 18 18 10
775 13 13 9
776 22 21 11
777 14 14 10
778 21 20 10
779 11 11 7
780 26 26 14
781 19 18 10
782 17 16 10
783 17 16 10
784 17 16 12
785 7 6 5
786 19 19 13
787 20 20 10
788 21 21 11
789 8 7 6
790 20 20 16
791 15 14 10
792 11 10 6
793 15 15 11
794 24 24 16
795 17 17 9
796 14 13 9
797 18 17 11
798 10 10 10
799 17 16 12
800 15 14 10
801 17 17 11
802 18 18 10
803 17 17 13
804 24 24 12
805 15 15 7
806 14 14 10
807 7 7 7
808 18 18 12
809 25 24 12
810 13 13 9
811 20 19 7
812 18 18 12
813 7 7 7
814 18 18 12
815 7 6 5
816 19 19 13
817 18 17 11
818 14 14 10
819 15 15 11
820 6 6 6
821 19 19 11
822 26 25 9
823 8 7 6
824 18 18 10
825 17 16 10
826 21 20 10
827 19 18 10
828 15 15 7
829 22 22 14
830 15 15 9
831 18 17 9
832 20 19 13
833 6 6 6
834 9 9 9
835 22 21 15
836 20 19 9
837 10 9 8
838 20 19 11
839 16 15 11
840 16 16 12
841 15 15 7
842 20 20 10
843 11 11 11
844 16 16 6
845 23 23 11
846 10 10 6
847 15 15 11
848 16 16 10
849 13 12 6
850 23 23 11
851 22 21 11
852 24 24 10
853 25 24 12
854 13 13 9
855 16 15 7
856 16 16 10
857 15 14 10
858 19 18 12
859 17 17 11
860 6 6 6
861 21 21 15
862 20 20 10
863 13 13 9
864 10 9 8
865 20 19 13
866 14 14 10
867 25 24 12
868 17 17 7
869 22 22 10
870 13 13 7
871 22 22 10
872 13 12 6
873 17 17 13
874 20 19 11
875 12 12 6
876 11 11 11
877 18 18 10
878 7 7 7
879 22 22 14
880 15 15 7
881 20 20 12
882 19 18 10
883 21 20 6
884 21 21 7
885 26 26 10
886 17 16 6
887 13 13 7
888 16 16 10
889 29 28 6
890 27 27 7
891 20 20 6
892 31 31 7
893 24 24 6
894 13 13 7
895 16 16 6
896 53 53 9
897 30 29 7
898 16 16 6
899 19 19 7
900 22 22 6
901 17 17 7
902 24 24 6
903 19 19 7
904 18 18 6
905 23 23 7
906 16 16 6
907 19 19 7
908 30 30 6
909 17 17 7
910 12 12 6
911 31 31 9
912 18 17 7
913 14 14 6
914 17 17 7
915 10 10 6
916 21 21 9
917 20 19 9
918 18 17 9
919 18 17 11
920 24 24 12
921 19 18 6
922 37 37 15
923 20 20 12
924 21 20 6
925 13 13 7
926 30 30 12
927 33 32 10
928 17 17 7
929 26 26 12
930 21 21 9
931 24 23 9
932 14 13 7
933 20 20 10
934 13 12 6
935 19 19 11
936 20 20 6
937 23 23 7
938 28 28 10
939 21 20 12
940 19 19 9
941 22 21 9
942 24 23 11
943 14 13 7
944 14 14 6
945 15 15 7
946 24 24 10
947 21 21 9
948 14 13 7
949 16 16 10
950 23 22 10
951 21 21 11
952 18 18 6
953 19 19 9
954 28 27 13
955 28 28 12
956 23 22 12
957 23 22 10
958 25 25 9
959 22 21 9
960 18 17 7
961 16 16 10
962 11 10 6
963 17 17 7
964 22 22 14
965 19 18 10
966 13 13 7
967 30 30 14
968 19 19 11
969 34 33 9
970 20 19 9
971 26 25 7
972 24 24 10
973 31 31 9
974 22 21 11
975 20 20 14
976 31 30 12
977 23 23 13
978 24 23 13
979 32 31 13
980 30 29 15
981 26 25 13
982 12 12 6
983 17 17 9
984 32 31 9
985 18 17 7
986 18 18 6
987 17 17 7
988 14 14 6
989 21 21 7
990 22 22 10
991 31 30 10
992 23 23 11
993 18 18 6
994 23 23 11
995 20 20 10
996 15 14 6
997 21 21 11
998 14 14 10
999 17 16 10
1000 7 6 5
1001 19 19 11
1002 18 18 10
1003 17 17 7
1004 14 14 6
1005 21 21 13
1006 16 16 10
1007 27 26 12
1008 15 15 9
1009 18 17 7
1010 10 10 6
1011 23 23 11
1012 18 18 10
1013 21 20 12
1014 15 14 10
1015 31 30 14
1016 23 23 9
1017 14 13 7
1018 6 6 6
1019 21 21 11
1020 24 24 10
1021 15 14 6
1022 13 13 7
1023 18 18 10
1024 31 30 6
1025 25 25 7
1026 12 12 6
1027 25 25 9
1028 14 13 7
1029 18 18 6
1030 13 13 7
1031 12 12 6
1032 17 17 7
1033 18 18 6
1034 27 27 11
1035 26 25 9
1036 24 23 7
1037 12 12 6
1038 23 23 9
1039 20 19 11
1040 20 20 6
1041 13 13 7
1042 14 14 6
1043 25 25 9
1044 20 19 7
1045 22 22 12
1046 13 12 6
1047 31 31 13
1048 22 22 10
1049 17 17 9
1050 18 17 9
1051 20 19 11
1052 24 23 13
1053 14 14 10
1054 23 22 10
1055 15 14 10
1056 25 25 13
1057 20 19 9
1058 14 13 9
1059 20 19 11
1060 20 19 11
1061 14 14 10
1062 23 23 13
1063 16 16 10
1064 17 17 11
1065 6 6 6
1066 21 21 11
1067 18 17 13
1068 24 24 14
1069 19 18 10
1070 11 11 7
1071 12 12 6
1072 21 21 11
1073 14 13 9
1074 18 17 11
1075 14 14 10
1076 19 18 10
1077 17 17 11
1078 24 23 9
1079 16 15 9
1080 20 19 11
1081 12 11 7
1082 16 16 10
1083 21 21 11
1084 20 20 12
1085 15 14 10
1086 11 10 6
1087 17 17 11
1088 20 19 9
1089 18 17 9
1090 16 15 9
1091 10 9 8
1092 20 19 13
1093 18 18 10
1094 17 17 7
1095 6 6 6
1096 17 17 11
1097 18 17 11
1098 16 16 10
1099 7 7 7
1100 16 16 12
1101 21 21 11
1102 20 20 10
1103 13 12 6
1104 21 21 13
1105 16 16 10
1106 17 16 12
1107 19 19 9
1108 20 19 11
1109 12 11 7
1110 16 16 10
1111 19 19 11
1112 14 14 10
1113 15 15 9
1114 18 17 11
1115 16 16 12
1116 15 14 10
1117 13 13 9
1118 20 19 13
1119 18 18 10
1120 27 27 13
1121 14 14 10
1122 17 16 10
1123 17 17 11
1124 20 20 12
1125 15 15 9
1126 12 11 7
1127 24 24 10
1128 19 18 10
1129 15 15 9
1130 8 7 6
1131 16 16 10
1132 23 22 10
1133 19 18 10
1134 17 17 11
1135 6 6 6
1136 21 21 11
1137 20 20 12
1138 17 17 9
1139 20 19 11
1140 18 17 7
1141 20 20 6
1142 19 19 11
1143 22 22 12
1144 21 20 10
1145 21 21 11
1146 6 6 6
1147 19 19 11
1148 12 11 10
1149 16 16 10
1150 17 17 11
1151 18 18 10
1152 29 28 14
1153 23 22 10
1154 15 14 6
1155 13 13 7
1156 12 12 6
1157 17 17 7
1158 12 12 6
1159 25 25 7
1160 14 14 6
1161 15 15 9
1162 20 19 11
1163 14 14 6
1164 13 13 7
1165 18 18 14
1166 11 10 6
1167 27 27 11
1168 12 12 6
1169 15 15 7
1170 18 18 10
1171 15 15 11
1172 6 6 6
1173 31 31 9
1174 24 23 7
1175 30 30 10
1176 15 14 6
1177 23 23 11
1178 10 10 6
1179 15 15 9
1180 14 13 7
1181 16 16 6
1182 21 21 7
1183 18 18 10
1184 7 7 7
1185 16 16 10
1186 17 17 11
1187 24 23 9
1188 12 11 7
1189 24 24 6
1190 31 31 7
1191 26 26 6
1192 15 15 7
1193 16 16 6
1194 23 23 7
1195 24 24 6
1196 19 19 7
1197 22 22 6
1198 13 13 7
1199 14 14 6
1200 13 13 7
1201 28 28 10
1202 21 21 7
1203 20 20 6
1204 11 11 7
1205 14 14 6
1206 15 15 7
1207 14 14 6
1208 17 17 7
1209 16 16 6
1210 19 19 7
1211 18 18 10
1212 17 17 7
1213 20 20 10
1214 25 24 10
1215 27 26 10
1216 13 13 7
1217 34 34 10
1218 25 24 10
1219 21 20 10
1220 7 7 7
1221 16 16 6
1222 17 17 9
1223 26 25 11
1224 30 30 6
1225 11 11 7
1226 16 16 10
1227 21 21 9
1228 18 17 9
1229 16 15 7
1230 20 20 6
1231 15 15 7
1232 22 22 10
1233 11 11 7
1234 12 12 6
1235 35 35 11
1236 20 20 6
1237 33 33 7
1238 28 28 6
1239 25 25 9
1240 16 15 7
1241 26 26 10
1242 35 34 10
1243 23 22 6
1244 35 35 7
1245 32 32 6
1246 25 25 7
1247 18 18 6
1248 43 43 9
1249 30 29 7
1250 32 32 12
1251 35 34 12
1252 41 41 7
1253 36 36 10
1254 39 39 13
1255 16 16 6
1256 27 27 7
1257 34 34 10
1258 35 34 10
1259 19 18 10
1260 31 30 14
1261 17 16 6
1262 17 17 9
1263 22 21 11
1264 26 25 7
1265 20 20 6
1266 25 25 9
1267 22 21 7
1268 26 26 12
1269 19 18 6
1270 23 23 9
1271 26 25 9
1272 26 25 7
1273 22 22 6
1274 21 21 13
1275 16 16 6
1276 31 31 15
1277 26 26 12
1278 15 14 6
1279 17 17 7
1280 10 10 6
1281 13 13 7
1282 26 26 6
1283 19 19 7
1284 22 22 10
1285 17 17 7
1286 22 22 10
1287 21 21 7
1288 16 16 10
1289 25 24 14
1290 21 20 10
1291 25 24 10
1292 17 17 9
1293 18 17 7
1294 30 30 18
1295 7 7 7
1296 18 18 6
1297 11 11 7
1298 18 18 10
1299 25 24 12
1300 29 28 10
1301 13 12 6
1302 21 21 11
1303 22 22 10
1304 17 17 7
1305 26 26 12
1306 13 13 9
1307 20 19 7
1308 24 24 10
1309 15 14 10
1310 25 24 10
1311 21 20 12
1312 25 24 10
1313 23 22 10
1314 21 21 9
1315 22 21 9
1316 16 15 11
1317 20 20 12
1318 17 17 7
1319 16 16 10
1320 27 26 10
1321 21 20 12
1322 19 19 11
1323 32 32 16
1324 23 23 11
1325 16 16 10
1326 25 24 10
1327 19 18 10
1328 21 20 10
1329 13 13 7
1330 20 20 12
1331 7 6 5
1332 19 19 13
1333 10 10 6
1334 21 21 9
1335 18 17 7
1336 14 14 10
1337 19 18 10
1338 19 18 14
1339 17 16 6
1340 13 13 7
1341 12 12 6
1342 15 15 11
1343 14 14 10
1344 17 16 12
1345 19 18 10
1346 17 16 10
1347 19 18 12
1348 15 15 7
1349 24 24 10
1350 17 17 13
1351 12 12 6
1352 21 21 7
1353 32 32 12
1354 17 16 6
1355 21 21 11
1356 16 15 9
1357 16 15 9
1358 22 21 11
1359 14 14 6
1360 15 15 9
1361 28 27 9
1362 18 17 11
1363 22 22 12
1364 19 18 10
1365 19 19 11
1366 14 13 7
1367 18 18 12
1368 13 12 6
1369 13 13 7
1370 16 16 10
1371 19 19 11
1372 14 14 6
1373 21 21 11
1374 18 17 7
1375 16 16 10
1376 17 16 12
1377 19 18 12
1378 15 14 10
1379 19 19 11
1380 10 10 6
1381 21 21 9
1382 18 17 11
1383 14 14 10
1384 15 14 10
1385 17 16 12
1386 21 20 10
1387 25 24 14
1388 11 10 9
1389 21 21 13
1390 14 13 7
1391 22 22 14
1392 19 18 10
1393 17 16 10
1394 11 11 7
1395 18 18 12
1396 17 17 9
1397 26 25 15
1398 16 16 10
1399 23 22 10
1400 21 20 10
1401 17 17 9
1402 10 9 8
1403 26 25 13
1404 10 10 10
1405 17 16 6
1406 15 15 9
1407 24 23 11
1408 18 18 10
1409 15 15 11
1410 16 15 11
1411 16 16 10
1412 13 12 6
1413 23 23 13
1414 16 16 12
1415 21 20 12
1416 13 13 9
1417 14 13 9
1418 20 19 11
1419 6 6 6
1420 21 21 11
1421 14 14 10
1422 15 15 9
1423 24 23 11
1424 16 16 10
1425 11 11 7
1426 16 16 6
1427 15 15 9
1428 24 23 13
1429 14 14 10
1430 21 21 11
1431 6 6 6
1432 15 15 7
1433 12 12 6
1434 21 21 13
1435 22 21 11
1436 18 18 10
1437 19 18 10
1438 25 24 10
1439 19 19 11
1440 14 13 9
1441 14 13 7
1442 20 20 12
1443 17 17 9
1444 26 25 13
1445 18 18 10
1446 23 22 10
1447 15 14 6
1448 15 15 11
1449 10 10 6
1450 15 15 9
1451 12 11 7
1452 16 16 6
1453 13 13 7
1454 24 24 14
1455 15 14 10
1456 19 18 10
1457 7 7 7
1458 16 16 10
1459 19 19 9
1460 26 25 11
1461 8 7 6
1462 22 22 12
1463 7 6 5
1464 19 19 11
1465 12 12 6
1466 17 17 7
1467 26 26 12
1468 19 18 12
1469 7 6 5
1470 17 17 11
1471 16 15 7
1472 20 20 12
1473 27 26 12
1474 23 22 6
1475 17 17 9
1476 18 17 9
1477 8 7 6
1478 16 16 10
1479 27 27 13
1480 28 28 10
1481 23 22 10
1482 23 23 9
1483 16 15 7
1484 22 22 10
1485 15 15 7
1486 16 16 10
1487 23 23 11
1488 38 37 7
1489 22 22 6
1490 19 19 9
1491 16 15 7
1492 22 22 10
1493 11 10 6
1494 25 25 7
1495 36 36 10
1496 25 25 7
1497 20 20 6
1498 15 15 7
1499 10 10 6
1500 21 21 9
1501 14 13 7
1502 30 30 12
1503 15 14 6
1504 17 17 11
1505 14 13 7
1506 18 18 10
1507 25 25 9
1508 16 15 7
1509 26 26 10
1510 25 24 10
1511 21 20 6
1512 13 13 9
1513 20 19 11
1514 20 19 9
1515 20 19 7
1516 18 18 10
1517 11 10 6
1518 31 31 9
1519 18 17 11
1520 22 22 12
1521 17 16 10
1522 19 19 11
1523 16 15 7
1524 14 14 6
1525 19 19 9
1526 28 27 9
1527 18 17 11
1528 22 22 14
1529 19 19 11
1530 14 13 7
1531 18 18 6
1532 13 13 9
1533 28 27 15
1534 18 18 10
1535 21 20 10
1536 15 14 6
1537 17 17 11
1538 26 25 9
1539 22 21 11
1540 20 20 10
1541 19 19 7
1542 22 22 14
1543 17 16 10
1544 21 20 10
1545 21 21 9
1546 16 15 7
1547 16 16 10
1548 7 7 7
1549 22 22 10
1550 25 24 10
1551 31 30 12
1552 15 14 6
1553 21 21 9
1554 14 13 7
1555 20 20 6
1556 19 19 9
1557 24 23 13
1558 14 14 10
1559 23 22 6
1560 23 23 11
1561 16 16 6
1562 13 13 7
1563 34 34 16
1564 11 10 6
1565 27 27 9
1566 26 25 11
1567 22 22 10
1568 25 24 12
1569 19 19 9
1570 20 19 7
1571 22 22 6
1572 23 23 11
1573 16 16 6
1574 23 23 9
1575 24 23 11
1576 20 19 7
1577 10 10 6
1578 27 27 11
1579 20 19 9
1580 14 13 9
1581 18 17 7
1582 30 30 12
1583 23 22 12
1584 27 27 9
1585 14 13 7
1586 20 20 6
1587 9 9 9
1588 20 19 11
1589 20 20 12
1590 25 24 12
1591 17 16 10
1592 19 18 12
1593 7 7 7
1594 20 20 10
1595 23 23 9
1596 24 23 11
1597 20 19 11
1598 24 23 13
1599 22 21 11
1600 18 18 6
1601 17 17 11
1602 28 27 11
1603 24 24 10
1604 27 26 10
1605 21 20 6
1606 25 25 7
1607 12 12 6
1608 15 15 11
1609 18 18 6
1610 17 17 11
1611 16 15 9
1612 34 33 11
1613 12 11 7
1614 20 20 10
1615 15 15 11
1616 10 10 6
1617 21 21 13
1618 16 16 10
1619 27 26 10
1620 23 23 11
1621 8 7 6
1622 12 12 6
1623 25 25 13
1624 22 21 9
1625 20 19 9
1626 14 13 7
1627 18 18 10
1628 15 14 10
1629 15 15 11
1630 12 12 6
1631 15 15 9
1632 36 35 11
1633 16 16 6
1634 11 11 7
1635 22 22 10
1636 23 23 13
1637 20 20 10
1638 11 10 6
1639 13 13 7
1640 10 10 10
1641 23 23 11
1642 28 27 7
1643 16 16 6
1644 15 15 9
1645 20 19 11
1646 24 23 13
1647 18 17 11
1648 20 20 10
1649 25 25 13
1650 20 19 9
1651 26 25 11
1652 14 14 6
1653 13 13 7
1654 14 14 6
1655 17 17 9
1656 14 13 9
1657 14 13 7
1658 22 22 10
1659 33 32 6
1660 21 21 11
1661 18 18 10
1662 7 6 5
1663 19 19 9
1664 16 15 9
1665 20 19 13
1666 14 13 9
1667 20 19 9
1668 22 21 9
1669 26 25 11
1670 18 18 10
1671 17 16 10
1672 23 22 12
1673 15 15 9
1674 26 25 11
1675 14 14 6
1676 27 27 13
1677 14 13 9
1678 18 17 9
1679 16 15 7
1680 20 20 10
1681 23 22 12
1682 25 24 12
1683 15 14 6
1684 19 19 11
1685 16 16 10
1686 15 14 6
1687 17 17 9
1688 20 19 7
1689 16 16 10
1690 17 17 7
1691 14 14 10
1692 13 13 9
1693 20 19 9
1694 16 15 11
1695 12 12 6
1696 13 13 9
1697 16 15 11
1698 16 16 12
1699 11 10 9
1700 15 14 10
1701 31 30 18
1702 13 12 6
1703 17 17 11
1704 16 16 12
1705 15 15 11
1706 22 22 10
1707 11 10 9
1708 7 7 7
1709 16 16 12
1710 17 16 10
1711 15 14 6
1712 19 19 13
1713 6 6 6
1714 7 7 7
1715 18 18 12
1716 21 20 12
1717 17 17 9
1718 16 15 9
1719 24 23 11
1720 12 11 7
1721 22 22 12
1722 9 9 9
1723 14 13 9
1724 18 17 11
1725 14 14 6
1726 27 27 9
1727 20 19 9
1728 22 21 13
1729 18 17 9
1730 12 11 7
1731 16 16 10
1732 7 6 5
1733 29 29 17
1734 14 13 7
1735 16 16 10
1736 13 13 7
1737 22 22 12
1738 15 15 9
1739 18 17 9
1740 8 7 6
1741 22 22 12
1742 17 17 9
1743 26 25 13
1744 14 14 6
1745 17 17 9
1746 18 17 9
1747 16 15 11
1748 6 6 6
1749 17 17 11
1750 22 22 14
1751 19 18 6
1752 19 19 9
1753 18 17 11
1754 16 15 11
1755 16 15 11
1756 16 16 6
1757 21 21 13
1758 10 10 6
1759 17 17 13
1760 18 18 10
1761 27 26 12
1762 15 15 11
1763 16 16 10
1764 7 6 5
1765 25 25 13
1766 14 13 7
1767 20 20 10
1768 23 22 12
1769 19 18 6
1770 13 13 7
1771 10 10 6
1772 9 9 9
1773 20 19 9
1774 20 19 7
1775 50 50 10
1776 15 14 6
1777 17 17 9
1778 16 15 7
1779 18 18 12
1780 15 14 6
1781 21 21 11
1782 34 34 6
1783 23 23 9
1784 28 27 7
1785 18 18 10
1786 25 24 6
1787 17 17 9
1788 34 33 11
1789 22 22 6
1790 19 19 7
1791 14 14 6
1792 21 21 9
1793 24 23 13
1794 28 27 9
1795 14 13 7
1796 16 16 6
1797 15 15 7
1798 30 30 14
1799 19 18 10
1800 19 19 9
1801 14 13 9
1802 16 15 7
1803 20 20 12
1804 21 20 6
1805 17 17 7
1806 20 20 6
1807 7 7 7
1808 22 22 12
1809 25 24 10
1810 15 14 6
1811 17 17 11
1812 26 26 10
1813 11 11 7
1814 20 20 10
1815 19 18 10
1816 19 18 10
1817 15 14 10
1818 19 18 12
1819 17 16 12
1820 17 17 11
1821 20 19 11
1822 20 19 11
1823 20 20 10
1824 15 15 11
1825 14 13 7
1826 14 14 6
1827 13 13 9
1828 22 21 11
1829 28 28 10
1830 23 22 10
1831 31 30 12
1832 21 21 9
1833 28 27 13
1834 20 20 10
1835 21 20 6
1836 13 13 9
1837 12 11 7
1838 36 36 14
1839 19 19 7
1840 18 18 10
1841 19 19 13
1842 24 23 11
1843 16 15 9
1844 28 27 11
1845 16 16 6
1846 17 17 9
1847 18 17 9
1848 24 23 9
1849 18 17 7
1850 32 32 12
1851 35 34 14
1852 23 23 7
1853 6 6 6
1854 13 13 9
1855 20 19 7
1856 16 16 6
1857 23 23 9
1858 24 23 9
1859 22 21 7
1860 20 20 6
1861 19 19 9
1862 16 15 7
1863 18 18 10
1864 23 22 12
1865 31 30 10
1866 17 17 7
1867 18 18 10
1868 23 22 10
1869 11 11 7
1870 10 10 6
1871 15 15 11
1872 22 21 11
1873 16 16 6
1874 19 19 11
1875 22 22 10
1876 15 14 10
1877 15 14 10
1878 19 18 10
1879 17 17 11
1880 16 16 10
1881 25 24 12
1882 27 26 10
1883 27 26 14
1884 13 13 7
1885 18 18 6
1886 17 17 9
1887 32 31 11
1888 16 16 10
1889 29 28 14
1890 21 20 10
1891 17 16 6
1892 21 21 9
1893 14 13 7
1894 14 14 6
1895 21 21 9
1896 14 13 7
1897 22 22 12
1898 7 6 5
1899 19 19 11
1900 14 13 9
1901 20 19 11
1902 30 30 12
1903 11 10 6
1904 23 23 13
1905 18 18 12
1906 21 21 7
1907 20 20 10
1908 21 21 11
1909 24 23 9
1910 16 15 9
1911 18 17 11
1912 10 10 10
1913 17 17 11
1914 24 24 14
1915 21 20 6
1916 15 15 11
1917 16 15 11
1918 18 18 10
1919 15 15 9
1920 16 15 7
1921 16 16 6
1922 7 7 7
1923 22 22 10
1924 19 18 12
1925 15 14 10
1926 23 23 13
1927 6 6 6
1928 19 19 13
1929 6 6 6
1930 17 17 13
1931 18 17 9
1932 22 21 13
1933 10 10 6
1934 17 17 11
1935 10 9 8
1936 18 17 11
1937 14 14 10
1938 25 24 12
1939 13 13 9
1940 16 15 11
1941 14 14 10
1942 21 20 14
1943 7 6 5
1944 17 17 11
1945 10 10 10
1946 25 24 10
1947 7 6 5
1948 23 23 13
1949 18 17 9
1950 14 13 9
1951 16 15 11
1952 14 13 9
1953 18 17 11
1954 18 17 11
1955 20 19 11
1956 20 19 11
1957 16 16 10
1958 17 16 10
1959 17 17 11
1960 12 11 10
1961 16 16 12
1962 13 13 9
1963 14 13 9
1964 14 13 9
1965 26 25 11
1966 18 18 12
1967 15 15 9
1968 10 9 8
1969 18 17 11
1970 10 9 8
1971 18 17 13
1972 6 6 6
1973 23 23 11
1974 18 17 9
1975 18 17 9
1976 16 15 11
1977 20 20 12
1978 7 7 7
1979 24 24 14
1980 23 23 11
1981 14 14 6
1982 19 19 7
1983 16 16 10
1984 9 9 9
1985 22 21 13
1986 16 16 6
1987 17 17 11
1988 18 17 11
1989 18 18 12
1990 11 10 9
1991 23 22 14
1992 15 14 10
1993 15 14 10
1994 19 19 11
1995 16 16 6
1996 15 15 9
1997 22 21 11
1998 18 17 7
1999 14 14 10
2000 15 14 10
2001 21 20 10
2002 7 7 7
2003 24 24 14
2004 23 22 6
2005 15 15 7
2006 10 10 10
2007 17 16 12
2008 7 6 5
2009 17 17 13
2010 14 13 9
2011 36 35 11
2012 14 13 7
2013 6 6 6
2014 15 15 9
2015 14 13 7
2016 16 16 10
2017 17 17 11
2018 20 19 11
2019 18 18 10
2020 15 14 6
2021 15 15 11
2022 10 10 6
2023 19 19 13
2024 14 14 10
2025 17 16 10
2026 9 9 9
2027 14 13 7
2028 22 22 14
2029 7 6 5
2030 25 25 11
2031 18 18 10
2032 15 15 9
2033 22 21 11
2034 16 15 7
2035 14 14 6
2036 29 29 9
2037 22 21 7
2038 16 16 10
2039 19 18 10
2040 17 16 6
2041 11 11 7
2042 18 18 10
2043 31 31 11
2044 44 44 10
2045 19 18 6
2046 19 19 7
2047 16 16 6
2048 27 27 7
2049 24 24 6
2050 25 25 7
2051 30 30 10
2052 15 14 6
2053 23 23 9
2054 20 19 9
2055 20 19 7
2056 12 12 6
2057 23 23 7
2058 16 16 10
2059 31 31 11
2060 32 31 9
2061 16 15 7
2062 14 14 6
2063 15 15 11
2064 16 16 10
2065 15 14 6
2066 35 35 11
2067 20 19 7
2068 24 24 10
2069 13 13 9
2070 28 27 11
2071 18 18 12
2072 15 14 10
2073 21 20 12
2074 29 29 13
2075 22 22 12
2076 19 18 10
2077 19 18 6
2078 25 25 11
2079 18 18 10
2080 21 20 6
2081 21 21 7
2082 24 24 12
2083 21 20 10
2084 17 16 10
2085 25 24 10
2086 19 19 9
2087 20 19 9
2088 16 15 7
2089 18 18 10
2090 15 14 6
2091 41 41 13
2092 20 19 11
2093 14 13 9
2094 18 17 11
2095 14 13 7
2096 26 26 14
2097 27 27 13
2098 20 19 9
2099 26 25 15
2100 10 10 6
2101 11 11 7
2102 18 18 12
2103 23 22 12
2104 23 22 10
2105 19 18 10
2106 21 20 12
2107 15 15 9
2108 14 13 9
2109 18 17 9
2110 22 21 7
2111 18 18 10
2112 15 14 10
2113 25 25 11
2114 12 12 6
2115 23 23 15
2116 22 22 10
2117 31 31 19
2118 6 6 6
2119 17 17 9
2120 14 13 9
2121 22 21 13
2122 16 16 10
2123 19 19 11
2124 18 17 11
2125 22 22 12
2126 17 16 10
2127 19 19 11
2128 32 32 16
2129 15 15 7
2130 24 24 10
2131 17 16 10
2132 19 18 10
2133 27 26 12
2134 13 13 7
2135 16 16 10
2136 11 11 7
2137 20 20 12
2138 21 20 10
2139 21 21 9
2140 16 15 9
2141 20 19 11
2142 14 14 10
2143 15 15 11
2144 16 15 9
2145 22 21 11
2146 22 22 10
2147 23 22 12
2148 11 10 6
2149 15 15 11
2150 22 21 11
2151 18 17 11
2152 22 22 14
2153 27 26 10
2154 27 27 11
2155 22 22 12
2156 17 17 7
2157 18 18 10
2158 19 18 10
2159 19 18 12
2160 19 19 11
2161 18 17 9
2162 20 19 13
2163 28 28 10
2164 25 24 10
2165 13 12 6
2166 23 23 11
2167 16 16 6
2168 17 17 9
2169 18 17 11
2170 24 24 10
2171 19 18 10
2172 23 22 12
2173 21 21 11
2174 24 24 10
2175 11 11 7
2176 20 20 10
2177 19 18 10
2178 21 20 10
2179 27 27 13
2180 12 11 7
2181 20 20 10
2182 15 14 6
2183 25 25 13
2184 24 24 12
2185 11 11 7
2186 10 10 10
2187 25 24 12
2188 11 11 7
2189 16 16 6
2190 21 21 13
2191 18 18 10
2192 17 17 11
2193 22 21 11
2194 12 12 6
2195 25 25 7
2196 28 28 10
2197 19 19 11
2198 8 7 6
2199 18 18 10
2200 7 6 5
2201 13 13 7
2202 14 14 10
2203 25 24 10
2204 21 20 10
2205 25 24 12
2206 17 17 11
2207 18 17 9
2208 20 19 11
2209 16 15 11
2210 16 15 9
2211 20 19 11
2212 24 24 12
2213 19 18 12
2214 11 10 9
2215 21 20 10
2216 7 7 7
2217 10 10 10
2218 19 18 12
2219 21 21 9
2220 26 25 11
2221 22 22 12
2222 13 12 6
2223 23 23 11
2224 20 19 11
2225 24 23 9
2226 24 23 11
2227 18 17 11
2228 8 7 6
2229 30 30 10
2230 17 16 10
2231 25 25 9
2232 12 11 7
2233 22 22 10
2234 31 30 10
2235 11 11 7
2236 16 16 6
2237 15 15 7
2238 18 18 12
2239 19 19 9
2240 28 27 11
2241 26 26 10
2242 19 18 10
2243 11 10 6
2244 21 21 11
2245 18 17 11
2246 18 17 7
2247 20 20 10
2248 19 18 12
2249 17 16 10
2250 23 23 13
2251 16 16 6
2252 15 15 9
2253 20 19 13
2254 18 18 10
2255 19 19 11
2256 16 16 10
2257 19 19 11
2258 18 17 11
2259 24 23 9
2260 22 21 11
2261 14 14 10
2262 21 20 14
2263 7 6 5
2264 19 19 9
2265 18 17 13
2266 26 26 14
2267 19 18 12
2268 23 23 13
2269 6 6 6
2270 17 17 11
2271 16 15 9
2272 20 19 9
2273 16 15 9
2274 28 27 13
2275 14 13 9
2276 22 21 11
2277 20 19 11
2278 22 22 10
2279 13 12 6
2280 15 15 9
2281 16 15 7
2282 18 18 6
2283 27 27 11
2284 18 17 11
2285 14 14 10
2286 19 18 10
2287 17 17 11
2288 22 22 12
2289 27 26 12
2290 17 17 11
2291 26 25 11
2292 22 22 12
2293 17 16 10
2294 19 18 12
2295 15 15 11
2296 20 20 12
2297 21 21 13
2298 16 16 10
2299 21 20 10
2300 23 22 12
2301 9 9 9
2302 20 19 13
2303 10 10 10
2304 21 20 12
2305 13 13 7
2306 22 22 10
2307 19 18 10
2308 7 6 5
2309 15 15 11
2310 14 14 10
2311 19 19 13
2312 16 15 7
2313 12 12 6
2314 29 29 19
2315 6 6 6
2316 17 17 11
2317 10 10 10
2318 11 10 6
2319 19 19 15
2320 18 18 12
2321 7 7 7
2322 24 24 12
2323 15 15 9
2324 14 13 9
2325 12 11 10
2326 10 10 10
2327 17 16 12
2328 33 32 12
2329 25 24 10
2330 19 18 10
2331 23 22 10
2332 11 11 7
2333 16 16 12
2334 13 13 7
2335 18 18 10
2336 13 12 6
2337 17 17 9
2338 24 23 9
2339 14 13 7
2340 6 6 6
2341 19 19 13
2342 14 14 10
2343 29 28 14
2344 23 22 6
2345 17 17 11
2346 18 17 9
2347 22 21 7
2348 10 10 10
2349 19 18 12
2350 23 22 10
2351 31 31 11
2352 20 20 6
2353 15 15 9
2354 12 11 7
2355 20 20 12
2356 17 17 7
2357 10 10 6
2358 19 19 9
2359 24 23 13
2360 14 13 7
2361 18 18 10
2362 15 14 6
2363 15 15 11
2364 14 14 10
2365 23 23 7
2366 10 10 6
2367 25 25 7
2368 20 20 6
2369 17 17 7
2370 10 10 6
2371 17 17 9
2372 20 19 7
2373 22 22 6
2374 13 13 7
2375 14 14 10
2376 31 30 10
2377 33 32 10
2378 13 12 6
2379 19 19 7
2380 20 20 6
2381 13 13 7
2382 10 10 6
2383 17 17 9
2384 20 19 7
2385 20 20 6
2386 21 21 11
2387 20 20 10
2388 21 20 10
2389 19 18 6
2390 17 17 11
2391 14 14 6
2392 31 31 11
2393 16 16 10
2394 17 16 10
2395 19 18 10
2396 11 11 7
2397 16 16 10
2398 29 29 11
2399 22 22 10
2400 17 17 9
2401 10 9 8
2402 24 23 11
2403 18 18 10
2404 21 20 12
2405 43 42 10
2406 21 20 6
2407 15 15 7
2408 16 16 10
2409 29 28 12
2410 19 18 10
2411 19 18 10
2412 27 26 10
2413 17 16 6
2414 17 17 7
2415 16 16 10
2416 19 19 9
2417 32 31 11
2418 20 20 10
2419 17 16 10
2420 39 38 10
2421 31 31 7
2422 24 24 6
2423 25 25 7
2424 18 18 6
2425 15 15 7
2426 26 26 6
2427 35 35 9
2428 34 33 11
2429 38 38 14
2430 23 22 6
2431 23 23 9
2432 20 19 7
2433 44 44 10
2434 39 39 9
2435 42 41 11
2436 26 25 7
2437 52 52 10
2438 37 36 12
2439 21 21 11
2440 24 24 6
2441 17 17 7
2442 28 28 6
2443 23 23 7
2444 14 14 6
2445 33 33 7
2446 36 36 16
2447 35 34 10
2448 35 34 12
2449 23 22 10
2450 41 40 14
2451 23 22 6
2452 23 23 9
2453 22 21 11
2454 22 21 7
2455 38 38 16
2456 13 13 7
2457 26 26 6
2458 17 17 7
2459 22 22 6
2460 31 31 17
2461 34 34 14
2462 33 32 12
2463 27 27 11
2464 12 12 6
2465 19 19 9
2466 24 23 9
2467 38 37 9
2468 20 19 9
2469 28 27 13
2470 22 22 10
2471 37 36 12
2472 23 23 9
2473 34 33 15
2474 30 29 11
2475 24 24 12
2476 27 27 9
2477 22 21 7
2478 22 22 6
2479 21 21 7
2480 10 10 6
2481 13 13 7
2482 12 12 6
2483 17 17 9
2484 18 17 9
2485 18 17 9
2486 24 23 9
2487 28 27 11
2488 14 13 7
2489 24 24 12
2490 23 23 13
2491 18 18 10
2492 19 18 10
2493 21 20 10
2494 19 19 9
2495 12 11 7
2496 30 30 16
2497 33 32 16
2498 35 34 18
2499 19 19 11
2500 28 28 12
2501 17 16 6
2502 13 13 7
2503 18 18 10
2504 17 17 7
2505 26 26 12
2506 27 26 6
2507 27 27 11
2508 12 12 6
2509 17 17 9
2510 14 13 9
2511 16 15 9
2512 14 13 9
2513 26 25 9
2514 22 21 7
2515 14 14 6
2516 25 25 13
2517 24 24 12
2518 23 22 10
2519 21 20 10
2520 15 14 10
2521 23 23 11
2522 18 17 7
2523 16 16 10
2524 25 24 10
2525 29 28 10
2526 21 20 12
2527 23 22 12
2528 23 22 10
2529 17 16 6
2530 15 15 9
2531 22 21 11
2532 16 16 10
2533 19 18 10
2534 15 15 9
2535 18 17 11
2536 22 21 7
2537 14 14 10
2538 21 20 14
2539 23 22 10
2540 19 19 7
2541 18 18 12
2542 13 13 7
2543 16 16 10
2544 13 13 9
2545 16 15 11
2546 20 19 11
2547 24 24 12
2548 17 16 10
2549 13 12 6
2550 25 25 11
2551 18 17 9
2552 18 17 11
2553 14 14 6
2554 17 17 9
2555 14 13 9
2556 24 23 11
2557 6 6 6
2558 23 23 11
2559 20 19 11
2560 12 12 6
2561 7 7 7
2562 16 16 10
2563 17 17 11
2564 18 17 9
2565 14 13 9
2566 22 21 13
2567 14 13 7
2568 18 18 10
2569 11 11 7
2570 22 22 14
2571 23 22 10
2572 17 16 10
2573 15 14 10
2574 25 25 13
2575 16 15 7
2576 16 16 10
2577 17 16 10
2578 23 22 10
2579 15 15 11
2580 14 14 6
2581 11 11 7
2582 20 20 10
2583 17 16 12
2584 21 20 10
2585 19 18 10
2586 27 26 10
2587 13 12 6
2588 25 25 13
2589 22 21 9
2590 16 15 7
2591 10 10 6
2592 17 17 11
2593 6 6 6
2594 19 19 13
2595 24 24 14
2596 23 22 10
2597 21 20 6
2598 11 11 7
2599 12 12 6
2600 21 21 13
2601 16 16 6
2602 17 17 7
2603 14 14 6
2604 15 15 9
2605 22 21 9
2606 12 11 7
2607 16 16 10
2608 13 13 9
2609 18 17 7
2610 28 28 16
2611 21 20 10
2612 15 14 10
2613 17 16 6
2614 15 15 7
2615 12 12 6
2616 17 17 7
2617 22 22 12
2618 21 20 12
2619 19 19 11
2620 22 22 10
2621 15 14 6
2622 15 15 11
2623 14 14 10
2624 13 13 7
2625 16 16 10
2626 11 10 9
2627 17 16 12
2628 15 14 10
2629 25 24 16
2630 15 14 10
2631 21 20 12
2632 17 16 10
2633 13 12 6
2634 7 7 7
2635 20 20 12
2636 13 12 6
2637 13 13 9
2638 20 19 11
2639 18 18 6
2640 11 11 7
2641 16 16 10
2642 27 26 10
2643 19 18 12
2644 15 14 10
2645 15 15 11
2646 12 12 6
2647 17 17 11
2648 16 15 11
2649 18 17 11
2650 12 12 6
2651 21 21 13
2652 14 14 6
2653 19 19 11
2654 14 14 10
2655 25 25 11
2656 16 15 7
2657 20 20 10
2658 17 17 7
2659 24 24 12
2660 15 14 10
2661 17 16 12
2662 19 19 7
2663 22 22 6
2664 21 21 11
2665 20 20 10
2666 17 16 6
2667 13 13 7
2668 28 28 10
2669 17 16 6
2670 19 19 7
2671 12 12 6
2672 13 13 7
2673 22 22 10
2674 29 28 10
2675 41 40 10
2676 21 21 7
2677 34 34 14
2678 21 20 6
2679 19 19 7
2680 16 16 6
2681 11 11 7
2682 18 18 10
2683 15 15 7
2684 24 24 10
2685 13 12 6
2686 17 17 11
2687 18 17 11
2688 16 16 10
2689 17 17 7
2690 16 16 10
2691 11 11 11
2692 22 22 10
2693 19 19 11
2694 18 18 12
2695 19 18 10
2696 15 15 11
2697 10 10 10
2698 27 26 12
2699 15 15 7
2700 16 16 10
2701 17 17 9
2702 14 13 7
2703 20 20 10
2704 13 13 9
2705 14 13 7
2706 16 16 6
2707 19 19 11
2708 16 15 11
2709 8 7 6
2710 22 22 12
2711 31 31 9
2712 22 21 7
2713 20 20 10
2714 23 22 10
2715 15 14 6
2716 27 27 7
2717 18 18 10
2718 15 15 9
2719 12 11 7
2720 20 20 10
2721 13 13 9
2722 20 19 11
2723 16 16 6
2724 21 21 11
2725 20 20 6
2726 17 17 7
2727 14 14 10
2728 19 18 10
2729 15 14 6
2730 27 27 13
2731 14 14 6
2732 25 25 11
2733 10 10 6
2734 15 15 9
2735 18 17 11
2736 24 24 10
2737 25 24 10
2738 25 24 10
2739 13 12 6
2740 31 31 15
2741 12 12 6
2742 25 25 9
2743 14 13 7
2744 16 16 6
2745 17 17 7
2746 32 32 10
2747 17 16 6
2748 13 13 7
2749 28 28 10
2750 21 20 10
2751 11 11 7
2752 14 14 6
2753 17 17 9
2754 28 27 11
2755 26 26 10
2756 27 26 10
2757 15 14 6
2758 21 21 7
2759 22 22 10
2760 21 20 10
2761 19 18 6
2762 25 25 11
2763 20 20 10
2764 13 13 7
2765 22 22 12
2766 21 20 12
2767 13 12 6
2768 21 21 13
2769 14 14 10
2770 19 18 10
2771 21 20 12
2772 21 21 11
2773 16 16 10
2774 17 17 11
2775 18 18 10
2776 23 23 11
2777 16 16 10
2778 27 27 13
2779 14 14 10
2780 13 13 7
2781 18 18 10
2782 25 25 13
2783 10 10 6
2784 19 19 11
2785 26 26 12
2786 15 15 11
2787 16 15 7
2788 14 14 10
2789 17 17 11
2790 8 7 6
2791 28 28 12
2792 11 10 9
2793 25 24 12
2794 17 17 9
2795 18 17 13
2796 10 10 6
2797 17 17 9
2798 14 13 9
2799 22 21 13
2800 18 18 10
2801 25 24 14
2802 13 12 6
2803 19 19 13
2804 16 15 7
2805 18 18 12
2806 13 13 7
2807 16 16 10
2808 21 21 13
2809 24 24 14
2810 15 14 10
2811 17 16 10
2812 11 10 6
2813 17 17 9
2814 8 7 6
2815 18 18 12
2816 19 18 12
2817 19 18 12
2818 15 14 10
2819 15 15 11
2820 16 15 9
2821 22 21 11
2822 20 19 11
2823 20 20 10
2824 23 23 7
2825 24 24 10
2826 11 11 7
2827 14 14 10
2828 7 6 5
2829 17 17 13
2830 8 7 6
2831 22 22 10
2832 11 11 7
2833 22 22 14
2834 13 12 6
2835 15 15 9
2836 18 17 7
2837 10 10 10
2838 19 18 12
2839 19 18 12
2840 15 15 11
2841 20 20 10
2842 21 20 10
2843 17 17 11
2844 16 16 12
2845 25 24 10
2846 15 14 10
2847 25 24 14
2848 7 7 7
2849 18 18 6
2850 21 21 11
2851 26 25 11
2852 14 13 9
2853 14 13 7
2854 16 16 10
2855 17 17 11
2856 20 20 12
2857 23 22 10
2858 25 25 11
2859 14 13 9
2860 22 21 11
2861 16 16 10
2862 15 15 11
2863 22 22 10
2864 15 14 10
2865 7 6 5
2866 23 23 13
2867 16 16 10
2868 21 20 6
2869 11 11 7
2870 24 24 12
2871 19 18 12
2872 19 18 10
2873 17 17 11
2874 18 18 10
2875 29 29 13
2876 14 14 10
2877 11 10 6
2878 25 25 13
2879 8 7 6
2880 20 20 12
2881 17 17 11
2882 16 15 9
2883 14 13 7
2884 22 22 12
2885 13 13 9
2886 22 21 11
2887 20 19 11
2888 22 21 13
2889 16 16 10
2890 21 20 12
2891 25 24 6
2892 25 25 11
2893 20 19 7
2894 10 10 6
2895 15 15 9
2896 12 11 7
2897 16 16 12
2898 17 16 12
2899 15 14 10
2900 19 18 10
2901 19 18 12
2902 25 24 12
2903 15 14 10
2904 17 16 10
2905 19 19 11
2906 20 20 10
2907 19 18 12
2908 17 16 10
2909 7 7 7
2910 26 26 10
2911 13 12 6
2912 13 13 7
2913 16 16 10
2914 15 15 9
2915 22 21 9
2916 16 15 11
2917 16 15 7
2918 18 18 10
2919 25 25 11
2920 8 7 6
2921 16 16 10
2922 17 17 9
2923 12 11 7
2924 20 20 10
2925 21 20 10
2926 19 19 9
2927 26 25 9
2928 22 21 11
2929 20 19 9
2930 16 15 11
2931 16 15 9
2932 22 21 15
2933 16 16 12
2934 19 18 6
2935 15 15 9
2936 14 13 9
2937 18 17 11
2938 14 13 7
2939 18 18 12
2940 7 7 7
2941 16 16 10
2942 17 17 9
2943 32 31 11
2944 14 14 6
2945 15 15 7
2946 10 10 6
2947 15 15 9
2948 18 17 11
2949 18 17 7
2950 24 24 10
2951 21 21 11
2952 12 12 6
2953 19 19 9
2954 14 13 9
2955 14 13 7
2956 14 14 6
2957 27 27 11
2958 16 15 7
2959 16 16 10
2960 11 10 6
2961 15 15 7
2962 16 16 10
2963 17 16 6
2964 21 21 7
2965 20 20 10
2966 15 15 7
2967 20 20 10
2968 15 15 7
2969 16 16 6
2970 15 15 7
2971 22 22 6
2972 13 13 7
2973 30 30 10
2974 17 16 6
2975 25 25 7
2976 14 14 6
2977 17 17 9
2978 20 19 9
2979 14 13 7
2980 18 18 6
2981 29 29 9
2982 20 19 7
2983 20 20 10
2984 15 15 7
2985 22 22 12
2986 21 20 6
2987 25 25 11
2988 18 17 7
2989 18 18 6
2990 17 17 7
2991 18 18 6
2992 19 19 11
2993 10 10 6
2994 23 23 9
2995 20 19 7
2996 12 12 6
2997 15 15 7
2998 38 38 14
2999 19 18 6
3000 17 17 9
3001 16 15 9
3002 18 17 11
3003 6 6 6
3004 15 15 9
3005 26 25 11
3006 34 33 17
3007 20 20 12
3008 13 12 6
3009 27 27 13
3010 10 10 6
3011 33 33 15
3012 26 26 16
3013 31 30 16
3014 31 30 12
3015 25 24 12
3016 33 32 14
3017 17 16 10
3018 17 16 10
3019 17 16 6
3020 27 27 11
3021 12 11 7
3022 24 24 10
3023 15 14 6
3024 21 21 9
3025 20 19 11
3026 30 30 12
3027 23 23 11
3028 30 29 7
3029 22 22 14
3030 19 18 12
3031 11 10 6
3032 21 21 11
3033 18 18 10
3034 17 16 10
3035 27 26 10
3036 19 19 9
3037 18 17 11
3038 12 12 6
3039 11 11 7
3040 14 14 10
3041 23 22 10
3042 33 32 14
3043 13 12 6
3044 25 25 13
3045 20 19 9
3046 12 11 7
3047 14 14 10
3048 23 22 12
3049 21 20 10
3050 15 15 11
3051 16 15 9
3052 20 19 9
3053 16 15 9
3054 10 9 8
3055 26 25 13
3056 6 6 6
3057 19 19 9
3058 16 15 9
3059 22 21 11
3060 24 23 11
3061 20 20 10
3062 7 7 7
3063 20 20 10
3064 17 17 9
3065 12 11 7
3066 6 6 6
3067 17 17 13
3068 10 10 6
3069 15 15 11
3070 24 23 11
3071 16 16 10
3072 21 20 10
3073 17 16 10
3074 21 20 12
3075 19 18 10
3076 17 16 10
3077 19 18 12
3078 13 12 6
3079 21 21 9
3080 14 13 7
3081 26 26 14
3082 15 14 6
3083 15 15 11
3084 6 6 6
3085 21 21 11
3086 6 6 6
3087 19 19 13
3088 12 12 6
3089 23 23 11
3090 20 20 10
3091 21 20 10
3092 19 19 11
3093 12 12 6
3094 13 13 9
3095 16 15 9
3096 8 7 6
3097 18 18 12
3098 19 18 10
3099 15 15 9
3100 14 13 9
3101 18 17 13
3102 14 14 10
3103 7 6 5
3104 17 17 11
3105 16 15 11
3106 26 25 13
3107 16 16 10
3108 13 13 7
3109 14 14 10
3110 7 7 7
3111 16 16 12
3112 17 16 12
3113 11 11 7
3114 20 20 12
3115 19 18 10
3116 13 13 9
3117 12 11 7
3118 14 14 10
3119 17 16 12
3120 17 17 13
3121 14 14 10
3122 23 23 7
3123 26 26 10
3124 15 15 9
3125 8 7 6
3126 20 20 12
3127 11 11 7
3128 16 16 10
3129 19 19 11
3130 14 14 10
3131 15 15 11
3132 16 16 10
3133 15 15 9
3134 20 19 11
3135 12 11 10
3136 16 16 12
3137 17 16 10
3138 19 18 10
3139 29 29 11
3140 22 22 12
3141 13 12 6
3142 17 17 7
3143 14 14 10
3144 13 13 7
3145 16 16 10
3146 17 16 12
3147 23 22 10
3148 17 17 13
3149 16 16 10
3150 17 16 12
3151 19 18 10
3152 17 17 7
3153 14 14 10
3154 17 17 9
3155 8 7 6
3156 22 22 12
3157 21 20 10
3158 15 14 6
3159 9 9 9
3160 20 19 9
3161 16 15 11
3162 16 15 7
3163 10 10 10
3164 17 17 9
3165 16 15 11
3166 18 18 10
3167 19 19 11
3168 20 19 9
3169 12 11 7
3170 14 14 10
3171 17 16 10
3172 15 15 11
3173 10 10 6
3174 17 17 11
3175 14 13 9
3176 16 15 11
3177 10 10 10
3178 17 16 12
3179 13 13 9
3180 16 15 11
3181 12 12 6
3182 17 17 9
3183 16 15 11
3184 16 16 10
3185 13 13 7
3186 22 22 14
3187 7 6 5
3188 13 13 9
3189 22 21 11
3190 28 27 9
3191 26 25 7
3192 24 24 10
3193 15 15 7
3194 16 16 6
3195 9 9 9
3196 10 9 8
3197 14 13 9
3198 8 7 6
3199 18 18 12
3200 15 14 6
3201 17 17 11
3202 16 16 6
3203 17 17 9
3204 8 7 6
3205 16 16 12
3206 21 20 10
3207 19 19 9
3208 34 33 9
3209 30 29 11
3210 14 14 6
3211 15 15 7
3212 10 10 6
3213 15 15 9
3214 12 11 7
3215 22 22 10
3216 33 32 10
3217 27 27 7
3218 16 16 6
3219 17 17 9
3220 14 13 9
3221 20 19 9
3222 32 31 7
3223 22 22 10
3224 31 30 6
3225 19 19 7
3226 10 10 6
3227 19 19 7
3228 14 14 6
3229 51 51 9
3230 36 35 7
3231 26 26 6
3232 17 17 7
3233 22 22 6
3234 19 19 7
3235 30 30 6
3236 23 23 7
3237 16 16 6
3238 21 21 7
3239 26 26 10
3240 15 14 6
3241 39 39 9
3242 22 21 7
3243 22 22 6
3244 21 21 9
3245 26 25 11
3246 18 18 6
3247 19 19 7
3248 14 14 6
3249 23 23 7
3250 22 22 10
3251 27 26 10
3252 17 16 6
3253 27 27 9
3254 26 25 9
3255 32 31 11
3256 12 12 6
3257 13 13 7
3258 18 18 6
3259 23 23 11
3260 32 32 10
3261 31 31 9
3262 20 19 7
3263 18 18 10
3264 11 11 7
3265 18 18 10
3266 31 31 11
3267 40 40 14
3268 33 32 18
3269 19 19 11
3270 28 28 12
3271 27 26 6
3272 33 33 7
3273 40 40 6
3274 29 29 9
3275 34 33 7
3276 36 36 10
3277 33 32 10
3278 21 20 6
3279 33 33 9
3280 30 29 7
3281 20 20 6
3282 19 19 7
3283 30 30 12
3284 29 28 10
3285 25 24 10
3286 19 18 6
3287 31 31 13
3288 32 31 7
3289 16 16 6
3290 29 29 7
3291 40 40 14
3292 29 28 14
3293 37 36 12
3294 21 20 10
3295 21 20 10
3296 25 24 10
3297 27 27 13
3298 22 22 10
3299 37 36 14
3300 19 18 6
3301 25 25 9
3302 32 31 9
3303 18 17 7
3304 18 18 6
3305 19 19 9
3306 18 17 9
3307 14 13 7
3308 20 20 10
3309 15 15 9
3310 28 27 11
3311 12 12 6
3312 23 23 9
3313 26 25 7
3314 20 20 10
3315 33 32 12
3316 29 28 10
3317 13 12 6
3318 23 23 11
3319 20 20 10
3320 21 21 9
3321 26 25 9
3322 18 17 9
3323 22 21 7
3324 22 22 10
3325 27 26 6
3326 17 17 7
3327 12 12 6
3328 21 21 7
3329 16 16 6
3330 27 27 9
3331 16 15 7
3332 24 24 10
3333 23 23 9
3334 42 41 15
3335 18 17 7
3336 26 26 10
3337 17 17 7
3338 20 20 6
3339 21 21 11
3340 32 32 10
3341 17 16 10
3342 21 21 9
3343 30 29 9
3344 22 21 9
3345 20 19 7
3346 20 20 10
3347 21 20 6
3348 29 29 13
3349 18 18 6
3350 23 23 7
3351 26 26 10
3352 23 22 12
3353 21 20 6
3354 23 23 11
3355 26 26 10
3356 19 19 11
3357 24 23 7
3358 30 30 10
3359 21 20 6
3360 25 25 11
3361 24 24 10
3362 15 14 6
3363 15 15 7
3364 30 30 10
3365 29 29 7
3366 28 28 10
3367 25 24 10
3368 33 32 6
3369 23 23 7
3370 30 30 10
3371 31 30 6
3372 31 31 7
3373 16 16 6
3374 21 21 9
3375 30 29 7
3376 42 42 12
3377 23 23 9
3378 28 27 9
3379 52 51 13
3380 28 28 6
3381 27 27 9
3382 26 25 9
3383 32 31 9
3384 18 17 7
3385 44 44 12
3386 31 31 11
3387 24 24 6
3388 21 21 9
3389 22 21 7
3390 26 26 10
3391 17 16 10
3392 45 45 15
3393 26 25 11
3394 36 35 11
3395 22 22 10
3396 23 22 6
3397 23 23 7
3398 28 28 10
3399 21 21 9
3400 24 23 7
3401 18 18 6
3402 27 27 15
3403 12 12 6
3404 37 37 15
3405 26 26 10
3406 37 37 9
3407 32 31 11
3408 26 26 12
3409 27 27 9
3410 16 15 7
3411 18 18 10
3412 19 18 10
3413 25 25 11
3414 28 27 11
3415 26 26 10
3416 13 13 7
3417 22 22 10
3418 41 40 14
3419 23 23 9
3420 46 45 11
3421 26 26 10
3422 21 21 11
3423 18 18 6
3424 25 25 11
3425 40 39 11
3426 30 30 10
3427 29 28 10
3428 33 33 7
3429 24 24 10
3430 25 24 6
3431 45 45 11
3432 16 15 7
3433 36 36 10
3434 23 22 6
3435 19 19 7
3436 16 16 6
3437 29 29 7
3438 24 24 6
3439 27 27 11
3440 22 22 10
3441 25 25 7
3442 22 22 10
3443 23 23 13
3444 26 26 6
3445 27 27 7
3446 22 22 6
3447 15 15 7
3448 24 24 10
3449 29 28 6
3450 27 27 9
3451 38 37 11
3452 26 25 7
3453 28 28 10
3454 25 24 6
3455 23 23 9
3456 28 27 7
3457 28 28 10
3458 23 23 7
3459 36 36 10
3460 31 30 6
3461 23 23 7
3462 24 24 10
3463 21 20 10
3464 25 24 10
3465 31 30 6
3466 23 23 9
3467 42 41 9
3468 40 39 11
3469 34 33 9
3470 34 33 9
3471 32 31 7
3472 28 28 10
3473 41 41 9
3474 40 39 9
3475 30 29 7
3476 26 26 10
3477 27 26 6
3478 27 27 11
3479 28 28 6
3480 41 41 11
3481 22 22 6
3482 33 33 9
3483 26 25 11
3484 32 32 10
3485 15 14 6
3486 19 19 7
3487 26 26 12
3488 21 20 6
3489 37 37 9
3490 24 23 9
3491 14 13 9
3492 18 17 7
3493 30 30 10
3494 23 22 6
3495 19 19 9
3496 14 13 7
3497 14 14 6
3498 17 17 9
3499 14 13 7
3500 22 22 12
3501 17 16 10
3502 23 22 6
3503 17 17 7
3504 24 24 12
3505 17 17 7
3506 28 28 10
3507 11 11 7
3508 26 26 12
3509 7 6 5
3510 13 13 9
3511 16 15 7
3512 20 20 12
3513 11 10 6
3514 23 23 11
3515 26 25 9
3516 22 21 11
3517 28 28 10
3518 21 21 7
3519 14 14 6
3520 19 19 11
3521 16 15 11
3522 18 18 6
3523 15 15 9
3524 26 25 11
3525 12 12 6
3526 23 23 9
3527 24 23 11
3528 22 21 13
3529 20 20 10
3530 25 24 12
3531 25 25 11
3532 24 23 11
3533 16 16 10
3534 25 24 12
3535 15 14 10
3536 29 28 12
3537 13 13 7
3538 24 24 12
3539 21 20 10
3540 21 21 9
3541 24 23 9
3542 12 11 7
3543 24 24 12
3544 13 13 9
3545 30 29 11
3546 20 20 6
3547 15 15 7
3548 14 14 10
3549 21 20 10
3550 21 20 10
3551 19 18 6
3552 27 27 11
3553 26 25 9
3554 20 19 9
3555 24 23 9
3556 20 19 11
3557 18 18 6
3558 9 9 9
3559 18 17 11
3560 22 22 6
3561 27 27 11
3562 20 20 6
3563 15 15 7
3564 24 24 10
3565 11 11 7
3566 6 6 6
3567 21 21 9
3568 26 25 7
3569 28 28 10
3570 15 15 9
3571 40 39 11
3572 28 28 6
3573 17 17 7
3574 14 14 6
3575 21 21 9
3576 26 25 7
3577 26 26 6
3578 15 15 7
3579 20 20 6
3580 21 21 11
3581 24 24 6
3582 29 29 9
3583 22 21 7
3584 18 18 6
3585 25 25 7
3586 24 24 6
3587 21 21 7
3588 36 36 6
3589 23 23 9
3590 28 27 7
3591 20 20 6
3592 25 25 7
3593 24 24 10
3594 29 28 10
3595 29 28 10
3596 19 18 6
3597 13 13 7
3598 18 18 6
3599 19 19 9
3600 24 23 7
3601 26 26 6
3602 23 23 11
3603 22 21 11
3604 26 25 11
3605 30 30 10
3606 21 20 6
3607 27 27 11
3608 36 35 11
3609 24 23 9
3610 22 21 7
3611 16 16 6
3612 25 25 11
3613 26 26 10
3614 17 17 9
3615 24 23 11
3616 20 19 7
3617 22 22 10
3618 27 27 11
3619 30 29 9
3620 20 19 9
3621 28 27 11
3622 26 26 10
3623 11 10 6
3624 19 19 7
3625 18 18 10
3626 19 19 7
3627 12 12 6
3628 35 35 15
3629 16 16 6
3630 33 33 11
3631 20 20 10
3632 29 29 9
3633 20 19 7
3634 30 30 10
3635 13 13 9
3636 38 37 11
3637 22 21 11
3638 22 22 10
3639 17 17 7
3640 20 20 6
3641 21 21 11
3642 14 14 6
3643 31 31 11
3644 20 20 12
3645 25 25 11
3646 18 18 6
3647 23 23 13
3648 22 22 10
3649 13 12 6
3650 21 21 11
3651 22 21 13
3652 16 16 10
3653 19 18 6
3654 19 19 11
3655 14 14 6
3656 13 13 7
3657 18 18 6
3658 19 19 9
3659 28 27 11
3660 22 21 9
3661 20 19 11
3662 14 14 6
3663 15 15 9
3664 18 17 9
3665 22 21 11
3666 20 20 10
3667 21 20 10
3668 13 13 9
3669 16 15 9
3670 8 7 6
3671 20 20 10
3672 13 13 7
3673 24 24 14
3674 21 20 10
3675 27 26 12
3676 27 27 11
3677 22 21 11
3678 22 22 6
3679 21 21 7
3680 14 14 6
3681 23 23 9
3682 12 11 7
3683 24 24 10
3684 11 11 7
3685 20 20 10
3686 13 13 9
3687 18 17 7
3688 20 20 6
3689 21 21 11
3690 18 17 7
3691 22 22 10
3692 19 19 7
3693 12 12 6
3694 17 17 7
3695 30 30 12
3696 25 24 6
3697 17 17 7
3698 12 12 6
3699 11 11 7
3700 26 26 12
3701 17 16 6
3702 21 21 11
3703 26 26 12
3704 15 14 10
3705 13 12 6
3706 17 17 7
3707 16 16 10
3708 17 17 7
3709 20 20 6
3710 23 23 9
3711 8 7 6
3712 20 20 10
3713 15 14 10
3714 13 13 7
3715 6 6 6
3716 21 21 13
3717 14 13 7
3718 22 22 12
3719 19 18 10
3720 23 22 12
3721 21 20 10
3722 15 14 6
3723 15 15 9
3724 16 15 9
3725 12 11 7
3726 20 20 12
3727 11 10 9
3728 19 18 12
3729 15 15 11
3730 18 18 10
3731 23 22 10
3732 19 18 12
3733 19 18 10
3734 21 20 6
3735 19 19 11
3736 16 16 10
3737 17 17 11
3738 20 19 11
3739 20 20 10
3740 21 21 9
3741 22 21 9
3742 26 25 9
3743 16 15 7
3744 20 20 12
3745 19 18 10
3746 23 22 12
3747 7 7 7
3748 22 22 10
3749 23 23 13
3750 24 24 12
3751 21 20 10
3752 29 28 10
3753 19 18 10
3754 15 14 6
3755 13 13 7
3756 16 16 10
3757 21 20 10
3758 23 23 9
3759 14 13 9
3760 28 27 9
3761 14 13 7
3762 24 24 10
3763 23 23 9
3764 32 31 11
3765 18 18 6
3766 17 17 11
3767 24 24 10
3768 23 22 10
3769 19 19 7
3770 14 14 10
3771 13 13 9
3772 20 19 11
3773 16 15 9
3774 12 11 7
3775 20 20 12
3776 13 13 7
3777 14 14 6
3778 27 27 13
3779 20 19 11
3780 12 12 6
3781 15 15 7
3782 18 18 12
3783 25 24 10
3784 19 19 7
3785 22 22 10
3786 15 14 6
3787 17 17 9
3788 18 17 9
3789 12 11 7
3790 18 18 6
3791 21 21 7
3792 14 14 6
3793 15 15 9
3794 18 17 7
3795 18 18 10
3796 15 14 10
3797 25 24 10
3798 31 30 10
3799 19 18 6
3800 23 23 7
3801 14 14 6
3802 15 15 7
3803 20 20 6
3804 21 21 7
3805 20 20 10
3806 13 12 6
3807 17 17 7
3808 14 14 6
3809 25 25 7
3810 20 20 6
3811 15 15 7
3812 20 20 6
3813 11 11 7
3814 10 10 6
3815 27 27 9
3816 20 19 7
3817 16 16 6
3818 21 21 9
3819 20 19 7
3820 20 20 10
3821 31 30 10
3822 25 24 6
3823 23 23 11
3824 14 14 6
3825 35 35 7
3826 24 24 10
3827 21 20 6
3828 25 25 7
3829 14 14 6
3830 21 21 9
3831 32 31 7
3832 38 38 6
3833 25 25 7
3834 16 16 6
3835 35 35 11
3836 24 23 7
3837 22 22 10
3838 27 26 6
3839 19 19 9
3840 22 21 7
3841 18 18 6
3842 29 29 9
3843 22 21 11
3844 40 39 13
3845 26 26 6
3846 37 37 7
3847 24 24 6
3848 29 29 9
3849 16 15 7
3850 16 16 6
3851 35 35 7
3852 34 34 6
3853 23 23 7
3854 22 22 6
3855 27 27 9
3856 28 27 7
3857 22 22 6
3858 27 27 7
3859 14 14 6
3860 27 27 7
3861 34 34 10
3862 21 21 9
3863 20 19 9
3864 34 33 11
3865 28 27 11
3866 38 37 11
3867 16 15 7
3868 34 34 14
3869 19 18 6
3870 27 27 11
3871 20 20 10
3872 21 21 9
3873 18 17 7
3874 46 46 16
3875 33 32 16
3876 17 16 6
3877 13 13 7
3878 60 60 16
3879 29 29 7
3880 18 18 6
3881 17 17 7
3882 18 18 6
3883 13 13 7
3884 10 10 6
3885 23 23 7
3886 34 34 14
3887 33 33 17
3888 26 25 11
3889 38 38 16
3890 13 12 6
3891 23 23 9
3892 22 21 11
3893 22 21 9
3894 28 27 11
3895 24 24 12
3896 11 10 6
3897 33 33 17
3898 24 23 11
3899 20 20 12
3900 19 18 10
3901 17 16 6
3902 15 15 9
3903 34 33 15
3904 14 14 6
3905 19 19 11
3906 22 21 11
3907 34 34 14
3908 19 19 11
3909 18 17 11
3910 24 23 13
3911 30 30 16
3912 17 17 9
3913 28 27 17
3914 14 14 6
3915 31 31 13
3916 16 16 10
3917 23 22 10
3918 17 16 10
3919 25 25 13
3920 18 17 7
3921 16 16 10
3922 13 12 6
3923 15 15 11
3924 20 20 10
3925 27 26 10
3926 21 21 7
3927 18 18 10
3928 11 11 7
3929 22 22 10
3930 25 24 12
3931 19 19 9
3932 22 21 9
3933 22 21 11
3934 20 20 10
3935 15 15 7
3936 6 6 6
3937 21 21 9
3938 26 25 11
3939 10 10 6
3940 15 15 9
3941 16 15 11
3942 18 17 9
3943 14 13 9
3944 14 13 7
3945 24 24 12
3946 17 16 10
3947 21 20 10
3948 27 27 11
3949 14 13 7
3950 24 24 10
3951 11 11 7
3952 24 24 14
3953 13 13 7
3954 16 16 10
3955 7 7 7
3956 20 20 10
3957 19 19 9
3958 20 19 11
3959 20 20 10
3960 25 24 12
3961 19 19 7
3962 18 18 10
3963 19 18 10
3964 19 18 10
3965 19 18 10
3966 23 22 10
3967 21 20 10
3968 19 18 10
3969 13 12 6
3970 19 19 11
3971 24 24 6
3972 17 17 9
3973 22 21 9
3974 28 27 11
3975 22 22 10
3976 33 33 15
3977 16 16 10
3978 37 36 12
3979 21 20 6
3980 19 19 9
3981 20 19 9
3982 22 21 9
3983 18 17 7
3984 10 10 6
3985 17 17 11
3986 24 24 12
3987 19 19 9
3988 24 23 7
3989 20 20 10
3990 21 21 7
3991 12 12 6
3992 17 17 9
3993 18 17 11
3994 12 12 6
3995 25 25 11
3996 16 16 6
3997 15 15 9
3998 28 27 11
3999 20 20 10
4000 23 22 10
4001 17 16 10
4002 17 16 6
4003 21 21 7
4004 24 24 10
4005 13 12 6
4006 23 23 11
4007 10 10 6
4008 31 31 11
4009 22 21 9
4010 16 15 7
4011 12 12 6
4012 17 17 7
4013 12 12 6
4014 23 23 9
4015 20 19 9
4016 22 21 9
4017 22 21 9
4018 18 17 7
4019 24 24 14
4020 19 19 11
4021 14 14 6
4022 31 31 9
4023 12 11 7
4024 22 22 10
4025 25 24 12
4026 17 16 10
4027 21 21 7
4028 18 18 10
4029 17 16 6
4030 17 17 11
4031 20 20 10
4032 7 6 5
4033 13 13 9
4034 24 23 11
4035 24 24 12
4036 23 22 6
4037 17 17 9
4038 22 21 7
4039 16 16 6
4040 27 27 11
4041 14 14 6
4042 15 15 7
4043 20 20 12
4044 17 16 10
4045 23 22 6
4046 17 17 7
4047 20 20 10
4048 21 21 11
4049 26 25 11
4050 24 24 10
4051 27 27 11
4052 20 19 9
4053 22 21 9
4054 20 19 11
4055 18 17 7
4056 6 6 6
4057 21 21 11
4058 12 11 7
4059 18 18 10
4060 11 11 7
4061 14 14 10
4062 25 24 12
4063 13 13 9
4064 14 13 9
4065 22 21 11
4066 24 23 9
4067 14 13 9
4068 16 15 7
4069 24 24 12
4070 11 10 9
4071 19 18 12
4072 7 6 5
4073 21 21 15
4074 16 16 10
4075 19 18 12
4076 21 21 11
4077 18 18 12
4078 17 16 6
4079 21 21 11
4080 18 17 11
4081 32 32 14
4082 17 16 10
4083 19 18 10
4084 17 17 11
4085 10 10 6
4086 23 23 15
4087 22 22 10
4088 13 13 7
4089 10 10 6
4090 17 17 11
4091 8 7 6
4092 20 20 14
4093 29 28 12
4094 19 19 9
4095 22 21 13
4096 16 16 6
4097 19 19 11
4098 18 17 9
4099 12 11 7
4100 18 18 12
4101 7 7 7
4102 20 20 12
4103 21 21 13
4104 14 14 10
4105 17 16 10
4106 19 18 12
4107 9 9 9
4108 24 23 13
4109 14 14 10
4110 27 26 10
4111 19 18 12
4112 17 16 12
4113 17 16 10
4114 17 16 12
4115 7 6 5
4116 25 25 13
4117 14 14 10
4118 23 22 12
4119 15 14 6
4120 21 21 13
4121 20 20 10
4122 19 19 13
4123 18 17 9
4124 20 19 11
4125 12 11 7
4126 18 18 12
4127 21 20 12
4128 17 16 10
4129 7 6 5
4130 25 25 13
4131 12 11 10
4132 18 18 6
4133 15 15 7
4134 28 28 16
4135 15 14 10
4136 17 16 10
4137 19 18 10
4138 13 12 6
4139 13 13 7
4140 16 16 12
4141 17 16 12
4142 27 26 14
4143 13 13 7
4144 26 26 12
4145 17 16 12
4146 17 16 6
4147 19 19 11
4148 16 15 11
4149 20 20 10
4150 17 17 11
4151 18 18 6
4152 15 15 7
4153 20 20 10
4154 11 11 7
4155 28 28 12
4156 7 6 5
4157 19 19 9
4158 18 17 11
4159 24 23 13
4160 16 16 6
4161 15 15 9
4162 12 11 7
4163 18 18 12
4164 19 18 10
4165 19 19 13
4166 14 14 6
4167 11 11 7
4168 16 16 10
4169 17 17 11
4170 10 10 10
4171 27 26 10
4172 15 15 7
4173 14 14 6
4174 23 23 13
4175 18 17 9
4176 14 13 7
4177 18 18 10
4178 11 10 9
4179 21 20 14
4180 19 18 10
4181 21 20 14
4182 21 21 7
4183 10 10 6
4184 19 19 9
4185 18 17 11
4186 10 9 8
4187 22 21 13
4188 20 20 10
4189 27 27 13
4190 16 16 6
4191 21 21 7
4192 10 10 6
4193 11 11 7
4194 14 14 10
4195 21 20 14
4196 31 31 9
4197 36 35 7
4198 18 18 10
4199 13 12 6
4200 13 13 7
4201 12 12 6
4202 21 21 9
4203 36 35 7
4204 30 30 6
4205 23 23 7
4206 10 10 6
4207 13 13 7
4208 24 24 6
4209 19 19 9
4210 44 43 11
4211 26 26 10
4212 19 19 9
4213 24 23 13
4214 36 35 7
4215 10 10 6
4216 17 17 9
4217 20 19 9
4218 26 25 11
4219 26 26 10
4220 29 28 12
4221 31 30 10
4222 25 24 10
4223 23 23 9
4224 32 31 11
4225 28 27 9
4226 30 29 13
4227 34 34 10
4228 29 29 13
4229 20 19 7
4230 36 36 14
4231 21 20 10
4232 33 33 11
4233 46 45 13
4234 32 31 11
4235 18 17 9
4236 24 23 11
4237 30 30 10
4238 27 27 15
4239 34 34 16
4240 25 25 13
4241 24 24 10
4242 33 33 11
4243 20 19 7
4244 18 18 10
4245 33 32 14
4246 27 27 11
4247 32 32 12
4248 23 23 11
4249 12 12 6
4250 23 23 7
4251 16 16 6
4252 25 25 11
4253 16 16 10
4254 25 25 9
4255 30 29 17
4256 18 17 9
4257 20 19 9
4258 22 21 9
4259 24 23 13
4260 16 16 10
4261 23 23 11
4262 38 37 15
4263 32 31 17
4264 28 27 11
4265 36 35 11
4266 22 21 7
4267 24 24 16
4268 25 25 11
4269 26 26 10
4270 23 23 7
4271 18 18 6
4272 25 25 9
4273 34 33 15
4274 28 28 12
4275 27 26 14
4276 31 30 14
4277 33 33 13
4278 44 44 16
4279 37 36 16
4280 21 21 7
4281 28 28 10
4282 29 29 9
4283 24 23 9
4284 24 23 7
4285 22 22 10
4286 33 33 13
4287 18 17 7
4288 24 24 10
4289 31 31 13
4290 32 31 13
4291 36 36 14
4292 37 36 16
4293 19 18 12
4294 25 25 9
4295 24 23 13
4296 30 30 16
4297 29 28 14
4298 17 16 10
4299 11 11 7
4300 42 42 14
4301 19 19 13
4302 18 18 10
4303 19 18 6
4304 21 21 9
4305 20 19 9
4306 12 11 7
4307 16 16 10
4308 21 20 6
4309 21 21 9
4310 18 17 9
4311 16 15 7
4312 20 20 10
4313 13 12 6
4314 25 25 13
4315 12 11 7
4316 10 10 6
4317 17 17 9
4318 24 23 11
4319 20 20 6
4320 7 7 7
4321 16 16 6
4322 15 15 9
4323 18 17 11
4324 18 17 7
4325 20 20 10
4326 17 16 10
4327 19 19 7
4328 10 10 6
4329 17 17 9
4330 8 7 6
4331 26 26 14
4332 31 30 10
4333 21 21 7
4334 18 18 10
4335 17 17 9
4336 20 19 11
4337 10 10 6
4338 7 7 7
4339 20 20 10
4340 17 16 10
4341 23 23 9
4342 18 17 7
4343 16 16 6
4344 13 13 7
4345 22 22 10
4346 19 19 7
4347 22 22 12
4348 23 22 12
4349 15 15 11
4350 16 16 10
4351 21 20 6
4352 21 21 11
4353 20 19 9
4354 20 19 11
4355 24 24 10
4356 11 11 7
4357 26 26 14
4358 13 12 6
4359 23 23 11
4360 24 23 7
4361 34 34 12
4362 21 21 11
4363 20 20 6
4364 7 7 7
4365 22 22 12
4366 13 13 7
4367 26 26 12
4368 11 10 6
4369 15 15 11
4370 28 28 12
4371 23 22 6
4372 17 17 9
4373 16 15 7
4374 10 10 6
4375 25 25 11
4376 10 10 10
4377 21 20 12
4378 23 22 10
4379 21 20 10
4380 7 7 7
4381 28 28 14
4382 21 20 10
4383 19 19 11
4384 6 6 6
4385 19 19 11
4386 14 14 6
4387 17 17 9
4388 18 17 11
4389 16 16 10
4390 21 21 9
4391 16 15 11
4392 20 20 10
4393 19 18 10
4394 19 19 11
4395 16 16 10
4396 19 19 9
4397 22 21 11
4398 10 10 6
4399 17 17 7
4400 26 26 12
4401 13 13 7
4402 16 16 10
4403 15 14 10
4404 17 16 10
4405 7 6 5
4406 15 15 11
4407 26 26 10
4408 15 14 6
4409 15 15 9
4410 20 19 11
4411 6 6 6
4412 21 21 11
4413 8 7 6
4414 18 18 10
4415 15 14 6
4416 19 19 9
4417 18 17 9
4418 22 21 9
4419 8 7 6
4420 14 14 10
4421 11 11 7
4422 28 28 12
4423 17 16 6
4424 25 25 9
4425 16 15 9
4426 16 15 11
4427 20 19 9
4428 22 21 11
4429 16 15 7
4430 14 14 10
4431 19 18 10
4432 21 20 12
4433 17 17 9
4434 24 23 9
4435 12 11 7
4436 22 22 12
4437 23 22 10
4438 19 19 11
4439 6 6 6
4440 17 17 11
4441 18 18 10
4442 25 25 9
4443 22 21 9
4444 20 19 11
4445 10 10 6
4446 29 29 13
4447 16 16 10
4448 13 12 6
4449 11 11 7
4450 16 16 10
4451 19 18 10
4452 15 14 10
4453 21 20 12
4454 23 22 10
4455 17 17 7
4456 20 20 10
4457 13 12 6
4458 21 21 11
4459 10 10 6
4460 25 25 7
4461 16 16 10
4462 17 16 6
4463 15 15 11
4464 10 10 6
4465 23 23 11
4466 26 26 10
4467 17 16 10
4468 13 13 7
4469 22 22 6
4470 19 19 9
4471 24 23 11
4472 22 22 10
4473 23 23 9
4474 14 13 7
4475 18 18 6
4476 15 15 7
4477 18 18 10
4478 19 18 6
4479 31 31 9
4480 24 23 7
4481 20 20 6
4482 19 19 7
4483 18 18 6
4484 29 29 11
4485 18 18 6
4486 15 15 7
4487 22 22 10
4488 27 26 10
4489 21 20 10
4490 19 19 7
4491 28 28 6
4492 51 51 9
4493 30 29 7
4494 16 16 6
4495 23 23 9
4496 24 23 7
4497 22 22 6
4498 39 39 7
4499 36 36 10
4500 21 21 7
4501 18 18 6
4502 27 27 7
4503 22 22 10
4504 29 28 10
4505 29 28 10
4506 17 16 6
4507 23 23 9
4508 28 27 7
4509 22 22 6
4510 19 19 9
4511 28 27 9
4512 32 31 11
4513 16 15 7
4514 20 20 10
4515 23 22 10
4516 19 18 6
4517 25 25 11
4518 30 30 10
4519 25 24 10
4520 17 17 9
4521 42 41 13
4522 28 27 11
4523 22 21 7
4524 38 38 6
4525 23 23 9
4526 24 23 7
4527 22 22 10
4528 25 24 14
4529 27 26 10
4530 25 24 10
4531 23 22 10
4532 27 27 11
4533 34 33 9
4534 30 29 11
4535 50 50 12
4536 23 23 7
4537 16 16 6
4538 11 11 7
4539 24 24 10
4540 21 20 6
4541 27 27 9
4542 36 35 9
4543 30 29 11
4544 16 16 6
4545 21 21 13
4546 18 18 6
4547 23 23 9
4548 32 31 7
4549 28 28 10
4550 21 21 9
4551 28 27 13
4552 22 22 6
4553 33 33 9
4554 32 31 11
4555 28 28 10
4556 39 38 16
4557 25 25 13
4558 20 20 6
4559 19 19 9
4560 22 21 11
4561 22 22 12
4562 31 31 17
4563 20 20 10
4564 35 34 10
4565 15 14 6
4566 43 43 17
4567 16 16 6
4568 37 37 13
4569 18 18 6
4570 19 19 11
4571 16 15 7
4572 28 28 14
4573 15 15 9
4574 24 23 9
4575 18 17 7
4576 52 52 24
4577 31 30 10
4578 23 22 12
4579 21 20 10
4580 17 16 6
4581 17 17 11
4582 20 20 10
4583 17 16 6
4584 25 25 9
4585 16 15 7
4586 30 30 10
4587 11 10 9
4588 23 22 10
4589 25 25 13
4590 22 22 12
4591 13 12 6
4592 25 25 7
4593 24 24 10
4594 23 22 12
4595 17 16 10
4596 23 22 10
4597 23 23 11
4598 26 26 10
4599 27 27 7
4600 18 18 6
4601 19 19 7
4602 16 16 10
4603 7 6 5
4604 21 21 11
4605 12 11 7
4606 32 32 10
4607 17 16 12
4608 19 19 9
4609 22 21 11
4610 16 15 7
4611 16 16 10
4612 19 19 11
4613 18 18 12
4614 15 14 6
4615 25 25 11
4616 20 19 9
4617 16 15 9
4618 24 23 11
4619 18 17 11
4620 32 32 16
4621 13 12 6
4622 23 23 11
4623 16 15 9
4624 22 21 11
4625 16 15 11
4626 16 16 10
4627 15 15 9
4628 8 7 6
4629 18 18 12
4630 15 14 10
4631 23 22 10
4632 15 14 10
4633 17 16 10
4634 13 13 7
4635 20 20 12
4636 13 12 6
4637 23 23 11
4638 16 16 6
4639 33 33 15
4640 20 20 10
4641 25 25 11
4642 22 22 10
4643 23 22 10
4644 7 6 5
4645 17 17 11
4646 18 18 10
4647 15 14 6
4648 13 13 7
4649 20 20 12
4650 25 25 9
4651 16 15 9
4652 14 13 7
4653 18 18 12
4654 19 18 12
4655 19 18 10
4656 17 17 9
4657 16 15 9
4658 16 15 9
4659 20 19 11
4660 24 24 12
4661 21 20 14
4662 15 15 7
4663 14 14 10
4664 17 16 10
4665 25 25 13
4666 18 18 10
4667 21 21 9
4668 18 17 11
4669 20 20 10
4670 7 6 5
4671 19 19 13
4672 18 18 10
4673 23 22 12
4674 15 14 10
4675 17 16 10
4676 7 7 7
4677 24 24 12
4678 17 16 10
4679 19 19 11
4680 18 18 12
4681 11 10 9
4682 19 18 12
4683 17 17 11
4684 22 21 11
4685 22 21 13
4686 14 14 10
4687 27 27 9
4688 18 17 9
4689 16 15 7
4690 26 26 10
4691 21 20 10
4692 11 10 6
4693 11 11 7
4694 22 22 12
4695 25 24 10
4696 23 22 10
4697 7 7 7
4698 30 30 14
4699 27 27 15
4700 16 16 10
4701 15 15 11
4702 20 20 10
4703 11 11 7
4704 18 18 12
4705 15 15 9
4706 22 21 11
4707 12 11 7
4708 16 16 10
4709 13 12 6
4710 29 29 13
4711 14 13 9
4712 22 21 7
4713 28 28 12
4714 27 26 14
4715 17 17 7
4716 18 18 6
4717 11 11 7
4718 6 6 6
4719 15 15 7
4720 16 16 10
4721 17 17 7
4722 16 16 10
4723 21 21 11
4724 16 16 6
4725 17 17 9
4726 18 17 9
4727 22 21 9
4728 16 15 7
4729 12 12 6
4730 15 15 11
4731 18 18 10
4732 19 18 14
4733 11 11 7
4734 10 10 6
4735 19 19 9
4736 28 27 11
4737 10 9 8
4738 16 15 9
4739 14 13 9
4740 10 9 8
4741 20 19 9
4742 18 17 7
4743 18 18 12
4744 9 9 9
4745 24 23 11
4746 12 12 6
4747 17 17 9
4748 10 9 8
4749 30 29 13
4750 18 17 9
4751 18 17 9
4752 18 17 7
4753 14 14 10
4754 11 10 6
4755 15 15 11
4756 10 10 10
4757 19 19 11
4758 16 15 9
4759 20 19 11
4760 16 16 12
4761 19 18 10
4762 15 14 10
4763 19 18 12
4764 17 16 10
4765 19 18 10
4766 15 14 10
4767 15 14 6
4768 11 11 7
4769 6 6 6
4770 21 21 13
4771 18 18 10
4772 23 22 12
4773 19 19 11
4774 10 10 6
4775 21 21 13
4776 20 20 12
4777 17 16 10
4778 23 23 13
4779 20 20 12
4780 11 10 6
4781 15 15 7
4782 22 22 12
4783 19 18 10
4784 17 16 10
4785 19 19 9
4786 22 21 13
4787 22 22 10
4788 21 21 13
4789 18 17 7
4790 22 22 10
4791 7 7 7
4792 20 20 10
4793 11 10 9
4794 15 14 10
4795 15 15 9
4796 18 17 11
4797 20 19 11
4798 16 16 10
4799 7 6 5
4800 19 19 11
4801 18 17 11
4802 24 24 12
4803 25 25 9
4804 18 17 11
4805 16 15 7
4806 20 20 10
4807 13 12 6
4808 15 15 11
4809 20 19 9
4810 16 15 11
4811 6 6 6
4812 15 15 9
4813 16 15 11
4814 14 14 10
4815 15 14 10
4816 17 17 7
4817 20 20 10
4818 25 24 10
4819 23 23 11
4820 18 17 13
4821 10 10 6
4822 19 19 11
4823 16 16 12
4824 21 20 14
4825 11 10 6
4826 15 15 7
4827 18 18 12
4828 17 16 10
4829 19 18 10
4830 11 10 9
4831 15 14 10
4832 15 15 9
4833 18 17 11
4834 14 13 9
4835 16 15 11
4836 16 16 10
4837 27 27 13
4838 12 12 6
4839 23 23 11
4840 20 19 9
4841 20 19 7
4842 12 12 6
4843 19 19 9
4844 14 13 7
4845 22 22 16
4846 13 12 6
4847 17 17 7
4848 20 20 6
4849 15 15 9
4850 22 21 9
4851 16 15 9
4852 18 17 9
4853 18 17 11
4854 28 28 10
4855 21 21 7
4856 12 12 6
4857 17 17 7
4858 34 34 10
4859 17 16 6
4860 29 29 7
4861 14 14 6
4862 13 13 9
4863 26 25 7
4864 18 18 6
4865 19 19 7
4866 14 14 6
4867 15 15 7
4868 24 24 12
4869 17 17 7
4870 18 18 6
4871 13 13 7
4872 6 6 6
4873 21 21 9
4874 32 31 9
4875 12 11 7
4876 22 22 14
4877 19 19 9
4878 18 17 7
4879 22 22 10
4880 19 19 7
4881 24 24 12
4882 25 24 14
4883 21 20 12
4884 17 16 10
4885 15 15 9
4886 16 15 9
4887 22 21 11
4888 14 14 10
4889 13 12 6
4890 17 17 11
4891 14 14 6
4892 17 17 9
4893 22 21 9
4894 18 17 7
4895 12 12 6
4896 33 33 13
4897 14 13 7
4898 14 14 6
4899 11 11 11
4900 22 22 10
4901 19 18 10
4902 17 16 10
4903 19 18 10
4904 25 24 10
4905 15 14 6
4906 17 17 9
4907 14 13 9
4908 20 19 11
4909 18 18 10
4910 27 26 14
4911 23 22 6
4912 23 23 9
4913 16 15 9
4914 20 19 11
4915 20 19 7
4916 16 16 6
4917 21 21 9
4918 18 17 7
4919 16 16 6
4920 11 11 7
4921 18 18 12
4922 15 14 10
4923 9 9 9
4924 18 17 7
4925 18 18 10
4926 17 16 10
4927 15 15 11
4928 10 10 10
4929 19 18 12
4930 17 17 11
4931 16 15 7
4932 18 18 6
4933 15 15 9
4934 12 11 7
4935 16 16 10
4936 13 13 9
4937 20 19 9
4938 22 21 13
4939 22 21 7
4940 18 18 10
4941 13 12 6
4942 15 15 7
4943 16 16 10
4944 15 15 9
4945 16 15 11
4946 18 18 10
4947 19 18 6
4948 11 11 7
4949 16 16 6
4950 21 21 7
4951 12 12 6
4952 13 13 7
4953 18 18 10
4954 25 24 10
4955 17 16 6
4956 11 11 7
4957 18 18 10
4958 15 14 6
4959 23 23 11
4960 14 13 7
4961 18 18 6
4962 17 17 9
4963 18 17 11
4964 6 6 6
4965 25 25 11
4966 16 16 10
4967 17 17 9
4968 16 15 11
4969 24 23 11
4970 16 16 10
4971 19 18 10
4972 7 6 5
4973 19 19 11
4974 24 24 10
4975 21 20 10
4976 19 18 10
4977 27 26 10
4978 11 10 6
4979 17 17 11
4980 16 15 9
4981 18 17 7
4982 20 20 10
4983 23 22 10
4984 17 17 7
4985 18 18 10
4986 7 6 5
4987 19 19 11
4988 18 18 10
4989 15 15 9
4990 10 9 8
4991 26 25 13
4992 8 7 6
4993 22 22 12
4994 25 24 12
4995 15 15 11
4996 20 19 11
4997 22 21 9
4998 8 7 6
4999 18 18 14
