0 22 21 5
1 11 10 4
2 14 13 5
3 27 26 6
4 16 16 6
5 18 17 5
6 19 18 4
7 14 13 5
8 19 19 5
9 19 19 5
10 13 12 4
11 12 11 5
12 7 6 5
13 9 8 4
14 16 15 7
15 13 13 5
16 13 13 5
17 25 24 8
18 10 10 4
19 14 13 5
20 17 16 6
21 10 10 4
22 18 17 7
23 15 14 6
24 8 8 4
25 12 11 5
26 13 13 5
27 9 9 5
28 11 10 6
29 16 16 6
30 16 15 7
31 15 14 6
32 8 8 4
33 10 9 5
34 13 12 6
35 14 13 7
36 13 12 4
37 6 5 4
38 22 21 7
39 15 14 4
40 12 11 5
41 13 12 4
42 14 13 5
43 11 10 6
44 12 12 6
45 12 12 6
46 14 14 6
47 12 12 6
48 22 22 4
49 12 11 5
50 17 16 4
51 22 21 5
52 7 6 5
53 13 13 5
54 5 5 5
55 10 9 5
56 13 13 5
57 17 17 5
58 27 26 6
59 20 19 7
60 23 22 6
61 14 14 4
62 16 15 5
63 33 32 4
64 30 29 5
65 35 34 4
66 24 23 5
67 15 14 4
68 14 13 5
69 23 23 7
70 17 16 4
71 20 19 5
72 25 24 4
73 22 21 5
74 11 11 5
75 21 20 6
76 16 15 5
77 27 27 9
78 25 24 6
79 16 15 5
80 19 19 5
81 11 10 4
82 28 27 5
83 23 22 4
84 22 21 5
85 25 24 6
86 40 40 6
87 34 34 6
88 14 14 4
89 20 19 5
90 25 25 5
91 35 34 4
92 22 21 5
93 37 36 8
94 26 26 6
95 22 21 5
96 21 20 4
97 24 23 5
98 23 22 6
99 20 20 6
100 22 22 4
101 22 21 5
102 31 30 6
103 22 22 6
104 16 16 4
105 14 13 5
106 17 16 4
107 26 25 5
108 19 19 5
109 21 20 6
110 16 16 4
111 26 25 5
112 19 18 4
113 20 19 5
114 31 30 6
115 20 20 6
116 22 22 6
117 28 28 4
118 24 23 7
119 27 26 6
120 12 12 4
121 18 17 5
122 17 17 5
123 33 33 5
124 23 22 6
125 28 28 6
126 24 23 5
127 33 33 5
128 29 29 7
129 19 18 6
130 16 16 6
131 24 23 7
132 23 22 10
133 18 17 5
134 25 25 5
135 29 28 4
136 18 17 5
137 15 14 4
138 24 23 5
139 23 22 6
140 16 16 4
141 28 27 7
142 23 23 7
143 31 30 4
144 22 21 7
145 23 22 4
146 16 15 7
147 21 21 7
148 19 18 4
149 20 19 5
150 29 29 7
151 25 24 4
152 26 25 7
153 25 25 5
154 17 17 5
155 33 32 6
156 18 18 6
157 26 26 6
158 20 19 7
159 29 28 6
160 22 22 4
161 20 19 5
162 31 30 6
163 30 30 6
164 20 20 4
165 16 15 5
166 17 17 5
167 19 19 5
168 31 30 6
169 24 24 4
170 20 19 5
171 23 23 5
172 23 23 5
173 21 20 4
174 32 31 7
175 21 21 7
176 23 23 5
177 35 34 4
178 30 29 7
179 29 29 5
180 25 24 4
181 28 27 7
182 23 22 4
183 30 29 7
184 27 26 6
185 28 28 4
186 34 33 7
187 27 27 5
188 27 27 7
189 21 20 4
190 30 29 5
191 25 25 5
192 13 13 5
193 17 16 6
194 16 16 4
195 20 19 7
196 25 25 9
197 19 19 5
198 25 24 4
199 26 25 5
200 13 12 4
201 24 23 7
202 23 22 4
203 24 23 5
204 17 16 4
205 22 21 5
206 27 26 6
207 18 17 5
208 37 36 6
209 24 24 6
210 18 18 4
211 20 19 5
212 27 27 5
213 39 38 4
214 20 19 5
215 23 22 6
216 20 19 5
217 29 28 4
218 22 21 5
219 15 14 4
220 22 21 5
221 19 18 6
222 22 22 8
223 26 25 5
224 25 24 6
225 22 22 6
226 30 30 6
227 34 33 7
228 19 19 5
229 25 24 4
230 28 27 7
231 29 28 6
232 14 14 4
233 20 19 5
234 19 18 4
235 32 31 5
236 25 24 4
237 28 27 7
238 17 16 6
239 24 24 6
240 24 23 5
241 23 23 5
242 19 18 6
243 32 32 4
244 14 13 5
245 9 8 4
246 16 15 5
247 15 14 4
248 24 23 5
249 19 18 6
250 10 10 4
251 10 9 5
252 11 11 5
253 13 12 4
254 14 13 5
255 9 8 4
256 10 9 5
257 17 16 6
258 16 15 7
259 19 18 6
260 18 18 6
261 10 10 4
262 16 15 5
263 9 8 4
264 22 21 7
265 9 8 4
266 20 19 5
267 21 21 5
268 19 18 4
269 30 29 7
270 17 17 5
271 19 18 4
272 18 17 5
273 17 16 6
274 12 11 5
275 17 16 4
276 20 19 5
277 23 22 6
278 20 19 9
279 19 18 4
280 22 21 5
281 15 14 4
282 14 13 5
283 39 39 5
284 21 21 5
285 17 16 4
286 24 23 5
287 15 15 5
288 13 13 5
289 15 14 4
290 20 19 5
291 23 22 6
292 26 26 4
293 10 9 5
294 19 18 4
295 16 15 5
296 23 22 6
297 38 38 6
298 32 32 6
299 20 20 4
300 32 31 5
301 51 51 7
302 25 25 7
303 27 26 4
304 32 31 5
305 33 33 5
306 41 41 5
307 43 42 8
308 42 42 6
309 36 35 7
310 35 34 6
311 36 36 6
312 18 18 6
313 40 40 8
314 30 29 7
315 23 22 6
316 36 36 10
317 22 22 8
318 24 24 6
319 22 22 6
320 46 46 8
321 38 37 7
322 45 44 8
323 50 50 8
324 40 39 7
325 19 18 6
326 30 30 6
327 28 27 5
328 35 35 7
329 31 30 6
330 26 26 8
331 22 22 6
332 24 24 4
333 22 21 5
334 11 11 5
335 11 10 4
336 18 17 7
337 23 22 4
338 16 15 5
339 17 16 4
340 34 33 7
341 23 22 6
342 10 9 5
343 15 14 4
344 20 19 5
345 25 25 5
346 17 16 4
347 20 19 5
348 25 25 7
349 17 17 5
350 23 23 5
351 17 16 6
352 14 14 4
353 10 9 5
354 15 14 4
355 18 17 5
356 23 22 4
357 14 13 5
358 13 13 7
359 21 20 4
360 22 21 5
361 13 12 4
362 12 11 5
363 21 20 4
364 18 17 5
365 19 18 6
366 16 16 6
367 24 24 4
368 16 15 5
369 25 24 4
370 14 13 5
371 21 20 4
372 16 15 5
373 19 18 4
374 20 19 5
375 17 17 5
376 17 17 5
377 11 10 4
378 18 17 5
379 19 18 6
380 28 28 6
381 16 16 6
382 12 12 6
383 14 14 4
384 20 19 5
385 13 13 5
386 25 25 5
387 13 13 5
388 17 17 5
389 19 18 6
390 18 18 6
391 14 13 5
392 11 11 5
393 15 14 4
394 16 15 5
395 23 22 6
396 18 18 4
397 22 21 5
398 15 15 5
399 9 8 4
400 10 9 5
401 17 17 5
402 13 12 6
403 14 14 4
404 14 13 7
405 11 10 4
406 8 7 6
407 8 8 4
408 12 11 5
409 27 26 8
410 10 9 5
411 9 8 4
412 10 9 5
413 11 11 5
414 17 16 6
415 18 18 4
416 20 19 7
417 17 17 7
418 11 10 4
419 14 13 5
420 9 8 4
421 14 13 5
422 11 11 5
423 13 12 4
424 12 11 5
425 21 20 6
426 12 11 5
427 11 11 5
428 15 14 6
429 14 14 4
430 16 15 5
431 11 11 5
432 21 21 5
433 29 29 5
434 25 24 6
435 28 27 7
436 15 15 5
437 9 8 4
438 14 13 5
439 15 15 5
440 15 14 4
441 14 13 5
442 23 22 6
443 22 21 5
444 17 16 4
445 12 11 5
446 9 9 5
447 19 18 6
448 10 10 4
449 10 9 5
450 19 18 6
451 10 10 4
452 18 17 5
453 9 9 5
454 15 15 5
455 17 16 4
456 18 17 5
457 13 13 5
458 17 17 7
459 17 16 4
460 14 13 5
461 9 9 5
462 9 9 5
463 19 18 6
464 10 9 5
465 13 12 4
466 12 11 5
467 13 13 5
468 9 9 5
469 7 6 5
470 9 9 5
471 15 14 6
472 10 9 5
473 17 16 6
474 18 18 4
475 28 27 5
476 15 14 6
477 10 10 4
478 6 5 4
479 14 13 5
480 19 18 6
481 8 8 4
482 10 9 5
483 11 10 6
484 6 6 6
485 9 8 4
486 12 11 5
487 15 15 5
488 19 18 8
489 16 16 6
490 10 10 6
491 10 10 4
492 14 13 5
493 13 13 5
494 11 10 6
495 20 20 6
496 10 10 6
497 10 10 6
498 16 16 6
499 10 9 5
