0 136 135 83
1 153 153 84
2 102 102 84
3 152 152 83
4 135 135 83
5 101 101 83
6 85 85 85
7 272 272 84
8 186 186 83
9 85 85 85
10 118 118 83
11 119 119 84
12 136 136 84
13 118 118 83
14 169 169 83
15 119 119 84
16 136 136 84
17 118 118 83
18 119 119 84
19 102 102 84
20 118 118 83
21 101 101 83
22 153 153 84
23 136 136 84
24 84 84 84
25 153 153 84
26 102 102 84
27 136 136 84
28 238 238 84
29 186 186 83
30 101 101 83
31 153 153 84
32 170 170 84
33 118 118 83
34 169 169 83
35 153 153 84
36 306 306 84
37 204 204 84
38 186 186 83
39 187 187 84
40 186 186 83
41 357 357 84
42 238 238 84
43 220 220 83
44 135 135 83
45 221 221 84
46 204 204 84
47 170 170 84
48 118 118 83
49 169 169 83
50 203 203 83
51 203 203 83
52 119 119 84
53 220 220 83
54 169 169 83
55 135 135 83
56 101 101 83
57 237 237 83
58 169 169 83
59 271 271 83
60 203 203 83
61 135 135 83
62 221 221 84
63 238 238 84
64 170 170 84
65 186 186 83
66 119 119 84
67 186 186 83
68 169 169 83
69 135 135 83
70 169 169 83
71 221 221 84
72 220 220 83
73 153 153 84
74 220 220 83
75 169 169 83
76 169 169 83
77 153 153 84
78 186 186 83
79 153 153 84
80 170 170 84
81 136 136 84
82 186 186 83
83 169 169 83
84 135 135 83
85 119 119 84
86 152 152 83
87 153 153 84
88 118 118 83
89 153 153 84
90 118 118 83
91 153 153 84
92 152 152 83
93 119 119 84
94 238 238 84
95 102 102 84
96 170 170 84
97 204 204 84
98 170 170 84
99 186 186 83
100 187 187 84
101 118 118 83
102 153 153 84
103 84 84 84
104 153 153 84
105 152 152 83
106 135 135 83
107 203 203 83
108 101 101 83
109 169 169 83
110 135 135 83
111 153 153 84
112 118 118 83
113 153 153 84
114 118 118 83
115 135 135 83
116 153 153 84
117 152 152 83
118 101 101 83
119 119 119 84
120 102 102 84
121 170 170 84
122 136 136 84
123 170 170 84
124 170 170 84
125 220 220 83
126 85 85 85
127 136 136 84
128 118 118 83
129 169 169 83
130 119 119 84
131 220 220 83
132 169 169 83
133 187 187 84
134 102 102 84
135 102 102 84
136 118 118 83
137 169 169 83
138 85 85 85
139 170 170 84
140 136 136 84
141 118 118 83
142 135 135 83
143 221 221 84
144 102 102 84
145 254 254 83
146 101 101 83
147 119 119 84
148 118 118 83
149 187 187 84
150 118 118 83
151 135 135 83
152 187 187 84
153 152 152 83
154 119 119 84
155 136 136 84
156 136 136 84
157 118 118 83
158 187 187 84
159 118 118 83
160 135 135 83
161 101 101 83
162 119 119 84
163 118 118 83
164 135 135 83
165 153 153 84
166 186 186 83
167 153 153 84
168 118 118 83
169 153 153 84
170 136 136 84
171 152 152 83
172 85 85 85
173 118 118 83
174 135 135 83
175 119 119 84
176 254 254 83
177 119 119 84
178 170 170 84
179 102 102 84
180 186 186 83
181 101 101 83
182 203 203 83
183 135 135 83
184 153 153 84
185 102 102 84
186 118 118 83
187 119 119 84
188 136 136 84
189 102 102 84
190 136 136 84
191 118 118 83
192 119 119 84
193 102 102 84
194 102 102 84
195 136 136 84
196 170 170 84
197 136 136 84
198 118 118 83
199 101 101 83
200 169 169 83
201 101 101 83
202 203 203 83
203 153 153 84
204 136 136 84
205 118 118 83
206 101 101 83
207 119 119 84
208 152 152 83
209 101 101 83
210 187 187 84
211 84 84 84
212 169 169 83
213 187 187 84
214 152 152 83
215 135 135 83
216 203 203 83
217 135 135 83
218 135 135 83
219 135 135 83
220 221 221 84
221 118 118 83
222 153 153 84
223 204 204 84
224 170 170 84
225 136 136 84
226 102 102 84
227 254 254 83
228 135 135 83
229 119 119 84
230 152 152 83
231 153 153 84
232 152 152 83
233 119 119 84
234 136 136 84
235 152 152 83
236 135 135 83
237 135 135 83
238 119 119 84
239 102 102 84
240 136 136 84
241 170 170 84
242 170 170 84
243 102 102 84
244 152 152 83
245 85 85 85
246 102 102 84
247 102 102 84
248 118 118 83
249 85 85 85
250 152 152 83
251 85 85 85
252 84 84 84
253 169 169 83
254 101 101 83
255 101 101 83
256 169 169 83
257 135 135 83
258 119 119 84
259 118 118 83
260 101 101 83
261 153 153 84
262 102 102 84
263 136 136 84
264 118 118 83
265 101 101 83
266 85 85 85
267 102 102 84
268 102 102 84
269 118 118 83
270 85 85 85
271 102 102 84
272 102 102 84
273 102 102 84
274 136 136 84
275 102 102 84
276 118 118 83
277 153 153 84
278 102 102 84
279 118 118 83
280 119 119 84
281 136 136 84
282 84 84 84
283 101 101 83
284 101 101 83
285 119 119 84
286 84 84 84
287 101 101 83
288 85 85 85
289 102 102 84
290 152 152 83
291 119 119 84
292 136 136 84
293 118 118 83
294 119 119 84
295 118 118 83
296 119 119 84
297 118 118 83
298 119 119 84
299 152 152 83
300 187 187 84
301 118 118 83
302 85 85 85
303 118 118 83
304 169 169 83
305 135 135 83
306 153 153 84
307 118 118 83
308 119 119 84
309 118 118 83
310 135 135 83
311 135 135 83
312 85 85 85
313 186 186 83
314 135 135 83
315 135 135 83
316 85 85 85
317 136 136 84
318 102 102 84
319 118 118 83
320 187 187 84
321 118 118 83
322 85 85 85
323 186 186 83
324 135 135 83
325 101 101 83
326 169 169 83
327 85 85 85
328 118 118 83
329 153 153 84
330 118 118 83
331 221 221 84
332 136 136 84
333 102 102 84
334 136 136 84
335 84 84 84
336 119 119 84
337 136 136 84
338 152 152 83
339 187 187 84
340 170 170 84
341 102 102 84
342 136 136 84
343 84 84 84
344 101 101 83
345 101 101 83
346 153 153 84
347 186 186 83
348 187 187 84
349 102 102 84
350 136 136 84
351 102 102 84
352 118 118 83
353 119 119 84
354 272 272 84
355 170 170 84
356 170 170 84
357 84 84 84
358 135 135 83
359 119 119 84
360 288 288 83
361 203 203 83
362 237 237 83
363 187 187 84
364 136 136 84
365 118 118 83
366 153 153 84
367 118 118 83
368 187 187 84
369 238 238 84
370 254 254 83
371 119 119 84
372 152 152 83
373 221 221 84
374 152 152 83
375 135 135 83
376 169 169 83
377 169 169 83
378 221 221 84
379 170 170 84
380 152 152 83
381 135 135 83
382 169 169 83
383 203 203 83
384 153 153 84
385 152 152 83
386 153 153 84
387 152 152 83
388 169 169 83
389 169 169 83
390 119 119 84
391 170 170 84
392 238 238 84
393 170 170 84
394 170 170 84
395 186 186 83
396 169 169 83
397 153 153 84
398 170 170 84
399 152 152 83
400 187 187 84
401 186 186 83
402 119 119 84
403 272 272 84
404 204 204 84
405 170 170 84
406 186 186 83
407 135 135 83
408 187 187 84
409 118 118 83
410 169 169 83
411 187 187 84
412 136 136 84
413 136 136 84
414 152 152 83
415 153 153 84
416 186 186 83
417 119 119 84
418 136 136 84
419 170 170 84
420 238 238 84
421 118 118 83
422 203 203 83
423 169 169 83
424 153 153 84
425 118 118 83
426 119 119 84
427 204 204 84
428 170 170 84
429 254 254 83
430 153 153 84
431 186 186 83
432 135 135 83
433 135 135 83
434 187 187 84
435 186 186 83
436 135 135 83
437 203 203 83
438 153 153 84
439 186 186 83
440 169 169 83
441 187 187 84
442 170 170 84
443 152 152 83
444 101 101 83
445 169 169 83
446 135 135 83
447 203 203 83
448 153 153 84
449 152 152 83
450 101 101 83
451 119 119 84
452 118 118 83
453 153 153 84
454 136 136 84
455 170 170 84
456 118 118 83
457 153 153 84
458 152 152 83
459 119 119 84
460 186 186 83
461 187 187 84
462 118 118 83
463 119 119 84
464 152 152 83
465 119 119 84
466 170 170 84
467 186 186 83
468 119 119 84
469 136 136 84
470 152 152 83
471 101 101 83
472 85 85 85
473 136 136 84
474 152 152 83
475 187 187 84
476 102 102 84
477 118 118 83
478 169 169 83
479 119 119 84
480 118 118 83
481 101 101 83
482 119 119 84
483 136 136 84
484 136 136 84
485 118 118 83
486 119 119 84
487 118 118 83
488 101 101 83
489 135 135 83
490 101 101 83
491 135 135 83
492 135 135 83
493 101 101 83
494 153 153 84
495 204 204 84
496 102 102 84
497 152 152 83
498 119 119 84
499 136 136 84
500 220 220 83
501 187 187 84
502 186 186 83
503 153 153 84
504 152 152 83
505 135 135 83
506 237 237 83
507 135 135 83
508 169 169 83
509 101 101 83
510 135 135 83
511 169 169 83
512 221 221 84
513 118 118 83
514 135 135 83
515 153 153 84
516 136 136 84
517 136 136 84
518 118 118 83
519 169 169 83
520 153 153 84
521 118 118 83
522 135 135 83
523 135 135 83
524 153 153 84
525 186 186 83
526 135 135 83
527 119 119 84
528 186 186 83
529 101 101 83
530 153 153 84
531 102 102 84
532 136 136 84
533 152 152 83
534 101 101 83
535 101 101 83
536 85 85 85
537 152 152 83
538 119 119 84
539 102 102 84
540 102 102 84
541 102 102 84
542 186 186 83
543 101 101 83
544 203 203 83
545 119 119 84
546 118 118 83
547 119 119 84
548 102 102 84
549 102 102 84
550 118 118 83
551 101 101 83
552 119 119 84
553 102 102 84
554 102 102 84
555 102 102 84
556 136 136 84
557 102 102 84
558 152 152 83
559 119 119 84
560 84 84 84
561 119 119 84
562 136 136 84
563 118 118 83
564 119 119 84
565 118 118 83
566 119 119 84
567 152 152 83
568 101 101 83
569 101 101 83
570 135 135 83
571 85 85 85
572 152 152 83
573 135 135 83
574 85 85 85
575 118 118 83
576 119 119 84
577 136 136 84
578 136 136 84
579 118 118 83
580 101 101 83
581 187 187 84
582 102 102 84
583 170 170 84
584 118 118 83
585 135 135 83
586 153 153 84
587 118 118 83
588 119 119 84
589 136 136 84
590 136 136 84
591 170 170 84
592 152 152 83
593 203 203 83
594 101 101 83
595 203 203 83
596 85 85 85
597 136 136 84
598 118 118 83
599 153 153 84
600 170 170 84
601 170 170 84
602 152 152 83
603 187 187 84
604 186 186 83
605 135 135 83
606 119 119 84
607 152 152 83
608 153 153 84
609 186 186 83
610 135 135 83
611 187 187 84
612 170 170 84
613 186 186 83
614 135 135 83
615 119 119 84
616 136 136 84
617 170 170 84
618 118 118 83
619 119 119 84
620 152 152 83
621 153 153 84
622 102 102 84
623 204 204 84
624 170 170 84
625 204 204 84
626 186 186 83
627 101 101 83
628 237 237 83
629 119 119 84
630 170 170 84
631 136 136 84
632 118 118 83
633 153 153 84
634 186 186 83
635 203 203 83
636 373 373 83
637 203 203 83
638 119 119 84
639 170 170 84
640 220 220 83
641 255 255 84
642 204 204 84
643 254 254 83
644 221 221 84
645 186 186 83
646 153 153 84
647 220 220 83
648 237 237 83
649 101 101 83
650 255 255 84
651 152 152 83
652 237 237 83
653 169 169 83
654 135 135 83
655 135 135 83
656 187 187 84
657 220 220 83
658 203 203 83
659 169 169 83
660 119 119 84
661 152 152 83
662 203 203 83
663 153 153 84
664 170 170 84
665 152 152 83
666 203 203 83
667 153 153 84
668 272 272 84
669 152 152 83
670 237 237 83
671 203 203 83
672 339 339 83
673 153 153 84
674 170 170 84
675 152 152 83
676 187 187 84
677 84 84 84
678 305 305 83
679 153 153 84
680 152 152 83
681 169 169 83
682 153 153 84
683 136 136 84
684 186 186 83
685 153 153 84
686 170 170 84
687 170 170 84
688 118 118 83
689 153 153 84
690 118 118 83
691 187 187 84
692 170 170 84
693 170 170 84
694 118 118 83
695 153 153 84
696 118 118 83
697 169 169 83
698 153 153 84
699 118 118 83
700 119 119 84
701 238 238 84
702 152 152 83
703 119 119 84
704 118 118 83
705 135 135 83
706 187 187 84
707 152 152 83
708 101 101 83
709 135 135 83
710 101 101 83
711 119 119 84
712 118 118 83
713 119 119 84
714 118 118 83
715 119 119 84
716 186 186 83
717 221 221 84
718 204 204 84
719 152 152 83
720 135 135 83
721 101 101 83
722 119 119 84
723 238 238 84
724 170 170 84
725 204 204 84
726 118 118 83
727 169 169 83
728 135 135 83
729 135 135 83
730 169 169 83
731 135 135 83
732 119 119 84
733 136 136 84
734 136 136 84
735 136 136 84
736 118 118 83
737 119 119 84
738 118 118 83
739 169 169 83
740 187 187 84
741 170 170 84
742 186 186 83
743 135 135 83
744 119 119 84
745 136 136 84
746 136 136 84
747 152 152 83
748 135 135 83
749 153 153 84
750 152 152 83
751 119 119 84
752 118 118 83
753 135 135 83
754 119 119 84
755 118 118 83
756 135 135 83
757 135 135 83
758 119 119 84
759 102 102 84
760 102 102 84
761 118 118 83
762 119 119 84
763 136 136 84
764 102 102 84
765 136 136 84
766 102 102 84
767 170 170 84
768 152 152 83
769 135 135 83
770 119 119 84
771 118 118 83
772 221 221 84
773 102 102 84
774 136 136 84
775 102 102 84
776 152 152 83
777 101 101 83
778 153 153 84
779 102 102 84
780 170 170 84
781 136 136 84
782 118 118 83
783 119 119 84
784 102 102 84
785 84 84 84
786 119 119 84
787 152 152 83
788 153 153 84
789 84 84 84
790 101 101 83
791 101 101 83
792 101 101 83
793 101 101 83
794 135 135 83
795 135 135 83
796 101 101 83
797 119 119 84
798 84 84 84
799 101 101 83
800 101 101 83
801 119 119 84
802 136 136 84
803 102 102 84
804 170 170 84
805 136 136 84
806 102 102 84
807 84 84 84
808 119 119 84
809 170 170 84
810 102 102 84
811 170 170 84
812 118 118 83
813 85 85 85
814 118 118 83
815 85 85 85
816 118 118 83
817 119 119 84
818 102 102 84
819 102 102 84
820 84 84 84
821 135 135 83
822 203 203 83
823 85 85 85
824 136 136 84
825 118 118 83
826 153 153 84
827 136 136 84
828 136 136 84
829 136 136 84
830 118 118 83
831 135 135 83
832 119 119 84
833 84 84 84
834 85 85 85
835 118 118 83
836 153 153 84
837 84 84 84
838 135 135 83
839 101 101 83
840 101 101 83
841 135 135 83
842 153 153 84
843 84 84 84
844 153 153 84
845 170 170 84
846 102 102 84
847 102 102 84
848 118 118 83
849 119 119 84
850 170 170 84
851 152 152 83
852 187 187 84
853 170 170 84
854 102 102 84
855 136 136 84
856 118 118 83
857 101 101 83
858 119 119 84
859 118 118 83
860 85 85 85
861 118 118 83
862 153 153 84
863 102 102 84
864 84 84 84
865 119 119 84
866 102 102 84
867 170 170 84
868 152 152 83
869 169 169 83
870 119 119 84
871 170 170 84
872 118 118 83
873 101 101 83
874 135 135 83
875 119 119 84
876 84 84 84
877 135 135 83
878 85 85 85
879 136 136 84
880 136 136 84
881 136 136 84
882 136 136 84
883 186 186 83
884 187 187 84
885 204 204 84
886 152 152 83
887 119 119 84
888 118 118 83
889 255 255 84
890 238 238 84
891 186 186 83
892 271 271 83
893 221 221 84
894 118 118 83
895 153 153 84
896 442 442 84
897 254 254 83
898 153 153 84
899 170 170 84
900 204 204 84
901 152 152 83
902 221 221 84
903 170 170 84
904 170 170 84
905 204 204 84
906 152 152 83
907 169 169 83
908 271 271 83
909 153 153 84
910 118 118 83
911 255 255 84
912 152 152 83
913 135 135 83
914 153 153 84
915 102 102 84
916 170 170 84
917 152 152 83
918 135 135 83
919 119 119 84
920 170 170 84
921 170 170 84
922 254 254 83
923 135 135 83
924 187 187 84
925 118 118 83
926 221 221 84
927 254 254 83
928 153 153 84
929 186 186 83
930 169 169 83
931 187 187 84
932 118 118 83
933 153 153 84
934 118 118 83
935 135 135 83
936 187 187 84
937 204 204 84
938 220 220 83
939 135 135 83
940 153 153 84
941 170 170 84
942 170 170 84
943 118 118 83
944 135 135 83
945 135 135 83
946 187 187 84
947 170 170 84
948 118 118 83
949 119 119 84
950 170 170 84
951 152 152 83
952 169 169 83
953 153 153 84
954 186 186 83
955 203 203 83
956 153 153 84
957 170 170 84
958 204 204 84
959 170 170 84
960 152 152 83
961 119 119 84
962 102 102 84
963 152 152 83
964 135 135 83
965 135 135 83
966 119 119 84
967 204 204 84
968 136 136 84
969 272 272 84
970 152 152 83
971 221 221 84
972 186 186 83
973 255 255 84
974 152 152 83
975 119 119 84
976 220 220 83
977 153 153 84
978 152 152 83
979 221 221 84
980 186 186 83
981 169 169 83
982 119 119 84
983 136 136 84
984 254 254 83
985 153 153 84
986 170 170 84
987 152 152 83
988 135 135 83
989 187 187 84
990 170 170 84
991 238 238 84
992 170 170 84
993 170 170 84
994 170 170 84
995 152 152 83
996 135 135 83
997 153 153 84
998 102 102 84
999 118 118 83
1000 85 85 85
1001 136 136 84
1002 136 136 84
1003 152 152 83
1004 135 135 83
1005 135 135 83
1006 119 119 84
1007 186 186 83
1008 119 119 84
1009 152 152 83
1010 101 101 83
1011 169 169 83
1012 135 135 83
1013 135 135 83
1014 101 101 83
1015 203 203 83
1016 187 187 84
1017 118 118 83
1018 85 85 85
1019 152 152 83
1020 187 187 84
1021 136 136 84
1022 118 118 83
1023 135 135 83
1024 271 271 83
1025 221 221 84
1026 118 118 83
1027 203 203 83
1028 119 119 84
1029 170 170 84
1030 118 118 83
1031 119 119 84
1032 152 152 83
1033 169 169 83
1034 203 203 83
1035 203 203 83
1036 203 203 83
1037 119 119 84
1038 186 186 83
1039 135 135 83
1040 187 187 84
1041 118 118 83
1042 135 135 83
1043 203 203 83
1044 169 169 83
1045 153 153 84
1046 118 118 83
1047 221 221 84
1048 170 170 84
1049 136 136 84
1050 136 136 84
1051 136 136 84
1052 152 152 83
1053 101 101 83
1054 169 169 83
1055 101 101 83
1056 169 169 83
1057 153 153 84
1058 102 102 84
1059 136 136 84
1060 136 136 84
1061 102 102 84
1062 152 152 83
1063 119 119 84
1064 118 118 83
1065 85 85 85
1066 152 152 83
1067 101 101 83
1068 153 153 84
1069 136 136 84
1070 102 102 84
1071 118 118 83
1072 153 153 84
1073 102 102 84
1074 118 118 83
1075 101 101 83
1076 135 135 83
1077 119 119 84
1078 186 186 83
1079 119 119 84
1080 136 136 84
1081 102 102 84
1082 118 118 83
1083 153 153 84
1084 136 136 84
1085 102 102 84
1086 102 102 84
1087 118 118 83
1088 153 153 84
1089 136 136 84
1090 118 118 83
1091 85 85 85
1092 118 118 83
1093 135 135 83
1094 153 153 84
1095 84 84 84
1096 119 119 84
1097 118 118 83
1098 119 119 84
1099 84 84 84
1100 101 101 83
1101 153 153 84
1102 152 152 83
1103 119 119 84
1104 136 136 84
1105 118 118 83
1106 101 101 83
1107 153 153 84
1108 136 136 84
1109 102 102 84
1110 118 118 83
1111 135 135 83
1112 101 101 83
1113 119 119 84
1114 118 118 83
1115 101 101 83
1116 101 101 83
1117 101 101 83
1118 119 119 84
1119 136 136 84
1120 186 186 83
1121 101 101 83
1122 119 119 84
1123 118 118 83
1124 135 135 83
1125 119 119 84
1126 102 102 84
1127 186 186 83
1128 135 135 83
1129 119 119 84
1130 84 84 84
1131 119 119 84
1132 170 170 84
1133 136 136 84
1134 118 118 83
1135 85 85 85
1136 152 152 83
1137 135 135 83
1138 135 135 83
1139 135 135 83
1140 153 153 84
1141 186 186 83
1142 135 135 83
1143 153 153 84
1144 152 152 83
1145 153 153 84
1146 84 84 84
1147 135 135 83
1148 85 85 85
1149 118 118 83
1150 119 119 84
1151 136 136 84
1152 186 186 83
1153 169 169 83
1154 135 135 83
1155 119 119 84
1156 118 118 83
1157 153 153 84
1158 118 118 83
1159 221 221 84
1160 136 136 84
1161 118 118 83
1162 135 135 83
1163 135 135 83
1164 119 119 84
1165 102 102 84
1166 102 102 84
1167 204 204 84
1168 118 118 83
1169 135 135 83
1170 135 135 83
1171 101 101 83
1172 85 85 85
1173 254 254 83
1174 203 203 83
1175 237 237 83
1176 135 135 83
1177 169 169 83
1178 101 101 83
1179 119 119 84
1180 118 118 83
1181 153 153 84
1182 186 186 83
1183 135 135 83
1184 85 85 85
1185 118 118 83
1186 119 119 84
1187 186 186 83
1188 101 101 83
1189 221 221 84
1190 272 272 84
1191 238 238 84
1192 136 136 84
1193 152 152 83
1194 203 203 83
1195 221 221 84
1196 170 170 84
1197 204 204 84
1198 118 118 83
1199 135 135 83
1200 119 119 84
1201 220 220 83
1202 187 187 84
1203 186 186 83
1204 101 101 83
1205 135 135 83
1206 135 135 83
1207 135 135 83
1208 153 153 84
1209 152 152 83
1210 169 169 83
1211 135 135 83
1212 153 153 84
1213 152 152 83
1214 187 187 84
1215 204 204 84
1216 118 118 83
1217 271 271 83
1218 187 187 84
1219 152 152 83
1220 85 85 85
1221 152 152 83
1222 135 135 83
1223 187 187 84
1224 272 272 84
1225 102 102 84
1226 118 118 83
1227 169 169 83
1228 135 135 83
1229 135 135 83
1230 187 187 84
1231 136 136 84
1232 170 170 84
1233 102 102 84
1234 118 118 83
1235 271 271 83
1236 187 187 84
1237 288 288 83
1238 255 255 84
1239 204 204 84
1240 136 136 84
1241 204 204 84
1242 272 272 84
1243 204 204 84
1244 306 306 84
1245 288 288 83
1246 221 221 84
1247 170 170 84
1248 356 356 83
1249 255 255 84
1250 238 238 84
1251 254 254 83
1252 357 357 84
1253 288 288 83
1254 289 289 84
1255 152 152 83
1256 237 237 83
1257 271 271 83
1258 271 271 83
1259 135 135 83
1260 203 203 83
1261 153 153 84
1262 136 136 84
1263 152 152 83
1264 221 221 84
1265 186 186 83
1266 203 203 83
1267 187 187 84
1268 186 186 83
1269 169 169 83
1270 187 187 84
1271 204 204 84
1272 220 220 83
1273 203 203 83
1274 135 135 83
1275 153 153 84
1276 204 204 84
1277 186 186 83
1278 135 135 83
1279 153 153 84
1280 102 102 84
1281 118 118 83
1282 237 237 83
1283 169 169 83
1284 169 169 83
1285 153 153 84
1286 170 170 84
1287 186 186 83
1288 119 119 84
1289 152 152 83
1290 153 153 84
1291 186 186 83
1292 135 135 83
1293 153 153 84
1294 170 170 84
1295 84 84 84
1296 169 169 83
1297 101 101 83
1298 135 135 83
1299 169 169 83
1300 221 221 84
1301 118 118 83
1302 153 153 84
1303 170 170 84
1304 152 152 83
1305 187 187 84
1306 102 102 84
1307 170 170 84
1308 186 186 83
1309 101 101 83
1310 187 187 84
1311 136 136 84
1312 186 186 83
1313 169 169 83
1314 169 169 83
1315 169 169 83
1316 101 101 83
1317 135 135 83
1318 153 153 84
1319 118 118 83
1320 203 203 83
1321 135 135 83
1322 135 135 83
1323 203 203 83
1324 169 169 83
1325 119 119 84
1326 186 186 83
1327 135 135 83
1328 153 153 84
1329 118 118 83
1330 135 135 83
1331 85 85 85
1332 118 118 83
1333 101 101 83
1334 169 169 83
1335 153 153 84
1336 102 102 84
1337 136 136 84
1338 102 102 84
1339 152 152 83
1340 119 119 84
1341 118 118 83
1342 101 101 83
1343 101 101 83
1344 101 101 83
1345 135 135 83
1346 119 119 84
1347 118 118 83
1348 135 135 83
1349 187 187 84
1350 102 102 84
1351 118 118 83
1352 187 187 84
1353 238 238 84
1354 152 152 83
1355 153 153 84
1356 118 118 83
1357 119 119 84
1358 152 152 83
1359 135 135 83
1360 119 119 84
1361 220 220 83
1362 119 119 84
1363 152 152 83
1364 135 135 83
1365 135 135 83
1366 119 119 84
1367 118 118 83
1368 119 119 84
1369 118 118 83
1370 119 119 84
1371 136 136 84
1372 136 136 84
1373 152 152 83
1374 153 153 84
1375 118 118 83
1376 101 101 83
1377 119 119 84
1378 102 102 84
1379 136 136 84
1380 102 102 84
1381 170 170 84
1382 118 118 83
1383 101 101 83
1384 101 101 83
1385 101 101 83
1386 153 153 84
1387 152 152 83
1388 85 85 85
1389 136 136 84
1390 118 118 83
1391 135 135 83
1392 135 135 83
1393 119 119 84
1394 102 102 84
1395 118 118 83
1396 135 135 83
1397 153 153 84
1398 118 118 83
1399 169 169 83
1400 153 153 84
1401 136 136 84
1402 84 84 84
1403 169 169 83
1404 85 85 85
1405 152 152 83
1406 119 119 84
1407 170 170 84
1408 136 136 84
1409 102 102 84
1410 102 102 84
1411 118 118 83
1412 119 119 84
1413 152 152 83
1414 101 101 83
1415 135 135 83
1416 101 101 83
1417 101 101 83
1418 135 135 83
1419 85 85 85
1420 152 152 83
1421 101 101 83
1422 119 119 84
1423 170 170 84
1424 118 118 83
1425 101 101 83
1426 153 153 84
1427 118 118 83
1428 153 153 84
1429 102 102 84
1430 152 152 83
1431 85 85 85
1432 136 136 84
1433 118 118 83
1434 135 135 83
1435 153 153 84
1436 136 136 84
1437 136 136 84
1438 186 186 83
1439 135 135 83
1440 101 101 83
1441 119 119 84
1442 136 136 84
1443 136 136 84
1444 170 170 84
1445 136 136 84
1446 170 170 84
1447 136 136 84
1448 102 102 84
1449 102 102 84
1450 118 118 83
1451 101 101 83
1452 153 153 84
1453 118 118 83
1454 153 153 84
1455 102 102 84
1456 136 136 84
1457 84 84 84
1458 119 119 84
1459 152 152 83
1460 187 187 84
1461 84 84 84
1462 153 153 84
1463 84 84 84
1464 135 135 83
1465 119 119 84
1466 152 152 83
1467 187 187 84
1468 118 118 83
1469 85 85 85
1470 118 118 83
1471 135 135 83
1472 135 135 83
1473 187 187 84
1474 204 204 84
1475 136 136 84
1476 136 136 84
1477 84 84 84
1478 119 119 84
1479 186 186 83
1480 221 221 84
1481 170 170 84
1482 186 186 83
1483 135 135 83
1484 169 169 83
1485 135 135 83
1486 119 119 84
1487 170 170 84
1488 322 322 83
1489 203 203 83
1490 153 153 84
1491 136 136 84
1492 170 170 84
1493 102 102 84
1494 220 220 83
1495 289 289 84
1496 220 220 83
1497 187 187 84
1498 136 136 84
1499 102 102 84
1500 170 170 84
1501 118 118 83
1502 221 221 84
1503 136 136 84
1504 118 118 83
1505 119 119 84
1506 136 136 84
1507 204 204 84
1508 136 136 84
1509 204 204 84
1510 186 186 83
1511 187 187 84
1512 102 102 84
1513 136 136 84
1514 152 152 83
1515 169 169 83
1516 135 135 83
1517 101 101 83
1518 255 255 84
1519 118 118 83
1520 153 153 84
1521 118 118 83
1522 135 135 83
1523 135 135 83
1524 135 135 83
1525 153 153 84
1526 220 220 83
1527 119 119 84
1528 136 136 84
1529 136 136 84
1530 118 118 83
1531 169 169 83
1532 101 101 83
1533 169 169 83
1534 135 135 83
1535 153 153 84
1536 136 136 84
1537 118 118 83
1538 203 203 83
1539 153 153 84
1540 152 152 83
1541 169 169 83
1542 135 135 83
1543 119 119 84
1544 152 152 83
1545 169 169 83
1546 135 135 83
1547 119 119 84
1548 84 84 84
1549 169 169 83
1550 187 187 84
1551 220 220 83
1552 135 135 83
1553 169 169 83
1554 119 119 84
1555 186 186 83
1556 153 153 84
1557 152 152 83
1558 101 101 83
1559 203 203 83
1560 169 169 83
1561 153 153 84
1562 118 118 83
1563 221 221 84
1564 102 102 84
1565 220 220 83
1566 187 187 84
1567 170 170 84
1568 170 170 84
1569 152 152 83
1570 169 169 83
1571 203 203 83
1572 169 169 83
1573 153 153 84
1574 186 186 83
1575 169 169 83
1576 169 169 83
1577 101 101 83
1578 203 203 83
1579 153 153 84
1580 102 102 84
1581 152 152 83
1582 221 221 84
1583 152 152 83
1584 221 221 84
1585 118 118 83
1586 187 187 84
1587 84 84 84
1588 135 135 83
1589 135 135 83
1590 169 169 83
1591 119 119 84
1592 118 118 83
1593 85 85 85
1594 152 152 83
1595 187 187 84
1596 170 170 84
1597 136 136 84
1598 152 152 83
1599 153 153 84
1600 170 170 84
1601 118 118 83
1602 203 203 83
1603 187 187 84
1604 204 204 84
1605 186 186 83
1606 221 221 84
1607 118 118 83
1608 101 101 83
1609 169 169 83
1610 119 119 84
1611 118 118 83
1612 255 255 84
1613 102 102 84
1614 152 152 83
1615 101 101 83
1616 101 101 83
1617 135 135 83
1618 119 119 84
1619 204 204 84
1620 170 170 84
1621 84 84 84
1622 119 119 84
1623 170 170 84
1624 170 170 84
1625 152 152 83
1626 119 119 84
1627 136 136 84
1628 102 102 84
1629 102 102 84
1630 118 118 83
1631 119 119 84
1632 272 272 84
1633 152 152 83
1634 101 101 83
1635 169 169 83
1636 153 153 84
1637 152 152 83
1638 101 101 83
1639 119 119 84
1640 84 84 84
1641 169 169 83
1642 237 237 83
1643 153 153 84
1644 118 118 83
1645 135 135 83
1646 153 153 84
1647 118 118 83
1648 153 153 84
1649 170 170 84
1650 152 152 83
1651 187 187 84
1652 136 136 84
1653 118 118 83
1654 135 135 83
1655 135 135 83
1656 101 101 83
1657 119 119 84
1658 170 170 84
1659 288 288 83
1660 153 153 84
1661 136 136 84
1662 84 84 84
1663 153 153 84
1664 118 118 83
1665 119 119 84
1666 102 102 84
1667 152 152 83
1668 169 169 83
1669 187 187 84
1670 136 136 84
1671 118 118 83
1672 153 153 84
1673 118 118 83
1674 187 187 84
1675 136 136 84
1676 186 186 83
1677 101 101 83
1678 135 135 83
1679 135 135 83
1680 153 153 84
1681 152 152 83
1682 169 169 83
1683 135 135 83
1684 135 135 83
1685 119 119 84
1686 136 136 84
1687 136 136 84
1688 170 170 84
1689 118 118 83
1690 153 153 84
1691 102 102 84
1692 102 102 84
1693 152 152 83
1694 101 101 83
1695 119 119 84
1696 102 102 84
1697 102 102 84
1698 102 102 84
1699 84 84 84
1700 101 101 83
1701 169 169 83
1702 119 119 84
1703 118 118 83
1704 101 101 83
1705 101 101 83
1706 169 169 83
1707 85 85 85
1708 84 84 84
1709 101 101 83
1710 119 119 84
1711 136 136 84
1712 118 118 83
1713 85 85 85
1714 84 84 84
1715 119 119 84
1716 136 136 84
1717 136 136 84
1718 118 118 83
1719 169 169 83
1720 101 101 83
1721 153 153 84
1722 84 84 84
1723 101 101 83
1724 119 119 84
1725 136 136 84
1726 220 220 83
1727 153 153 84
1728 136 136 84
1729 136 136 84
1730 102 102 84
1731 118 118 83
1732 85 85 85
1733 170 170 84
1734 118 118 83
1735 119 119 84
1736 118 118 83
1737 153 153 84
1738 118 118 83
1739 135 135 83
1740 85 85 85
1741 152 152 83
1742 135 135 83
1743 169 169 83
1744 135 135 83
1745 135 135 83
1746 135 135 83
1747 101 101 83
1748 85 85 85
1749 118 118 83
1750 135 135 83
1751 169 169 83
1752 153 153 84
1753 118 118 83
1754 101 101 83
1755 101 101 83
1756 153 153 84
1757 136 136 84
1758 102 102 84
1759 102 102 84
1760 136 136 84
1761 186 186 83
1762 101 101 83
1763 119 119 84
1764 84 84 84
1765 169 169 83
1766 119 119 84
1767 152 152 83
1768 153 153 84
1769 170 170 84
1770 118 118 83
1771 101 101 83
1772 85 85 85
1773 152 152 83
1774 169 169 83
1775 407 407 83
1776 135 135 83
1777 135 135 83
1778 135 135 83
1779 119 119 84
1780 136 136 84
1781 152 152 83
1782 305 305 83
1783 187 187 84
1784 238 238 84
1785 136 136 84
1786 220 220 83
1787 135 135 83
1788 255 255 84
1789 204 204 84
1790 170 170 84
1791 136 136 84
1792 170 170 84
1793 152 152 83
1794 221 221 84
1795 118 118 83
1796 153 153 84
1797 136 136 84
1798 204 204 84
1799 136 136 84
1800 152 152 83
1801 101 101 83
1802 135 135 83
1803 135 135 83
1804 187 187 84
1805 152 152 83
1806 187 187 84
1807 84 84 84
1808 153 153 84
1809 186 186 83
1810 135 135 83
1811 119 119 84
1812 204 204 84
1813 102 102 84
1814 152 152 83
1815 135 135 83
1816 135 135 83
1817 101 101 83
1818 119 119 84
1819 102 102 84
1820 118 118 83
1821 135 135 83
1822 135 135 83
1823 153 153 84
1824 102 102 84
1825 118 118 83
1826 135 135 83
1827 101 101 83
1828 153 153 84
1829 220 220 83
1830 169 169 83
1831 221 221 84
1832 170 170 84
1833 186 186 83
1834 153 153 84
1835 186 186 83
1836 101 101 83
1837 101 101 83
1838 255 255 84
1839 170 170 84
1840 136 136 84
1841 118 118 83
1842 169 169 83
1843 119 119 84
1844 204 204 84
1845 152 152 83
1846 135 135 83
1847 135 135 83
1848 187 187 84
1849 152 152 83
1850 237 237 83
1851 237 237 83
1852 203 203 83
1853 85 85 85
1854 102 102 84
1855 170 170 84
1856 152 152 83
1857 187 187 84
1858 186 186 83
1859 187 187 84
1860 186 186 83
1861 153 153 84
1862 136 136 84
1863 136 136 84
1864 152 152 83
1865 237 237 83
1866 153 153 84
1867 136 136 84
1868 170 170 84
1869 102 102 84
1870 102 102 84
1871 102 102 84
1872 152 152 83
1873 153 153 84
1874 136 136 84
1875 170 170 84
1876 102 102 84
1877 102 102 84
1878 136 136 84
1879 118 118 83
1880 119 119 84
1881 170 170 84
1882 204 204 84
1883 170 170 84
1884 118 118 83
1885 169 169 83
1886 135 135 83
1887 237 237 83
1888 119 119 84
1889 186 186 83
1890 153 153 84
1891 152 152 83
1892 169 169 83
1893 119 119 84
1894 136 136 84
1895 170 170 84
1896 118 118 83
1897 153 153 84
1898 84 84 84
1899 135 135 83
1900 101 101 83
1901 135 135 83
1902 221 221 84
1903 102 102 84
1904 152 152 83
1905 119 119 84
1906 186 186 83
1907 153 153 84
1908 152 152 83
1909 187 187 84
1910 118 118 83
1911 119 119 84
1912 84 84 84
1913 119 119 84
1914 152 152 83
1915 187 187 84
1916 102 102 84
1917 102 102 84
1918 136 136 84
1919 118 118 83
1920 135 135 83
1921 153 153 84
1922 84 84 84
1923 169 169 83
1924 119 119 84
1925 102 102 84
1926 152 152 83
1927 85 85 85
1928 118 118 83
1929 85 85 85
1930 102 102 84
1931 136 136 84
1932 136 136 84
1933 102 102 84
1934 118 118 83
1935 85 85 85
1936 118 118 83
1937 101 101 83
1938 169 169 83
1939 101 101 83
1940 101 101 83
1941 101 101 83
1942 119 119 84
1943 84 84 84
1944 119 119 84
1945 84 84 84
1946 187 187 84
1947 84 84 84
1948 153 153 84
1949 136 136 84
1950 102 102 84
1951 102 102 84
1952 102 102 84
1953 118 118 83
1954 119 119 84
1955 136 136 84
1956 136 136 84
1957 118 118 83
1958 119 119 84
1959 118 118 83
1960 85 85 85
1961 102 102 84
1962 102 102 84
1963 102 102 84
1964 102 102 84
1965 186 186 83
1966 119 119 84
1967 118 118 83
1968 85 85 85
1969 118 118 83
1970 85 85 85
1971 102 102 84
1972 84 84 84
1973 169 169 83
1974 135 135 83
1975 135 135 83
1976 101 101 83
1977 135 135 83
1978 85 85 85
1979 152 152 83
1980 169 169 83
1981 135 135 83
1982 169 169 83
1983 119 119 84
1984 84 84 84
1985 135 135 83
1986 153 153 84
1987 118 118 83
1988 119 119 84
1989 118 118 83
1990 85 85 85
1991 136 136 84
1992 102 102 84
1993 102 102 84
1994 136 136 84
1995 152 152 83
1996 119 119 84
1997 152 152 83
1998 153 153 84
1999 102 102 84
2000 102 102 84
2001 152 152 83
2002 85 85 85
2003 152 152 83
2004 203 203 83
2005 135 135 83
2006 85 85 85
2007 102 102 84
2008 84 84 84
2009 101 101 83
2010 101 101 83
2011 271 271 83
2012 119 119 84
2013 84 84 84
2014 119 119 84
2015 118 118 83
2016 119 119 84
2017 118 118 83
2018 135 135 83
2019 135 135 83
2020 135 135 83
2021 101 101 83
2022 101 101 83
2023 119 119 84
2024 102 102 84
2025 118 118 83
2026 85 85 85
2027 118 118 83
2028 135 135 83
2029 85 85 85
2030 186 186 83
2031 135 135 83
2032 119 119 84
2033 152 152 83
2034 135 135 83
2035 135 135 83
2036 237 237 83
2037 187 187 84
2038 118 118 83
2039 135 135 83
2040 153 153 84
2041 102 102 84
2042 136 136 84
2043 238 238 84
2044 356 356 83
2045 169 169 83
2046 169 169 83
2047 153 153 84
2048 238 238 84
2049 220 220 83
2050 221 221 84
2051 238 238 84
2052 136 136 84
2053 186 186 83
2054 153 153 84
2055 170 170 84
2056 118 118 83
2057 203 203 83
2058 119 119 84
2059 238 238 84
2060 254 254 83
2061 135 135 83
2062 135 135 83
2063 101 101 83
2064 119 119 84
2065 136 136 84
2066 272 272 84
2067 170 170 84
2068 186 186 83
2069 101 101 83
2070 203 203 83
2071 119 119 84
2072 102 102 84
2073 136 136 84
2074 204 204 84
2075 152 152 83
2076 135 135 83
2077 169 169 83
2078 187 187 84
2079 136 136 84
2080 186 186 83
2081 187 187 84
2082 170 170 84
2083 152 152 83
2084 119 119 84
2085 186 186 83
2086 153 153 84
2087 152 152 83
2088 135 135 83
2089 135 135 83
2090 135 135 83
2091 305 305 83
2092 135 135 83
2093 101 101 83
2094 119 119 84
2095 118 118 83
2096 169 169 83
2097 187 187 84
2098 152 152 83
2099 153 153 84
2100 102 102 84
2101 102 102 84
2102 118 118 83
2103 153 153 84
2104 170 170 84
2105 136 136 84
2106 136 136 84
2107 118 118 83
2108 101 101 83
2109 135 135 83
2110 187 187 84
2111 136 136 84
2112 102 102 84
2113 186 186 83
2114 119 119 84
2115 136 136 84
2116 170 170 84
2117 170 170 84
2118 84 84 84
2119 135 135 83
2120 101 101 83
2121 135 135 83
2122 119 119 84
2123 136 136 84
2124 118 118 83
2125 153 153 84
2126 118 118 83
2127 135 135 83
2128 203 203 83
2129 135 135 83
2130 187 187 84
2131 118 118 83
2132 135 135 83
2133 187 187 84
2134 118 118 83
2135 119 119 84
2136 102 102 84
2137 136 136 84
2138 152 152 83
2139 169 169 83
2140 119 119 84
2141 136 136 84
2142 102 102 84
2143 102 102 84
2144 118 118 83
2145 153 153 84
2146 170 170 84
2147 152 152 83
2148 101 101 83
2149 101 101 83
2150 153 153 84
2151 118 118 83
2152 135 135 83
2153 203 203 83
2154 203 203 83
2155 153 153 84
2156 152 152 83
2157 135 135 83
2158 135 135 83
2159 119 119 84
2160 136 136 84
2161 136 136 84
2162 118 118 83
2163 221 221 84
2164 186 186 83
2165 119 119 84
2166 170 170 84
2167 152 152 83
2168 135 135 83
2169 119 119 84
2170 186 186 83
2171 135 135 83
2172 153 153 84
2173 152 152 83
2174 187 187 84
2175 102 102 84
2176 152 152 83
2177 135 135 83
2178 153 153 84
2179 186 186 83
2180 101 101 83
2181 153 153 84
2182 136 136 84
2183 170 170 84
2184 170 170 84
2185 102 102 84
2186 84 84 84
2187 169 169 83
2188 101 101 83
2189 153 153 84
2190 136 136 84
2191 136 136 84
2192 118 118 83
2193 153 153 84
2194 118 118 83
2195 221 221 84
2196 220 220 83
2197 135 135 83
2198 85 85 85
2199 136 136 84
2200 84 84 84
2201 119 119 84
2202 102 102 84
2203 186 186 83
2204 153 153 84
2205 170 170 84
2206 118 118 83
2207 135 135 83
2208 135 135 83
2209 101 101 83
2210 119 119 84
2211 136 136 84
2212 170 170 84
2213 118 118 83
2214 85 85 85
2215 152 152 83
2216 85 85 85
2217 84 84 84
2218 119 119 84
2219 170 170 84
2220 186 186 83
2221 153 153 84
2222 118 118 83
2223 169 169 83
2224 135 135 83
2225 187 187 84
2226 170 170 84
2227 118 118 83
2228 85 85 85
2229 238 238 84
2230 118 118 83
2231 203 203 83
2232 101 101 83
2233 169 169 83
2234 237 237 83
2235 101 101 83
2236 153 153 84
2237 136 136 84
2238 118 118 83
2239 153 153 84
2240 204 204 84
2241 204 204 84
2242 136 136 84
2243 102 102 84
2244 152 152 83
2245 119 119 84
2246 152 152 83
2247 153 153 84
2248 118 118 83
2249 119 119 84
2250 152 152 83
2251 153 153 84
2252 118 118 83
2253 119 119 84
2254 136 136 84
2255 136 136 84
2256 118 118 83
2257 135 135 83
2258 119 119 84
2259 186 186 83
2260 153 153 84
2261 102 102 84
2262 118 118 83
2263 85 85 85
2264 152 152 83
2265 101 101 83
2266 169 169 83
2267 119 119 84
2268 152 152 83
2269 85 85 85
2270 118 118 83
2271 119 119 84
2272 152 152 83
2273 119 119 84
2274 186 186 83
2275 101 101 83
2276 153 153 84
2277 136 136 84
2278 170 170 84
2279 118 118 83
2280 119 119 84
2281 136 136 84
2282 170 170 84
2283 204 204 84
2284 118 118 83
2285 101 101 83
2286 135 135 83
2287 119 119 84
2288 152 152 83
2289 187 187 84
2290 118 118 83
2291 187 187 84
2292 152 152 83
2293 119 119 84
2294 118 118 83
2295 101 101 83
2296 135 135 83
2297 135 135 83
2298 119 119 84
2299 152 152 83
2300 153 153 84
2301 84 84 84
2302 119 119 84
2303 84 84 84
2304 135 135 83
2305 119 119 84
2306 170 170 84
2307 136 136 84
2308 84 84 84
2309 101 101 83
2310 101 101 83
2311 119 119 84
2312 136 136 84
2313 118 118 83
2314 153 153 84
2315 84 84 84
2316 119 119 84
2317 84 84 84
2318 101 101 83
2319 101 101 83
2320 119 119 84
2321 84 84 84
2322 169 169 83
2323 119 119 84
2324 102 102 84
2325 84 84 84
2326 85 85 85
2327 102 102 84
2328 238 238 84
2329 186 186 83
2330 135 135 83
2331 169 169 83
2332 101 101 83
2333 101 101 83
2334 119 119 84
2335 136 136 84
2336 118 118 83
2337 135 135 83
2338 187 187 84
2339 118 118 83
2340 85 85 85
2341 118 118 83
2342 101 101 83
2343 187 187 84
2344 204 204 84
2345 118 118 83
2346 135 135 83
2347 187 187 84
2348 84 84 84
2349 119 119 84
2350 170 170 84
2351 238 238 84
2352 186 186 83
2353 119 119 84
2354 102 102 84
2355 136 136 84
2356 152 152 83
2357 101 101 83
2358 153 153 84
2359 152 152 83
2360 119 119 84
2361 136 136 84
2362 136 136 84
2363 102 102 84
2364 102 102 84
2365 204 204 84
2366 102 102 84
2367 220 220 83
2368 187 187 84
2369 152 152 83
2370 101 101 83
2371 135 135 83
2372 169 169 83
2373 203 203 83
2374 119 119 84
2375 102 102 84
2376 238 238 84
2377 254 254 83
2378 119 119 84
2379 170 170 84
2380 186 186 83
2381 119 119 84
2382 102 102 84
2383 136 136 84
2384 170 170 84
2385 186 186 83
2386 153 153 84
2387 152 152 83
2388 153 153 84
2389 170 170 84
2390 118 118 83
2391 135 135 83
2392 237 237 83
2393 119 119 84
2394 118 118 83
2395 135 135 83
2396 101 101 83
2397 119 119 84
2398 220 220 83
2399 169 169 83
2400 135 135 83
2401 85 85 85
2402 170 170 84
2403 136 136 84
2404 136 136 84
2405 340 340 84
2406 186 186 83
2407 135 135 83
2408 119 119 84
2409 204 204 84
2410 136 136 84
2411 136 136 84
2412 204 204 84
2413 152 152 83
2414 153 153 84
2415 118 118 83
2416 153 153 84
2417 238 238 84
2418 152 152 83
2419 119 119 84
2420 306 306 84
2421 272 272 84
2422 220 220 83
2423 221 221 84
2424 170 170 84
2425 136 136 84
2426 238 238 84
2427 288 288 83
2428 255 255 84
2429 272 272 84
2430 204 204 84
2431 186 186 83
2432 169 169 83
2433 357 357 84
2434 322 322 83
2435 323 323 84
2436 220 220 83
2437 425 425 84
2438 272 272 84
2439 152 152 83
2440 221 221 84
2441 152 152 83
2442 255 255 84
2443 204 204 84
2444 136 136 84
2445 288 288 83
2446 237 237 83
2447 271 271 83
2448 255 255 84
2449 170 170 84
2450 288 288 83
2451 203 203 83
2452 187 187 84
2453 152 152 83
2454 187 187 84
2455 254 254 83
2456 119 119 84
2457 238 238 84
2458 152 152 83
2459 203 203 83
2460 187 187 84
2461 238 238 84
2462 238 238 84
2463 204 204 84
2464 118 118 83
2465 153 153 84
2466 186 186 83
2467 305 305 83
2468 153 153 84
2469 186 186 83
2470 169 169 83
2471 271 271 83
2472 187 187 84
2473 220 220 83
2474 221 221 84
2475 170 170 84
2476 220 220 83
2477 187 187 84
2478 204 204 84
2479 186 186 83
2480 101 101 83
2481 119 119 84
2482 118 118 83
2483 135 135 83
2484 135 135 83
2485 135 135 83
2486 187 187 84
2487 204 204 84
2488 118 118 83
2489 169 169 83
2490 153 153 84
2491 136 136 84
2492 136 136 84
2493 152 152 83
2494 153 153 84
2495 102 102 84
2496 186 186 83
2497 203 203 83
2498 203 203 83
2499 135 135 83
2500 203 203 83
2501 153 153 84
2502 118 118 83
2503 135 135 83
2504 153 153 84
2505 186 186 83
2506 237 237 83
2507 203 203 83
2508 119 119 84
2509 136 136 84
2510 102 102 84
2511 118 118 83
2512 101 101 83
2513 203 203 83
2514 187 187 84
2515 136 136 84
2516 170 170 84
2517 170 170 84
2518 170 170 84
2519 152 152 83
2520 101 101 83
2521 169 169 83
2522 153 153 84
2523 118 118 83
2524 187 187 84
2525 220 220 83
2526 135 135 83
2527 153 153 84
2528 170 170 84
2529 152 152 83
2530 119 119 84
2531 152 152 83
2532 119 119 84
2533 136 136 84
2534 118 118 83
2535 119 119 84
2536 186 186 83
2537 101 101 83
2538 119 119 84
2539 170 170 84
2540 170 170 84
2541 118 118 83
2542 119 119 84
2543 118 118 83
2544 101 101 83
2545 101 101 83
2546 135 135 83
2547 169 169 83
2548 119 119 84
2549 118 118 83
2550 187 187 84
2551 136 136 84
2552 118 118 83
2553 135 135 83
2554 135 135 83
2555 101 101 83
2556 169 169 83
2557 85 85 85
2558 170 170 84
2559 136 136 84
2560 118 118 83
2561 85 85 85
2562 118 118 83
2563 119 119 84
2564 136 136 84
2565 102 102 84
2566 136 136 84
2567 118 118 83
2568 135 135 83
2569 101 101 83
2570 135 135 83
2571 169 169 83
2572 119 119 84
2573 102 102 84
2574 170 170 84
2575 136 136 84
2576 118 118 83
2577 119 119 84
2578 170 170 84
2579 102 102 84
2580 136 136 84
2581 102 102 84
2582 152 152 83
2583 101 101 83
2584 153 153 84
2585 136 136 84
2586 204 204 84
2587 118 118 83
2588 169 169 83
2589 169 169 83
2590 135 135 83
2591 101 101 83
2592 119 119 84
2593 84 84 84
2594 119 119 84
2595 152 152 83
2596 169 169 83
2597 187 187 84
2598 102 102 84
2599 118 118 83
2600 135 135 83
2601 153 153 84
2602 152 152 83
2603 135 135 83
2604 119 119 84
2605 170 170 84
2606 102 102 84
2607 118 118 83
2608 101 101 83
2609 153 153 84
2610 170 170 84
2611 152 152 83
2612 101 101 83
2613 153 153 84
2614 136 136 84
2615 118 118 83
2616 153 153 84
2617 152 152 83
2618 135 135 83
2619 135 135 83
2620 169 169 83
2621 135 135 83
2622 101 101 83
2623 101 101 83
2624 119 119 84
2625 118 118 83
2626 85 85 85
2627 102 102 84
2628 102 102 84
2629 136 136 84
2630 102 102 84
2631 136 136 84
2632 118 118 83
2633 119 119 84
2634 84 84 84
2635 135 135 83
2636 119 119 84
2637 102 102 84
2638 136 136 84
2639 170 170 84
2640 102 102 84
2641 118 118 83
2642 203 203 83
2643 119 119 84
2644 102 102 84
2645 102 102 84
2646 118 118 83
2647 119 119 84
2648 102 102 84
2649 118 118 83
2650 119 119 84
2651 136 136 84
2652 136 136 84
2653 136 136 84
2654 102 102 84
2655 186 186 83
2656 135 135 83
2657 153 153 84
2658 152 152 83
2659 169 169 83
2660 101 101 83
2661 101 101 83
2662 169 169 83
2663 203 203 83
2664 153 153 84
2665 152 152 83
2666 153 153 84
2667 118 118 83
2668 221 221 84
2669 152 152 83
2670 169 169 83
2671 119 119 84
2672 118 118 83
2673 169 169 83
2674 221 221 84
2675 322 322 83
2676 187 187 84
2677 238 238 84
2678 186 186 83
2679 169 169 83
2680 153 153 84
2681 102 102 84
2682 136 136 84
2683 136 136 84
2684 186 186 83
2685 119 119 84
2686 118 118 83
2687 119 119 84
2688 118 118 83
2689 153 153 84
2690 118 118 83
2691 85 85 85
2692 170 170 84
2693 136 136 84
2694 118 118 83
2695 135 135 83
2696 101 101 83
2697 85 85 85
2698 186 186 83
2699 135 135 83
2700 119 119 84
2701 136 136 84
2702 118 118 83
2703 153 153 84
2704 102 102 84
2705 118 118 83
2706 153 153 84
2707 136 136 84
2708 102 102 84
2709 84 84 84
2710 153 153 84
2711 254 254 83
2712 187 187 84
2713 152 152 83
2714 169 169 83
2715 135 135 83
2716 237 237 83
2717 135 135 83
2718 119 119 84
2719 102 102 84
2720 152 152 83
2721 101 101 83
2722 135 135 83
2723 153 153 84
2724 152 152 83
2725 187 187 84
2726 152 152 83
2727 101 101 83
2728 135 135 83
2729 135 135 83
2730 187 187 84
2731 136 136 84
2732 186 186 83
2733 101 101 83
2734 119 119 84
2735 118 118 83
2736 187 187 84
2737 186 186 83
2738 187 187 84
2739 118 118 83
2740 203 203 83
2741 119 119 84
2742 204 204 84
2743 118 118 83
2744 153 153 84
2745 152 152 83
2746 255 255 84
2747 152 152 83
2748 119 119 84
2749 220 220 83
2750 153 153 84
2751 102 102 84
2752 136 136 84
2753 136 136 84
2754 204 204 84
2755 204 204 84
2756 204 204 84
2757 136 136 84
2758 186 186 83
2759 169 169 83
2760 153 153 84
2761 170 170 84
2762 186 186 83
2763 153 153 84
2764 118 118 83
2765 153 153 84
2766 136 136 84
2767 118 118 83
2768 135 135 83
2769 101 101 83
2770 135 135 83
2771 135 135 83
2772 153 153 84
2773 118 118 83
2774 119 119 84
2775 136 136 84
2776 170 170 84
2777 118 118 83
2778 187 187 84
2779 102 102 84
2780 118 118 83
2781 135 135 83
2782 169 169 83
2783 101 101 83
2784 135 135 83
2785 187 187 84
2786 102 102 84
2787 136 136 84
2788 102 102 84
2789 118 118 83
2790 85 85 85
2791 204 204 84
2792 84 84 84
2793 169 169 83
2794 135 135 83
2795 101 101 83
2796 101 101 83
2797 135 135 83
2798 101 101 83
2799 135 135 83
2800 135 135 83
2801 153 153 84
2802 118 118 83
2803 119 119 84
2804 136 136 84
2805 118 118 83
2806 119 119 84
2807 118 118 83
2808 135 135 83
2809 153 153 84
2810 102 102 84
2811 118 118 83
2812 101 101 83
2813 135 135 83
2814 85 85 85
2815 118 118 83
2816 119 119 84
2817 118 118 83
2818 101 101 83
2819 101 101 83
2820 119 119 84
2821 152 152 83
2822 135 135 83
2823 153 153 84
2824 204 204 84
2825 186 186 83
2826 101 101 83
2827 101 101 83
2828 85 85 85
2829 102 102 84
2830 84 84 84
2831 169 169 83
2832 101 101 83
2833 135 135 83
2834 119 119 84
2835 118 118 83
2836 153 153 84
2837 84 84 84
2838 119 119 84
2839 118 118 83
2840 101 101 83
2841 153 153 84
2842 152 152 83
2843 119 119 84
2844 102 102 84
2845 186 186 83
2846 101 101 83
2847 153 153 84
2848 84 84 84
2849 169 169 83
2850 153 153 84
2851 186 186 83
2852 101 101 83
2853 119 119 84
2854 118 118 83
2855 119 119 84
2856 136 136 84
2857 170 170 84
2858 186 186 83
2859 101 101 83
2860 153 153 84
2861 118 118 83
2862 101 101 83
2863 169 169 83
2864 101 101 83
2865 85 85 85
2866 152 152 83
2867 119 119 84
2868 186 186 83
2869 101 101 83
2870 169 169 83
2871 119 119 84
2872 136 136 84
2873 118 118 83
2874 135 135 83
2875 203 203 83
2876 101 101 83
2877 101 101 83
2878 169 169 83
2879 85 85 85
2880 136 136 84
2881 118 118 83
2882 119 119 84
2883 118 118 83
2884 153 153 84
2885 102 102 84
2886 152 152 83
2887 135 135 83
2888 135 135 83
2889 119 119 84
2890 136 136 84
2891 220 220 83
2892 187 187 84
2893 170 170 84
2894 102 102 84
2895 118 118 83
2896 101 101 83
2897 101 101 83
2898 101 101 83
2899 101 101 83
2900 135 135 83
2901 119 119 84
2902 170 170 84
2903 102 102 84
2904 118 118 83
2905 135 135 83
2906 153 153 84
2907 118 118 83
2908 119 119 84
2909 84 84 84
2910 203 203 83
2911 119 119 84
2912 118 118 83
2913 119 119 84
2914 118 118 83
2915 169 169 83
2916 101 101 83
2917 135 135 83
2918 135 135 83
2919 187 187 84
2920 84 84 84
2921 119 119 84
2922 136 136 84
2923 102 102 84
2924 152 152 83
2925 153 153 84
2926 152 152 83
2927 203 203 83
2928 153 153 84
2929 152 152 83
2930 101 101 83
2931 119 119 84
2932 118 118 83
2933 101 101 83
2934 169 169 83
2935 119 119 84
2936 102 102 84
2937 118 118 83
2938 119 119 84
2939 118 118 83
2940 85 85 85
2941 118 118 83
2942 135 135 83
2943 237 237 83
2944 135 135 83
2945 135 135 83
2946 101 101 83
2947 119 119 84
2948 118 118 83
2949 153 153 84
2950 186 186 83
2951 153 153 84
2952 118 118 83
2953 153 153 84
2954 102 102 84
2955 118 118 83
2956 135 135 83
2957 203 203 83
2958 135 135 83
2959 119 119 84
2960 102 102 84
2961 136 136 84
2962 118 118 83
2963 153 153 84
2964 186 186 83
2965 153 153 84
2966 136 136 84
2967 152 152 83
2968 135 135 83
2969 153 153 84
2970 136 136 84
2971 204 204 84
2972 118 118 83
2973 237 237 83
2974 153 153 84
2975 220 220 83
2976 135 135 83
2977 135 135 83
2978 153 153 84
2979 118 118 83
2980 169 169 83
2981 237 237 83
2982 169 169 83
2983 153 153 84
2984 136 136 84
2985 152 152 83
2986 187 187 84
2987 186 186 83
2988 153 153 84
2989 170 170 84
2990 152 152 83
2991 169 169 83
2992 135 135 83
2993 101 101 83
2994 187 187 84
2995 170 170 84
2996 118 118 83
2997 135 135 83
2998 271 271 83
2999 169 169 83
3000 135 135 83
3001 119 119 84
3002 118 118 83
3003 85 85 85
3004 118 118 83
3005 187 187 84
3006 204 204 84
3007 136 136 84
3008 118 118 83
3009 187 187 84
3010 102 102 84
3011 220 220 83
3012 153 153 84
3013 186 186 83
3014 221 221 84
3015 170 170 84
3016 220 220 83
3017 119 119 84
3018 118 118 83
3019 153 153 84
3020 204 204 84
3021 102 102 84
3022 186 186 83
3023 135 135 83
3024 169 169 83
3025 135 135 83
3026 221 221 84
3027 170 170 84
3028 254 254 83
3029 135 135 83
3030 119 119 84
3031 102 102 84
3032 152 152 83
3033 135 135 83
3034 119 119 84
3035 204 204 84
3036 152 152 83
3037 119 119 84
3038 118 118 83
3039 101 101 83
3040 101 101 83
3041 169 169 83
3042 221 221 84
3043 118 118 83
3044 169 169 83
3045 153 153 84
3046 102 102 84
3047 102 102 84
3048 152 152 83
3049 153 153 84
3050 102 102 84
3051 118 118 83
3052 153 153 84
3053 118 118 83
3054 85 85 85
3055 170 170 84
3056 84 84 84
3057 153 153 84
3058 118 118 83
3059 153 153 84
3060 170 170 84
3061 152 152 83
3062 85 85 85
3063 152 152 83
3064 135 135 83
3065 101 101 83
3066 85 85 85
3067 102 102 84
3068 102 102 84
3069 102 102 84
3070 170 170 84
3071 118 118 83
3072 153 153 84
3073 118 118 83
3074 135 135 83
3075 135 135 83
3076 119 119 84
3077 118 118 83
3078 119 119 84
3079 170 170 84
3080 118 118 83
3081 169 169 83
3082 135 135 83
3083 101 101 83
3084 85 85 85
3085 152 152 83
3086 85 85 85
3087 118 118 83
3088 119 119 84
3089 170 170 84
3090 152 152 83
3091 153 153 84
3092 136 136 84
3093 118 118 83
3094 101 101 83
3095 119 119 84
3096 84 84 84
3097 119 119 84
3098 136 136 84
3099 118 118 83
3100 101 101 83
3101 101 101 83
3102 101 101 83
3103 85 85 85
3104 118 118 83
3105 101 101 83
3106 169 169 83
3107 119 119 84
3108 118 118 83
3109 101 101 83
3110 85 85 85
3111 102 102 84
3112 102 102 84
3113 102 102 84
3114 136 136 84
3115 136 136 84
3116 102 102 84
3117 102 102 84
3118 102 102 84
3119 102 102 84
3120 102 102 84
3121 102 102 84
3122 204 204 84
3123 204 204 84
3124 118 118 83
3125 85 85 85
3126 136 136 84
3127 102 102 84
3128 118 118 83
3129 135 135 83
3130 101 101 83
3131 101 101 83
3132 119 119 84
3133 118 118 83
3134 135 135 83
3135 85 85 85
3136 102 102 84
3137 118 118 83
3138 135 135 83
3139 221 221 84
3140 152 152 83
3141 119 119 84
3142 152 152 83
3143 101 101 83
3144 119 119 84
3145 118 118 83
3146 101 101 83
3147 169 169 83
3148 101 101 83
3149 119 119 84
3150 102 102 84
3151 136 136 84
3152 152 152 83
3153 101 101 83
3154 135 135 83
3155 85 85 85
3156 152 152 83
3157 153 153 84
3158 136 136 84
3159 84 84 84
3160 153 153 84
3161 102 102 84
3162 136 136 84
3163 84 84 84
3164 135 135 83
3165 101 101 83
3166 135 135 83
3167 135 135 83
3168 153 153 84
3169 102 102 84
3170 102 102 84
3171 118 118 83
3172 101 101 83
3173 101 101 83
3174 119 119 84
3175 102 102 84
3176 102 102 84
3177 84 84 84
3178 101 101 83
3179 101 101 83
3180 101 101 83
3181 119 119 84
3182 136 136 84
3183 102 102 84
3184 118 118 83
3185 119 119 84
3186 136 136 84
3187 84 84 84
3188 101 101 83
3189 153 153 84
3190 220 220 83
3191 221 221 84
3192 186 186 83
3193 135 135 83
3194 153 153 84
3195 84 84 84
3196 85 85 85
3197 102 102 84
3198 84 84 84
3199 119 119 84
3200 136 136 84
3201 118 118 83
3202 153 153 84
3203 136 136 84
3204 84 84 84
3205 101 101 83
3206 153 153 84
3207 152 152 83
3208 271 271 83
3209 221 221 84
3210 136 136 84
3211 136 136 84
3212 102 102 84
3213 118 118 83
3214 101 101 83
3215 169 169 83
3216 255 255 84
3217 238 238 84
3218 152 152 83
3219 135 135 83
3220 101 101 83
3221 153 153 84
3222 272 272 84
3223 170 170 84
3224 272 272 84
3225 170 170 84
3226 102 102 84
3227 170 170 84
3228 136 136 84
3229 424 424 83
3230 305 305 83
3231 237 237 83
3232 153 153 84
3233 204 204 84
3234 170 170 84
3235 272 272 84
3236 204 204 84
3237 152 152 83
3238 187 187 84
3239 204 204 84
3240 136 136 84
3241 322 322 83
3242 187 187 84
3243 204 204 84
3244 170 170 84
3245 186 186 83
3246 169 169 83
3247 169 169 83
3248 135 135 83
3249 203 203 83
3250 169 169 83
3251 203 203 83
3252 153 153 84
3253 220 220 83
3254 203 203 83
3255 237 237 83
3256 119 119 84
3257 118 118 83
3258 169 169 83
3259 169 169 83
3260 255 255 84
3261 254 254 83
3262 169 169 83
3263 135 135 83
3264 101 101 83
3265 135 135 83
3266 237 237 83
3267 289 289 84
3268 186 186 83
3269 135 135 83
3270 203 203 83
3271 237 237 83
3272 289 289 84
3273 356 356 83
3274 237 237 83
3275 289 289 84
3276 288 288 83
3277 255 255 84
3278 186 186 83
3279 271 271 83
3280 255 255 84
3281 186 186 83
3282 169 169 83
3283 221 221 84
3284 220 220 83
3285 187 187 84
3286 170 170 84
3287 220 220 83
3288 271 271 83
3289 153 153 84
3290 254 254 83
3291 289 289 84
3292 186 186 83
3293 271 271 83
3294 153 153 84
3295 152 152 83
3296 187 187 84
3297 186 186 83
3298 169 169 83
3299 255 255 84
3300 170 170 84
3301 204 204 84
3302 254 254 83
3303 153 153 84
3304 170 170 84
3305 152 152 83
3306 135 135 83
3307 119 119 84
3308 152 152 83
3309 119 119 84
3310 204 204 84
3311 118 118 83
3312 187 187 84
3313 220 220 83
3314 153 153 84
3315 238 238 84
3316 220 220 83
3317 119 119 84
3318 170 170 84
3319 152 152 83
3320 169 169 83
3321 203 203 83
3322 135 135 83
3323 187 187 84
3324 170 170 84
3325 238 238 84
3326 152 152 83
3327 119 119 84
3328 186 186 83
3329 153 153 84
3330 220 220 83
3331 135 135 83
3332 187 187 84
3333 186 186 83
3334 289 289 84
3335 152 152 83
3336 203 203 83
3337 153 153 84
3338 186 186 83
3339 153 153 84
3340 254 254 83
3341 119 119 84
3342 170 170 84
3343 238 238 84
3344 170 170 84
3345 170 170 84
3346 152 152 83
3347 187 187 84
3348 204 204 84
3349 170 170 84
3350 204 204 84
3351 204 204 84
3352 152 152 83
3353 187 187 84
3354 170 170 84
3355 204 204 84
3356 136 136 84
3357 204 204 84
3358 238 238 84
3359 186 186 83
3360 187 187 84
3361 186 186 83
3362 135 135 83
3363 135 135 83
3364 237 237 83
3365 255 255 84
3366 220 220 83
3367 187 187 84
3368 288 288 83
3369 203 203 83
3370 237 237 83
3371 271 271 83
3372 271 271 83
3373 153 153 84
3374 170 170 84
3375 254 254 83
3376 323 323 84
3377 186 186 83
3378 221 221 84
3379 390 390 83
3380 255 255 84
3381 220 220 83
3382 203 203 83
3383 255 255 84
3384 152 152 83
3385 339 339 83
3386 237 237 83
3387 221 221 84
3388 170 170 84
3389 186 186 83
3390 203 203 83
3391 119 119 84
3392 322 322 83
3393 187 187 84
3394 272 272 84
3395 170 170 84
3396 204 204 84
3397 204 204 84
3398 220 220 83
3399 169 169 83
3400 203 203 83
3401 169 169 83
3402 169 169 83
3403 119 119 84
3404 254 254 83
3405 203 203 83
3406 305 305 83
3407 237 237 83
3408 187 187 84
3409 220 220 83
3410 135 135 83
3411 135 135 83
3412 135 135 83
3413 187 187 84
3414 204 204 84
3415 204 204 84
3416 118 118 83
3417 169 169 83
3418 289 289 84
3419 186 186 83
3420 357 357 84
3421 204 204 84
3422 152 152 83
3423 169 169 83
3424 187 187 84
3425 306 306 84
3426 238 238 84
3427 220 220 83
3428 289 289 84
3429 186 186 83
3430 221 221 84
3431 356 356 83
3432 135 135 83
3433 289 289 84
3434 204 204 84
3435 170 170 84
3436 152 152 83
3437 255 255 84
3438 220 220 83
3439 203 203 83
3440 169 169 83
3441 221 221 84
3442 170 170 84
3443 152 152 83
3444 237 237 83
3445 237 237 83
3446 203 203 83
3447 135 135 83
3448 187 187 84
3449 254 254 83
3450 221 221 84
3451 288 288 83
3452 221 221 84
3453 220 220 83
3454 221 221 84
3455 186 186 83
3456 237 237 83
3457 221 221 84
3458 204 204 84
3459 288 288 83
3460 271 271 83
3461 203 203 83
3462 187 187 84
3463 152 152 83
3464 187 187 84
3465 272 272 84
3466 186 186 83
3467 339 339 83
3468 305 305 83
3469 271 271 83
3470 271 271 83
3471 271 271 83
3472 221 221 84
3473 340 340 84
3474 322 322 83
3475 255 255 84
3476 204 204 84
3477 238 238 84
3478 204 204 84
3479 254 254 83
3480 323 323 84
3481 204 204 84
3482 272 272 84
3483 186 186 83
3484 255 255 84
3485 136 136 84
3486 170 170 84
3487 186 186 83
3488 187 187 84
3489 306 306 84
3490 186 186 83
3491 101 101 83
3492 153 153 84
3493 238 238 84
3494 204 204 84
3495 152 152 83
3496 119 119 84
3497 136 136 84
3498 136 136 84
3499 118 118 83
3500 153 153 84
3501 118 118 83
3502 203 203 83
3503 153 153 84
3504 170 170 84
3505 152 152 83
3506 221 221 84
3507 102 102 84
3508 186 186 83
3509 85 85 85
3510 102 102 84
3511 136 136 84
3512 136 136 84
3513 102 102 84
3514 170 170 84
3515 204 204 84
3516 152 152 83
3517 221 221 84
3518 186 186 83
3519 135 135 83
3520 135 135 83
3521 101 101 83
3522 169 169 83
3523 119 119 84
3524 186 186 83
3525 119 119 84
3526 186 186 83
3527 169 169 83
3528 135 135 83
3529 153 153 84
3530 170 170 84
3531 186 186 83
3532 169 169 83
3533 119 119 84
3534 170 170 84
3535 102 102 84
3536 204 204 84
3537 118 118 83
3538 169 169 83
3539 153 153 84
3540 170 170 84
3541 186 186 83
3542 101 101 83
3543 169 169 83
3544 101 101 83
3545 221 221 84
3546 186 186 83
3547 135 135 83
3548 101 101 83
3549 153 153 84
3550 152 152 83
3551 169 169 83
3552 203 203 83
3553 203 203 83
3554 153 153 84
3555 186 186 83
3556 135 135 83
3557 169 169 83
3558 85 85 85
3559 118 118 83
3560 203 203 83
3561 203 203 83
3562 187 187 84
3563 136 136 84
3564 186 186 83
3565 101 101 83
3566 85 85 85
3567 170 170 84
3568 220 220 83
3569 221 221 84
3570 118 118 83
3571 305 305 83
3572 255 255 84
3573 152 152 83
3574 135 135 83
3575 169 169 83
3576 221 221 84
3577 238 238 84
3578 136 136 84
3579 186 186 83
3580 153 153 84
3581 220 220 83
3582 237 237 83
3583 187 187 84
3584 170 170 84
3585 220 220 83
3586 221 221 84
3587 186 186 83
3588 323 323 84
3589 186 186 83
3590 237 237 83
3591 187 187 84
3592 220 220 83
3593 187 187 84
3594 220 220 83
3595 221 221 84
3596 170 170 84
3597 118 118 83
3598 169 169 83
3599 153 153 84
3600 204 204 84
3601 238 238 84
3602 170 170 84
3603 152 152 83
3604 187 187 84
3605 238 238 84
3606 186 186 83
3607 203 203 83
3608 271 271 83
3609 187 187 84
3610 186 186 83
3611 153 153 84
3612 186 186 83
3613 203 203 83
3614 135 135 83
3615 169 169 83
3616 169 169 83
3617 169 169 83
3618 203 203 83
3619 237 237 83
3620 153 153 84
3621 204 204 84
3622 204 204 84
3623 102 102 84
3624 170 170 84
3625 136 136 84
3626 170 170 84
3627 118 118 83
3628 237 237 83
3629 153 153 84
3630 254 254 83
3631 153 153 84
3632 238 238 84
3633 170 170 84
3634 238 238 84
3635 102 102 84
3636 288 288 83
3637 153 153 84
3638 170 170 84
3639 152 152 83
3640 187 187 84
3641 152 152 83
3642 135 135 83
3643 237 237 83
3644 135 135 83
3645 187 187 84
3646 170 170 84
3647 152 152 83
3648 169 169 83
3649 119 119 84
3650 152 152 83
3651 135 135 83
3652 119 119 84
3653 170 170 84
3654 136 136 84
3655 136 136 84
3656 118 118 83
3657 169 169 83
3658 153 153 84
3659 204 204 84
3660 170 170 84
3661 136 136 84
3662 136 136 84
3663 118 118 83
3664 135 135 83
3665 153 153 84
3666 152 152 83
3667 153 153 84
3668 102 102 84
3669 118 118 83
3670 85 85 85
3671 152 152 83
3672 119 119 84
3673 152 152 83
3674 153 153 84
3675 186 186 83
3676 203 203 83
3677 153 153 84
3678 204 204 84
3679 186 186 83
3680 135 135 83
3681 187 187 84
3682 102 102 84
3683 186 186 83
3684 101 101 83
3685 153 153 84
3686 102 102 84
3687 152 152 83
3688 187 187 84
3689 152 152 83
3690 153 153 84
3691 170 170 84
3692 170 170 84
3693 118 118 83
3694 153 153 84
3695 220 220 83
3696 221 221 84
3697 152 152 83
3698 119 119 84
3699 102 102 84
3700 186 186 83
3701 153 153 84
3702 152 152 83
3703 187 187 84
3704 102 102 84
3705 118 118 83
3706 153 153 84
3707 118 118 83
3708 153 153 84
3709 186 186 83
3710 187 187 84
3711 84 84 84
3712 153 153 84
3713 102 102 84
3714 118 118 83
3715 85 85 85
3716 136 136 84
3717 118 118 83
3718 153 153 84
3719 136 136 84
3720 152 152 83
3721 153 153 84
3722 136 136 84
3723 118 118 83
3724 119 119 84
3725 102 102 84
3726 136 136 84
3727 84 84 84
3728 119 119 84
3729 102 102 84
3730 136 136 84
3731 170 170 84
3732 118 118 83
3733 135 135 83
3734 187 187 84
3735 136 136 84
3736 118 118 83
3737 119 119 84
3738 136 136 84
3739 152 152 83
3740 169 169 83
3741 169 169 83
3742 203 203 83
3743 135 135 83
3744 135 135 83
3745 135 135 83
3746 153 153 84
3747 84 84 84
3748 169 169 83
3749 153 153 84
3750 170 170 84
3751 152 152 83
3752 221 221 84
3753 136 136 84
3754 136 136 84
3755 118 118 83
3756 119 119 84
3757 152 152 83
3758 187 187 84
3759 102 102 84
3760 220 220 83
3761 119 119 84
3762 186 186 83
3763 187 187 84
3764 238 238 84
3765 170 170 84
3766 118 118 83
3767 187 187 84
3768 170 170 84
3769 170 170 84
3770 102 102 84
3771 102 102 84
3772 136 136 84
3773 118 118 83
3774 101 101 83
3775 135 135 83
3776 119 119 84
3777 136 136 84
3778 186 186 83
3779 135 135 83
3780 119 119 84
3781 136 136 84
3782 118 118 83
3783 187 187 84
3784 170 170 84
3785 170 170 84
3786 136 136 84
3787 136 136 84
3788 136 136 84
3789 102 102 84
3790 170 170 84
3791 186 186 83
3792 135 135 83
3793 119 119 84
3794 152 152 83
3795 135 135 83
3796 101 101 83
3797 187 187 84
3798 238 238 84
3799 170 170 84
3800 204 204 84
3801 136 136 84
3802 136 136 84
3803 186 186 83
3804 187 187 84
3805 152 152 83
3806 119 119 84
3807 152 152 83
3808 135 135 83
3809 221 221 84
3810 186 186 83
3811 135 135 83
3812 187 187 84
3813 102 102 84
3814 102 102 84
3815 220 220 83
3816 169 169 83
3817 153 153 84
3818 170 170 84
3819 170 170 84
3820 152 152 83
3821 237 237 83
3822 221 221 84
3823 170 170 84
3824 136 136 84
3825 306 306 84
3826 186 186 83
3827 187 187 84
3828 220 220 83
3829 135 135 83
3830 169 169 83
3831 271 271 83
3832 339 339 83
3833 221 221 84
3834 152 152 83
3835 271 271 83
3836 203 203 83
3837 169 169 83
3838 237 237 83
3839 153 153 84
3840 186 186 83
3841 169 169 83
3842 237 237 83
3843 153 153 84
3844 288 288 83
3845 237 237 83
3846 323 323 84
3847 220 220 83
3848 237 237 83
3849 135 135 83
3850 153 153 84
3851 306 306 84
3852 306 306 84
3853 204 204 84
3854 204 204 84
3855 220 220 83
3856 237 237 83
3857 203 203 83
3858 237 237 83
3859 135 135 83
3860 237 237 83
3861 271 271 83
3862 169 169 83
3863 153 153 84
3864 254 254 83
3865 203 203 83
3866 289 289 84
3867 136 136 84
3868 238 238 84
3869 170 170 84
3870 204 204 84
3871 152 152 83
3872 169 169 83
3873 153 153 84
3874 322 322 83
3875 203 203 83
3876 153 153 84
3877 118 118 83
3878 441 441 83
3879 255 255 84
3880 170 170 84
3881 152 152 83
3882 169 169 83
3883 119 119 84
3884 102 102 84
3885 204 204 84
3886 238 238 84
3887 204 204 84
3888 186 186 83
3889 255 255 84
3890 118 118 83
3891 187 187 84
3892 152 152 83
3893 169 169 83
3894 203 203 83
3895 169 169 83
3896 101 101 83
3897 203 203 83
3898 169 169 83
3899 135 135 83
3900 135 135 83
3901 153 153 84
3902 118 118 83
3903 221 221 84
3904 136 136 84
3905 136 136 84
3906 152 152 83
3907 237 237 83
3908 135 135 83
3909 119 119 84
3910 152 152 83
3911 187 187 84
3912 136 136 84
3913 152 152 83
3914 135 135 83
3915 221 221 84
3916 118 118 83
3917 169 169 83
3918 119 119 84
3919 170 170 84
3920 152 152 83
3921 119 119 84
3922 118 118 83
3923 101 101 83
3924 153 153 84
3925 204 204 84
3926 186 186 83
3927 135 135 83
3928 101 101 83
3929 169 169 83
3930 169 169 83
3931 153 153 84
3932 170 170 84
3933 152 152 83
3934 153 153 84
3935 136 136 84
3936 84 84 84
3937 169 169 83
3938 187 187 84
3939 102 102 84
3940 118 118 83
3941 101 101 83
3942 135 135 83
3943 101 101 83
3944 119 119 84
3945 170 170 84
3946 118 118 83
3947 153 153 84
3948 204 204 84
3949 118 118 83
3950 187 187 84
3951 102 102 84
3952 152 152 83
3953 119 119 84
3954 118 118 83
3955 85 85 85
3956 152 152 83
3957 153 153 84
3958 136 136 84
3959 152 152 83
3960 169 169 83
3961 169 169 83
3962 135 135 83
3963 135 135 83
3964 135 135 83
3965 135 135 83
3966 169 169 83
3967 153 153 84
3968 136 136 84
3969 118 118 83
3970 135 135 83
3971 221 221 84
3972 136 136 84
3973 170 170 84
3974 204 204 84
3975 170 170 84
3976 220 220 83
3977 119 119 84
3978 272 272 84
3979 186 186 83
3980 153 153 84
3981 152 152 83
3982 169 169 83
3983 153 153 84
3984 102 102 84
3985 118 118 83
3986 169 169 83
3987 153 153 84
3988 204 204 84
3989 152 152 83
3990 187 187 84
3991 118 118 83
3992 135 135 83
3993 119 119 84
3994 118 118 83
3995 187 187 84
3996 152 152 83
3997 119 119 84
3998 204 204 84
3999 152 152 83
4000 169 169 83
4001 119 119 84
4002 152 152 83
4003 187 187 84
4004 186 186 83
4005 119 119 84
4006 170 170 84
4007 102 102 84
4008 238 238 84
4009 170 170 84
4010 136 136 84
4011 118 118 83
4012 153 153 84
4013 118 118 83
4014 187 187 84
4015 152 152 83
4016 169 169 83
4017 169 169 83
4018 153 153 84
4019 152 152 83
4020 135 135 83
4021 135 135 83
4022 255 255 84
4023 102 102 84
4024 170 170 84
4025 170 170 84
4026 118 118 83
4027 187 187 84
4028 136 136 84
4029 152 152 83
4030 119 119 84
4031 152 152 83
4032 85 85 85
4033 102 102 84
4034 170 170 84
4035 170 170 84
4036 204 204 84
4037 136 136 84
4038 186 186 83
4039 153 153 84
4040 204 204 84
4041 136 136 84
4042 136 136 84
4043 136 136 84
4044 118 118 83
4045 203 203 83
4046 153 153 84
4047 152 152 83
4048 153 153 84
4049 186 186 83
4050 187 187 84
4051 204 204 84
4052 152 152 83
4053 169 169 83
4054 135 135 83
4055 153 153 84
4056 84 84 84
4057 153 153 84
4058 102 102 84
4059 136 136 84
4060 102 102 84
4061 102 102 84
4062 170 170 84
4063 102 102 84
4064 102 102 84
4065 152 152 83
4066 187 187 84
4067 102 102 84
4068 136 136 84
4069 170 170 84
4070 84 84 84
4071 119 119 84
4072 84 84 84
4073 119 119 84
4074 118 118 83
4075 119 119 84
4076 152 152 83
4077 119 119 84
4078 152 152 83
4079 153 153 84
4080 118 118 83
4081 221 221 84
4082 118 118 83
4083 135 135 83
4084 119 119 84
4085 102 102 84
4086 136 136 84
4087 170 170 84
4088 118 118 83
4089 101 101 83
4090 119 119 84
4091 84 84 84
4092 119 119 84
4093 204 204 84
4094 152 152 83
4095 135 135 83
4096 153 153 84
4097 136 136 84
4098 136 136 84
4099 102 102 84
4100 118 118 83
4101 85 85 85
4102 136 136 84
4103 136 136 84
4104 102 102 84
4105 118 118 83
4106 119 119 84
4107 84 84 84
4108 153 153 84
4109 102 102 84
4110 204 204 84
4111 118 118 83
4112 101 101 83
4113 119 119 84
4114 102 102 84
4115 84 84 84
4116 169 169 83
4117 101 101 83
4118 153 153 84
4119 136 136 84
4120 136 136 84
4121 152 152 83
4122 119 119 84
4123 136 136 84
4124 136 136 84
4125 102 102 84
4126 118 118 83
4127 135 135 83
4128 119 119 84
4129 84 84 84
4130 169 169 83
4131 85 85 85
4132 170 170 84
4133 136 136 84
4134 170 170 84
4135 102 102 84
4136 118 118 83
4137 135 135 83
4138 119 119 84
4139 118 118 83
4140 101 101 83
4141 101 101 83
4142 169 169 83
4143 119 119 84
4144 186 186 83
4145 101 101 83
4146 153 153 84
4147 136 136 84
4148 102 102 84
4149 152 152 83
4150 119 119 84
4151 170 170 84
4152 136 136 84
4153 152 152 83
4154 101 101 83
4155 203 203 83
4156 85 85 85
4157 152 152 83
4158 119 119 84
4159 152 152 83
4160 153 153 84
4161 118 118 83
4162 101 101 83
4163 119 119 84
4164 136 136 84
4165 118 118 83
4166 135 135 83
4167 101 101 83
4168 119 119 84
4169 118 118 83
4170 85 85 85
4171 204 204 84
4172 136 136 84
4173 136 136 84
4174 152 152 83
4175 135 135 83
4176 119 119 84
4177 136 136 84
4178 84 84 84
4179 119 119 84
4180 136 136 84
4181 118 118 83
4182 187 187 84
4183 102 102 84
4184 152 152 83
4185 119 119 84
4186 84 84 84
4187 135 135 83
4188 153 153 84
4189 186 186 83
4190 153 153 84
4191 186 186 83
4192 101 101 83
4193 101 101 83
4194 101 101 83
4195 119 119 84
4196 254 254 83
4197 305 305 83
4198 135 135 83
4199 119 119 84
4200 118 118 83
4201 119 119 84
4202 170 170 84
4203 306 306 84
4204 272 272 84
4205 204 204 84
4206 102 102 84
4207 118 118 83
4208 221 221 84
4209 152 152 83
4210 339 339 83
4211 203 203 83
4212 153 153 84
4213 152 152 83
4214 305 305 83
4215 101 101 83
4216 135 135 83
4217 153 153 84
4218 186 186 83
4219 203 203 83
4220 203 203 83
4221 237 237 83
4222 187 187 84
4223 186 186 83
4224 237 237 83
4225 221 221 84
4226 204 204 84
4227 272 272 84
4228 204 204 84
4229 170 170 84
4230 254 254 83
4231 153 153 84
4232 254 254 83
4233 339 339 83
4234 237 237 83
4235 135 135 83
4236 169 169 83
4237 237 237 83
4238 169 169 83
4239 221 221 84
4240 170 170 84
4241 186 186 83
4242 255 255 84
4243 170 170 84
4244 136 136 84
4245 220 220 83
4246 203 203 83
4247 237 237 83
4248 169 169 83
4249 119 119 84
4250 204 204 84
4251 152 152 83
4252 187 187 84
4253 118 118 83
4254 203 203 83
4255 169 169 83
4256 135 135 83
4257 153 153 84
4258 170 170 84
4259 152 152 83
4260 119 119 84
4261 170 170 84
4262 254 254 83
4263 187 187 84
4264 204 204 84
4265 272 272 84
4266 186 186 83
4267 135 135 83
4268 187 187 84
4269 204 204 84
4270 204 204 84
4271 170 170 84
4272 204 204 84
4273 220 220 83
4274 203 203 83
4275 169 169 83
4276 203 203 83
4277 237 237 83
4278 305 305 83
4279 237 237 83
4280 187 187 84
4281 220 220 83
4282 237 237 83
4283 187 187 84
4284 204 204 84
4285 170 170 84
4286 238 238 84
4287 152 152 83
4288 187 187 84
4289 220 220 83
4290 221 221 84
4291 254 254 83
4292 237 237 83
4293 119 119 84
4294 204 204 84
4295 152 152 83
4296 187 187 84
4297 186 186 83
4298 119 119 84
4299 102 102 84
4300 306 306 84
4301 118 118 83
4302 135 135 83
4303 169 169 83
4304 169 169 83
4305 153 153 84
4306 102 102 84
4307 118 118 83
4308 187 187 84
4309 170 170 84
4310 136 136 84
4311 136 136 84
4312 152 152 83
4313 119 119 84
4314 170 170 84
4315 102 102 84
4316 102 102 84
4317 136 136 84
4318 170 170 84
4319 186 186 83
4320 85 85 85
4321 152 152 83
4322 119 119 84
4323 118 118 83
4324 153 153 84
4325 152 152 83
4326 119 119 84
4327 170 170 84
4328 102 102 84
4329 136 136 84
4330 84 84 84
4331 169 169 83
4332 237 237 83
4333 187 187 84
4334 136 136 84
4335 136 136 84
4336 136 136 84
4337 102 102 84
4338 84 84 84
4339 153 153 84
4340 118 118 83
4341 187 187 84
4342 152 152 83
4343 153 153 84
4344 118 118 83
4345 169 169 83
4346 169 169 83
4347 153 153 84
4348 152 152 83
4349 101 101 83
4350 119 119 84
4351 186 186 83
4352 153 153 84
4353 152 152 83
4354 135 135 83
4355 187 187 84
4356 102 102 84
4357 170 170 84
4358 118 118 83
4359 169 169 83
4360 203 203 83
4361 255 255 84
4362 152 152 83
4363 187 187 84
4364 84 84 84
4365 153 153 84
4366 118 118 83
4367 187 187 84
4368 102 102 84
4369 102 102 84
4370 204 204 84
4371 204 204 84
4372 136 136 84
4373 136 136 84
4374 102 102 84
4375 186 186 83
4376 85 85 85
4377 136 136 84
4378 170 170 84
4379 152 152 83
4380 85 85 85
4381 186 186 83
4382 153 153 84
4383 136 136 84
4384 84 84 84
4385 135 135 83
4386 135 135 83
4387 135 135 83
4388 119 119 84
4389 118 118 83
4390 169 169 83
4391 101 101 83
4392 153 153 84
4393 136 136 84
4394 136 136 84
4395 118 118 83
4396 153 153 84
4397 152 152 83
4398 101 101 83
4399 153 153 84
4400 186 186 83
4401 119 119 84
4402 118 118 83
4403 101 101 83
4404 119 119 84
4405 84 84 84
4406 101 101 83
4407 203 203 83
4408 135 135 83
4409 119 119 84
4410 136 136 84
4411 84 84 84
4412 153 153 84
4413 84 84 84
4414 135 135 83
4415 135 135 83
4416 153 153 84
4417 136 136 84
4418 170 170 84
4419 84 84 84
4420 101 101 83
4421 101 101 83
4422 203 203 83
4423 153 153 84
4424 204 204 84
4425 118 118 83
4426 101 101 83
4427 153 153 84
4428 152 152 83
4429 135 135 83
4430 101 101 83
4431 135 135 83
4432 135 135 83
4433 135 135 83
4434 187 187 84
4435 102 102 84
4436 152 152 83
4437 169 169 83
4438 135 135 83
4439 85 85 85
4440 118 118 83
4441 135 135 83
4442 203 203 83
4443 169 169 83
4444 135 135 83
4445 101 101 83
4446 203 203 83
4447 119 119 84
4448 118 118 83
4449 101 101 83
4450 119 119 84
4451 136 136 84
4452 102 102 84
4453 136 136 84
4454 170 170 84
4455 152 152 83
4456 153 153 84
4457 118 118 83
4458 153 153 84
4459 102 102 84
4460 220 220 83
4461 119 119 84
4462 152 152 83
4463 101 101 83
4464 101 101 83
4465 169 169 83
4466 203 203 83
4467 119 119 84
4468 118 118 83
4469 203 203 83
4470 153 153 84
4471 170 170 84
4472 170 170 84
4473 186 186 83
4474 119 119 84
4475 170 170 84
4476 136 136 84
4477 136 136 84
4478 170 170 84
4479 254 254 83
4480 203 203 83
4481 187 187 84
4482 170 170 84
4483 170 170 84
4484 220 220 83
4485 169 169 83
4486 135 135 83
4487 169 169 83
4488 203 203 83
4489 153 153 84
4490 170 170 84
4491 254 254 83
4492 425 425 84
4493 254 254 83
4494 153 153 84
4495 186 186 83
4496 203 203 83
4497 203 203 83
4498 339 339 83
4499 289 289 84
4500 186 186 83
4501 169 169 83
4502 237 237 83
4503 169 169 83
4504 221 221 84
4505 220 220 83
4506 153 153 84
4507 186 186 83
4508 237 237 83
4509 203 203 83
4510 153 153 84
4511 220 220 83
4512 237 237 83
4513 135 135 83
4514 153 153 84
4515 170 170 84
4516 170 170 84
4517 186 186 83
4518 237 237 83
4519 187 187 84
4520 136 136 84
4521 306 306 84
4522 204 204 84
4523 186 186 83
4524 339 339 83
4525 187 187 84
4526 204 204 84
4527 170 170 84
4528 152 152 83
4529 203 203 83
4530 187 187 84
4531 170 170 84
4532 204 204 84
4533 272 272 84
4534 220 220 83
4535 391 391 84
4536 204 204 84
4537 152 152 83
4538 101 101 83
4539 187 187 84
4540 186 186 83
4541 221 221 84
4542 288 288 83
4543 221 221 84
4544 152 152 83
4545 135 135 83
4546 169 169 83
4547 187 187 84
4548 272 272 84
4549 220 220 83
4550 169 169 83
4551 187 187 84
4552 204 204 84
4553 272 272 84
4554 238 238 84
4555 220 220 83
4556 255 255 84
4557 170 170 84
4558 186 186 83
4559 153 153 84
4560 152 152 83
4561 153 153 84
4562 186 186 83
4563 153 153 84
4564 272 272 84
4565 136 136 84
4566 288 288 83
4567 153 153 84
4568 272 272 84
4569 170 170 84
4570 136 136 84
4571 136 136 84
4572 186 186 83
4573 119 119 84
4574 186 186 83
4575 153 153 84
4576 306 306 84
4577 238 238 84
4578 152 152 83
4579 153 153 84
4580 152 152 83
4581 119 119 84
4582 152 152 83
4583 153 153 84
4584 204 204 84
4585 136 136 84
4586 238 238 84
4587 84 84 84
4588 169 169 83
4589 169 169 83
4590 153 153 84
4591 118 118 83
4592 221 221 84
4593 186 186 83
4594 153 153 84
4595 118 118 83
4596 169 169 83
4597 169 169 83
4598 203 203 83
4599 237 237 83
4600 169 169 83
4601 169 169 83
4602 119 119 84
4603 84 84 84
4604 153 153 84
4605 102 102 84
4606 254 254 83
4607 101 101 83
4608 153 153 84
4609 152 152 83
4610 135 135 83
4611 119 119 84
4612 136 136 84
4613 118 118 83
4614 135 135 83
4615 187 187 84
4616 152 152 83
4617 119 119 84
4618 170 170 84
4619 118 118 83
4620 203 203 83
4621 119 119 84
4622 170 170 84
4623 118 118 83
4624 153 153 84
4625 102 102 84
4626 118 118 83
4627 119 119 84
4628 84 84 84
4629 119 119 84
4630 102 102 84
4631 170 170 84
4632 102 102 84
4633 118 118 83
4634 119 119 84
4635 136 136 84
4636 118 118 83
4637 169 169 83
4638 153 153 84
4639 220 220 83
4640 153 153 84
4641 186 186 83
4642 169 169 83
4643 169 169 83
4644 85 85 85
4645 118 118 83
4646 135 135 83
4647 135 135 83
4648 119 119 84
4649 136 136 84
4650 204 204 84
4651 118 118 83
4652 119 119 84
4653 118 118 83
4654 119 119 84
4655 136 136 84
4656 136 136 84
4657 118 118 83
4658 119 119 84
4659 136 136 84
4660 170 170 84
4661 118 118 83
4662 135 135 83
4663 101 101 83
4664 119 119 84
4665 170 170 84
4666 136 136 84
4667 170 170 84
4668 118 118 83
4669 153 153 84
4670 84 84 84
4671 119 119 84
4672 136 136 84
4673 152 152 83
4674 101 101 83
4675 119 119 84
4676 84 84 84
4677 169 169 83
4678 119 119 84
4679 136 136 84
4680 118 118 83
4681 85 85 85
4682 118 118 83
4683 119 119 84
4684 152 152 83
4685 135 135 83
4686 101 101 83
4687 221 221 84
4688 136 136 84
4689 136 136 84
4690 204 204 84
4691 152 152 83
4692 101 101 83
4693 101 101 83
4694 153 153 84
4695 186 186 83
4696 169 169 83
4697 85 85 85
4698 204 204 84
4699 170 170 84
4700 118 118 83
4701 101 101 83
4702 153 153 84
4703 102 102 84
4704 118 118 83
4705 119 119 84
4706 152 152 83
4707 101 101 83
4708 119 119 84
4709 118 118 83
4710 203 203 83
4711 101 101 83
4712 187 187 84
4713 204 204 84
4714 170 170 84
4715 152 152 83
4716 169 169 83
4717 101 101 83
4718 85 85 85
4719 136 136 84
4720 118 118 83
4721 153 153 84
4722 118 118 83
4723 153 153 84
4724 152 152 83
4725 135 135 83
4726 135 135 83
4727 169 169 83
4728 135 135 83
4729 119 119 84
4730 102 102 84
4731 136 136 84
4732 102 102 84
4733 102 102 84
4734 102 102 84
4735 152 152 83
4736 203 203 83
4737 85 85 85
4738 118 118 83
4739 101 101 83
4740 85 85 85
4741 152 152 83
4742 153 153 84
4743 118 118 83
4744 85 85 85
4745 170 170 84
4746 118 118 83
4747 135 135 83
4748 85 85 85
4749 204 204 84
4750 136 136 84
4751 136 136 84
4752 152 152 83
4753 101 101 83
4754 101 101 83
4755 101 101 83
4756 85 85 85
4757 136 136 84
4758 118 118 83
4759 135 135 83
4760 101 101 83
4761 135 135 83
4762 101 101 83
4763 119 119 84
4764 118 118 83
4765 135 135 83
4766 101 101 83
4767 135 135 83
4768 101 101 83
4769 85 85 85
4770 136 136 84
4771 136 136 84
4772 152 152 83
4773 135 135 83
4774 101 101 83
4775 135 135 83
4776 135 135 83
4777 119 119 84
4778 152 152 83
4779 135 135 83
4780 101 101 83
4781 135 135 83
4782 153 153 84
4783 136 136 84
4784 118 118 83
4785 153 153 84
4786 136 136 84
4787 170 170 84
4788 136 136 84
4789 152 152 83
4790 169 169 83
4791 85 85 85
4792 152 152 83
4793 85 85 85
4794 102 102 84
4795 118 118 83
4796 119 119 84
4797 136 136 84
4798 118 118 83
4799 85 85 85
4800 136 136 84
4801 118 118 83
4802 169 169 83
4803 203 203 83
4804 119 119 84
4805 136 136 84
4806 152 152 83
4807 119 119 84
4808 102 102 84
4809 152 152 83
4810 101 101 83
4811 85 85 85
4812 118 118 83
4813 101 101 83
4814 101 101 83
4815 101 101 83
4816 153 153 84
4817 152 152 83
4818 187 187 84
4819 170 170 84
4820 102 102 84
4821 102 102 84
4822 136 136 84
4823 102 102 84
4824 118 118 83
4825 101 101 83
4826 135 135 83
4827 119 119 84
4828 118 118 83
4829 135 135 83
4830 85 85 85
4831 102 102 84
4832 118 118 83
4833 119 119 84
4834 102 102 84
4835 102 102 84
4836 118 118 83
4837 187 187 84
4838 118 118 83
4839 169 169 83
4840 153 153 84
4841 170 170 84
4842 118 118 83
4843 153 153 84
4844 118 118 83
4845 119 119 84
4846 118 118 83
4847 153 153 84
4848 186 186 83
4849 119 119 84
4850 170 170 84
4851 118 118 83
4852 135 135 83
4853 119 119 84
4854 220 220 83
4855 187 187 84
4856 118 118 83
4857 153 153 84
4858 272 272 84
4859 152 152 83
4860 255 255 84
4861 136 136 84
4862 102 102 84
4863 220 220 83
4864 169 169 83
4865 169 169 83
4866 135 135 83
4867 135 135 83
4868 169 169 83
4869 153 153 84
4870 170 170 84
4871 118 118 83
4872 85 85 85
4873 170 170 84
4874 254 254 83
4875 101 101 83
4876 135 135 83
4877 153 153 84
4878 152 152 83
4879 169 169 83
4880 169 169 83
4881 169 169 83
4882 153 153 84
4883 136 136 84
4884 118 118 83
4885 119 119 84
4886 118 118 83
4887 153 153 84
4888 102 102 84
4889 118 118 83
4890 119 119 84
4891 136 136 84
4892 136 136 84
4893 170 170 84
4894 152 152 83
4895 119 119 84
4896 238 238 84
4897 118 118 83
4898 135 135 83
4899 85 85 85
4900 170 170 84
4901 136 136 84
4902 118 118 83
4903 135 135 83
4904 187 187 84
4905 136 136 84
4906 136 136 84
4907 102 102 84
4908 136 136 84
4909 136 136 84
4910 170 170 84
4911 204 204 84
4912 186 186 83
4913 119 119 84
4914 136 136 84
4915 170 170 84
4916 152 152 83
4917 169 169 83
4918 153 153 84
4919 152 152 83
4920 101 101 83
4921 119 119 84
4922 102 102 84
4923 84 84 84
4924 153 153 84
4925 136 136 84
4926 118 118 83
4927 101 101 83
4928 85 85 85
4929 118 118 83
4930 119 119 84
4931 136 136 84
4932 170 170 84
4933 118 118 83
4934 101 101 83
4935 119 119 84
4936 102 102 84
4937 152 152 83
4938 135 135 83
4939 187 187 84
4940 136 136 84
4941 118 118 83
4942 135 135 83
4943 119 119 84
4944 118 118 83
4945 101 101 83
4946 135 135 83
4947 169 169 83
4948 101 101 83
4949 153 153 84
4950 186 186 83
4951 119 119 84
4952 118 118 83
4953 135 135 83
4954 187 187 84
4955 152 152 83
4956 101 101 83
4957 135 135 83
4958 135 135 83
4959 169 169 83
4960 119 119 84
4961 170 170 84
4962 136 136 84
4963 118 118 83
4964 85 85 85
4965 186 186 83
4966 119 119 84
4967 136 136 84
4968 102 102 84
4969 170 170 84
4970 118 118 83
4971 135 135 83
4972 85 85 85
4973 136 136 84
4974 186 186 83
4975 153 153 84
4976 136 136 84
4977 204 204 84
4978 102 102 84
4979 118 118 83
4980 119 119 84
4981 152 152 83
4982 153 153 84
4983 170 170 84
4984 152 152 83
4985 135 135 83
4986 85 85 85
4987 136 136 84
4988 136 136 84
4989 118 118 83
4990 85 85 85
4991 170 170 84
4992 84 84 84
4993 153 153 84
4994 170 170 84
4995 102 102 84
4996 136 136 84
4997 170 170 84
4998 84 84 84
4999 101 101 83
5000 135 135 83
5001 135 135 83
5002 85 85 85
5003 152 152 83
5004 101 101 83
5005 135 135 83
5006 119 119 84
5007 118 118 83
5008 119 119 84
5009 152 152 83
5010 119 119 84
5011 152 152 83
5012 119 119 84
5013 136 136 84
5014 102 102 84
5015 102 102 84
5016 136 136 84
5017 136 136 84
5018 152 152 83
5019 119 119 84
5020 170 170 84
5021 102 102 84
5022 102 102 84
5023 152 152 83
5024 119 119 84
5025 136 136 84
5026 102 102 84
5027 118 118 83
5028 135 135 83
5029 101 101 83
5030 119 119 84
5031 84 84 84
5032 101 101 83
5033 135 135 83
5034 203 203 83
5035 101 101 83
5036 119 119 84
5037 118 118 83
5038 135 135 83
5039 119 119 84
5040 170 170 84
5041 102 102 84
5042 186 186 83
5043 101 101 83
5044 135 135 83
5045 101 101 83
5046 119 119 84
5047 136 136 84
5048 118 118 83
5049 119 119 84
5050 118 118 83
5051 85 85 85
5052 204 204 84
5053 136 136 84
5054 102 102 84
5055 118 118 83
5056 135 135 83
5057 169 169 83
5058 101 101 83
5059 101 101 83
5060 119 119 84
5061 84 84 84
5062 101 101 83
5063 101 101 83
5064 101 101 83
5065 135 135 83
5066 135 135 83
5067 119 119 84
5068 136 136 84
5069 84 84 84
5070 119 119 84
5071 170 170 84
5072 102 102 84
5073 102 102 84
5074 136 136 84
5075 170 170 84
5076 118 118 83
5077 101 101 83
5078 153 153 84
5079 102 102 84
5080 118 118 83
5081 101 101 83
5082 135 135 83
5083 85 85 85
5084 152 152 83
5085 85 85 85
5086 102 102 84
5087 84 84 84
5088 101 101 83
5089 153 153 84
5090 102 102 84
5091 152 152 83
5092 203 203 83
5093 153 153 84
5094 136 136 84
5095 102 102 84
5096 102 102 84
5097 84 84 84
5098 119 119 84
5099 152 152 83
5100 119 119 84
5101 152 152 83
5102 119 119 84
5103 152 152 83
5104 153 153 84
5105 152 152 83
5106 169 169 83
5107 187 187 84
5108 152 152 83
5109 135 135 83
5110 101 101 83
5111 119 119 84
5112 102 102 84
5113 84 84 84
5114 135 135 83
5115 135 135 83
5116 237 237 83
5117 153 153 84
5118 220 220 83
5119 119 119 84
5120 102 102 84
5121 136 136 84
5122 102 102 84
5123 136 136 84
5124 220 220 83
5125 271 271 83
5126 153 153 84
5127 136 136 84
5128 118 118 83
5129 255 255 84
5130 136 136 84
5131 136 136 84
5132 170 170 84
5133 170 170 84
5134 118 118 83
5135 119 119 84
5136 102 102 84
5137 152 152 83
5138 169 169 83
5139 153 153 84
5140 136 136 84
5141 186 186 83
5142 169 169 83
5143 101 101 83
5144 101 101 83
5145 85 85 85
5146 288 288 83
5147 221 221 84
5148 204 204 84
5149 118 118 83
5150 119 119 84
5151 170 170 84
5152 118 118 83
5153 255 255 84
5154 374 374 84
5155 186 186 83
5156 135 135 83
5157 135 135 83
5158 135 135 83
5159 135 135 83
5160 187 187 84
5161 118 118 83
5162 221 221 84
5163 170 170 84
5164 118 118 83
5165 135 135 83
5166 101 101 83
5167 119 119 84
5168 186 186 83
5169 135 135 83
5170 169 169 83
5171 187 187 84
5172 220 220 83
5173 153 153 84
5174 152 152 83
5175 203 203 83
5176 203 203 83
5177 187 187 84
5178 136 136 84
5179 152 152 83
5180 153 153 84
5181 170 170 84
5182 186 186 83
5183 119 119 84
5184 238 238 84
5185 152 152 83
5186 153 153 84
5187 136 136 84
5188 118 118 83
5189 153 153 84
5190 136 136 84
5191 118 118 83
5192 135 135 83
5193 101 101 83
5194 85 85 85
5195 152 152 83
5196 135 135 83
5197 101 101 83
5198 135 135 83
5199 119 119 84
5200 102 102 84
5201 102 102 84
5202 84 84 84
5203 119 119 84
5204 136 136 84
5205 254 254 83
5206 169 169 83
5207 135 135 83
5208 135 135 83
5209 135 135 83
5210 85 85 85
5211 186 186 83
5212 153 153 84
5213 118 118 83
5214 119 119 84
5215 102 102 84
5216 84 84 84
5217 153 153 84
5218 102 102 84
5219 186 186 83
5220 153 153 84
5221 152 152 83
5222 119 119 84
5223 152 152 83
5224 203 203 83
5225 187 187 84
5226 152 152 83
5227 169 169 83
5228 85 85 85
5229 136 136 84
5230 118 118 83
5231 153 153 84
5232 152 152 83
5233 169 169 83
5234 153 153 84
5235 136 136 84
5236 102 102 84
5237 118 118 83
5238 101 101 83
5239 153 153 84
5240 118 118 83
5241 153 153 84
5242 152 152 83
5243 119 119 84
5244 118 118 83
5245 119 119 84
5246 152 152 83
5247 153 153 84
5248 84 84 84
5249 119 119 84
5250 102 102 84
5251 152 152 83
5252 169 169 83
5253 101 101 83
5254 119 119 84
5255 118 118 83
5256 101 101 83
5257 119 119 84
5258 170 170 84
5259 136 136 84
5260 118 118 83
5261 101 101 83
5262 119 119 84
5263 136 136 84
5264 152 152 83
5265 101 101 83
5266 187 187 84
5267 186 186 83
5268 101 101 83
5269 85 85 85
5270 102 102 84
5271 136 136 84
5272 170 170 84
5273 170 170 84
5274 136 136 84
5275 118 118 83
5276 101 101 83
5277 85 85 85
5278 136 136 84
5279 152 152 83
5280 153 153 84
5281 84 84 84
5282 101 101 83
5283 135 135 83
5284 101 101 83
5285 119 119 84
5286 118 118 83
5287 119 119 84
5288 118 118 83
5289 101 101 83
5290 101 101 83
5291 101 101 83
5292 101 101 83
5293 135 135 83
5294 135 135 83
5295 153 153 84
5296 118 118 83
5297 135 135 83
5298 119 119 84
5299 102 102 84
5300 102 102 84
5301 84 84 84
5302 135 135 83
5303 135 135 83
5304 169 169 83
5305 101 101 83
5306 101 101 83
5307 119 119 84
5308 118 118 83
5309 101 101 83
5310 101 101 83
5311 135 135 83
5312 119 119 84
5313 84 84 84
5314 101 101 83
5315 101 101 83
5316 153 153 84
5317 102 102 84
5318 136 136 84
5319 102 102 84
5320 136 136 84
5321 102 102 84
5322 170 170 84
5323 118 118 83
5324 101 101 83
5325 119 119 84
5326 118 118 83
5327 85 85 85
5328 152 152 83
5329 85 85 85
5330 170 170 84
5331 118 118 83
5332 119 119 84
5333 136 136 84
5334 136 136 84
5335 152 152 83
5336 135 135 83
5337 119 119 84
5338 118 118 83
5339 135 135 83
5340 119 119 84
5341 84 84 84
5342 153 153 84
5343 102 102 84
5344 118 118 83
5345 119 119 84
5346 102 102 84
5347 136 136 84
5348 136 136 84
5349 102 102 84
5350 186 186 83
5351 101 101 83
5352 187 187 84
5353 102 102 84
5354 118 118 83
5355 101 101 83
5356 101 101 83
5357 119 119 84
5358 118 118 83
5359 119 119 84
5360 186 186 83
5361 101 101 83
5362 119 119 84
5363 118 118 83
5364 153 153 84
5365 84 84 84
5366 101 101 83
5367 119 119 84
5368 102 102 84
5369 102 102 84
5370 152 152 83
5371 153 153 84
5372 118 118 83
5373 101 101 83
5374 85 85 85
5375 102 102 84
5376 102 102 84
5377 220 220 83
5378 119 119 84
5379 186 186 83
5380 135 135 83
5381 119 119 84
5382 152 152 83
5383 119 119 84
5384 102 102 84
5385 152 152 83
5386 203 203 83
5387 85 85 85
5388 102 102 84
5389 118 118 83
5390 85 85 85
5391 152 152 83
5392 85 85 85
5393 118 118 83
5394 153 153 84
5395 152 152 83
5396 119 119 84
5397 118 118 83
5398 101 101 83
5399 153 153 84
5400 84 84 84
5401 101 101 83
5402 221 221 84
5403 186 186 83
5404 135 135 83
5405 135 135 83
5406 85 85 85
5407 102 102 84
5408 118 118 83
5409 153 153 84
5410 170 170 84
5411 170 170 84
5412 238 238 84
5413 136 136 84
5414 118 118 83
5415 119 119 84
5416 220 220 83
5417 339 339 83
5418 169 169 83
5419 203 203 83
5420 85 85 85
5421 186 186 83
5422 221 221 84
5423 204 204 84
5424 204 204 84
5425 152 152 83
5426 119 119 84
5427 306 306 84
5428 204 204 84
5429 306 306 84
5430 254 254 83
5431 255 255 84
5432 204 204 84
5433 254 254 83
5434 305 305 83
5435 221 221 84
5436 118 118 83
5437 221 221 84
5438 186 186 83
5439 305 305 83
5440 187 187 84
5441 152 152 83
5442 153 153 84
5443 170 170 84
5444 136 136 84
5445 238 238 84
5446 204 204 84
5447 186 186 83
5448 187 187 84
5449 204 204 84
5450 186 186 83
5451 187 187 84
5452 238 238 84
5453 152 152 83
5454 135 135 83
5455 119 119 84
5456 170 170 84
5457 186 186 83
5458 203 203 83
5459 101 101 83
5460 187 187 84
5461 220 220 83
5462 169 169 83
5463 203 203 83
5464 221 221 84
5465 118 118 83
5466 187 187 84
5467 204 204 84
5468 220 220 83
5469 153 153 84
5470 136 136 84
5471 152 152 83
5472 187 187 84
5473 136 136 84
5474 220 220 83
5475 169 169 83
5476 169 169 83
5477 187 187 84
5478 136 136 84
5479 170 170 84
5480 102 102 84
5481 170 170 84
5482 204 204 84
5483 118 118 83
5484 203 203 83
5485 187 187 84
5486 152 152 83
5487 237 237 83
5488 135 135 83
5489 221 221 84
5490 272 272 84
5491 136 136 84
5492 220 220 83
5493 119 119 84
5494 186 186 83
5495 169 169 83
5496 187 187 84
5497 118 118 83
5498 153 153 84
5499 118 118 83
5500 153 153 84
5501 186 186 83
5502 169 169 83
5503 187 187 84
5504 186 186 83
5505 135 135 83
5506 153 153 84
5507 152 152 83
5508 135 135 83
5509 153 153 84
5510 118 118 83
5511 119 119 84
5512 118 118 83
5513 153 153 84
5514 84 84 84
5515 101 101 83
5516 101 101 83
5517 221 221 84
5518 118 118 83
5519 135 135 83
5520 237 237 83
5521 135 135 83
5522 101 101 83
5523 101 101 83
5524 169 169 83
5525 101 101 83
5526 135 135 83
5527 101 101 83
5528 85 85 85
5529 186 186 83
5530 119 119 84
5531 170 170 84
5532 152 152 83
5533 119 119 84
5534 118 118 83
5535 101 101 83
5536 135 135 83
5537 237 237 83
5538 101 101 83
5539 85 85 85
5540 152 152 83
5541 101 101 83
5542 119 119 84
5543 152 152 83
5544 135 135 83
5545 187 187 84
5546 136 136 84
5547 102 102 84
5548 136 136 84
5549 118 118 83
5550 153 153 84
5551 102 102 84
5552 186 186 83
5553 187 187 84
5554 118 118 83
5555 119 119 84
5556 152 152 83
5557 169 169 83
5558 187 187 84
5559 170 170 84
5560 136 136 84
5561 118 118 83
5562 153 153 84
5563 136 136 84
5564 170 170 84
5565 170 170 84
5566 118 118 83
5567 153 153 84
5568 204 204 84
5569 170 170 84
5570 186 186 83
5571 119 119 84
5572 136 136 84
5573 102 102 84
5574 102 102 84
5575 186 186 83
5576 237 237 83
5577 187 187 84
5578 136 136 84
5579 102 102 84
5580 186 186 83
5581 135 135 83
5582 135 135 83
5583 119 119 84
5584 204 204 84
5585 84 84 84
5586 169 169 83
5587 169 169 83
5588 169 169 83
5589 101 101 83
5590 119 119 84
5591 102 102 84
5592 186 186 83
5593 187 187 84
5594 170 170 84
5595 102 102 84
5596 102 102 84
5597 84 84 84
5598 101 101 83
5599 119 119 84
5600 238 238 84
5601 102 102 84
5602 118 118 83
5603 101 101 83
5604 135 135 83
5605 187 187 84
5606 136 136 84
5607 186 186 83
5608 119 119 84
5609 118 118 83
5610 119 119 84
5611 102 102 84
5612 152 152 83
5613 119 119 84
5614 102 102 84
5615 136 136 84
5616 118 118 83
5617 119 119 84
5618 118 118 83
5619 119 119 84
5620 152 152 83
5621 119 119 84
5622 152 152 83
5623 153 153 84
5624 102 102 84
5625 102 102 84
5626 152 152 83
5627 169 169 83
5628 119 119 84
5629 186 186 83
5630 119 119 84
5631 152 152 83
5632 101 101 83
5633 119 119 84
5634 152 152 83
5635 101 101 83
5636 153 153 84
5637 186 186 83
5638 119 119 84
5639 186 186 83
5640 85 85 85
5641 136 136 84
5642 84 84 84
5643 153 153 84
5644 118 118 83
5645 119 119 84
5646 102 102 84
5647 102 102 84
5648 102 102 84
5649 170 170 84
5650 136 136 84
5651 152 152 83
5652 101 101 83
5653 119 119 84
5654 136 136 84
5655 102 102 84
5656 84 84 84
5657 101 101 83
5658 119 119 84
5659 204 204 84
5660 136 136 84
5661 102 102 84
5662 118 118 83
5663 101 101 83
5664 101 101 83
5665 169 169 83
5666 85 85 85
5667 102 102 84
5668 152 152 83
5669 187 187 84
5670 152 152 83
5671 101 101 83
5672 135 135 83
5673 135 135 83
5674 135 135 83
5675 153 153 84
5676 84 84 84
5677 135 135 83
5678 135 135 83
5679 119 119 84
5680 84 84 84
5681 135 135 83
5682 101 101 83
5683 135 135 83
5684 119 119 84
5685 118 118 83
5686 119 119 84
5687 118 118 83
5688 153 153 84
5689 102 102 84
5690 136 136 84
5691 136 136 84
5692 118 118 83
5693 135 135 83
5694 119 119 84
5695 170 170 84
5696 84 84 84
5697 101 101 83
5698 119 119 84
5699 170 170 84
5700 170 170 84
5701 152 152 83
5702 169 169 83
5703 85 85 85
5704 152 152 83
5705 169 169 83
5706 169 169 83
5707 119 119 84
5708 118 118 83
5709 101 101 83
5710 169 169 83
5711 135 135 83
5712 153 153 84
5713 136 136 84
5714 118 118 83
5715 119 119 84
5716 220 220 83
5717 187 187 84
5718 118 118 83
5719 119 119 84
5720 152 152 83
5721 119 119 84
5722 118 118 83
5723 169 169 83
5724 135 135 83
5725 135 135 83
5726 119 119 84
5727 102 102 84
5728 136 136 84
5729 84 84 84
5730 169 169 83
5731 305 305 83
5732 187 187 84
5733 84 84 84
5734 119 119 84
5735 84 84 84
5736 101 101 83
5737 101 101