0 37 36 12
1 17 17 7
2 14 14 6
3 7 7 7
4 12 12 6
5 17 17 7
6 14 14 6
7 21 21 9
8 36 35 11
9 30 30 10
10 21 20 6
11 25 25 7
12 18 18 6
13 13 13 7
14 10 10 6
15 27 27 9
16 22 21 7
17 28 28 10
18 11 11 7
19 10 10 6
20 15 15 7
21 16 16 6
22 17 17 7
23 16 16 6
24 23 23 7
25 24 24 6
26 25 25 9
27 20 19 9
28 24 23 9
29 26 25 7
30 14 14 6
31 17 17 7
32 20 20 6
33 25 25 9
34 16 15 7
35 16 16 10
36 15 14 6
37 17 17 7
38 12 12 6
39 25 25 7
40 22 22 10
41 33 32 10
42 23 22 6
43 21 21 9
44 24 23 9
45 34 33 7
46 54 54 10
47 35 35 7
48 28 28 6
49 23 23 11
50 20 20 6
51 29 29 7
52 38 38 10
53 35 34 6
54 27 27 7
55 24 24 6
56 27 27 7
57 28 28 6
58 39 39 9
59 34 33 9
60 26 25 9
61 18 17 7
62 30 30 12
63 21 20 6
64 17 17 7
65 28 28 6
66 29 29 11
67 32 31 7
68 20 20 6
69 41 41 9
70 26 25 7
71 26 26 6
72 29 29 9
73 26 25 9
74 28 27 9
75 14 13 7
76 26 26 10
77 33 32 6
78 31 31 9
79 32 31 9
80 26 25 7
81 30 30 6
82 31 31 9
83 20 19 7
84 40 40 10
85 39 38 10
86 35 35 9
87 34 33 9
88 30 29 7
89 48 48 18
90 37 36 10
91 33 32 12
92 17 16 6
93 35 35 11
94 16 15 7
95 44 44 16
96 33 33 15
97 24 23 11
98 38 38 10
99 21 20 12
100 31 30 10
101 33 33 11
102 38 38 6
103 27 27 7
104 30 30 10
105 33 33 7
106 24 24 6
107 19 19 7
108 30 30 6
109 21 21 7
110 24 24 10
111 37 36 10
112 29 28 10
113 21 20 6
114 35 35 7
115 20 20 10
116 17 16 10
117 39 38 10
118 17 16 10
119 19 18 6
120 27 27 9
121 28 27 11
122 32 32 10
123 15 14 6
124 27 27 9
125 16 15 7
126 18 18 6
127 31 31 11
128 14 14 6
129 31 31 11
130 24 24 6
131 27 27 7
132 34 34 10
133 27 27 9
134 28 27 11
135 26 26 10
136 23 23 7
137 32 32 12
138 23 22 6
139 31 31 9
140 30 29 11
141 22 22 6
142 39 39 11
143 30 30 12
144 23 22 6
145 25 25 9
146 32 31 7
147 38 38 12
148 21 21 9
149 28 27 9
150 28 27 9
151 20 19 7
152 26 26 10
153 33 32 12
154 19 18 6
155 21 21 7
156 22 22 6
157 17 17 7
158 24 24 6
159 27 27 9
160 22 21 11
161 18 17 7
162 22 22 6
163 27 27 9
164 26 25 9
165 24 23 7
166 16 16 6
167 21 21 7
168 22 22 10
169 29 28 10
170 17 16 6
171 13 13 7
172 14 14 6
173 17 17 7
174 38 38 12
175 23 23 7
176 22 22 10
177 13 13 7
178 20 20 10
179 19 18 6
180 23 23 9
181 12 11 7
182 18 18 10
183 39 38 12
184 17 16 10
185 29 28 10
186 19 19 7
187 22 22 10
188 15 14 6
189 23 23 7
190 16 16 6
191 17 17 9
192 20 19 9
193 20 19 7
194 12 12 6
195 15 15 7
196 24 24 10
197 29 28 6
198 27 27 9
199 22 21 9
200 20 19 7
201 6 6 6
202 15 15 7
203 22 22 6
204 19 19 9
205 14 13 7
206 20 20 10
207 13 13 7
208 20 20 10
209 27 27 7
210 16 16 6
211 13 13 7
212 20 20 10
213 21 21 7
214 14 14 6
215 17 17 7
216 14 14 6
217 21 21 11
218 26 26 6
219 25 25 7
220 20 20 10
221 17 16 6
222 13 13 7
223 10 10 6
224 17 17 11
225 20 20 6
226 7 7 7
227 24 24 10
228 25 24 10
229 19 18 6
230 19 19 9
231 20 19 9
232 32 31 9
233 16 15 7
234 24 24 6
235 11 11 7
236 14 14 6
237 21 21 7
238 10 10 6
239 15 15 7
240 10 10 6
241 15 15 9
242 14 13 7
243 22 22 10
244 19 18 10
245 11 10 6
246 13 13 7
247 24 24 10
248 23 22 10
249 27 26 6
250 21 21 9
251 20 19 7
252 12 12 6
253 13 13 7
254 22 22 6
255 15 15 7
256 24 24 6
257 25 25 7
258 26 26 10
259 21 21 7
260 12 12 6
261 15 15 7
262 14 14 6
263 21 21 9
264 30 29 7
265 22 22 10
266 25 24 10
267 13 12 6
268 23 23 9
269 18 17 7
270 12 12 6
271 15 15 9
272 18 17 7
273 14 14 6
274 17 17 7
275 22 22 6
276 17 17 7
277 28 28 10
278 15 15 7
279 30 30 6
280 21 21 7
281 32 32 10
282 23 22 10
283 19 18 6
284 19 19 7
285 24 24 10
286 11 10 6
287 37 37 11
288 20 20 10
289 21 20 6
290 15 15 7
291 38 38 12
292 21 20 6
293 17 17 7
294 16 16 6
295 23 23 7
296 28 28 10
297 21 20 10
298 23 22 6
299 21 21 9
300 14 13 7
301 16 16 6
302 17 17 7
303 32 32 10
304 21 20 6
305 25 25 7
306 12 12 6
307 27 27 7
308 18 18 6
309 29 29 7
310 18 18 6
311 15 15 7
312 12 12 6
313 21 21 7
314 16 16 6
315 29 29 11
316 24 24 6
317 21 21 7
318 20 20 10
319 13 12 6
320 13 13 7
321 26 26 10
322 21 20 6
323 15 15 7
324 28 28 10
325 19 18 6
326 17 17 7
327 22 22 6
328 15 15 7
329 14 14 6
330 33 33 9
331 22 21 7
332 28 28 6
333 23 23 9
334 16 15 7
335 6 6 6
336 17 17 7
337 18 18 6
338 21 21 7
339 32 32 10
340 25 25 7
341 14 14 10
342 13 12 6
343 17 17 7
344 12 12 6
345 19 19 9
346 24 23 9
347 36 35 9
348 20 19 9
349 14 13 9
350 20 19 7
351 14 14 6
352 13 13 7
353 20 20 6
354 21 21 11
355 28 28 10
356 21 20 6
357 17 17 7
358 12 12 6
359 19 19 7
360 12 12 6
361 29 29 9
362 20 19 7
363 26 26 6
364 23 23 7
365 18 18 6
366 27 27 7
367 20 20 10
368 27 26 10
369 23 23 7
370 26 26 6
371 13 13 7
372 18 18 6
373 13 13 7
374 16 16 6
375 27 27 11
376 16 16 6
377 23 23 7
378 30 30 10
379 29 28 10
380 11 11 7
381 18 18 6
382 31 31 9
383 18 17 7
384 20 20 6
385 29 29 11
386 18 18 6
387 43 43 9
388 38 37 9
389 34 33 9
390 36 35 7
391 18 18 6
392 23 23 9
393 18 17 7
394 26 26 6
395 29 29 9
396 34 33 11
397 14 14 6
398 15 15 7
399 16 16 6
400 17 17 7
401 28 28 6
402 27 27 9
403 36 35 9
404 24 23 11
405 12 12 6
406 27 27 7
407 24 24 10
408 27 26 6
409 25 25 9
410 22 21 7
411 14 14 6
412 27 27 9
413 16 15 7
414 38 38 10
415 33 32 6
416 35 35 7
417 20 20 10
418 21 20 6
419 31 31 7
420 32 32 6
421 23 23 9
422 12 11 7
423 20 20 6
424 23 23 7
425 32 32 10
426 47 46 10
427 27 27 7
428 20 20 6
429 17 17 7
430 24 24 6
431 29 29 11
432 36 36 6
433 35 35 7
434 28 28 10
435 15 14 6
436 35 35 9
437 18 17 7
438 34 34 10
439 41 41 7
440 40 40 10
441 35 34 6
442 37 37 11
443 34 34 6
444 41 41 11
445 38 38 6
446 29 29 7
447 38 38 10
448 29 28 6
449 41 41 9
450 20 19 7
451 28 28 6
452 25 25 7
453 56 56 10
454 39 38 6
455 51 51 7
456 52 52 10
457 29 28 6
458 41 41 11
459 34 34 6
460 53 53 9
461 50 49 7
462 30 30 6
463 39 39 9
464 32 31 7
465 42 42 10
466 57 56 10
467 57 56 10
468 41 40 10
469 47 46 10
470 45 44 6
471 49 49 7
472 44 44 6
473 37 37 7
474 50 50 10
475 27 27 7
476 46 46 10
477 53 52 10
478 29 28 6
479 57 57 9
480 44 43 9
481 58 57 7
482 48 48 10
483 45 44 6
484 55 55 9
485 42 41 7
486 44 44 6
487 41 41 9
488 50 49 9
489 44 43 7
490 52 52 10
491 35 35 7
492 48 48 6
493 39 39 9
494 54 53 9
495 44 43 9
496 42 41 7
497 38 38 6
498 41 41 9
499 36 35 7
500 38 38 6
501 41 41 9
502 50 49 7
503 54 54 10
504 47 46 6
505 45 45 9
506 56 55 9
507 60 59 7
508 52 52 10
509 53 52 6
510 49 49 7
511 60 60 10
512 41 40 6
513 47 47 9
514 30 29 7
515 52 52 10
516 59 58 6
517 43 43 9
518 32 31 7
519 40 40 6
520 49 49 7
521 42 42 6
522 43 43 7
523 44 44 6
524 59 59 9
525 52 51 7
526 50 50 6
527 47 47 7
528 52 52 6
529 35 35 7
530 48 48 6
531 47 47 9
532 48 47 7
533 58 58 6
534 39 39 9
535 56 55 9
536 38 37 7
537 42 42 6
538 59 59 9
539 36 35 7
540 44 44 10
541 59 58 6
542 69 69 11
543 58 58 10
544 47 46 10
545 35 34 6
546 45 45 7
547 60 60 10
548 45 44 6
549 47 47 7
550 40 40 6
551 63 63 7
552 60 60 10
553 53 52 6
554 73 73 9
555 48 47 9
556 58 57 9
557 62 61 7
558 64 64 10
559 57 57 9
560 58 57 7
561 42 42 6
562 57 57 7
563 70 70 6
564 47 47 9
565 40 39 7
566 70 70 10
567 59 58 6
568 45 45 7
569 60 60 6
570 35 35 11
571 62 62 6
572 55 55 11
573 52 51 15
574 54 54 10
575 59 58 6
576 59 59 11
577 42 42 10
578 57 56 6
579 47 47 9
580 56 55 9
581 34 33 7
582 48 48 10
583 35 34 6
584 51 51 9
585 50 49 9
586 52 51 7
587 46 46 12
588 51 51 7
589 56 56 10
590 35 34 6
591 65 65 7
592 34 34 6
593 59 59 7
594 60 60 6
595 49 49 9
596 46 45 7
597 48 48 10
598 55 55 7
599 54 54 10
600 47 46 10
601 45 45 7
602 52 52 10
603 39 38 6
604 53 53 9
605 42 41 9
606 48 47 11
607 50 49 9
608 44 43 11
609 46 45 11
610 44 44 10
611 27 26 6
612 39 39 11
613 48 48 6
614 37 37 9
615 38 37 9
616 44 43 7
617 50 50 10
618 43 42 6
619 49 49 7
620 48 48 10
621 35 35 9
622 42 41 7
623 36 36 10
624 31 30 6
625 57 57 11
626 40 40 10
627 65 64 10
628 41 40 6
629 51 51 7
630 50 50 10
631 51 50 6
632 49 49 7
633 36 36 6
634 49 49 9
635 46 45 7
636 54 54 6
637 61 61 11
638 50 50 10
639 59 58 10
640 57 56 10
641 51 50 6
642 57 57 9
643 54 53 9
644 44 43 7
645 42 42 6
646 43 43 7
647 40 40 6
648 29 29 7
649 54 54 10
650 63 62 10
651 31 30 6
652 51 51 7
653 36 36 6
654 59 59 9
655 52 51 7
656 46 46 6
657 57 57 7
658 58 58 10
659 33 32 6
660 45 45 11
661 46 46 6
662 39 39 9
663 34 33 7
664 60 60 10
665 39 38 6
666 57 57 11
667 34 34 6
668 45 45 9
669 42 41 9
670 48 47 7
671 48 48 10
672 35 34 6
673 39 39 9
674 46 45 9
675 66 65 11
676 62 62 12
677 39 38 6
678 61 61 7
679 48 48 6
680 45 45 9
681 40 39 7
682 58 58 6
683 59 59 11
684 56 56 6
685 45 45 9
686 60 59 9
687 52 51 9
688 36 35 7
689 40 40 6
690 53 53 9
691 54 53 11
692 56 56 10
693 65 64 10
694 73 73 11
695 42 42 6
696 43 43 9
697 30 29 7
698 58 58 6
699 53 53 9
700 60 59 9
701 40 39 7
702 50 50 6
703 55 55 7
704 54 54 6
705 45 45 7
706 34 34 6
707 61 61 9
708 52 51 9
709 50 49 7
710 54 54 6
711 43 43 7
712 60 60 10
713 55 54 6
714 33 33 7
715 58 58 10
716 67 66 6
717 51 51 9
718 62 61 9
719 40 39 7
720 48 48 10
721 51 50 6
722 67 67 7
723 52 52 10
724 47 46 6
725 57 57 7
726 48 48 6
727 73 73 9
728 68 67 9
729 54 53 9
730 30 29 7
731 48 48 6
732 43 43 11
733 50 49 7
734 56 56 10
735 59 58 10
736 51 51 11
737 36 36 10
738 59 59 9
739 38 37 9
740 34 33 9
741 40 39 7
742 24 24 6
743 57 57 9
744 32 31 7
745 38 38 10
746 57 56 10
747 37 36 6
748 31 31 7
749 28 28 6
750 31 31 7
751 24 24 6
752 47 47 7
753 34 34 6
754 31 31 9
755 40 39 7
756 36 36 6
757 23 23 7
758 52 52 10
759 21 21 7
760 32 32 6
761 49 49 9
762 40 39 11
763 30 30 6
764 29 29 9
765 28 27 7
766 28 28 6
767 39 39 9
768 28 27 7
769 30 30 10
770 33 33 7
771 28 28 6
772 31 31 9
773 50 49 9
774 40 39 7
775 34 34 10
776 29 29 9
777 24 23 7
778 20 20 6
779 35 35 7
780 26 26 6
781 25 25 7
782 30 30 10
783 17 16 6
784 33 33 11
785 30 30 6
786 37 37 7
787 28 28 10
788 37 36 10
789 27 26 10
790 35 34 6
791 35 35 7
792 44 44 6
793 33 33 7
794 28 28 10
795 23 22 6
796 27 27 7
797 30 30 10
798 45 44 10
799 37 36 10
800 29 28 10
801 33 33 7
802 28 28 6
803 27 27 7
804 34 34 10
805 23 22 6
806 29 29 9
807 46 45 9
808 30 29 7
809 26 26 6
810 31 31 7
811 18 18 6
812 33 33 7
813 40 40 10
814 37 36 6
815 17 17 7
816 34 34 10
817 23 22 6
818 39 39 7
819 24 24 10
820 39 38 6
821 33 33 7
822 40 40 6
823 37 37 9
824 22 21 7
825 26 26 10
826 31 30 6
827 29 29 11
828 30 30 6
829 23 23 7
830 16 16 6
831 25 25 9
832 28 27 7
833 32 32 6
834 47 47 9
835 52 51 9
836 36 35 9
837 28 27 7
838 28 28 6
839 47 47 7
840 62 62 10
841 43 43 11
842 34 34 10
843 39 38 10
844 37 36 6
845 27 27 7
846 22 22 10
847 43 42 12
848 23 22 6
849 21 21 7
850 26 26 10
851 37 36 10
852 33 33 11
853 26 26 6
854 27 27 9
855 22 21 9
856 26 25 7
857 22 22 6
858 29 29 7
859 24 24 6
860 33 33 7
861 18 18 6
862 31 31 9
863 34 33 11
864 26 26 10
865 21 20 6
866 37 37 11
867 22 22 6
868 37 37 13
869 18 18 6
870 15 15 7
871 32 32 6
872 35 35 7
873 30 30 6
874 17 17 7
875 16 16 6
876 25 25 7
877 22 22 6
878 33 33 9
879 16 15 7
880 26 26 10
881 31 31 7
882 28 28 10
883 25 24 10
884 13 12 6
885 37 37 9
886 22 21 7
887 30 30 10
888 21 20 6
889 15 15 7
890 24 24 6
891 17 17 7
892 20 20 6
893 25 25 9
894 16 15 7
895 26 26 10
896 35 34 6
897 19 19 9
898 22 21 9
899 16 15 9
900 26 25 9
901 18 17 7
902 26 26 6
903 29 29 11
904 22 22 10
905 17 16 6
906 13 13 7
907 18 18 6
908 19 19 9
909 34 33 7
910 20 20 6
911 31 31 9
912 24 23 7
913 10 10 6
914 27 27 11
915 12 12 6
916 21 21 7
917 30 30 10
918 29 28 10
919 15 14 6
920 15 15 9
921 22 21 7
922 18 18 10
923 29 28 10
924 25 24 6
925 21 21 7
926 26 26 6
927 21 21 7
928 34 34 10
929 21 20 6
930 29 29 9
931 14 13 7
932 18 18 6
933 21 21 7
934 16 16 6
935 23 23 7
936 24 24 6
937 29 29 11
938 14 14 6
939 19 19 9
940 28 27 9
941 24 23 7
942 22 22 10
943 23 22 6
944 19 19 9
945 28 27 7
946 20 20 6
947 21 21 7
948 18 18 10
949 19 18 6
950 23 23 7
951 12 12 6
952 21 21 7
953 26 26 6
954 23 23 7
955 26 26 10
956 37 36 12
957 17 16 6
958 35 35 11
959 30 29 7
960 22 22 6
961 21 21 7
962 18 18 6
963 21 21 7
964 32 32 10
965 35 35 7
966 16 16 6
967 21 21 7
968 30 30 10
969 29 28 10
970 27 26 6
971 19 19 7
972 20 20 6
973 19 19 7
974 28 28 6
975 19 19 7
976 28 28 6
977 23 23 9
978 20 19 7
979 16 16 6
980 29 29 9
981 36 35 7
982 20 20 6
983 19 19 9
984 36 35 7
985 26 26 6
986 23 23 7
987 22 22 6
988 23 23 7
989 20 20 6
990 21 21 7
991 12 12 6
992 25 25 9
993 22 21 7
994 30 30 6
995 23 23 7
996 14 14 6
997 29 29 7
998 20 20 10
999 23 22 10
1000 19 18 10
1001 13 12 6
1002 13 13 7
1003 16 16 6
1004 23 23 7
1005 24 24 6
1006 23 23 7
1007 32 32 10
1008 15 14 6
1009 35 35 9
1010 44 43 9
1011 20 19 7
1012 46 46 10
1013 23 22 6
1014 29 29 9
1015 34 33 7
1016 44 44 10
1017 31 30 6
1018 27 27 7
1019 38 38 10
1020 25 24 6
1021 35 35 9
1022 32 31 7
1023 40 40 6
1024 33 33 9
1025 42 41 7
1026 34 34 6
1027 45 45 9
1028 30 29 7
1029 50 50 10
1030 25 25 9
1031 38 37 7
1032 42 42 10
1033 27 26 10
1034 21 21 7
1035 26 26 10
1036 41 40 10
1037 33 32 10
1038 23 22 6
1039 27 27 7
1040 32 32 10
1041 39 39 13
1042 36 36 6
1043 43 43 9
1044 38 37 7
1045 32 32 10
1046 51 50 14
1047 41 41 11
1048 36 35 9
1049 42 41 11
1050 18 18 6
1051 47 47 11
1052 34 34 10
1053 33 33 9
1054 30 29 9
1055 44 43 17
1056 20 20 6
1057 39 39 9
1058 32 31 7
1059 26 26 6
1060 39 39 11
1061 34 34 12
1062 35 35 11
1063 36 35 13
1064 42 41 13
1065 30 29 11
1066 36 35 15
1067 38 38 16
1068 33 32 10
1069 41 41 19
1070 38 38 14
1071 35 35 13
1072 32 32 10
1073 17 17 7
1074 16 16 6
1075 37 37 9
1076 30 29 7
1077 20 20 6
1078 37 37 9
1079 20 19 7
1080 34 34 12
1081 31 30 12
1082 23 22 6
1083 35 35 19
1084 38 37 15
1085 22 21 7
1086 22 22 6
1087 21 21 11
1088 34 34 12
1089 29 28 6
1090 23 23 7
1091 26 26 6
1092 29 29 11
1093 24 24 6
1094 35 35 13
1095 24 23 9
1096 30 29 7
1097 28 28 12
1098 27 26 12
1099 29 28 10
1100 35 34 12
1101 41 41 9
1102 28 27 9
1103 14 13 7
1104 38 38 14
1105 19 18 6
1106 23 23 7
1107 24 24 6
1108 21 21 7
1109 26 26 10
1110 19 18 10
1111 25 25 7
1112 32 32 10
1113 19 19 9
1114 28 27 9
1115 12 11 7
1116 12 12 6
1117 15 15 9
1118 18 17 7
1119 34 34 14
1120 27 26 10
1121 27 26 10
1122 23 23 11
1123 22 22 6
1124 19 19 7
1125 18 18 10
1126 15 15 7
1127 26 26 10
1128 27 26 10
1129 29 28 6
1130 25 25 9
1131 26 25 11
1132 24 23 9
1133 28 27 11
1134 22 21 7
1135 18 18 6
1136 27 27 7
1137 26 26 10
1138 19 19 7
1139 16 16 6
1140 15 15 7
1141 26 26 10
1142 21 20 6
1143 41 41 11
1144 24 23 9
1145 30 29 11
1146 16 15 7
1147 16 16 10
1148 11 10 6
1149 19 19 7
1150 28 28 10
1151 13 12 6
1152 21 21 7
1153 14 14 6
1154 19 19 9
1155 24 23 7
1156 22 22 6
1157 19 19 7
1158 14 14 6
1159 29 29 11
1160 18 18 6
1161 19 19 9
1162 16 15 7
1163 26 26 6
1164 27 27 11
1165 22 22 10
1166 27 26 6
1167 23 23 7
1168 18 18 10
1169 23 22 6
1170 19 19 9
1171 18 17 7
1172 36 36 10
1173 17 17 7
1174 16 16 6
1175 23 23 7
1176 22 22 10
1177 23 22 10
1178 15 14 6
1179 19 19 7
1180 22 22 6
1181 19 19 7
1182 22 22 10
1183 23 22 10
1184 17 17 7
1185 10 10 6
1186 13 13 7
1187 6 6 6
1188 11 11 7
1189 22 22 10
1190 13 12 6
1191 21 21 7
1192 18 18 10
1193 11 10 6
1194 37 37 9
1195 16 15 7
1196 16 16 6
1197 23 23 9
1198 18 17 7
1199 18 18 6
1200 23 23 7
1201 24 24 6
1202 29 29 9
1203 22 21 11
1204 18 18 6
1205 13 13 7
1206 28 28 10
1207 19 18 10
1208 17 16 6
1209 23 23 9
1210 26 25 9
1211 24 23 7
1212 10 10 6
1213 13 13 7
1214 16 16 10
1215 21 21 9
1216 20 19 7
1217 20 20 6
1218 17 17 7
1219 16 16 6
1220 11 11 7
1221 18 18 6
1222 19 19 9
1223 22 21 7
1224 10 10 6
1225 23 23 11
1226 14 14 6
1227 21 21 9
1228 18 17 7
1229 20 20 10
1230 27 26 10
1231 13 12 6
1232 17 17 7
1233 32 32 10
1234 17 16 6
1235 21 21 7
1236 22 22 6
1237 25 25 9
1238 18 17 7
1239 18 18 6
1240 13 13 7
1241 18 18 10
1242 15 14 6
1243 21 21 7
1244 34 34 10
1245 21 20 12
1246 17 16 6
1247 19 19 7
1248 6 6 6
1249 17 17 9
1250 24 23 7
1251 14 14 10
1252 29 28 10
1253 23 22 6
1254 21 21 9
1255 24 23 9
1256 40 39 11
1257 24 24 10
1258 25 24 10
1259 23 22 6
1260 35 35 7
1261 28 28 10
1262 21 20 6
1263 15 15 7
1264 32 32 10
1265 29 28 10
1266 21 20 6
1267 39 39 9
1268 38 37 9
1269 50 49 11
1270 26 26 6
1271 17 17 7
1272 18 18 10
1273 23 22 10
1274 29 28 10
1275 13 12 6
1276 25 25 9
1277 16 15 7
1278 22 22 10
1279 21 20 10
1280 13 12 6
1281 13 13 9
1282 30 29 7
1283 24 24 10
1284 27 26 10
1285 17 16 6
1286 15 15 9
1287 16 15 9
1288 16 15 9
1289 18 17 7
1290 16 16 6
1291 25 25 7
1292 16 16 6
1293 23 23 9
1294 14 13 7
1295 20 20 6
1296 13 13 7
1297 20 20 6
1298 11 11 7
1299 20 20 6
1300 17 17 7
1301 18 18 6
1302 23 23 7
1303 24 24 10
1304 21 21 7
1305 22 22 6
1306 15 15 7
1307 14 14 6
1308 23 23 7
1309 16 16 6
1310 11 11 7
1311 14 14 6
1312 19 19 11
1313 14 14 6
1314 15 15 7
1315 24 24 10
1316 23 22 10
1317 21 20 10
1318 23 23 9
1319 14 13 7
1320 32 32 10
1321 15 14 6
1322 21 21 11
1323 12 11 7
1324 12 12 6
1325 15 15 9
1326 18 17 7
1327 14 14 6
1328 11 11 7
1329 28 28 10
1330 17 17 7
1331 30 30 10
1332 17 17 7
1333 30 30 6
1334 23 23 7
1335 26 26 10
1336 25 24 10
1337 29 28 10
1338 13 12 6
1339 15 15 7
1340 16 16 6
1341 15 15 7
1342 16 16 6
1343 13 13 7
1344 26 26 10
1345 17 16 6
1346 29 29 9
1347 18 17 7
1348 20 20 6
1349 23 23 9
1350 28 27 9
1351 30 29 7
1352 22 22 10
1353 17 16 6
1354 17 17 7
1355 20 20 6
1356 13 13 7
1357 22 22 6
1358 29 29 7
1359 38 38 10
1360 31 30 10
1361 23 22 6
1362 13 13 7
1363 18 18 6
1364 17 17 7
1365 28 28 6
1366 17 17 7
1367 18 18 6
1368 29 29 9
1369 18 17 7
1370 18 18 6
1371 15 15 7
1372 28 28 10
1373 13 12 6
1374 25 25 7
1375 22 22 6
1376 21 21 9
1377 20 19 7
1378 26 26 10
1379 29 28 10
1380 29 28 10
1381 23 22 6
1382 21 21 7
1383 34 34 10
1384 29 28 6
1385 29 29 9
1386 30 29 7
1387 20 20 10
1388 23 22 6
1389 21 21 7
1390 34 34 10
1391 29 28 6
1392 29 29 11
1393 28 28 10
1394 37 36 10
1395 25 24 10
1396 25 25 7
1397 24 24 6
1398 33 33 9
1399 40 39 11
1400 20 20 6
1401 19 19 7
1402 18 18 6
1403 33 33 11
1404 54 54 10
1405 35 35 9
1406 18 17 7
1407 22 22 6
1408 21 21 9
1409 38 37 11
1410 42 42 10
1411 31 30 10
1412 45 45 11
1413 24 23 7
1414 26 26 10
1415 31 30 10
1416 47 46 6
1417 41 41 7
1418 38 38 12
1419 23 22 6
1420 25 25 7
1421 56 56 18
1422 29 28 6
1423 41 41 9
1424 36 35 7
1425 40 40 10
1426 33 32 6
1427 41 41 11
1428 36 36 10
1429 29 28 10
1430 35 35 9
1431 34 33 9
1432 38 37 11
1433 38 38 10
1434 31 30 10
1435 41 40 12
1436 37 37 9
1437 34 33 9
1438 32 31 13
1439 56 56 14
1440 37 36 16
1441 15 14 6
1442 21 21 7
1443 32 32 10
1444 15 14 6
1445 21 21 7
1446 36 36 10
1447 23 22 6
1448 37 37 11
1449 46 46 14
1450 23 22 6
1451 33 33 11
1452 34 33 11
1453 32 32 10
1454 41 40 10
1455 27 26 14
1456 37 36 12
1457 41 40 12
1458 37 36 10
1459 31 30 18
1460 29 28 12
1461 47 47 19
1462 54 53 19
1463 36 36 10
1464 15 14 6
1465 25 25 9
1466 34 33 7
1467 44 44 14
1468 37 37 9
1469 30 29 9
1470 28 27 11
1471 32 31 11
1472 36 35 13
1473 26 26 10
1474 23 23 7
1475 22 22 6
1476 21 21 7
1477 32 32 10
1478 49 48 12
1479 29 28 10
1480 23 22 10
1481 35 35 11
1482 34 34 14
1483 37 37 11
1484 36 35 15
1485 42 41 13
1486 24 24 6
1487 35 35 9
1488 18 17 9
1489 22 21 9
1490 50 49 11
1491 28 28 10
1492 27 26 10
1493 39 39 15
1494 26 26 12
1495 23 22 10
1496 35 35 13
1497 30 29 11
1498 42 41 15
1499 26 26 12
1500 33 32 10
1501 25 24 14
1502 35 35 17
1503 42 41 13
1504 34 34 10
1505 53 52 20
1506 43 42 14
1507 21 21 7
1508 34 34 14
1509 31 31 11
1510 72 71 31
1511 20 20 6
1512 37 37 9
1513 26 25 11
1514 30 29 13
1515 24 24 6
1516 41 41 15
1517 26 25 9
1518 24 23 11
1519 30 30 10
1520 29 28 10
1521 19 19 7
1522 26 26 10
1523 31 30 10
1524 29 28 6
1525 21 21 11
1526 30 30 10
1527 25 25 7
1528 42 42 10
1529 41 41 11
1530 18 18 6
1531 29 29 9
1532 20 19 7
1533 34 34 12
1534 51 50 10
1535 39 39 9
1536 30 29 7
1537 30 30 6
1538 25 25 9
1539 36 35 7
1540 26 26 6
1541 33 33 11
1542 30 30 12
1543 35 34 6
1544 25 25 7
1545 24 24 6
1546 23 23 7
1547 38 38 10
1548 23 22 10
1549 21 21 7
1550 18 18 6
1551 17 17 7
1552 22 22 6
1553 19 19 7
1554 14 14 6
1555 21 21 9
1556 26 25 9
1557 34 33 7
1558 20 20 6
1559 29 29 9
1560 16 15 7
1561 24 24 6
1562 25 25 9
1563 18 17 7
1564 26 26 10
1565 15 14 6
1566 17 17 7
1567 14 14 6
1568 19 19 7
1569 18 18 10
1570 15 15 9
1571 16 15 7
1572 20 20 10
1573 27 26 10
1574 21 21 7
1575 14 14 6
1576 17 17 7
1577 16 16 6
1578 19 19 7
1579 16 16 10
1580 25 24 6
1581 13 13 7
1582 10 10 6
1583 31 31 11
1584 22 21 7
1585 14 14 6
1586 13 13 7
1587 16 16 6
1588 17 17 7
1589 22 22 10
1590 11 11 7
1591 18 18 10
1592 17 16 6
1593 33 33 7
1594 28 28 6
1595 27 27 9
1596 24 23 7
1597 14 14 6
1598 21 21 7
1599 30 30 10
1600 41 40 6
1601 41 41 7
1602 32 32 10
1603 39 38 10
1604 39 39 11
1605 40 39 11
1606 38 38 10
1607 73 72 20
1608 67 66 14
1609 49 49 13
1610 32 32 12
1611 39 39 11
1612 24 23 9
1613 46 45 11
1614 42 41 11
1615 30 29 11
1616 38 38 10
1617 29 29 7
1618 24 24 6
1619 49 49 17
1620 20 20 10
1621 27 26 6
1622 19 19 7
1623 30 30 10
1624 29 28 10
1625 19 18 6
1626 31 31 11
1627 30 30 10
1628 27 27 9
1629 16 15 7
1630 22 22 6
1631 19 19 7
1632 30 30 10
1633 25 24 6
1634 23 23 9
1635 20 19 7
1636 18 18 6
1637 27 27 9
1638 24 23 7
1639 20 20 6
1640 19 19 7
1641 28 28 10
1642 25 24 6
1643 29 29 9
1644 20 19 7
1645 22 22 6
1646 23 23 7
1647 28 28 10
1648 19 18 6
1649 17 17 7
1650 18 18 10
1651 25 24 6
1652 17 17 7
1653 18 18 6
1654 21 21 7
1655 18 18 10
1656 27 26 10
1657 29 28 10
1658 29 28 6
1659 25 25 7
1660 22 22 10
1661 17 16 6
1662 17 17 9
1663 18 17 7
1664 6 6 6
1665 17 17 11
1666 14 14 6
1667 21 21 7
1668 18 18 6
1669 23 23 7
1670 18 18 10
1671 27 26 10
1672 21 21 7
1673 22 22 10
1674 17 17 7
1675 22 22 6
1676 13 13 7
1677 10 10 6
1678 19 19 7
1679 22 22 10
1680 27 26 10
1681 21 21 7
1682 12 12 6
1683 23 23 9
1684 14 13 7
1685 20 20 10
1686 17 16 6
1687 19 19 9
1688 18 17 9
1689 22 21 7
1690 14 14 10
1691 13 12 6
1692 17 17 7
1693 16 16 6
1694 17 17 7
1695 12 12 6
1696 17 17 9
1697 16 15 7
1698 24 24 10
1699 23 22 10
1700 13 12 6
1701 25 25 9
1702 20 19 9
1703 16 15 7
1704 18 18 6
1705 25 25 7
1706 22 22 10
1707 15 14 6
1708 17 17 7
1709 22 22 10
1710 19 18 6
1711 33 33 9
1712 20 19 7
1713 20 20 10
1714 25 24 10
1715 17 16 6
1716 25 25 11
1717 20 20 10
1718 25 24 10
1719 13 13 7
1720 20 20 6
1721 15 15 7
1722 18 18 6
1723 23 23 7
1724 24 24 6
1725 13 13 7
1726 22 22 6
1727 19 19 9
1728 14 13 7
1729 16 16 6
1730 19 19 9
1731 22 21 7
1732 36 36 6
1733 17 17 7
1734 12 12 6
1735 17 17 9
1736 22 21 9
1737 20 19 7
1738 16 16 6
1739 33 33 11
1740 16 16 6
1741 21 21 7
1742 10 10 10
1743 27 26 6
1744 19 19 7
1745 24 24 6
1746 25 25 11
1747 26 26 6
1748 21 21 7
1749 12 12 6
1750 17 17 9
1751 24 23 9
1752 26 25 9
1753 22 21 7
1754 14 14 10
1755 25 24 10
1756 17 16 6
1757 19 19 9
1758 20 19 11
1759 16 16 6
1760 21 21 9
1761 18 17 7
1762 16 16 6
1763 11 11 7
1764 26 26 10
1765 23 23 7
1766 20 20 10
1767 19 18 10
1768 23 22 10
1769 19 18 6
1770 21 21 7
1771 26 26 6
1772 27 27 7
1773 12 12 6
1774 11 11 7
1775 26 26 10
1776 13 13 7
1777 16 16 6
1778 11 11 7
1779 20 20 6
1780 19 19 7
1781 14 14 6
1782 15 15 9
1783 26 25 7
1784 20 20 6
1785 25 25 9
1786 20 19 9
1787 24 23 9
1788 28 27 7
1789 22 22 6
1790 11 11 7
1791 30 30 6
1792 25 25 7
1793 26 26 10
1794 23 23 7
1795 30 30 10
1796 31 30 6
1797 35 35 9
1798 36 35 7
1799 30 30 10
1800 29 28 6
1801 31 31 9
1802 24 23 7
1803 32 32 10
1804 43 42 6
1805 43 43 9
1806 30 29 9
1807 42 41 7
1808 40 40 10
1809 31 31 9
1810 38 37 9
1811 40 39 9
1812 28 27 11
1813 40 39 7
1814 60 60 10
1815 67 66 10
1816 45 45 7
1817 38 38 10
1818 37 36 10
1819 41 41 7
1820 40 40 10
1821 49 49 11
1822 46 46 6
1823 21 21 7
1824 40 40 6
1825 41 41 9
1826 30 29 9
1827 40 39 9
1828 52 51 11
1829 34 34 12
1830 31 30 12
1831 25 24 10
1832 35 34 12
1833 33 33 7
1834 56 56 14
1835 47 47 11
1836 38 37 13
1837 46 46 10
1838 31 30 10
1839 19 18 6
1840 41 41 15
1841 44 44 18
1842 27 27 9
1843 42 41 13
1844 30 30 10
1845 29 29 9
1846 32 31 9
1847 48 47 11
1848 40 40 10
1849 25 24 6
1850 37 37 9
1851 28 27 13
1852 32 32 12
1853 55 54 20
1854 55 55 11
1855 46 46 22
1856 29 29 9
1857 24 23 9
1858 34 33 7
1859 32 32 12
1860 39 38 10
1861 37 36 6
1862 21 21 7
1863 24 24 6
1864 21 21 9
1865 30 29 7
1866 36 36 10
1867 27 27 7
1868 18 18 6
1869 25 25 11
1870 30 30 10
1871 49 48 14
1872 47 46 16
1873 29 29 17
1874 44 44 14
1875 43 42 18
1876 39 39 13
1877 26 26 10
1878 39 38 14
1879 29 28 10
1880 21 20 6
1881 45 45 17
1882 58 57 15
1883 36 36 18
1884 41 40 16
1885 35 34 14
1886 25 25 9
1887 32 31 9
1888 38 37 15
1889 32 32 6
1890 37 37 11
1891 46 45 17
1892 40 40 18
1893 27 27 11
1894 34 34 12
1895 43 42 16
1896 23 22 6
1897 37 37 13
1898 50 50 22
1899 47 47 21
1900 34 34 12
1901 45 44 14
1902 35 34 12
1903 29 28 10
1904 43 43 15
1905 36 35 11
1906 30 29 7
1907 38 38 12
1908 35 35 11
1909 52 51 13
1910 32 31 9
1911 38 37 7
1912 32 32 10
1913 25 25 11
1914 14 13 7
1915 30 30 10
1916 23 22 6
1917 35 35 9
1918 28 27 7
1919 34 34 10
1920 25 24 6
1921 25 25 7
1922 28 28 6
1923 23 23 7
1924 32 32 10
1925 35 34 10
1926 41 40 10
1927 15 14 6
1928 29 29 7
1929 30 30 10
1930 27 26 10
1931 45 44 10
1932 19 19 9
1933 36 35 11
1934 32 31 7
1935 32 32 14
1936 25 25 11
1937 20 20 6
1938 33 33 7
1939 26 26 6
1940 29 29 7
1941 32 32 6
1942 21 21 7
1943 24 24 10
1944 29 28 6
1945 37 37 9
1946 38 37 11
1947 38 38 12
1948 15 14 6
1949 25 25 7
1950 30 30 10
1951 31 30 10
1952 31 30 10
1953 29 29 7
1954 32 32 10
1955 21 21 7
1956 36 36 10
1957 35 34 10
1958 29 29 7
1959 26 26 10
1960 35 35 7
1961 36 36 10
1962 23 22 10
1963 33 32 10
1964 19 18 6
1965 21 21 9
1966 22 21 7
1967 38 38 10
1968 31 30 6
1969 31 31 9
1970 38 37 7
1971 24 24 10
1972 29 28 10
1973 35 35 11
1974 40 40 10
1975 49 48 10
1976 55 55 9
1977 22 21 9
1978 32 31 9
1979 30 29 7
1980 54 54 12
1981 51 50 12
1982 45 45 13
1983 46 46 10
1984 27 26 10
1985 45 45 9
1986 28 27 7
1987 30 30 12
1988 41 40 6
1989 31 31 9
1990 38 37 9
1991 34 33 13
1992 24 24 10
1993 49 48 12
1994 61 60 14
1995 55 54 10
1996 43 42 12
1997 37 37 13
1998 38 37 11
1999 22 21 9
2000 28 27 7
2001 18 18 10
2002 31 30 12
2003 27 26 10
2004 37 37 13
2005 22 22 10
2006 23 23 7
2007 24 24 6
2008 21 21 9
2009 20 19 7
2010 38 38 6
2011 35 35 9
2012 28 27 7
2013 42 42 6
2014 17 17 7
2015 34 34 6
2016 19 19 9
2017 22 21 7
2018 28 28 6
2019 39 39 7
2020 22 22 10
2021 23 22 6
2022 27 27 7
2023 28 28 6
2024 19 19 7
2025 18 18 10
2026 19 18 6
2027 29 29 9
2028 20 19 7
2029 16 16 6
2030 25 25 11
2031 12 12 6
2032 29 29 11
2033 18 18 6
2034 23 23 9
2035 26 25 7
2036 14 14 6
2037 27 27 9
2038 22 21 7
2039 26 26 6
2040 19 19 7
2041 26 26 6
2042 25 25 7
2043 26 26 10
2044 25 24 6
2045 37 37 11
2046 32 31 7
2047 30 30 10
2048 23 23 7
2049 20 20 6
2050 27 27 11
2051 42 42 12
2052 31 31 9
2053 36 35 7
2054 14 14 6
2055 27 27 7
2056 24 24 10
2057 27 26 6
2058 23 23 9
2059 32 31 7
2060 24 24 6
2061 17 17 7
2062 22 22 6
2063 29 29 7
2064 36 36 10
2065 21 20 6
2066 37 37 11
2067 36 36 10
2068 33 33 11
2069 20 20 10
2070 11 10 6
2071 25 25 7
2072 28 28 6
2073 27 27 11
2074 20 20 6
2075 25 25 9
2076 18 17 7
2077 18 18 10
2078 19 18 6
2079 23 23 11
2080 14 14 6
2081 21 21 11
2082 20 20 6
2083 25 25 7
2084 28 28 10
2085 31 30 10
2086 25 24 6
2087 19 19 9
2088 18 17 7
2089 28 28 6
2090 23 23 7
2091 28 28 10
2092 27 26 12
2093 25 24 6
2094 17 17 7
2095 14 14 6
2096 17 17 7
2097 10 10 6
2098 23 23 7
2099 18 18 6
2100 23 23 7
2101 18 18 10
2102 15 14 6
2103 19 19 7
2104 20 20 10
2105 15 14 6
2106 15 15 7
2107 18 18 6
2108 21 21 9
2109 36 35 7
2110 26 26 10
2111 15 14 6
2112 13 13 7
2113 20 20 10
2114 21 20 6
2115 17 17 7
2116 26 26 6
2117 15 15 7
2118 30 30 10
2119 13 12 6
2120 13 13 7
2121 32 32 10
2122 17 16 10
2123 19 18 10
2124 21 20 6
2125 21 21 9
2126 16 15 7
2127 6 6 6
2128 17 17 9
2129 26 25 11
2130 18 18 6
2131 11 11 7
2132 28 28 10
2133 17 16 6
2134 21 21 9
2135 14 13 7
2136 20 20 6
2137 17 17 9
2138 16 15 7
2139 14 14 6
2140 13 13 7
2141 12 12 6
2142 31 31 9
2143 14 13 7
2144 12 12 6
2145 15 15 7
2146 16 16 10
2147 21 20 6
2148 15 15 7
2149 18 18 6
2150 19 19 7
2151 14 14 6
2152 11 11 7
2153 16 16 10
2154 25 24 6
2155 21 21 7
2156 30 30 10
2157 19 19 7
2158 16 16 6
2159 31 31 7
2160 28 28 10
2161 27 26 6
2162 23 23 7
2163 22 22 6
2164 19 19 9
2165 22 21 7
2166 24 24 10
2167 31 30 6
2168 23 23 9
2169 16 15 7
2170 26 26 6
2171 21 21 7
2172 24 24 6
2173 37 37 7
2174 34 34 10
2175 27 26 6
2176 17 17 7
2177 30 30 6
2178 25 25 7
2179 30 30 6
2180 27 27 7
2181 16 16 6
2182 13 13 7
2183 32 32 10
2184 25 24 6
2185 29 29 7
2186 30 30 6
2187 15 15 7
2188 22 22 6
2189 25 25 7
2190 24 24 12
2191 25 24 10
2192 31 31 9
2193 28 27 7
2194 22 22 6
2195 19 19 11
2196 28 28 6
2197 29 29 7
2198 34 34 12
2199 37 36 10
2200 33 32 10
2201 45 44 10
2202 25 24 10
2203 29 28 10
2204 29 28 10
2205 29 28 10
2206 29 28 6
2207 31 31 9
2208 26 25 9
2209 30 29 9
2210 22 21 9
2211 30 29 7
2212 24 24 6
2213 31 31 11
2214 12 12 6
2215 31 31 9
2216 28 27 11
2217 36 36 10
2218 27 26 14
2219 29 28 10
2220 27 26 12
2221 31 31 13
2222 40 39 15
2223 28 28 12
2224 37 36 12
2225 33 32 12
2226 29 28 14
2227 33 32 12
2228 35 35 13
2229 20 20 10
2230 23 23 9
2231 32 31 11
2232 46 45 19
2233 22 21 7
2234 20 20 10
2235 21 20 6
2236 21 21 7
2237 24 24 10
2238 21 21 9
2239 22 21 7
2240 22 22 10
2241 27 26 12
2242 19 19 7
2243 34 34 10
2244 19 19 9
2245 30 29 9
2246 18 17 7
2247 26 26 10
2248 19 18 10
2249 23 22 10
2250 19 19 7
2251 34 34 14
2252 23 23 11
2253 50 49 17
2254 34 34 16
2255 17 16 6
2256 15 15 7
2257 30 30 6
2258 27 27 11
2259 24 24 12
2260 27 27 7
2261 38 38 10
2262 41 40 16
2263 25 24 10
2264 23 22 12
2265 35 35 13
2266 32 32 12
2267 41 40 18
2268 33 33 11
2269 34 33 13
2270 44 43 21
2271 22 21 11
2272 40 40 18
2273 67 67 23
2274 42 42 16
2275 23 23 11
2276 22 22 6
2277 23 23 9
2278 44 43 13
2279 26 26 12
2280 25 24 6
2281 23 23 7
2282 26 26 10
2283 33 33 13
2284 26 26 10
2285 29 29 11
2286 14 14 6
2287 33 33 11
2288 34 34 10
2289 35 35 15
2290 40 39 15
2291 26 26 10
2292 27 27 9
2293 26 25 11
2294 24 23 9
2295 34 33 11
2296 38 38 16
2297 23 22 10
2298 27 27 11
2299 26 26 10
2300 31 30 16
2301 25 25 13
2302 28 28 10
2303 23 23 9
2304 18 17 7
2305 10 10 6
2306 25 25 9
2307 24 23 9
2308 22 21 9
2309 26 25 9
2310 30 29 9
2311 28 27 7
2312 40 40 16
2313 15 15 7
2314 36 36 10
2315 37 36 14
2316 33 32 14
2317 23 22 10
2318 27 26 6
2319 27 27 11
2320 22 22 10
2321 25 24 6
2322 21 21 9
2323 30 29 7
2324 26 26 6
2325 29 29 7
2326 20 20 10
2327 35 35 15
2328 36 35 13
2329 28 28 10
2330 33 33 7
2331 38 38 10
2332 31 30 12
2333 39 38 10
2334 37 36 12
2335 31 30 12
2336 31 31 13
2337 28 27 9
2338 18 17 7
2339 18 18 6
2340 21 21 7
2341 38 38 6
2342 35 35 13
2343 42 42 16
2344 33 33 11
2345 22 21 7
2346 42 42 16
2347 27 26 10
2348 21 21 7
2349 42 42 10
2350 19 18 6
2351 39 39 9
2352 34 33 11
2353 14 14 6
2354 45 45 11
2355 30 30 10
2356 29 28 10
2357 13 12 6
2358 21 21 7
2359 24 24 10
2360 25 24 10
2361 37 36 10
2362 41 41 11
2363 44 43 11
2364 44 44 10
2365 33 33 9
2366 28 27 9
2367 38 37 7
2368 34 34 10
2369 35 34 10
2370 23 22 6
2371 35 35 9
2372 20 19 7
2373 32 32 10
2374 39 39 13
2375 20 20 6
2376 35 35 7
2377 20 20 6
2378 25 25 7
2379 26 26 6
2380 45 45 7
2381 28 28 6
2382 23 23 7
2383 42 42 10
2384 33 32 6
2385 25 25 7
2386 24 24 6
2387 35 35 7
2388 36 36 10
2389 29 29 9
2390 36 35 9
2391 26 25 7
2392 30 30 6
2393 25 25 11
2394 28 28 10
2395 33 32 6
2396 25 25 7
2397 16 16 6
2398 17 17 9
2399 36 35 11
2400 46 46 14
2401 29 28 6
2402 23 23 7
2403 22 22 6
2404 19 19 9
2405 28 27 11
2406 32 32 6
2407 37 37 11
2408 32 32 10
2409 33 32 6
2410 37 37 7
2411 46 46 10
2412 37 37 7
2413 22 22 6
2414 25 25 11
2415 20 19 7
2416 24 24 6
2417 25 25 9
2418 42 41 7
2419 38 38 10
2420 31 30 10
2421 35 34 10
2422 17 17 7
2423 26 26 12
2424 27 26 6
2425 39 39 11
2426 32 31 11
2427 30 30 10
2428 21 20 10
2429 25 24 6
2430 21 21 7
2431 30 30 10
2432 29 29 9
2433 28 27 9
2434 26 25 9
2435 32 31 9
2436 18 17 7
2437 10 10 6
2438 35 35 11
2439 26 26 6
2440 25 25 9
2441 26 25 7
2442 16 16 6
2443 31 31 7
2444 16 16 10
2445 21 21 7
2446 12 12 6
2447 21 21 9
2448 18 17 7
2449 28 28 10
2450 27 26 10
2451 19 18 6
2452 19 19 9
2453 24 23 9
2454 28 27 11
2455 16 15 7
2456 24 24 6
2457 31 31 9
2458 12 11 7
2459 24 24 6
2460 23 23 9
2461 16 15 7
2462 16 16 6
2463 13 13 7
2464 6 6 6
2465 11 11 7
2466 26 26 10
2467 19 18 6
2468 23 23 9
2469 20 19 7
2470 20 20 10
2471 25 25 7
2472 20 20 6
2473 13 13 7
2474 14 14 6
2475 19 19 9
2476 8 7 6
2477 16 16 6
2478 25 25 7
2479 22 22 10
2480 19 19 7
2481 26 26 10
2482 7 6 5
2483 15 15 7
2484 34 34 10
2485 29 28 10
2486 21 21 7
2487 24 24 6
2488 23 23 7
2489 12 12 6
2490 17 17 7
2491 12 12 6
2492 23 23 7
2493 32 32 10
2494 19 18 6
2495 23 23 9
2496 26 25 7
2497 18 18 6
2498 25 25 7
2499 24 24 10
2500 19 18 6
2501 13 13 7
2502 12 12 6
2503 11 11 7
2504 20 20 6
2505 23 23 7
2506 24 24 6
2507 11 11 7
2508 14 14 6
2509 23 23 7
2510 24 24 10
2511 15 15 7
2512 26 26 6
2513 19 19 7
2514 18 18 6
2515 21 21 7
2516 24 24 6
2517 21 21 11
2518 28 28 10
2519 13 13 7
2520 14 14 6
2521 23 23 7
2522 22 22 10
2523 11 10 6
2524 13 13 7
2525 20 20 10
2526 15 14 6
2527 17 17 9
2528 28 27 7
2529 22 22 10
2530 25 24 6
2531 17 17 7
2532 26 26 10
2533 31 30 10
2534 13 12 6
2535 11 11 7
2536 20 20 6
2537 21 21 7
2538 24 24 10
2539 25 25 7
2540 16 16 10
2541 19 18 6
2542 27 27 7
2543 20 20 6
2544 19 19 7
2545 16 16 10
2546 19 18 10
2547 15 14 6
2548 25 25 7
2549 24 24 10
2550 21 20 10
2551 15 14 6
2552 21 21 7
2553 20 20 6
2554 21 21 7
2555 26 26 10
2556 17 16 6
2557 19 19 7
2558 30 30 10
2559 21 20 6
2560 23 23 7
2561 16 16 6
2562 25 25 7
2563 18 18 6
2564 19 19 9
2565 28 27 9
2566 34 33 9
2567 18 17 7
2568 20 20 6
2569 27 27 9
2570 24 23 7
2571 22 22 6
2572 31 31 9
2573 20 19 9
2574 8 7 6
2575 10 10 6
2576 19 19 7
2577 18 18 6
2578 15 15 7
2579 24 24 10
2580 23 23 7
2581 16 16 6
2582 21 21 9
2583 18 17 7
2584 28 28 6
2585 23 23 7
2586 36 36 6
2587 21 21 9
2588 12 11 7
2589 22 22 10
2590 27 26 6
2591 19 19 7
2592 26 26 6
2593 15 15 9
2594 24 23 7
2595 26 26 6
2596 19 19 7
2597 28 28 6
2598 25 25 9
2599 44 43 7
2600 34 34 10
2601 23 23 7
2602 16 16 6
2603 33 33 7
2604 30 30 10
2605 21 20 6
2606 37 37 7
2607 28 28 10
2608 25 24 6
2609 25 25 9
2610 32 31 11
2611 38 38 6
2612 33 33 7
2613 20 20 6
2614 31 31 7
2615 42 42 10
2616 35 34 10
2617 33 32 6
2618 25 25 7
2619 46 46 10
2620 31 30 6
2621 49 49 9
2622 40 39 9
2623 24 23 7
2624 22 22 6
2625 23 23 7
2626 42 42 10
2627 33 32 10
2628 25 24 6
2629 31 31 7
2630 28 28 10
2631 27 26 6
2632 29 29 7
2633 44 44 10
2634 39 39 9
2635 24 23 7
2636 38 38 10
2637 29 28 6
2638 35 35 7
2639 22 22 6
2640 37 37 11
2641 24 24 6
2642 25 25 9
2643 42 41 7
2644 38 38 6
2645 37 37 7
2646 40 40 10
2647 49 48 10
2648 41 41 9
2649 52 51 11
2650 46 46 6
2651 33 33 7
2652 30 30 6
2653 47 47 9
2654 30 29 7
2655 42 42 12
2656 47 47 7
2657 26 26 6
2658 25 25 11
2659 52 52 6
2660 63 63 11
2661 48 48 10
2662 51 50 6
2663 37 37 9
2664 30 29 9
2665 44 43 9
2666 54 53 7
2667 46 46 10
2668 31 30 6
2669 39 39 9
2670 48 47 7
2671 48 48 10
2672 31 30 6
2673 33 33 7
2674 38 38 6
2675 31 31 7
2676 34 34 6
2677 35 35 9
2678 28 27 7
2679 38 38 10
2680 29 29 7
2681 36 36 6
2682 41 41 7
2683 40 40 6
2684 35 35 9
2685 54 53 9
2686 46 45 7
2687 36 36 10
2688 51 51 9
2689 50 49 7
2690 48 48 10
2691 37 36 10
2692 37 36 10
2693 49 48 6
2694 57 57 11
2695 38 37 7
2696 28 28 6
2697 45 45 9
2698 40 39 7
2699 44 44 12
2700 51 50 12
2701 43 43 7
2702 32 32 10
2703 51 51 11
2704 48 48 12
2705 57 57 11
2706 46 45 9
2707 40 39 7
2708 42 42 10
2709 25 24 6
2710 73 73 13
2711 46 45 9
2712 50 49 11
2713 36 35 7
2714 48 48 14
2715 53 53 7
2716 32 32 10
2717 75 75 11
2718 46 45 11
2719 50 49 17
2720 50 49 17
2721 32 32 6
2722 25 25 9
2723 30 29 9
2724 66 65 15
2725 48 47 15
2726 36 36 10
2727 29 28 6
2728 45 45 7
2729 40 40 12
2730 41 40 10
2731 33 32 10
2732 41 40 10
2733 41 40 12
2734 43 43 11
2735 42 41 9
2736 44 43 11
2737 50 50 14
2738 49 48 14
2739 33 32 6
2740 35 35 11
2741 50 50 14
2742 51 51 13
2743 30 30 6
2744 39 39 13
2745 40 39 9
2746 54 53 13
2747 32 32 12
2748 55 55 11
2749 42 41 7
2750 36 36 14
2751 45 45 9
2752 36 35 13
2753 42 41 9
2754 38 37 13
2755 22 22 6
2756 45 45 9
2757 32 31 11
2758 42 42 14
2759 39 38 10
2760 29 28 6
2761 45 45 9
2762 38 37 9
2763 32 31 7
2764 18 18 10
2765 35 34 10
2766 37 36 10
2767 55 54 10
2768 33 32 10
2769 27 27 9
2770 12 11 7
2771 24 24 6
2772 27 27 7
2773 18 18 6
2774 25 25 7
2775 42 42 10
2776 19 18 6
2777 21 21 7
2778 18 18 6
2779 33 33 11
2780 36 36 12
2781 25 24 6
2782 23 23 7
2783 24 24 6
2784 35 35 7
2785 20 20 6
2786 21 21 7
2787 18 18 6
2788 25 25 7
2789 32 32 10
2790 21 21 7
2791 16 16 6
2792 25 25 7
2793 22 22 6
2794 35 35 7
2795 26 26 10
2796 19 19 7
2797 22 22 6
2798 29 29 11
2799 36 36 10
2800 51 50 10
2801 19 18 6
2802 17 17 7
2803 26 26 6
2804 19 19 7
2805 26 26 10
2806 29 28 6
2807 29 29 9
2808 28 27 11
2809 30 30 10
2810 35 34 6
2811 31 31 7
2812 24 24 6
2813 23 23 7
2814 6 6 6
2815 17 17 7
2816 32 32 10
2817 21 21 7
2818 14 14 6
2819 29 29 9
2820 24 23 9
2821 26 25 7
2822 26 26 6
2823 43 43 7
2824 34 34 10
2825 29 28 10
2826 33 32 6
2827 39 39 9
2828 22 21 11
2829 24 24 6
2830 35 35 11
2831 32 32 12
2832 29 29 7
2833 30 30 10
2834 35 34 10
2835 29 28 10
2836 25 25 11
2837 28 28 12
2838 15 14 6
2839 25 25 7
2840 30 30 12
2841 19 18 6
2842 39 39 9
2843 20 19 7
2844 30 30 10
2845 13 13 7
2846 30 30 6
2847 15 15 7
2848 32 32 10
2849 27 27 7
2850 24 24 10
2851 25 24 6
2852 25 25 11
2853 38 38 10
2854 23 23 7
2855 32 32 10
2856 27 26 6
2857 31 31 9
2858 16 15 7
2859 24 24 10
2860 19 18 6
2861 15 15 7
2862 22 22 6
2863 23 23 9
2864 34 33 11
2865 12 12 6
2866 13 13 7
2867 24 24 6
2868 15 15 7
2869 14 14 6
2870 25 25 11
2871 18 18 10
2872 25 24 6
2873 19 19 9
2874 26 25 9
2875 28 27 9
2876 24 23 7
2877 16 16 6
2878 15 15 7
2879 16 16 6
2880 19 19 9
2881 16 15 7
2882 30 30 10
2883 17 16 6
2884 21 21 7
2885 16 16 6
2886 19 19 7
2887 20 20 10
2888 23 22 10
2889 25 24 10
2890 17 17 7
2891 18 18 6
2892 37 37 11
2893 24 23 7
2894 22 22 6
2895 21 21 9
2896 14 13 7
2897 34 34 10
2898 23 22 6
2899 27 27 7
2900 26 26 10
2901 21 20 6
2902 25 25 9
2903 20 19 7
2904 20 20 10
2905 31 30 10
2906 33 32 6
2907 29 29 7
2908 28 28 10
2909 13 13 7
2910 14 14 6
2911 17 17 9
2912 20 19 7
2913 12 12 6
2914 23 23 9
2915 20 19 9
2916 26 25 7
2917 12 12 6
2918 21 21 11
2919 14 14 6
2920 21 21 7
2921 18 18 10
2922 41 41 9
2923 32 31 7
2924 18 18 10
2925 15 14 6
2926 15 15 7
2927 14 14 6
2928 15 15 9
2929 20 19 7
2930 26 26 6
2931 25 25 9
2932 28 27 7
2933 16 16 6
2934 13 13 7
2935 20 20 6
2936 23 23 7
2937 30 30 6
2938 23 23 9
2939 12 11 7
2940 30 30 10
2941 15 14 6
2942 11 11 7
2943 14 14 6
2944 13 13 7
2945 20 20 10
2946 25 24 6
2947 31 31 7
2948 18 18 6
2949 21 21 9
2950 18 17 7
2951 32 32 10
2952 15 14 6
2953 27 27 11
2954 14 14 6
2955 27 27 9
2956 18 17 7
2957 32 32 10
2958 27 26 10
2959 13 12 6
2960 23 23 7
2961 32 32 6
2962 19 19 7
2963 12 12 6
2964 27 27 7
2965 14 14 6
2966 23 23 11
2967 20 19 7
2968 20 20 6
2969 17 17 7
2970 18 18 6
2971 23 23 9
2972 26 25 9
2973 20 19 9
2974 28 27 9
2975 38 37 11
2976 18 18 6
2977 29 29 7
2978 30 30 10
2979 29 28 6
2980 21 21 7
2981 18 18 6
2982 27 27 7
2983 12 12 6
2984 21 21 7
2985 32 32 6
2986 27 27 7
2987 22 22 6
2988 23 23 7
2989 6 6 6
2990 15 15 7
2991 22 22 6
2992 29 29 7
2993 34 34 10
2994 17 16 6
2995 19 19 7
2996 46 46 10
2997 23 22 6
2998 15 15 7
2999 26 26 6
3000 27 27 7
3001 20 20 6
3002 25 25 7
3003 32 32 6
3004 25 25 7
3005 16 16 6
3006 31 31 7
3007 34 34 6
3008 41 41 7
3009 24 24 10
3010 21 20 6
3011 39 39 7
3012 26 26 6
3013 55 55 9
3014 48 47 9
3015 42 41 11
3016 14 13 7
3017 22 22 6
3018 19 19 9
3019 52 51 11
3020 28 28 6
3021 53 53 9
3022 30 29 7
3023 42 42 12
3024 17 16 6
3025 29 29 7
3026 38 38 6
3027 53 53 9
3028 42 41 11
3029 48 48 10
3030 31 30 10
3031 43 42 12
3032 33 32 6
3033 25 25 9
3034 62 61 11
3035 54 54 10
3036 45 45 11
3037 50 50 12
3038 27 26 10
3039 19 18 6
3040 29 29 7
3041 30 30 10
3042 47 46 10
3043 55 54 12
3044 29 28 10
3045 39 38 10
3046 35 34 12
3047 59 58 12
3048 33 33 7
3049 36 36 12
3050 43 42 6
3051 33 33 7
3052 30 30 6
3053 33 33 11
3054 54 53 15
3055 42 42 10
3056 55 55 9
3057 48 47 11
3058 36 36 14
3059 39 39 7
3060 48 48 12
3061 63 62 22
3062 59 59 11
3063 30 30 6
3064 31 31 7
3065 42 42 10
3066 45 44 12
3067 37 36 10
3068 33 32 12
3069 45 44 18
3070 23 23 9
3071 36 35 11
3072 36 35 13
3073 38 38 12
3074 53 52 14
3075 53 52 14
3076 25 24 10
3077 41 41 13
3078 60 60 20
3079 49 48 18
3080 39 39 13
3081 38 38 16
3082 57 56 22
3083 53 52 14
3084 41 41 13
3085 36 36 16
3086 35 34 10
3087 37 36 12
3088 43 43 13
3089 44 43 19
3090 30 30 12
3091 41 41 15
3092 36 35 13
3093 54 54 24
3094 39 38 10
3095 47 47 23
3096 40 40 14
3097 27 26 10
3098 33 32 10
3099 21 21 9
3100 30 29 11
3101 56 56 22
3102 31 30 12
3103 33 32 10
3104 45 44 12
3105 37 36 12
3106 51 51 13
3107 38 38 12
3108 41 41 15
3109 34 33 15
3110 42 42 12
3111 31 31 11
3112 44 44 16
3113 29 28 12
3114 41 40 16
3115 41 41 19
3116 28 27 11
3117 30 29 11
3118 34 33 13
3119 32 32 12
3120 39 39 11
3121 28 27 11
3122 36 36 16
3123 33 32 12
3124 31 30 10
3125 31 30 10
3126 19 19 9
3127 24 23 7
3128 36 36 12
3129 31 31 9
3130 32 31 13
3131 24 24 6
3132 33 33 9
3133 32 31 9
3134 40 39 11
3135 44 43 13
3136 16 16 6
3137 23 23 7
3138 34 34 10
3139 23 22 10
3140 31 31 11
3141 28 27 11
3142 30 30 14
3143 31 30 14
3144 11 11 7
3145 18 18 10
3146 25 24 10
3147 29 29 11
3148 22 22 12
3149 21 20 12
3150 21 21 7
3151 18 18 6
3152 27 27 9
3153 32 31 7
3154 24 24 6
3155 25 25 9
3156 18 17 7
3157 12 12 6
3158 17 17 7
3159 12 12 6
3160 39 39 11
3161 22 22 10
3162 19 19 7
3163 26 26 10
3164 15 15 9
3165 18 17 7
3166 32 32 14
3167 19 18 6
3168 41 41 13
3169 20 20 6
3170 23 23 7
3171 22 22 10
3172 29 29 9
3173 20 19 7
3174 18 18 6
3175 25 25 9
3176 18 17 9
3177 22 21 9
3178 26 25 7
3179 12 12 6
3180 29 29 7
3181 18 18 10
3182 21 21 7
3183 20 20 6
3184 27 27 7
3185 20 20 6
3186 35 35 9
3187 18 17 7
3188 26 26 10
3189 27 26 10
3190 17 17 7
3191 18 18 6
3192 35 35 9
3193 28 27 7
3194 20 20 6
3195 29 29 9
3196 30 29 11
3197 22 22 10
3198 35 34 10
3199 21 20 6
3200 27 27 11
3201 30 30 6
3202 23 23 9
3203 22 21 9
3204 24 23 9
3205 18 17 9
3206 32 31 11
3207 16 16 6
3208 37 37 11
3209 28 28 6
3210 29 29 15
3211 24 24 10
3212 17 16 6
3213 13 13 7
3214 24 24 6
3215 25 25 9
3216 34 33 7
3217 18 18 6
3218 23 23 7
3219 18 18 6
3220 15 15 7
3221 12 12 6
3222 21 21 9
3223 18 17 7
3224 28 28 10
3225 11 10 6
3226 17 17 7
3227 32 32 10
3228 15 14 6
3229 27 27 9
3230 14 13 7
3231 6 6 6
3232 19 19 7
3233 26 26 10
3234 25 24 6
3235 13 13 7
3236 34 34 6
3237 29 29 11
3238 12 12 6
3239 17 17 9
3240 22 21 9
3241 20 19 7
3242 16 16 6
3243 23 23 9
3244 20 19 9
3245 20 19 9
3246 14 13 7
3247 20 20 6
3248 23 23 9
3249 16 15 7
3250 34 34 10
3251 23 22 10
3252 17 17 7
3253 10 10 6
3254 19 19 7
3255 14 14 6
3256 13 13 7
3257 32 32 6
3258 29 29 11
3259 32 32 10
3260 25 24 6
3261 19 19 7
3262 22 22 10
3263 35 34 10
3264 27 26 6
3265 15 15 7
3266 30 30 10
3267 23 23 7
3268 24 24 6
3269 11 11 7
3270 24 24 10
3271 21 20 6
3272 21 21 7
3273 22 22 6
3274 33 33 11
3275 32 32 10
3276 33 32 6
3277 27 27 11
3278 28 28 10
3279 31 31 9
3280 20 19 9
3281 40 39 9
3282 32 31 7
3283 24 24 10
3284 25 24 6
3285 21 21 11
3286 34 34 10
3287 21 20 10
3288 31 30 6
3289 43 43 9
3290 34 33 7
3291 44 44 12
3292 35 34 10
3293 37 36 10
3294 33 32 6
3295 45 45 11
3296 36 36 6
3297 39 39 7
3298 20 20 6
3299 45 45 11
3300 22 22 10
3301 41 40 10
3302 33 33 9
3303 42 41 11
3304 38 38 10
3305 39 38 10
3306 19 18 6
3307 25 25 9
3308 30 29 7
3309 32 32 6
3310 51 51 11
3311 34 34 10
3312 33 32 10
3313 43 42 10
3314 23 22 10
3315 31 31 7
3316 30 30 6
3317 27 27 9
3318 28 27 9
3319 34 33 9
3320 26 25 9
3321 18 17 7
3322 26 26 6
3323 13 13 7
3324 20 20 10
3325 33 32 10
3326 27 26 10
3327 17 17 7
3328 30 30 6
3329 15 15 7
3330 26 26 10
3331 23 22 12
3332 23 23 7
3333 22 22 6
3334 7 7 7
3335 28 28 6
3336 13 13 7
3337 18 18 6
3338 17 17 9
3339 24 23 7
3340 18 18 6
3341 17 17 7
3342 20 20 10
3343 27 26 10
3344 23 22 6
3345 27 27 9
3346 20 19 7
3347 26 26 10
3348 23 22 6
3349 27 27 9
3350 12 11 7
3351 18 18 6
3352 17 17 7
3353 26 26 10
3354 17 16 6
3355 27 27 9
3356 16 15 7
3357 20 20 10
3358 25 24 10
3359 19 19 7
3360 26 26 6
3361 19 19 7
3362 16 16 6
3363 17 17 7
3364 10 10 6
3365 15 15 7
3366 24 24 6
3367 21 21 7
3368 30 30 10
3369 15 14 6
3370 15 15 7
3371 18 18 10
3372 21 20 6
3373 21 21 7
3374 22 22 6
3375 25 25 9
3376 14 13 7
3377 24 24 6
3378 21 21 7
3379 14 14 6
3380 17 17 7
3381 20 20 6
3382 21 21 7
3383 20 20 10
3384 21 20 6
3385 17 17 7
3386 10 10 6
3387 19 19 7
3388 36 36 10
3389 35 34 10
3390 19 18 6
3391 11 11 7
3392 22 22 6
3393 17 17 7
3394 20 20 6
3395 31 31 9
3396 18 17 7
3397 20 20 10
3398 13 12 6
3399 13 13 7
3400 16 16 10
3401 15 14 6
3402 23 23 7
3403 30 30 10
3404 29 28 10
3405 17 16 6
3406 19 19 7
3407 16 16 6
3408 19 19 7
3409 28 28 6
3410 29 29 9
3411 22 21 7
3412 20 20 10
3413 11 10 6
3414 15 15 7
3415 18 18 6
3416 23 23 9
3417 18 17 7
3418 30 30 10
3419 13 12 6
3420 21 21 9
3421 14 13 7
3422 18 18 6
3423 23 23 11
3424 20 20 6
3425 21 21 7
3426 24 24 10
3427 23 23 7
3428 14 14 6
3429 15 15 7
3430 26 26 6
3431 27 27 11
3432 14 14 6
3433 17 17 7
3434 18 18 10
3435 31 30 10
3436 31 31 9
3437 40 39 7
3438 36 36 10
3439 21 20 6
3440 11 11 7
3441 14 14 6
3442 37 37 9
3443 30 29 9
3444 18 17 7
3445 16 16 6
3446 15 15 7
3447 14 14 6
3448 19 19 9
3449 50 49 9
3450 54 53 9
3451 40 39 11
3452 12 12 6
3453 21 21 7
3454 20 20 6
3455 21 21 7
3456 42 42 10
3457 25 24 6
3458 35 35 9
3459 26 25 7
3460 20 20 10
3461 11 10 6
3462 35 35 11
3463 38 38 6
3464 37 37 9
3465 38 37 7
3466 24 24 6
3467 29 29 9
3468 20 19 7
3469 40 40 14
3470 45 44 10
3471 45 44 10
3472 37 37 7
3473 18 18 10
3474 23 22 10
3475 25 24 12
3476 35 34 10
3477 43 43 11
3478 24 23 7
3479 22 22 10
3480 31 31 13
3481 40 39 9
3482 40 39 11
3483 38 38 12
3484 17 17 7
3485 32 32 10
3486 21 20 10
3487 21 20 10
3488 25 24 10
3489 21 20 10
3490 29 28 10
3491 23 22 10
3492 25 25 7
3493 6 6 6
3494 19 19 7
3495 20 20 10
3496 23 22 6
3497 25 25 9
3498 24 23 7
3499 22 22 6
3500 27 27 11
3501 12 12 6
3502 25 25 9
3503 18 17 7
3504 12 12 6
3505 23 23 9
3506 20 19 7
3507 38 38 10
3508 31 30 10
3509 23 23 7
3510 18 18 10
3511 13 13 7
3512 16 16 6
3513 23 23 9
3514 18 17 7
3515 16 16 6
3516 19 19 7
3517 22 22 10
3518 27 26 10
3519 15 14 6
3520 19 19 9
3521 16 15 7
3522 18 18 6
3523 21 21 9
3524 16 15 9
3525 12 11 7
3526 12 12 6
3527 13 13 7
3528 14 14 6
3529 15 15 7
3530 24 24 10
3531 23 22 6
3532 11 11 7
3533 18 18 10
3534 19 19 7
3535 20 20 6
3536 17 17 9
3537 14 13 7
3538 10 10 6
3539 21 21 7
3540 20 20 10
3541 25 25 9
3542 14 13 7
3543 24 24 10
3544 17 16 6
3545 11 11 7
3546 18 18 6
3547 11 11 7
3548 6 6 6
3549 15 15 7
3550 22 22 6
3551 21 21 11
3552 22 22 6
3553 19 19 11
3554 16 15 7
3555 14 14 6
3556 17 17 7
3557 12 12 6
3558 11 11 7
3559 28 28 10
3560 29 28 10
3561 15 14 6
3562 11 11 7
3563 16 16 6
3564 21 21 9
3565 22 21 7
3566 22 22 6
3567 19 19 9
3568 20 19 9
3569 12 11 7
3570 10 10 6
3571 21 21 9
3572 22 21 7
3573 14 14 6
3574 21 21 11
3575 14 14 6
3576 21 21 9
3577 16 15 7
3578 16 16 10
3579 17 16 6
3580 15 15 7
3581 26 26 10
3582 41 40 10
3583 19 18 6
3584 15 15 9
3585 14 13 7
3586 18 18 10
3587 17 16 6
3588 23 23 9
3589 36 35 11
3590 22 22 6
3591 17 17 7
3592 16 16 10
3593 23 22 10
3594 11 10 6
3595 13 13 7
3596 24 24 6
3597 27 27 11
3598 36 36 10
3599 19 18 6
3600 25 25 9
3601 20 19 9
3602 28 27 9
3603 30 29 7
3604 28 28 6
3605 25 25 7
3606 22 22 10
3607 25 24 10
3608 21 20 6
3609 17 17 9
3610 16 15 9
3611 18 17 9
3612 20 19 7
3613 26 26 10
3614 13 12 6
3615 17 17 9
3616 16 15 7
3617 14 14 6
3618 25 25 7
3619 28 28 10
3620 25 24 6
3621 29 29 7
3622 14 14 6
3623 19 19 11
3624 20 20 6
3625 11 11 7
3626 12 12 6
3627 19 19 9
3628 26 25 11
3629 20 20 10
3630 19 18 6
3631 15 15 7
3632 18 18 10
3633 19 18 10
3634 25 24 6
3635 29 29 7
3636 28 28 10
3637 23 22 6
3638 17 17 7
3639 12 12 6
3640 11 11 7
3641 24 24 6
3642 11 11 7
3643 10 10 6
3644 29 29 9
3645 12 11 7
3646 18 18 6
3647 15 15 7
3648 14 14 6
3649 17 17 11
3650 18 18 6
3651 15 15 7
3652 40 40 10
3653 29 29 7
3654 12 12 6
3655 15 15 7
3656 12 12 6
3657 17 17 7
3658 26 26 10
3659 17 16 6
3660 21 21 7
3661 14 14 6
3662 15 15 9
3663 16 15 7
3664 6 6 6
3665 19 19 7
3666 30 30 6
3667 19 19 7
3668 28 28 6
3669 17 17 7
3670 14 14 6
3671 11 11 7
3672 26 26 10
3673 27 26 6
3674 31 31 11
3675 20 20 10
3676 19 18 10
3677 19 18 6
3678 13 13 7
3679 16 16 6
3680 19 19 7
3681 14 14 6
3682 25 25 7
3683 24 24 10
3684 29 28 10
3685 15 14 6
3686 17 17 7
3687 34 34 6
3688 23 23 9
3689 30 29 9
3690 14 13 7
3691 18 18 6
3692 23 23 9
3693 20 19 9
3694 24 23 7
3695 18 18 6
3696 19 19 9
3697 18 17 7
3698 24 24 10
3699 19 18 6
3700 27 27 9
3701 22 21 9
3702 16 15 7
3703 42 42 10
3704 35 34 10
3705 45 45 11
3706 36 36 6
3707 15 15 7
3708 20 20 6
3709 23 23 7
3710 50 50 10
3711 41 40 6
3712 33 33 9
3713 34 33 9
3714 24 23 7
3715 54 54 10
3716 43 43 7
3717 44 44 10
3718 37 37 7
3719 36 36 10
3720 35 34 10
3721 31 30 6
3722 57 57 11
3723 40 40 10
3724 57 57 7
3725 54 54 10
3726 33 32 10
3727 41 41 9
3728 56 55 7
3729 46 46 12
3730 47 46 10
3731 51 50 6
3732 47 47 15
3733 42 41 11
3734 46 45 15
3735 42 42 6
3736 41 41 9
3737 48 47 9
3738 36 35 11
3739 48 48 6
3740 35 35 9
3741 50 49 9
3742 58 57 11
3743 42 42 6
3744 31 31 7
3745 32 32 10
3746 39 39 7
3747 56 56 10
3748 29 28 6
3749 21 21 9
3750 36 35 9
3751 22 21 7
3752 22 22 10
3753 37 37 11
3754 44 44 10
3755 37 36 10
3756 29 29 11
3757 36 35 7
3758 28 28 12
3759 31 30 16
3760 33 32 10
3761 25 24 6
3762 27 27 11
3763 36 36 16
3764 41 41 13
3765 26 25 7
3766 16 16 6
3767 19 19 11
3768 44 44 18
3769 55 54 20
3770 37 37 13
3771 28 27 9
3772 28 27 15
3773 20 19 7
3774 18 18 6
3775 37 37 13
3776 20 20 6
3777 15 15 7
3778 32 32 10
3779 19 18 6
3780 23 23 7
3781 18 18 6
3782 31 31 13
3783 24 24 12
3784 33 33 19
3785 20 19 7
3786 22 22 6
3787 19 19 9
3788 28 27 9
3789 32 31 11
3790 34 33 11
3791 32 31 11
3792 24 23 9
3793 16 15 7
3794 26 26 10
3795 19 18 6
3796 25 25 9
3797 22 21 7
3798 16 16 6
3799 23 23 7
3800 16 16 6
3801 21 21 9
3802 20 19 9
3803 34 33 9
3804 26 25 9
3805 38 37 13
3806 34 34 14
3807 23 22 10
3808 37 36 10
3809 27 27 9
3810 32 31 15
3811 28 27 9
3812 24 23 11
3813 34 34 12
3814 29 28 10
3815 15 15 9
3816 34 33 17
3817 36 35 9
3818 30 29 7
3819 32 32 10
3820 29 28 6
3821 23 23 9
3822 36 35 11
3823 38 38 12
3824 33 32 10
3825 29 29 7
3826 26 26 6
3827 21 21 7
3828 34 34 10
3829 31 30 10
3830 19 19 9
3831 36 35 11
3832 30 30 6
3833 41 41 9
3834 36 35 7
3835 24 24 10
3836 19 18 6
3837 29 29 7
3838 28 28 10
3839 41 40 10
3840 25 25 7
3841 44 44 14
3842 39 38 10
3843 37 36 10
3844 39 38 12
3845 19 19 7
3846 34 34 10
3847 21 20 6
3848 33 33 11
3849 48 48 18
3850 31 30 10
3851 39 38 14
3852 17 16 6
3853 11 11 7
3854 32 32 10
3855 33 32 10
3856 47 46 16
3857 27 27 9
3858 28 27 11
3859 24 24 10
3860 19 19 7
3861 20 20 10
3862 33 32 10
3863 27 27 13
3864 32 32 10
3865 23 22 10
3866 21 20 10
3867 17 16 10
3868 23 23 7
3869 22 22 6
3870 25 25 9
3871 30 29 9
3872 30 29 9
3873 36 35 7
3874 22 22 6
3875 23 23 7
3876 26 26 10
3877 23 22 6
3878 37 37 11
3879 30 30 10
3880 11 10 6
3881 15 15 7
3882 18 18 6
3883 19 19 7
3884 16 16 10
3885 27 26 10
3886 33 32 10
3887 19 19 7
3888 14 14 10
3889 31 30 10
3890 19 18 6
3891 21 21 7
3892 26 26 10
3893 15 14 6
3894 17 17 7
3895 20 20 10
3896 21 20 6
3897 21 21 7
3898 20 20 10
3899 21 20 6
3900 15 15 7
3901 20 20 6
3902 23 23 9
3903 24 23 7
3904 18 18 10
3905 21 20 10
3906 27 26 10
3907 23 23 11
3908 26 26 6
3909 15 15 7
3910 16 16 10
3911 25 24 10
3912 7 6 5
3913 19 19 7
3914 34 34 6
3915 25 25 9
3916 24 23 7
3917 26 26 10
3918 19 18 6
3919 17 17 7
3920 22 22 10
3921 27 26 6
3922 29 29 9
3923 16 15 7
3924 30 30 6
3925 11 11 7
3926 20 20 10
3927 25 24 6
3928 23 23 7
3929 18 18 10
3930 13 12 6
3931 17 17 9
3932 22 21 7
3933 22 22 10
3934 27 26 10
3935 27 26 10
3936 31 30 10
3937 21 20 6
3938 19 19 9
3939 14 13 7
3940 24 24 10
3941 17 17 7
3942 16 16 6
3943 25 25 9
3944 26 25 7
3945 14 14 6
3946 29 29 11
3947 26 26 10
3948 27 26 10
3949 23 22 6
3950 27 27 9
3951 16 15 7
3952 32 32 10
3953 29 28 6
3954 25 25 9
3955 18 17 7
3956 20 20 10
3957 17 16 6
3958 21 21 9
3959 18 17 7
3960 12 12 6
3961 17 17 7
3962 20 20 10
3963 17 17 7
3964 14 14 10
3965 23 22 10
3966 21 20 6
3967 11 11 7
3968 14 14 6
3969 13 13 7
3970 22 22 10
3971 19 19 7
3972 32 32 10
3973 13 13 7
3974 22 22 10
3975 23 22 6
3976 19 19 7
3977 12 12 6
3978 17 17 7
3979 34 34 10
3980 15 15 9
3981 18 17 9
3982 22 21 9
3983 22 21 7
3984 20 20 6
3985 29 29 11
3986 24 24 6
3987 17 17 7
3988 14 14 6
3989 17 17 7
3990 20 20 10
3991 21 20 10
3992 21 20 10
3993 15 14 6
3994 15 15 9
3995 16 15 7
3996 10 10 6
3997 13 13 7
3998 12 12 6
3999 15 15 7
4000 30 30 10
4001 21 20 6
4002 27 27 9
4003 18 17 7
4004 26 26 10
4005 15 14 6
4006 17 17 7
4007 18 18 6
4008 19 19 7
4009 30 30 10
4010 21 20 10
4011 15 14 6
4012 21 21 7
4013 14 14 6
4014 11 11 7
4015 16 16 10
4016 11 10 6
4017 23 23 9
4018 20 19 9
4019 14 13 7
4020 16 16 10
4021 13 12 6
4022 15 15 9
4023 36 35 9
4024 20 19 9
4025 28 27 7
4026 18 18 10
4027 7 6 5
4028 15 15 7
4029 14 14 6
4030 11 11 7
4031 24 24 6
4032 11 11 7
4033 10 10 6
4034 19 19 9
4035 8 7 6
4036 6 6 6
4037 13 13 7
4038 10 10 6
4039 15 15 7
4040 22 22 10
4041 11 10 6
4042 15 15 7
4043 18 18 6
4044 17 17 9
4045 20 19 7
4046 16 16 6
4047 17 17 7
4048 18 18 10
4049 13 12 6
4050 17 17 7
4051 14 14 6
4052 11 11 7
4053 12 12 6
4054 21 21 9
4055 18 17 9
4056 22 21 9
4057 16 15 7
4058 14 14 6
4059 13 13 7
4060 14 14 6
4061 13 13 7
4062 20 20 6
4063 15 15 7
4064 10 10 6
4065 19 19 7
4066 10 10 6
4067 17 17 9
4068 14 13 7
4069 22 22 6
4070 23 23 11
4071 14 14 6
4072 17 17 7
4073 10 10 6
4074 31 31 11
4075 26 26 6
4076 21 21 7
4077 22 22 6
4078 17 17 7
4079 16 16 10
4080 17 16 6
4081 19 19 11
4082 12 12 6
4083 23 23 7
4084 14 14 6
4085 29 29 9
4086 28 27 9
4087 24 23 9
4088 12 11 7
4089 18 18 6
4090 15 15 7
4091 26 26 10
4092 39 38 6
4093 27 27 7
4094 28 28 6
4095 17 17 9
4096 18 17 7
4097 14 14 6
4098 27 27 7
4099 50 50 10
4100 61 60 10
4101 37 36 10
4102 21 20 6
4103 17 17 7
4104 22 22 6
4105 25 25 7
4106 34 34 10
4107 49 49 9
4108 48 47 9
4109 34 33 9
4110 16 15 7
4111 14 14 6
4112 19 19 7
4113 28 28 6
4114 41 41 9
4115 48 47 7
4116 40 40 10
4117 23 22 6
4118 13 13 7
4119 26 26 10
4120 45 44 6
4121 75 75 9
4122 64 63 9
4123 30 29 7
4124 22 22 6
4125 25 25 7
4126 30 30 10
4127 31 30 10
4128 29 28 6
4129 33 33 7
4130 38 38 10
4131 23 22 6
4132 27 27 9
4133 26 25 7
4134 36 36 10
4135 23 22 6
4136 39 39 9
4137 38 37 7
4138 34 34 10
4139 23 22 6
4140 33 33 7
4141 26 26 6
4142 29 29 7
4143 18 18 6
4144 25 25 7
4145 24 24 6
4146 25 25 11
4147 18 18 6
4148 23 23 9
4149 24 23 7
4150 18 18 6
4151 41 41 9
4152 34 33 7
4153 28 28 6
4154 21 21 9
4155 42 41 9
4156 26 25 9
4157 34 33 9
4158 44 43 9
4159 14 13 7
4160 22 22 6
4161 29 29 9
4162 26 25 7
4163 28 28 10
4164 41 40 12
4165 27 26 6
4166 27 27 9
4167 40 39 9
4168 34 33 11
4169 16 16 10
4170 33 32 10
4171 33 32 6
4172 27 27 7
4173 18 18 6
4174 23 23 7
4175 30 30 10
4176 25 25 7
4177 30 30 10
4178 29 28 10
4179 35 34 14
4180 31 30 16
4181 17 16 6
4182 29 29 15
4183 30 29 11
4184 40 40 14
4185 29 28 12
4186 31 31 7
4187 36 36 12
4188 25 24 10
4189 33 32 10
4190 29 28 6
4191 19 19 7
4192 28 28 10
4193 23 23 11
4194 30 30 12
4195 21 20 10
4196 17 16 6
4197 11 11 7
4198 28 28 6
4199 11 11 7
4200 24 24 10
4201 37 36 18
4202 25 24 12
4203 41 41 15
4204 30 29 11
4205 24 23 7
4206 18 18 10
4207 27 26 12
4208 25 24 6
4209 23 23 7
4210 20 20 6
4211 23 23 9
4212 30 29 9
4213 30 29 7
4214 18 18 10
4215 21 20 10
4216 19 19 7
4217 28 28 10
4218 55 55 15
4219 32 32 14
4220 25 25 7
4221 18 18 10
4222 19 18 6
4223 19 19 7
4224 26 26 10
4225 19 18 6
4226 29 29 9
4227 22 21 9
4228 28 27 11
4229 18 18 6
4230 13 13 7
4231 34 34 14
4232 21 20 10
4233 23 23 9
4234 22 21 9
4235 16 15 7
4236 22 22 10
4237 21 20 10
4238 21 20 10
4239 33 32 10
4240 27 26 12
4241 19 18 6
4242 25 25 9
4243 12 11 7
4244 14 14 6
4245 21 21 7
4246 20 20 6
4247 35 35 11
4248 16 15 7
4249 10 10 6
4250 21 21 9
4251 24 23 7
4252 30 30 12
4253 25 25 7
4254 22 22 6
4255 29 29 7
4256 22 22 10
4257 25 24 10
4258 19 18 6
4259 33 33 11
4260 40 40 10
4261 19 19 9
4262 30 29 11
4263 22 22 6
4264 25 25 7
4265 22 22 6
4266 27 27 7
4267 24 24 10
4268 39 38 12
4269 21 20 10
4270 13 12 6
4271 29 29 11
4272 14 14 6
4273 25 25 9
4274 24 23 9
4275 30 29 7
4276 30 30 12
4277 23 22 10
4278 23 22 6
4279 21 21 11
4280 36 35 9
4281 22 21 9
4282 36 35 7
4283 32 32 14
4284 37 36 10
4285 17 17 7
4286 24 24 10
4287 27 27 9
4288 26 25 9
4289 34 33 9
4290 22 21 9
4291 30 29 9
4292 36 35 13
4293 16 15 7
4294 18 18 10
4295 19 18 6
4296 21 21 7
4297 18 18 6
4298 29 29 11
4299 18 18 6
4300 19 19 7
4301 34 34 10
4302 27 27 11
4303 30 29 9
4304 30 29 11
4305 14 13 7
4306 22 22 6
4307 27 27 7
4308 46 46 10
4309 35 35 9
4310 22 21 11
4311 18 18 6
4312 11 11 7
4313 34 34 10
4314 31 30 10
4315 25 25 7
4316 14 14 6
4317 27 27 9
4318 16 15 7
4319 20 20 10
4320 13 12 6
4321 33 33 7
4322 20 20 10
4323 15 14 6
4324 21 21 7
4325 22 22 6
4326 17 17 7
4327 22 22 6
4328 27 27 9
4329 32 31 7
4330 12 12 6
4331 17 17 7
4332 12 12 6
4333 15 15 7
4334 12 12 6
4335 21 21 9
4336 24 23 7
4337 14 14 6
4338 15 15 7
4339 18 18 6
4340 17 17 7
4341 16 16 6
4342 25 25 11
4343 22 22 10
4344 27 26 10
4345 29 28 10
4346 17 16 6
4347 13 13 7
4348 12 12 6
4349 17 17 7
4350 22 22 10
4351 23 22 10
4352 17 16 6
4353 17 17 9
4354 20 19 9
4355 14 13 7
4356 10 10 6
4357 21 21 7
4358 14 14 6
4359 21 21 9
4360 24 23 7
4361 14 14 6
4362 19 19 7
4363 22 22 10
4364 19 18 10
4365 15 15 7
4366 16 16 6
4367 15 15 7
4368 20 20 10
4369 17 16 10
4370 27 26 6
4371 13 13 7
4372 18 18 6
4373 19 19 7
4374 22 22 6
4375 13 13 7
4376 20 20 10
4377 21 20 10
4378 19 18 10
4379 11 10 6
4380 23 23 9
4381 26 25 9
4382 30 29 7
4383 22 22 10
4384 21 20 10
4385 17 16 10
4386 7 6 5
4387 11 11 7
4388 22 22 6
4389 15 15 7
4390 10 10 6
4391 17 17 7
4392 28 28 10
4393 19 18 6
4394 17 17 7
4395 26 26 10
4396 23 23 7
4397 14 14 6
4398 17 17 7
4399 24 24 10
4400 15 15 7
4401 10 10 6
4402 17 17 7
4403 16 16 6
4404 23 23 9
4405 14 13 7
4406 14 14 6
4407 11 11 7
4408 12 12 6
4409 21 21 9
4410 14 13 7
4411 12 12 6
4412 29 29 9
4413 14 13 7
4414 12 12 6
4415 13 13 9
4416 28 27 9
4417 18 17 7
4418 6 6 6
4419 11 11 7
4420 20 20 10
4421 21 20 6
4422 17 17 9
4423 24 23 7
4424 16 16 6
4425 15 15 9
4426 16 15 7
4427 24 24 6
4428 21 21 7
4429 22 22 6
4430 15 15 9
4431 18 17 7
4432 20 20 6
4433 15 15 9
4434 18 17 9
4435 22 21 7
4436 14 14 6
4437 21 21 9
4438 18 17 7
4439 18 18 10
4440 25 24 6
4441 19 19 9
4442 18 17 9
4443 20 19 9
4444 28 27 7
4445 26 26 10
4446 17 16 6
4447 17 17 9
4448 18 17 7
4449 16 16 6
4450 29 29 7
4451 16 16 6
4452 33 33 11
4453 28 28 6
4454 15 15 9
4455 20 19 9
4456 16 15 7
4457 20 20 6
4458 23 23 7
4459 26 26 6
4460 27 27 7
4461 20 20 6
4462 27 27 9
4463 30 29 9
4464 38 37 7
4465 40 40 10
4466 15 14 6
4467 39 39 9
4468 44 43 9
4469 34 33 9
4470 36 35 9
4471 42 41 7
4472 44 44 10
4473 55 54 10
4474 39 38 10
4475 57 56 10
4476 49 48 10
4477 61 60 10
4478 35 35 7
4479 50 50 10
4480 47 46 10
4481 55 54 10
4482 57 57 11
4483 48 48 10
4484 53 53 11
4485 58 57 11
4486 48 47 11
4487 52 51 9
4488 26 25 7
4489 38 38 10
4490 29 29 7
4491 40 40 10
4492 27 26 6
4493 33 33 11
4494 34 33 9
4495 44 43 9
4496 36 35 11
4497 38 37 11
4498 26 26 10
4499 53 53 13
4500 36 35 7
4501 32 32 6
4502 35 35 11
4503 50 49 11
4504 46 46 12
4505 65 64 10
4506 47 46 12
4507 39 38 10
4508 45 44 6
4509 49 49 11
4510 20 20 6
4511 39 39 7
4512 44 44 10
4513 33 32 6
4514 43 43 11
4515 26 26 10
4516 31 30 10
4517 37 36 10
4518 31 31 7
4519 28 28 6
4520 27 27 7
4521 44 44 16
4522 47 46 12
4523 37 37 9
4524 32 31 9
4525 38 37 9
4526 38 37 13
4527 36 35 13
4528 36 35 11
4529 48 47 11
4530 24 24 10
4531 27 27 13
4532 38 38 10
4533 53 53 17
4534 50 49 17
4535 68 68 18
4536 41 41 15
4537 28 27 11
4538 48 48 18
4539 25 25 9
4540 42 41 13
4541 18 18 10
4542 57 56 16
4543 37 37 9
4544 32 31 13
4545 32 31 9
4546 42 41 15
4547 52 52 16
4548 47 47 17
4549 46 46 14
4550 15 15 7
4551 42 42 12
4552 39 38 10
4553 33 33 9
4554 30 29 9
4555 38 37 13
4556 42 41 11
4557 38 38 10
4558 33 32 14
4559 43 42 12
4560 35 35 11
4561 46 45 15
4562 38 38 12
4563 53 52 22
4564 43 43 19
4565 40 39 17
4566 40 39 9
4567 34 33 13
4568 36 35 9
4569 26 25 9
4570 34 33 9
4571 26 25 7
4572 20 20 10
4573 27 26 10
4574 35 35 11
4575 32 32 10
4576 47 46 12
4577 29 29 7
4578 32 32 6
4579 13 13 7
4580 32 32 10
4581 29 28 6
4582 25 25 9
4583 26 25 7
4584 32 32 10
4585 37 36 12
4586 23 22 10
4587 37 36 12
4588 43 42 14
4589 39 38 14
4590 33 33 15
4591 28 28 12
4592 15 14 6
4593 39 39 11
4594 38 38 12
4595 33 33 11
4596 26 26 10
4597 27 26 6
4598 31 31 9
4599 34 33 9
4600 42 41 13
4601 34 34 10
4602 33 32 6
4603 29 29 7
4604 36 36 10
4605 29 28 6
4606 31 31 11
4607 34 33 11
4608 28 28 6
4609 23 23 7
4610 42 42 10
4611 31 31 7
4612 14 14 6
4613 29 29 9
4614 20 19 9
4615 40 39 11
4616 34 33 9
4617 38 37 13
4618 40 39 13
4619 26 26 6
4620 43 43 11
4621 30 30 10
4622 35 34 12
4623 25 24 10
4624 41 41 11
4625 34 34 10
4626 27 26 6
4627 25 25 9
4628 32 31 9
4629 50 49 17
4630 32 31 7
4631 32 32 10
4632 41 40 12
4633 39 38 12
4634 35 35 9
4635 26 25 11
4636 28 28 10
4637 35 35 11
4638 36 36 12
4639 53 53 15
4640 28 28 6
4641 27 27 7
4642 32 32 10
4643 21 20 10
4644 35 34 10
4645 37 36 12
4646 25 24 6
4647 19 19 7
4648 24 24 10
4649 29 28 10
4650 35 34 12
4651 31 31 13
4652 22 21 7
4653 26 26 10
4654 27 26 10
4655 31 30 10
4656 29 28 6
4657 37 37 9
4658 20 19 7
4659 20 20 6
4660 21 21 7
4661 30 30 10
4662 29 28 10
4663 23 22 6
4664 37 37 9
4665 24 23 9
4666 32 31 7
4667 28 28 10
4668 21 21 7
4669 26 26 6
4670 35 35 7
4671 24 24 10
4672 31 30 10
4673 21 20 6
4674 31 31 7
4675 22 22 10
4676 19 18 6
4677 33 33 9
4678 36 35 7
4679 20 20 6
4680 15 15 7
4681 22 22 6
4682 19 19 7
4683 26 26 6
4684 39 39 7
4685 28 28 10
4686 19 19 9
4687 18 17 7
4688 16 16 6
4689 17 17 9
4690 14 13 7
4691 14 14 6
4692 25 25 7
4693 18 18 6
4694 23 23 7
4695 22 22 6
4696 25 25 7
4697 20 20 6
4698 17 17 7
4699 24 24 10
4700 37 36 6
4701 21 21 7
4702 12 12 6
4703 13 13 7
4704 24 24 10
4705 17 16 6
4706 29 29 9
4707 20 19 7
4708 20 20 10
4709 11 10 6
4710 19 19 7
4711 16 16 6
4712 27 27 11
4713 22 22 6
4714 23 23 7
4715 20 20 6
4716 21 21 7
4717 20 20 10
4718 25 24 6
4719 15 15 7
4720 24 24 10
4721 19 18 6
4722 23 23 7
4723 18 18 6
4724 11 11 7
4725 30 30 10
4726 25 24 10
4727 11 10 6
4728 27 27 7
4729 18 18 6
4730 19 19 7
4731 28 28 10
4732 27 26 6
4733 27 27 9
4734 20 19 7
4735 16 16 6
4736 21 21 9
4737 20 19 9
4738 22 21 7
4739 18 18 6
4740 17 17 7
4741 24 24 10
4742 31 31 9
4743 30 29 11
4744 20 20 6
4745 15 15 7
4746 12 12 6
4747 17 17 7
4748 24 24 6
4749 31 31 11
4750 18 18 6
4751 27 27 11
4752 18 17 7
4753 20 20 10
4754 25 24 10
4755 15 14 6
4756 13 13 7
4757 24 24 10
4758 15 14 6
4759 27 27 7
4760 16 16 6
4761 31 31 9
4762 28 27 9
4763 26 25 7
4764 10 10 6
4765 17 17 7
4766 22 22 6
4767 21 21 7
4768 28 28 10
4769 21 20 6
4770 21 21 7
4771 22 22 10
4772 13 13 7
4773 14 14 6
4774 13 13 7
4775 14 14 6
4776 25 25 7
4777 28 28 10
4778 35 34 6
4779 19 19 7
4780 24 24 6
4781 23 23 11
4782 18 18 6
4783 25 25 7
4784 32 32 6
4785 43 43 9
4786 24 23 7
4787 14 14 6
4788 17 17 7
4789 24 24 6
4790 25 25 7
4791 30 30 10
4792 29 28 10
4793 15 14 6
4794 27 27 7
4795 32 32 10
4796 17 16 6
4797 17 17 7
4798 28 28 10
4799 37 37 7
4800 36 36 10
4801 25 24 6
4802 15 15 7
4803 26 26 12
4804 33 32 6
4805 27 27 7
4806 20 20 10
4807 25 24 6
4808 37 37 11
4809 28 28 6
4810 19 19 7
4811 28 28 6
4812 25 25 7
4813 22 22 6
4814 23 23 7
4815 26 26 6
4816 29 29 7
4817 26 26 10
4818 27 27 7
4819 26 26 10
4820 23 22 6
4821 23 23 7
4822 16 16 6
4823 25 25 7
4824 24 24 6
4825 35 35 11
4826 12 12 6
4827 23 23 7
4828 22 22 10
4829 17 16 6
4830 39 39 9
4831 40 39 7
4832 50 50 6
4833 37 37 9
4834 20 19 7
4835 36 36 10
4836 39 38 10
4837 59 58 10
4838 41 40 10
4839 23 23 7
4840 42 42 12
4841 19 18 6
4842 45 45 11
4843 48 47 9
4844 44 43 13
4845 20 20 6
4846 39 39 15
4847 46 46 12
4848 51 51 15
4849 48 48 6
4850 29 29 9
4851 36 35 9
4852 34 33 7
4853 26 26 6
4854 61 61 13
4855 40 39 11
4856 44 44 10
4857 33 32 10
4858 55 55 9
4859 54 53 17
4860 38 38 12
4861 61 61 25
4862 48 47 9
4863 32 31 9
4864 40 39 9
4865 52 51 13
4866 42 42 10
4867 47 46 18
4868 33 33 11
4869 42 42 10
4870 49 48 12
4871 43 43 15
4872 20 20 6
4873 45 45 11
4874 36 36 16
4875 27 27 7
4876 40 40 16
4877 43 43 19
4878 26 25 7
4879 38 38 10
4880 23 22 10
4881 39 39 9
4882 32 31 13
4883 62 61 23
4884 20 19 7
4885 32 32 10
4886 33 32 12
4887 43 42 14
4888 43 42 12
4889 41 40 18
4890 33 32 10
4891 15 14 6
4892 35 35 11
4893 24 24 6
4894 17 17 7
4895 22 22 6
4896 31 31 9
4897 26 25 7
4898 36 36 10
4899 47 47 11
4900 52 52 14
4901 29 29 11
4902 44 44 20
4903 23 23 9
4904 32 31 11
4905 26 25 11
4906 46 46 12
4907 37 36 10
4908 25 24 6
4909 39 39 11
4910 34 34 10
4911 51 50 16
4912 47 47 21
4913 32 32 12
4914 37 36 10
4915 41 41 9
4916 36 35 7
4917 28 28 6
4918 55 55 17
4919 26 26 12
4920 51 50 16
4921 41 40 14
4922 29 29 9
4923 40 39 11
4924 22 21 11
4925 46 46 16
4926 51 50 18
4927 55 54 18
4928 27 27 7
4929 22 22 6
4930 29 29 7
4931 28 28 6
4932 41 41 11
4933 18 18 6
4934 29 29 11
4935 20 20 10
4936 29 28 10
4937 39 39 11
4938 26 26 10
4939 21 20 10
4940 27 26 10
4941 33 32 6
4942 37 37 11
4943 34 34 14
4944 23 23 9
4945 16 15 7
4946 24 24 12
4947 15 15 7
4948 38 38 14
4949 31 31 7
4950 34 34 12
4951 29 28 10
4952 25 24 10
4953 23 22 6
4954 29 29 11
4955 28 27 7
4956 26 26 12
4957 37 36 16
4958 35 34 14
4959 25 25 11
4960 22 22 10
4961 19 19 11
4962 38 38 20
4963 13 13 7
4964 26 26 6
4965 13 13 7
4966 18 18 6
4967 23 23 7
4968 24 24 10
4969 19 18 6
4970 19 19 9
4971 20 19 7
4972 22 22 10
4973 23 23 7
4974 16 16 6
4975 21 21 11
4976 22 21 9
4977 24 23 9
4978 26 25 7
4979 18 18 6
4980 29 29 9
4981 16 15 7
4982 26 26 6
4983 19 19 7
4984 18 18 6
4985 17 17 7
4986 20 20 10
4987 19 18 6
4988 25 25 7
4989 16 16 6
4990 23 23 9
4991 34 33 15
4992 18 17 7
4993 20 20 10
4994 23 22 6
4995 21 21 9
4996 34 33 7
4997 22 22 6
4998 13 13 7
4999 24 24 10
