0 14 13 5
1 15 14 4
2 10 9 5
3 17 17 7
4 13 13 5
5 11 10 6
6 6 6 6
7 31 30 6
8 20 20 6
9 6 5 4
10 12 11 5
11 11 11 5
12 13 13 5
13 11 11 5
14 17 17 5
15 11 11 5
16 13 13 5
17 13 12 6
18 12 12 6
19 10 10 6
20 10 10 4
21 10 9 5
22 15 15 5
23 15 15 7
24 7 6 5
25 15 14 4
26 10 9 5
27 15 14 6
28 26 25 5
29 21 20 6
30 10 10 6
31 16 16 6
32 16 16 4
33 12 11 5
34 17 17 5
35 15 14 4
36 34 33 5
37 23 22 6
38 18 18 4
39 20 19 5
40 19 18 4
41 40 39 5
42 25 24 4
43 24 23 5
44 13 12 4
45 24 23 5
46 21 21 5
47 19 18 6
48 10 10 4
49 18 17 5
50 21 20 4
51 22 21 5
52 13 12 6
53 22 22 4
54 18 17 5
55 13 13 5
56 9 9 5
57 25 24 4
58 18 17 5
59 31 30 6
60 20 20 4
61 14 13 5
62 25 24 6
63 24 24 4
64 18 17 5
65 19 18 4
66 12 11 5
67 19 18 4
68 18 17 5
69 13 12 4
70 18 17 5
71 25 24 6
72 26 25 7
73 17 16 6
74 30 29 11
75 19 18 6
76 16 16 4
77 16 15 5
78 21 20 6
79 14 14 4
80 18 17 5
81 13 13 5
82 19 19 5
83 19 18 6
84 12 12 4
85 12 11 5
86 15 15 5
87 17 16 6
88 12 12 6
89 20 19 9
90 13 13 7
91 15 14 4
92 16 15 5
93 11 11 5
94 25 24 4
95 10 9 5
96 19 18 6
97 24 24 8
98 18 18 6
99 26 25 11
100 21 20 6
101 10 10 4
102 16 15 5
103 7 7 7
104 18 18 8
105 14 14 4
106 14 13 5
107 25 24 8
108 10 9 5
109 21 20 8
110 16 16 8
111 16 15 5
112 13 13 7
113 21 20 10
114 10 10 4
115 14 13 5
116 17 16 6
117 14 14 4
118 10 9 5
119 11 11 5
120 9 8 4
121 18 17 5
122 13 13 5
123 17 17 5
124 21 21 9
125 25 24 6
126 6 6 6
127 15 14 6
128 10 10 4
129 18 17 5
130 11 11 5
131 25 25 7
132 19 18 6
133 20 20 6
134 8 8 4
135 10 9 5
136 13 12 6
137 22 22 10
138 6 6 6
139 19 18 6
140 12 12 4
141 12 11 5
142 13 13 5
143 23 22 4
144 10 9 5
145 31 31 9
146 11 10 6
147 12 12 6
148 10 10 4
149 22 21 7
150 13 12 6
151 14 14 6
152 22 21 7
153 17 16 6
154 12 11 5
155 15 14 6
156 12 12 4
157 16 15 9
158 23 22 8
159 12 12 6
160 14 14 6
161 8 8 4
162 14 13 7
163 11 10 4
164 16 15 7
165 15 14 4
166 20 19 5
167 17 17 7
168 13 12 6
169 16 16 6
170 14 13 5
171 17 17 7
172 5 5 5
173 14 13 7
174 13 13 5
175 11 11 5
176 31 30 8
177 12 11 5
178 19 18 6
179 8 8 4
180 20 19 5
181 9 9 5
182 23 22 6
183 14 13 5
184 17 16 6
185 8 8 4
186 12 11 5
187 15 14 8
188 14 14 6
189 10 10 6
190 14 13 5
191 13 13 7
192 13 13 7
193 11 10 6
194 10 9 5
195 13 13 5
196 17 16 4
197 14 13 5
198 13 12 6
199 12 11 7
200 19 18 6
201 10 9 5
202 23 23 7
203 15 15 5
204 13 13 5
205 11 10 4
206 10 9 5
207 11 10 4
208 16 15 5
209 11 11 7
210 23 22 8
211 6 6 6
212 21 20 8
213 20 20 6
214 16 16 6
215 14 13 5
216 23 22 6
217 14 14 6
218 14 13 5
219 13 12 4
220 26 25 7
221 11 10 4
222 16 15 5
223 21 20 4
224 18 17 5
225 13 13 5
226 9 8 4
227 28 27 5
228 13 12 4
229 14 13 7
230 19 18 8
231 16 16 6
232 18 17 7
233 11 10 4
234 14 13 5
235 15 15 5
236 15 15 7
237 13 12 4
238 14 13 7
239 9 8 4
240 16 15 7
241 19 18 6
242 18 18 6
243 10 9 5
244 17 16 6
245 6 6 6
246 11 10 6
247 12 12 8
248 12 12 6
249 6 6 6
250 17 16 6
251 6 6 6
252 7 7 7
253 18 18 6
254 10 9 5
255 11 11 7
256 19 19 7
257 13 13 5
258 11 11 5
259 15 14 8
260 8 8 4
261 20 19 9
262 9 8 4
263 16 15 7
264 13 12 6
265 10 10 6
266 6 6 6
267 13 12 8
268 10 9 5
269 13 12 6
270 6 5 4
271 10 9 5
272 13 13 9
273 11 10 6
274 16 15 7
275 11 10 6
276 10 10 4
277 18 17 7
278 11 10 6
279 12 12 6
280 14 13 7
281 13 13 5
282 7 7 7
283 10 10 6
284 10 10 6
285 14 14 8
286 6 6 6
287 13 12 8
288 6 6 6
289 11 10 6
290 16 15 5
291 13 13 7
292 13 13 5
293 11 10 4
294 14 13 7
295 11 11 5
296 11 11 5
297 13 13 7
298 15 14 8
299 16 16 6
300 20 20 6
301 10 10 4
302 6 5 4
303 12 11 5
304 21 20 8
305 12 12 4
306 18 17 7
307 11 11 5
308 13 12 6
309 12 11 5
310 13 13 5
311 15 15 7
312 7 6 5
313 23 22 8
314 14 14 6
315 14 14 6
316 6 6 6
317 15 14 6
318 10 9 5
319 13 12 6
320 18 18 4
321 12 11 5
322 5 5 5
323 20 19 5
324 13 13 5
325 9 9 5
326 19 18 6
327 6 6 6
328 13 12 6
329 18 17 7
330 15 14 8
331 22 22 4
332 14 13 5
333 9 9 5
334 13 12 4
335 6 5 4
336 14 13 7
337 13 12 4
338 16 15 5
339 21 20 6
340 20 19 7
341 9 8 4
342 14 13 5
343 5 5 5
344 10 9 5
345 11 11 7
346 17 16 6
347 20 19 5
348 19 18 4
349 10 9 5
350 13 13 5
351 9 8 4
352 12 11 5
353 11 11 5
354 29 28 4
355 18 17 5
356 17 17 5
357 7 6 5
358 13 12 4
359 12 11 5
360 33 32 6
361 22 21 5
362 25 24 4
363 20 19 5
364 15 14 6
365 10 10 4
366 16 15 5
367 11 10 4
368 20 19 5
369 25 24 4
370 28 27 5
371 11 10 4
372 16 15 5
373 23 22 4
374 16 15 5
375 13 12 4
376 18 17 5
377 19 18 6
378 22 22 4
379 18 17 5
380 15 14 4
381 14 13 5
382 19 18 6
383 22 21 5
384 17 17 7
385 15 14 4
386 18 17 7
387 15 14 4
388 18 17 5
389 17 16 4
390 12 11 5
391 19 18 6
392 28 27 7
393 17 16 4
394 18 17 5
395 19 19 5
396 17 17 5
397 15 15 5
398 17 17 5
399 17 16 6
400 26 26 12
401 18 18 4
402 12 11 5
403 29 29 5
404 25 25 9
405 21 20 8
406 22 21 7
407 19 19 11
408 19 19 5
409 11 11 5
410 19 18 6
411 18 18 4
412 14 13 5
413 13 12 4
414 18 17 7
415 17 16 6
416 20 19 5
417 13 12 6
418 14 14 6
419 20 19 7
420 25 25 5
421 11 11 5
422 23 23 7
423 19 18 6
424 18 17 7
425 11 11 5
426 13 12 6
427 24 23 7
428 17 17 5
429 33 32 10
430 16 16 6
431 26 25 11
432 13 13 5
433 13 12 4
434 22 21 7
435 21 20 6
436 16 16 8
437 28 28 12
438 16 16 6
439 22 22 8
440 18 18 6
441 20 19 5
442 17 17 5
443 15 14 4
444 12 11 7
445 21 20 8
446 12 12 4
447 22 21 5
448 15 15 5
449 15 15 5
450 9 8 4
451 14 13 7
452 11 10 4
453 16 15 5
454 13 13 5
455 17 17 5
456 11 11 5
457 17 16 6
458 14 14 4
459 14 13 7
460 19 18 4
461 20 19 5
462 11 11 5
463 13 12 6
464 16 16 6
465 12 12 6
466 18 18 6
467 22 22 8
468 10 10 4
469 14 13 5
470 15 14 4
471 12 11 7
472 7 6 5
473 13 13 5
474 15 15 5
475 19 19 5
476 9 8 4
477 14 13 7
478 21 20 8
479 12 12 6
480 10 10 4
481 10 9 5
482 11 11 5
483 19 18 10
484 12 12 4
485 12 11 5
486 11 11 5
487 11 11 5
488 9 9 5
489 15 14 6
490 8 8 4
491 14 13 5
492 13 13 5
493 9 8 4
494 16 15 5
495 23 23 7
496 11 10 6
497 14 14 4
498 12 11 5
499 13 12 4
