0 22 21 5
1 11 10 4
2 14 13 5
3 27 26 6
4 16 15 5
5 19 18 6
6 22 22 8
7 14 14 6
8 20 20 6
9 20 20 6
10 14 14 6
11 10 10 4
12 6 5 4
13 10 9 5
14 13 12 4
15 16 15 7
16 13 13 5
17 23 22 6
18 12 11 5
19 15 15 7
20 17 16 6
21 12 11 5
22 15 14 4
23 14 13 5
24 11 10 6
25 10 10 4
26 14 13 5
27 9 8 4
28 12 11 7
29 21 20 10
30 14 13 5
31 13 13 5
32 11 10 6
33 10 9 5
34 11 11 5
35 11 11 5
36 13 12 4
37 6 5 4
38 22 21 7
39 15 15 5
40 13 12 6
41 14 14 6
42 14 14 6
43 8 8 4
44 12 11 5
45 13 12 6
46 14 14 6
47 12 12 6
48 24 24 6
49 10 10 4
50 20 19 7
51 21 21 5
52 7 6 5
53 13 12 4
54 8 7 6
55 10 10 6
56 12 12 4
57 18 17 5
58 27 26 6
59 20 19 7
60 23 23 7
61 15 14 4
62 16 15 5
63 33 32 4
64 30 29 5
65 37 36 6
66 26 26 8
67 14 14 4
68 14 13 5
69 21 21 5
70 17 16 4
71 22 21 7
72 25 25 5
73 27 27 11
74 13 12 6
75 20 20 6
76 14 14 4
77 30 29 11
78 25 24 6
79 14 14 4
80 20 19 5
81 11 11 5
82 29 28 6
83 24 24 6
84 22 21 5
85 25 25 7
86 43 42 8
87 36 36 8
88 16 15 5
89 19 18 4
90 28 27 7
91 39 38 8
92 22 21 5
93 35 35 7
94 25 25 5
95 21 20 4
96 26 25 9
97 25 24 6
98 22 22 6
99 20 20 6
100 24 24 6
101 20 20 4
102 30 29 5
103 21 20 4
104 18 17 5
105 13 13 5
106 17 17 5
107 27 26 6
108 18 18 4
109 22 21 7
110 19 19 7
111 27 27 7
112 19 18 4
113 20 19 5
114 33 33 9
115 21 20 6
116 26 26 10
117 30 30 6
118 22 22 6
119 28 27 7
120 13 12 4
121 18 17 5
122 19 19 7
123 33 32 4
124 24 23 7
125 31 30 8
126 28 27 9
127 37 36 8
128 28 28 6
129 16 16 4
130 18 17 7
131 25 24 8
132 20 19 7
133 21 21 9
134 29 28 8
135 32 31 7
136 19 19 7
137 15 15 5
138 25 24 6
139 20 20 4
140 18 17 5
141 27 26 6
142 24 23 7
143 35 35 9
144 21 20 6
145 24 23 5
146 15 15 7
147 23 22 8
148 20 20 6
149 24 24 10
150 28 27 5
151 27 27 7
152 25 24 6
153 26 25 5
154 17 17 5
155 33 32 6
156 18 18 6
157 28 27 7
158 17 17 5
159 31 30 8
160 26 26 8
161 20 19 5
162 31 30 6
163 30 29 5
164 23 23 7
165 15 15 5
166 17 16 4
167 20 19 5
168 31 30 6
169 26 25 5
170 19 19 5
171 27 27 9
172 27 26 8
173 20 20 4
174 30 29 5
175 25 25 11
176 27 26 8
177 34 34 4
178 30 29 7
179 29 29 5
180 27 26 6
181 28 28 8
182 26 25 7
183 29 29 7
184 31 30 10
185 30 29 5
186 31 31 5
187 29 29 7
188 27 26 6
189 22 22 6
190 30 30 6
191 28 28 8
192 14 13 5
193 15 15 5
194 19 19 7
195 19 18 6
196 30 29 13
197 21 21 7
198 27 27 7
199 27 26 6
