0 1642 1634 1619
1 1627 1625 1620
2 1630 1627 1620
3 1648 1639 1620
4 1632 1628 1619
5 1635 1630 1619
6 1639 1633 1620
7 1630 1627 1620
8 1638 1632 1619
9 1639 1633 1620
10 1630 1627 1620
11 1626 1624 1619
12 1621 1621 1621
13 1624 1623 1620
14 1630 1627 1620
15 1630 1627 1620
16 1630 1627 1620
17 1642 1635 1620
18 1626 1624 1619
19 1629 1626 1619
20 1633 1629 1620
21 1626 1624 1619
22 1633 1629 1620
23 1630 1627 1620
24 1624 1623 1620
25 1626 1624 1619
26 1629 1626 1619
27 1623 1622 1619
28 1623 1622 1619
29 1633 1629 1620
30 1630 1627 1620
31 1630 1627 1620
32 1624 1623 1620
33 1624 1623 1620
34 1626 1624 1619
35 1627 1625 1620
36 1630 1627 1620
37 1620 1620 1620
38 1639 1633 1620
39 1632 1628 1619
