0 14 13 5
1 15 14 4
2 10 9 5
3 21 20 10
4 14 14 6
5 10 9 5
6 9 8 7
7 31 30 6
8 22 21 7
9 7 6 5
10 11 11 5
11 13 12 6
12 16 15 7
13 13 12 6
14 18 18 6
15 12 11 5
16 15 14 6
17 12 12 6
18 12 12 6
19 10 9 5
20 15 14 8
21 8 8 4
22 16 15 5
23 15 15 7
24 7 6 5
25 15 15 5
26 9 8 4
27 16 15 7
28 27 26 6
29 20 19 5
30 9 8 4
31 16 15 5
32 17 17 5
33 13 13 7
34 17 16 4
35 16 15 5
36 35 34 6
37 22 22 6
38 20 20 6
39 18 18 4
40 20 19 5
41 39 39 5
42 27 26 6
43 24 24 6
44 12 12 4
45 24 23 5
46 21 21 5
47 17 16 4
48 12 11 5
49 17 16 4
50 22 21 5
51 21 20 4
52 12 11 5
53 25 24 6
54 18 18 6
55 14 13 5
56 9 9 5
57 27 26 6
58 16 16 4
59 30 29 5
60 23 22 6
61 14 13 5
62 23 22 4
63 28 27 7
64 17 16 4
65 20 19 5
66 11 10 4
67 20 19 5
68 17 17 5
69 13 12 4
70 18 17 5
71 25 25 7
72 27 26 8
73 16 16 6
74 28 27 9
75 21 20 8
76 16 16 4
77 16 15 5
78 21 21 7
79 15 15 5
80 19 19 7
81 13 13 5
82 19 19 5
83 17 17 5
84 15 14 6
85 10 10 4
86 16 15 5
87 15 15 5
88 15 14 8
89 18 18 8
90 14 14 8
91 16 15 5
92 15 14 4
93 12 11 5
94 25 25 5
95 9 9 5
96 21 20 8
97 24 24 8
98 22 22 10
99 20 20 6
100 22 21 7
101 13 13 7
102 17 17 7
103 7 6 5
104 17 16 6
105 18 17 7
106 15 14 6
107 24 24 8
108 10 9 5
109 21 20 8
110 16 15 7
111 17 17 7
112 15 14 8
113 18 18 8
114 12 11 5
115 17 16 8
116 16 16 6
117 16 15 5
118 9 9 5
119 13 13 7
120 9 8 4
121 20 19 7
122 19 18 10
123 18 18 6
124 22 21 9
125 25 25 7
126 5 5 5
127 14 13 5
128 13 13 7
129 17 16 4
130 12 11 5
131 29 29 11
132 21 20 8
133 22 22 8
134 8 8 4
135 10 9 5
136 13 12 6
137 22 22 10
138 6 6 6
139 17 16 4
140 14 13 5
141 15 14 8
142 14 14 6
143 26 25 7
144 9 8 4
145 32 31 9
146 11 10 6
147 14 13 7
148 11 11 5
149 21 21 7
150 11 10 4
151 16 15 7
152 19 19 5
153 17 16 6
154 12 11 5
155 13 13 5
156 17 16 8
157 12 11 5
158 21 21 7
159 13 12 6
160 14 14 6
161 10 9 5
162 15 14 8
163 12 12 6
164 16 15 7
165 15 14 4
166 20 19 5
167 17 17 7
168 15 14 8
169 16 16 6
170 14 14 6
171 22 22 12
172 8 8 8
173 15 14 8
174 16 15 7
175 15 14 8
176 30 30 8
177 12 12 6
178 18 17 5
179 9 8 4
180 20 19 5
181 9 8 4
182 26 25 9
183 13 12 4
184 16 15 5
185 9 9 5
186 13 12 6
187 14 14 8
188 14 14 6
189 10 9 5
190 15 14 6
191 16 15 9
192 15 15 9
193 11 10 6
194 10 9 5
195 15 15 7
196 19 18 6
197 14 14 6
198 14 14 8
199 10 10 6
200 22 22 10
201 10 9 5
202 29 28 12
203 14 14 4
204 14 13 5
205 13 13 7
206 9 8 4
207 12 11 5
208 19 18 8
209 10 10 6
210 22 21 7
211 5 5 5
212 22 21 9
213 21 20 6
214 14 14 4
215 14 13 5
216 23 23 7
217 15 14 6
218 14 13 5
219 13 13 5
220 29 28 10
221 12 11 5
222 17 16 6
223 20 20 4
224 18 17 5
225 13 13 5
226 9 8 4
227 28 27 5
228 13 13 5
229 11 11 5
230 17 16 6
231 18 17 7
232 17 16 6
233 12 12 6
234 14 14 6
235 18 17 7
236 15 14 6
237 12 12 4
238 18 17 11
239 11 10 6
240 14 13 5
241 19 18 6
242 20 20 8
243 8 8 4
244 20 19 9
245 7 6 5
246 11 10 6
247 12 12 8
248 16 16 10
249 6 5 4
250 18 17 7
251 7 6 5
252 5 5 5
253 22 21 9
254 13 12 8
255 10 10 6
256 18 18 6
257 18 17 9
258 13 12 6
259 16 15 9
260 11 10 6
261 16 16 6
262 14 13 9
263 15 14 6
264 12 11 5
265 11 10 6
266 8 7 6
267 12 12 8
268 10 9 5
269 15 15 9
270 7 6 5
271 11 11 7
272 13 13 9
273 13 13 9
274 17 16 8
275 12 12 8
276 14 13 7
277 19 18 8
278 12 11 7
279 15 14 8
280 14 13 7
281 19 18 10
282 6 6 6
283 9 9 5
284 11 11 7
285 13 13 7
286 7 7 7
287 12 12 8
288 8 7 6
289 10 10 6
290 18 17 7
291 15 14 8
292 14 13 5
293 15 15 9
294 13 12 6
295 14 14 8
296 12 11 5
297 13 12 6
298 14 13 7
299 17 17 7
300 21 21 7
301 11 11 5
302 7 6 5
303 11 10 4
304 18 17 5
305 15 15 7
306 21 20 10
307 10 10 4
308 12 11 5
309 13 13 7
310 15 14 6
311 16 15 7
312 7 6 5
313 21 20 6
314 16 15 7
315 15 14 6
316 6 5 4
317 16 15 7
318 9 8 4
319 14 13 7
320 19 19 5
321 13 13 7
322 7 6 5
323 19 19 5
324 13 13 5
325 9 8 4
326 20 19 7
327 5 5 5
328 12 11 5
329 17 17 7
330 13 13 7
331 23 22 4
332 16 15 7
333 9 8 4
334 16 15 7
335 7 6 5
336 13 12 6
337 16 15 7
338 15 14 4
339 20 19 5
340 19 18 6
341 10 9 5
342 17 16 8
343 6 5 4
344 10 9 5
345 11 10 6
346 18 17 7
347 19 19 5
348 19 18 4
349 10 9 5
350 13 12 4
351 10 9 5
352 13 12 6
353 14 14 8
354 30 30 6
355 18 17 5
356 17 16 4
357 6 5 4
358 14 13 5
359 13 12 6
360 30 30 4
361 22 21 5
362 25 24 4
363 20 19 5
364 13 13 5
365 11 10 4
366 16 15 5
367 11 10 4
368 20 19 5
369 25 25 5
370 27 26 4
371 12 11 5
372 15 14 4
373 26 25 7
374 15 14 4
375 14 13 5
376 19 18 6
377 16 16 4
378 24 23 5
379 17 16 4
380 18 17 7
381 13 12 4
382 18 17 5
383 21 21 5
384 17 16 6
385 14 14 4
386 20 19 9
387 15 14 4
388 18 17 5
389 17 17 5
390 11 11 5
391 21 21 9
392 27 26 6
393 18 18 6
394 18 17 5
395 21 21 7
396 17 16 4
397 16 15 5
398 19 18 6
399 14 14 4
400 24 23 9
401 21 21 7
402 13 12 6
403 30 30 6
404 22 22 6
405 24 23 11
406 23 23 9
407 17 17 9
408 25 24 10
409 12 11 5
410 19 18 6
411 22 22 8
412 14 14 6
413 14 14 6
414 16 16 6
415 16 15 5
416 21 20 6
417 12 11 5
418 15 15 7
419 19 18 6
420 28 27 7
421 13 12 6
422 26 25 9
423 19 18 6
424 18 17 7
425 11 11 5
426 13 12 6
427 24 24 8
428 20 19 7
429 35 34 12
430 22 21 11
431 23 23 9
432 17 16 8
433 16 15 7
434 19 19 5
435 23 22 8
436 20 20 12
437 30 30 14
438 18 17 7
439 19 19 5
440 17 17 5
441 21 21 7
442 17 16 4
443 16 15 5
444 11 11 7
445 21 20 8
446 14 14 6
447 24 24 8
448 14 14 4
449 16 15 5
450 9 9 5
451 13 12 6
452 10 10 4
453 18 17 7
454 15 15 7
455 21 20 8
456 12 11 5
457 19 18 8
458 16 15 5
459 13 13 7
460 21 20 6
461 18 18 4
462 12 11 5
463 11 11 5
464 15 14 4
465 14 13 7
466 19 18 6
467 24 23 9
468 11 10 4
469 14 13 5
470 17 17 7
471 9 8 4
472 8 7 6
473 16 16 8
474 14 14 4
475 22 21 7
476 9 9 5
477 11 11 5
478 21 20 8
479 10 10 4
480 12 11 5
481 11 10 6
482 12 11 5
483 15 15 7
484 13 13 5
485 15 14 8
486 14 13 7
487 13 12 6
488 8 8 4
489 16 15 7
490 9 8 4
491 14 13 5
492 13 13 5
493 9 9 5
494 15 15 5
495 23 23 7
496 9 9 5
497 15 14 4
498 14 13 7
499 13 13 5
500 25 24 6
501 18 18 4
502 20 19 5
503 17 16 6
504 18 17 7
505 13 13 5
506 25 24 4
507 14 13 5
508 19 18 6
509 10 9 5
510 15 14 6
511 20 20 8
512 24 23 5
513 11 11 5
514 13 13 5
515 17 16 6
516 12 12 4
517 16 15 7
518 13 13 7
519 19 19 7
520 17 17 7
521 13 13 7
522 15 14 6
523 14 13 5
524 15 15 5
525 23 23 9
526 15 14 6
527 10 10 4
528 22 21 7
529 13 12 8
530 16 16 6
531 10 10 6
532 14 14 6
533 18 17 7
534 15 14 10
535 8 8 4
536 6 5 4
537 16 15 5
538 15 14 8
539 10 10 6
540 10 10 6
541 10 9 5
542 19 18 4
543 10 9 5
544 23 22 6
545 10 10 4
546 14 13 7
547 15 14 8
548 14 14 10
549 10 10 6
550 14 14 8
551 10 10 6
552 14 13 7
553 9 9 5
554 13 13 9
555 9 8 4
556 18 17 9
557 11 10 6
558 20 20 10
559 12 12 6
560 6 6 6
561 13 12 6
562 14 14 6
563 14 14 8
564 14 13 7
565 13 12 6
566 14 13 7
567 15 15 5
568 11 10 6
569 10 10 6
570 16 15 7
571 5 5 5
572 20 19 9
573 15 14 6
574 6 6 6
575 15 14 8
576 12 11 5
577 17 17 9
578 15 14 6
579 14 13 7
580 9 8 4
581 20 19 5
582 9 9 5
583 17 17 5
584 11 11 5
585 13 13 5
586 15 15 5
587 11 11 5
588 15 15 9
589 13 12 4
590 14 13 5
591 17 17 5
592 19 18 8
593 22 21 5
594 11 10 6
595 20 20 4
596 6 5 4
597 16 15 7
598 13 12 6
599 14 14 4
600 18 17 5
601 19 18 6
602 16 16 6
603 18 18 4
604 20 19 5
605 13 13 5
606 11 10 4
607 18 17 7
608 15 15 5
609 19 18 4
610 14 13 5
611 19 18 4
612 18 17 5
613 21 20 6
614 12 12 4
615 12 11 5
616 13 13 5
617 17 16 4
618 12 11 5
619 13 12 6
620 16 16 6
621 16 16 6
622 10 10 6
623 22 21 5
624 19 18 6
625 22 21 5
626 19 19 5
627 11 10 6
628 26 26 6
629 10 10 4
630 20 19 7
631 15 14 6
632 10 10 4
633 16 15 5
634 19 19 5
635 21 21 5
636 43 42 6
637 22 21 5
638 13 12 6
639 18 18 6
640 22 22 4
641 30 29 7
642 21 20 4
643 28 27 5
644 25 25 7
645 21 21 7
646 15 14 4
647 24 23 5
648 29 29 9
649 9 9 5
650 27 27 5
651 17 17 7
652 35 34 14
653 24 23 11
654 13 13 5
655 15 15 7
656 21 20 6
657 24 23 5
658 23 23 7
659 25 25 13
660 11 11 5
661 17 16 6
662 24 24 8
663 16 15 5
664 21 20 8
665 14 14 4
666 22 21 5
667 15 15 5
668 33 32 8
669 16 16 6
670 28 27 7
671 23 23 7
672 43 42 10
673 16 15 5
674 17 17 5
675 15 15 5
676 21 20 6
677 6 6 6
678 37 36 8
679 14 14 4
680 16 15 5
681 17 16 4
682 16 15 5
683 13 12 4
684 20 19 5
685 15 15 5
686 17 17 5
687 19 18 6
688 12 12 6
689 16 15 5
690 11 10 4
691 22 21 7
692 17 17 5
693 19 18 6
694 12 11 5
695 15 14 4
696 12 11 5
697 19 18 6
698 16 15 5
699 13 12 6
700 12 11 5
701 29 29 9
702 15 15 5
703 13 12 6
704 12 12 6
705 14 14 6
706 20 19 5
707 17 16 6
708 10 10 6
709 14 14 6
710 12 12 8
711 12 12 6
712 12 12 6
713 12 11 5
714 11 11 5
715 15 15 9
716 19 19 5
717 25 24 6
718 22 22 6
719 18 18 8
720 14 14 6
721 12 11 7
722 15 14 8
723 30 29 9
724 17 16 4
725 22 21 5
726 11 11 5
727 19 19 7
728 19 19 11
729 13 12 4
730 20 19 7
731 15 14 6
732 12 11 5
733 15 14 6
734 12 12 4
735 14 13 5
736 11 11 5
737 11 11 5
738 13 12 6
739 22 21 9
740 19 19 5
741 21 20 8
742 22 22 8
743 18 17 9
744 13 12 6
745 14 14 6
746 14 13 5
747 21 20 10
748 14 13 5
749 15 15 5
750 17 17 7
751 15 15 9
752 11 10 4
753 14 13 5
754 13 12 6
755 12 11 5
756 15 15 7
757 13 13 5
758 13 13 7
759 11 11 7
760 11 10 6
761 16 15 9
762 13 12 6
763 16 15 7
764 11 11 7
765 13 13 5
766 13 13 9
767 19 18 6
768 18 17 7
769 17 16 8
770 12 12 6
771 14 13 7
772 29 28 10
773 8 8 4
774 16 15 7
775 11 10 6
776 16 16 6
777 10 9 5
778 17 17 7
779 9 8 4
780 22 21 9
781 13 13 5
782 11 11 5
783 11 11 5
784 11 11 7
785 5 5 5
786 16 15 9
787 17 16 6
788 18 17 7
789 5 5 5
790 16 15 11
791 9 9 5
792 9 9 5
793 11 10 6
794 22 21 13
795 15 14 6
796 10 10 6
797 12 12 6
798 8 7 6
799 12 12 8
800 10 10 6
801 14 13 7
802 15 14 6
803 14 13 9
804 21 20 8
805 14 13 5
806 11 10 6
807 6 5 4
808 14 13 7
809 21 21 9
810 11 10 6
811 16 16 4
812 16 15 9
813 7 6 5
814 15 14 8
815 6 6 6
816 17 16 10
817 12 12 6
818 12 11 7
819 11 10 6
820 6 5 4
821 16 15 7
822 21 21 5
823 5 5 5
824 14 13 5
825 11 11 5
826 15 15 5
827 15 15 7
828 13 12 4
829 20 19 11
830 13 12 6
831 14 14 6
832 14 14 8
833 6 5 4
834 8 7 6
835 18 18 12
836 16 16 6
837 6 6 6
838 15 15 7
839 11 11 7
840 13 12 8
841 14 13 5
842 17 16 6
843 8 7 6
844 16 15 5
845 19 18 6
846 10 9 5
847 11 10 6
848 12 11 5
849 11 11 5
850 21 20 8
851 16 16 6
852 20 19 5
853 21 21 9
854 11 10 6
855 12 12 4
856 12 11 5
857 9 9 5
858 15 15 9
859 13 12 6
860 6 5 4
861 18 17 11
862 17 16 6
863 10 9 5
864 7 7 7
865 14 14 8
866 10 9 5
867 21 21 9
868 15 14 4
869 20 19 7
870 11 10 4
871 18 17 5
872 11 11 5
873 15 14 10
874 14 14 6
875 12 11 5
876 9 8 7
877 15 14 6
878 6 5 4
879 20 19 11
880 13 12 4
881 16 15 7
882 13 13 5
883 19 19 5
884 19 18 4
885 22 21 5
886 15 15 5
887 11 10 4
888 12 11 5
889 27 27 5
890 25 24 4
891 20 19 5
892 29 28 4
893 24 23 5
894 11 10 4
895 16 15 5
896 51 50 6
897 26 26 4
898 16 15 5
899 17 16 4
900 22 21 5
901 15 14 4
902 24 23 5
903 17 16 4
904 18 17 5
905 21 20 4
906 16 15 5
907 17 16 4
908 30 29 5
909 15 14 4
910 12 11 5
911 29 28 6
912 14 14 4
913 14 13 5
914 15 14 4
915 10 9 5
916 19 18 6
917 16 16 6
918 14 14 6
919 12 12 6
920 20 19 7
921 17 17 5
922 33 32 10
923 16 15 7
924 19 19 5
925 11 10 4
926 26 25 7
927 29 29 7
928 15 14 4
929 24 23 9
930 19 18 6
931 20 20 6
932 10 10 4
933 16 15 5
934 11 11 5
935 15 14 6
936 20 19 5
937 21 20 4
938 24 23 5
939 17 17 9
940 17 16 6
941 18 18 6
942 20 20 8
943 10 10 4
944 14 13 5
945 13 12 4
946 22 21 7
947 19 18 6
948 10 10 4
949 12 11 5
950 19 19 7
951 17 16 6
952 18 17 5
953 17 16 6
954 22 22 8
955 24 23 7
956 17 17 7
957 19 19 7
958 23 22 6
959 18 18 6
960 14 14 4
961 12 11 5
962 9 9 5
963 15 14 4
964 18 17 9
965 15 15 7
966 11 10 4
967 28 27 11
968 17 16 8
969 30 30 6
970 16 16 6
971 22 22 4
972 22 21 7
973 29 28 6
974 16 16 6
975 16 15 9
976 27 27 9
977 21 20 10
978 20 20 10
979 28 28 10
980 26 26 12
981 20 20 8
982 12 11 5
983 15 14 6
984 28 28 6
985 14 14 4
986 18 17 5
987 15 14 4
988 14 13 5
989 19 18 4
990 18 17 5
991 27 27 7
992 19 18 6
993 18 17 5
994 19 18 6
995 16 15 5
996 13 13 5
997 17 16 6
998 10 9 5
999 11 11 5
1000 5 5 5
1001 16 15 7
1002 15 14 6
1003 16 15 5
1004 13 12 4
1005 18 17 9
1006 13 12 6
1007 22 22 8
1008 12 11 5
1009 15 15 5
1010 9 8 4
1011 20 19 7
1012 15 14 6
1013 16 16 8
1014 10 10 6
1015 26 26 10
1016 20 19 5
1017 11 11 5
1018 7 6 5
1019 17 16 6
1020 20 19 5
1021 13 13 5
1022 11 10 4
1023 14 13 5
1024 29 29 5
1025 23 22 4
1026 12 11 5
1027 23 22 6
1028 10 10 4
1029 18 17 5
1030 11 10 4
1031 12 11 5
1032 15 14 4
1033 18 17 5
1034 25 24 8
1035 22 22 6
1036 20 20 4
1037 12 11 5
1038 21 20 6
1039 14 14 6
1040 20 19 5
1041 11 10 4
1042 14 13 5
1043 23 22 6
1044 16 16 4
1045 18 17 7
1046 11 11 5
1047 27 26 8
1048 20 19 7
1049 15 14 6
1050 14 14 6
1051 16 16 8
1052 18 18 8
1053 10 9 5
1054 17 17 5
1055 11 11 7
1056 23 22 10
1057 16 16 6
1058 10 10 6
1059 16 16 8
1060 14 14 6
1061 12 11 7
1062 19 18 8
1063 14 13 7
1064 13 12 6
1065 6 5 4
1066 18 17 7
1067 13 13 9
1068 21 20 10
1069 14 14 6
1070 10 9 5
1071 11 10 4
1072 18 17 7
1073 9 9 5
1074 13 13 7
1075 11 10 6
1076 14 14 6
1077 14 13 7
1078 19 19 5
1079 11 11 5
1080 15 15 7
1081 9 9 5
1082 13 12 6
1083 18 17 7
1084 17 16 8
1085 10 10 6
1086 8 8 4
1087 14 13 7
1088 15 15 5
1089 13 13 5
1090 11 11 5
1091 7 7 7
1092 14 14 8
1093 16 15 7
1094 15 14 4
1095 6 5 4
1096 14 13 7
1097 13 13 7
1098 13 12 6
1099 6 5 4
1100 14 13 9
1101 17 16 6
1102 16 15 5
1103 11 11 5
1104 17 16 8
1105 12 11 5
1106 13 13 9
1107 17 16 6
1108 16 16 8
1109 8 8 4
1110 14 13 7
1111 15 14 6
1112 12 11 7
1113 13 12 6
1114 12 12 6
1115 12 11 7
1116 11 11 7
1117 11 10 6
1118 14 14 8
1119 16 15 7
1120 23 22 8
1121 10 9 5
1122 13 13 7
1123 13 12 6
1124 18 17 9
1125 13 12 6
1126 8 8 4
1127 20 19 5
1128 15 15 7
1129 13 12 6
1130 6 6 6
1131 13 12 6
1132 18 18 6
1133 14 14 6
1134 14 13 7
1135 7 6 5
1136 17 16 6
1137 18 17 9
1138 15 14 6
1139 16 16 8
1140 14 14 4
1141 20 19 5
1142 15 14 6
1143 18 17 7
1144 17 17 7
1145 17 16 6
1146 6 5 4
1147 16 15 7
1148 7 7 7
1149 14 13 7
1150 13 12 6
1151 14 13 5
1152 23 23 9
1153 17 17 5
1154 13 13 5
1155 11 10 4
1156 12 11 5
1157 15 14 4
1158 12 11 5
1159 23 22 4
1160 14 13 5
1161 13 12 6
1162 14 14 6
1163 14 13 5
1164 11 10 4
1165 14 13 9
1166 9 9 5
1167 23 22 6
1168 12 11 5
1169 13 12 4
1170 16 15 7
1171 11 10 6
1172 6 5 4
1173 28 27 5
1174 21 21 5
1175 27 26 6
1176 12 12 4
1177 20 19 7
1178 9 8 4
1179 12 11 5
1180 11 11 5
1181 15 14 4
1182 20 19 5
1183 15 14 6
1184 6 5 4
1185 14 13 7
1186 15 14 8
1187 20 20 6
1188 8 8 4
1189 24 23 5
1190 29 28 4
1191 26 25 5
1192 13 12 4
1193 16 15 5
1194 21 20 4
1195 24 23 5
1196 17 16 4
1197 22 21 5
1198 11 10 4
1199 14 13 5
1200 11 10 4
1201 26 25 7
1202 19 18 4
1203 20 19 5
1204 9 8 4
1205 14 13 5
1206 13 12 4
1207 14 13 5
1208 15 14 4
1209 16 15 5
1210 17 16 4
1211 16 15 7
1212 15 14 4
1213 16 15 5
1214 19 19 5
1215 23 23 7
1216 11 10 4
1217 30 29 5
1218 19 19 5
1219 17 17 7
1220 7 6 5
1221 15 14 4
1222 14 13 5
1223 21 21 7
1224 29 28 4
1225 10 9 5
1226 13 12 6
1227 18 17 5
1228 13 13 5
1229 13 13 5
1230 19 18 4
1231 14 13 5
1232 19 18 6
1233 10 9 5
1234 11 10 4
1235 32 31 7
1236 19 18 4
1237 32 31 5
1238 27 26 4
1239 22 21 5
1240 13 13 5
1241 23 22 6
1242 30 30 6
1243 20 20 4
1244 34 33 5
1245 31 30 4
1246 24 23 5
1247 17 16 4
1248 40 39 5
1249 27 27 5
1250 29 28 8
1251 30 30 8
1252 40 39 5
1253 33 32 6
1254 36 35 9
1255 15 14 4
1256 26 25 5
1257 31 30 6
1258 30 30 6
1259 14 14 6
1260 26 26 10
1261 14 14 4
1262 14 13 5
1263 17 17 7
1264 23 23 5
1265 19 18 4
1266 22 21 5
1267 19 19 5
1268 23 22 8
1269 16 16 4
1270 20 19 5
1271 21 21 5
1272 23 23 5
1273 21 20 4
1274 18 17 9
1275 15 14 4
1276 28 27 11
1277 23 22 8
1278 12 12 4
1279 16 15 5
1280 9 8 4
1281 12 11 5
1282 25 24 4
1283 18 17 5
1284 19 18 6
1285 16 15 5
1286 19 18 6
1287 20 19 5
1288 13 12 6
1289 20 20 10
1290 16 16 6
1291 20 20 6
1292 14 13 5
1293 15 15 5
1294 27 26 14
1295 6 5 4
1296 18 17 5
1297 9 8 4
1298 14 13 5
1299 19 19 7
1300 23 23 5
1301 11 11 5
1302 17 16 6
1303 20 19 7
1304 17 16 6
1305 22 22 8
1306 10 10 6
1307 16 16 4
1308 20 19 5
1309 9 9 5
1310 19 19 5
1311 15 15 7
1312 19 19 5
1313 19 19 7
1314 19 18 6
1315 18 18 6
1316 10 10 6
1317 18 17 9
1318 15 14 4
1319 12 11 5
1320 21 21 5
1321 17 17 9
1322 15 14 6
1323 30 29 13
1324 21 20 8
1325 10 10 4
1326 20 19 5
1327 13 13 5
1328 17 17 7
1329 11 10 4
1330 16 15 7
1331 5 5 5
1332 16 15 9
1333 9 8 4
1334 20 19 7
1335 15 14 4
1336 10 9 5
1337 15 14 6
1338 14 14 10
1339 16 15 5
1340 11 10 4
1341 12 11 5
1342 11 10 6
1343 10 10 6
1344 12 12 8
1345 14 13 5
1346 11 11 5
1347 13 13 7
1348 13 13 5
1349 21 21 7
1350 13 12 8
1351 12 11 5
1352 19 18 4
1353 28 27 7
1354 17 16 6
1355 18 18 8
1356 10 10 4
1357 14 13 7
1358 17 16 6
1359 14 13 5
1360 13 12 6
1361 24 24 6
1362 12 12 6
1363 18 17 7
1364 15 14 6
1365 18 17 9
1366 11 10 4
1367 14 13 7
1368 11 11 5
1369 11 10 4
1370 12 11 5
1371 15 15 7
1372 13 12 4
1373 18 17 7
1374 15 15 5
1375 11 11 5
1376 11 11 7
1377 13 13 7
1378 11 10 6
1379 16 15 7
1380 9 8 4
1381 18 17 5
1382 13 13 7
1383 11 10 6
1384 10 9 5
1385 11 11 7
1386 17 16 6
1387 20 20 10
1388 8 7 6
1389 18 17 9
1390 11 11 5
1391 19 18 10
1392 14 14 6
1393 12 12 6
1394 10 9 5
1395 15 14 8
1396 14 13 5
1397 21 21 11
1398 13 12 6
1399 18 18 6
1400 16 16 6
1401 14 13 5
1402 7 7 7
1403 20 20 8
1404 8 7 6
1405 14 14 4
1406 12 11 5
1407 19 19 7
1408 15 14 6
1409 12 11 7
1410 11 11 7
1411 13 12 6
1412 10 10 4
1413 20 19 9
1414 13 12 8
1415 16 16 8
1416 10 9 5
1417 9 9 5
1418 15 15 7
1419 7 6 5
1420 17 16 6
1421 12 11 7
1422 13 12 6
1423 18 18 6
1424 14 13 7
1425 9 8 4
1426 16 15 5
1427 13 12 6
1428 18 18 8
1429 12 11 7
1430 17 16 6
1431 6 5 4
1432 14 13 5
1433 11 10 4
1434 18 17 9
1435 17 17 7
1436 15 14 6
1437 14 14 6
1438 20 20 6
1439 16 15 7
1440 9 9 5
1441 11 11 5
1442 17 16 8
1443 14 13 5
1444 21 21 9
1445 15 14 6
1446 18 18 6
1447 12 12 4
1448 12 11 7
1449 9 8 4
1450 12 11 5
1451 9 9 5
1452 15 14 4
1453 12 11 5
1454 21 20 10
1455 10 10 6
1456 14 14 6
1457 6 5 4
1458 14 13 7
1459 17 16 6
1460 22 22 8
1461 6 6 6
1462 19 18 8
1463 6 6 6
1464 15 14 6
1465 12 11 5
1466 15 14 4
1467 22 21 7
1468 13 13 7
1469 5 5 5
1470 14 13 7
1471 13 13 5
1472 17 16 8
1473 22 22 8
1474 20 20 4
1475 14 13 5
1476 13 13 5
1477 5 5 5
1478 14 13 7
1479 23 22 8
1480 24 23 5
1481 19 19 7
1482 21 20 6
1483 12 12 4
1484 20 19 7
1485 13 12 4
1486 14 13 7
1487 21 20 8
1488 34 34 4
1489 22 21 5
1490 17 16 6
1491 12 12 4
1492 18 17 5
1493 9 9 5
1494 23 22 4
1495 34 33 7
1496 23 22 4
1497 20 19 5
1498 13 12 4
1499 10 9 5
1500 19 18 6
1501 10 10 4
1502 26 25 7
1503 13 13 5
1504 15 14 8
1505 10 10 4
1506 16 15 7
1507 23 22 6
1508 12 12 4
1509 22 21 5
1510 19 19 5
1511 19 19 5
1512 11 10 6
1513 16 16 8
1514 16 16 6
1515 16 16 4
1516 14 13 5
1517 9 9 5
1518 29 28 6
1519 12 12 6
1520 18 17 7
1521 13 13 7
1522 17 16 8
1523 12 12 4
1524 14 13 5
1525 17 16 6
1526 24 24 6
1527 12 12 6
1528 20 19 11
1529 17 16 8
1530 10 10 4
1531 18 17 5
1532 11 10 6
1533 22 22 10
1534 14 13 5
1535 15 15 5
1536 13 13 5
1537 15 14 8
1538 22 22 6
1539 16 16 6
1540 18 17 7
1541 17 16 4
1542 18 17 9
1543 11 11 5
1544 17 17 7
1545 19 18 6
1546 12 12 4
1547 14 13 7
1548 7 6 5
1549 19 18 6
1550 20 20 6
1551 26 26 8
1552 12 12 4
1553 18 17 5
1554 11 11 5
1555 19 18 4
1556 16 15 5
1557 19 19 9
1558 11 10 6
1559 20 20 4
1560 20 19 7
1561 15 14 4
1562 12 11 5
1563 31 30 12
1564 8 8 4
1565 24 23 5
1566 21 21 7
1567 19 18 6
1568 20 20 8
1569 16 15 5
1570 17 17 5
1571 21 20 4
1572 20 19 7
1573 15 14 4
1574 20 19 5
1575 19 19 7
1576 17 17 5
1577 9 8 4
1578 24 23 7
1579 15 15 5
1580 9 9 5
1581 15 15 5
1582 27 26 8
1583 18 18 8
1584 24 23 5
1585 11 11 5
1586 19 18 4
1587 8 7 6
1588 14 14 6
1589 16 15 7
1590 19 19 7
1591 11 11 5
1592 15 15 9
1593 7 6 5
1594 17 16 6
1595 20 19 5
1596 19 19 7
1597 15 15 7
1598 19 19 9
1599 17 17 7
1600 17 16 4
1601 14 13 7
1602 23 23 7
1603 21 20 6
1604 22 22 6
1605 18 18 4
1606 24 23 5
1607 11 10 4
1608 12 11 7
1609 17 16 4
1610 14 13 7
1611 11 11 5
1612 29 29 7
1613 9 9 5
1614 17 16 6
1615 12 11 7
1616 9 8 4
1617 18 17 9
1618 13 12 6
1619 22 22 6
1620 20 19 7
1621 5 5 5
1622 12 11 5
1623 23 22 10
1624 18 18 6
1625 16 16 6
1626 10 10 4
1627 14 13 5
1628 11 11 7
1629 11 10 6
1630 12 11 5
1631 13 12 6
1632 30 30 6
1633 16 15 5
1634 9 8 4
1635 20 19 7
1636 19 18 8
1637 16 15 5
1638 9 9 5
1639 11 10 4
1640 8 7 6
1641 20 19 7
1642 25 25 5
1643 15 14 4
1644 12 11 5
1645 15 15 7
1646 19 19 9
1647 13 13 7
1648 17 16 6
1649 22 21 9
1650 15 15 5
1651 21 21 7
1652 13 12 4
1653 12 11 5
1654 13 12 4
1655 14 13 5
1656 9 9 5
1657 11 11 5
1658 19 18 6
1659 30 30 4
1660 18 17 7
1661 15 14 6
1662 6 6 6
1663 17 16 6
1664 12 12 6
1665 16 16 10
1666 10 10 6
1667 16 16 6
1668 18 18 6
1669 20 20 6
1670 14 13 5
1671 11 11 5
1672 19 19 9
1673 13 12 6
1674 20 20 6
1675 14 13 5
1676 25 24 10
1677 10 10 6
1678 14 14 6
1679 12 12 4
1680 16 15 5
1681 17 17 7
1682 19 19 7
1683 13 13 5
1684 15 14 6
1685 12 11 5
1686 13 13 5
1687 15 14 6
1688 16 16 4
1689 14 13 7
1690 15 14 4
1691 12 11 7
1692 11 10 6
1693 16 16 6
1694 10 10 6
1695 12 11 5
1696 11 10 6
1697 10 10 6
1698 12 11 7
1699 7 7 7
1700 10 10 6
1701 26 26 14
1702 10 10 4
1703 14 13 7
1704 13 12 8
1705 12 11 7
1706 19 18 6
1707 8 8 8
1708 7 6 5
1709 13 12 8
1710 12 12 6
1711 12 12 4
1712 16 15 9
1713 7 6 5
1714 7 6 5
1715 15 14 8
1716 16 16 8
1717 14 13 5
1718 11 11 5
1719 19 19 7
1720 9 9 5
1721 19 18 8
1722 8 7 6
1723 10 10 6
1724 12 12 6
1725 14 13 5
1726 25 24 6
1727 16 16 6
1728 18 18 10
1729 14 14 6
1730 8 8 4
1731 12 11 5
1732 5 5 5
1733 26 25 13
1734 11 11 5
1735 13 12 6
1736 12 11 5
1737 19 18 8
1738 12 11 5
1739 13 13 5
1740 5 5 5
1741 20 19 9
1742 15 14 6
1743 20 20 8
1744 14 13 5
1745 15 14 6
1746 14 14 6
1747 10 10 6
1748 6 5 4
1749 14 13 7
1750 19 18 10
1751 16 16 4
1752 16 15 5
1753 13 13 7
1754 11 11 7
1755 11 11 7
1756 15 14 4
1757 18 17 9
1758 9 8 4
1759 14 13 9
1760 15 14 6
1761 22 22 8
1762 12 11 7
1763 13 12 6
1764 6 6 6
1765 23 22 10
1766 10 10 4
1767 16 15 5
1768 17 17 7
1769 17 17 5
1770 11 10 4
1771 10 9 5
1772 7 6 5
1773 15 15 5
1774 17 17 5
1775 47 46 6
1776 12 12 4
1777 14 13 5
1778 13 13 5
1779 15 14 8
1780 12 12 4
1781 18 17 7
1782 33 32 4
1783 20 19 5
1784 25 25 5
1785 15 14 6
1786 22 22 4
1787 14 13 5
1788 29 29 7
1789 21 20 4
1790 18 17 5
1791 13 12 4
1792 18 17 5
1793 19 19 9
1794 23 23 5
1795 11 11 5
1796 15 14 4
1797 14 13 5
1798 27 26 10
1799 14 14 6
1800 16 15 5
1801 9 9 5
1802 13 13 5
1803 17 16 8
1804 18 18 4
1805 16 15 5
1806 19 18 4
1807 6 5 4
1808 18 17 7
1809 19 19 5
1810 13 13 5
1811 13 12 6
1812 24 23 7
1813 9 8 4
1814 16 15 5
1815 13 13 5
1816 13 13 5
1817 9 9 5
1818 13 13 7
1819 13 13 9
1820 15 14 8
1821 16 16 8
1822 14 14 6
1823 18 17 7
1824 13 12 8
1825 10 10 4
1826 14 13 5
1827 11 10 6
1828 16 16 6
1829 24 23 5
1830 17 17 5
1831 27 27 9
1832 19 18 6
1833 22 22 8
1834 16 15 5
1835 19 19 5
1836 11 10 6
1837 8 8 4
1838 34 33 11
1839 17 16 4
1840 16 15 7
1841 17 16 10
1842 20 20 8
1843 12 12 6
1844 22 22 6
1845 16 15 5
1846 15 14 6
1847 14 14 6
1848 20 20 6
1849 14 14 4
1850 28 27 7
1851 31 31 11
1852 21 20 4
1853 6 5 4
1854 10 9 5
1855 17 17 5
1856 15 14 4
1857 20 19 5
1858 19 19 5
1859 19 19 5
1860 19 18 4
1861 16 15 5
1862 13 13 5
1863 15 14 6
1864 18 18 8
1865 26 26 6
1866 16 15 5
1867 15 14 6
1868 18 18 6
1869 10 9 5
1870 9 8 4
1871 12 11 7
1872 17 17 7
1873 15 14 4
1874 16 15 7
1875 19 18 6
1876 10 10 6
1877 10 10 6
1878 14 14 6
1879 14 13 7
1880 13 12 6
1881 20 20 8
1882 22 22 6
1883 22 22 10
1884 12 11 5
1885 17 16 4
1886 14 13 5
1887 27 27 7
1888 13 12 6
1889 24 24 10
1890 16 16 6
1891 14 14 4
1892 18 17 5
1893 11 11 5
1894 13 12 4
1895 18 17 5
1896 11 11 5
1897 19 18 8
1898 6 6 6
1899 17 16 8
1900 10 10 6
1901 14 14 6
1902 26 25 7
1903 9 9 5
1904 19 18 8
1905 16 15 9
1906 19 18 4
1907 18 17 7
1908 19 18 8
1909 20 20 6
1910 12 12 6
1911 12 12 6
1912 8 7 6
1913 14 13 7
1914 21 20 10
1915 18 18 4
1916 12 11 7
1917 11 11 7
1918 15 14 6
1919 12 11 5
1920 13 13 5
1921 15 14 4
1922 6 5 4
1923 18 17 5
1924 13 13 7
1925 11 11 7
1926 19 18 8
1927 6 5 4
1928 16 15 9
1929 7 6 5
1930 15 14 10
1931 14 14 6
1932 16 16 8
1933 10 9 5
1934 15 14 8
1935 6 6 6
1936 13 13 7
1937 11 10 6
1938 20 20 8
1939 10 9 5
1940 11 11 7
1941 11 10 6
1942 16 16 10
1943 6 6 6
1944 13 12 6
1945 8 7 6
1946 20 20 6
1947 6 6 6
1948 21 20 10
1949 14 14 6
1950 10 10 6
1951 12 12 8
1952 10 10 6
1953 14 14 8
1954 14 14 8
1955 16 16 8
1956 14 14 6
1957 12 11 5
1958 13 13 7
1959 15 14 8
1960 8 8 8
1961 13 12 8
1962 10 9 5
1963 9 9 5
1964 9 9 5
1965 21 21 7
1966 15 14 8
1967 12 11 5
1968 7 7 7
1969 14 14 8
1970 6 6 6
1971 13 13 9
1972 7 6 5
1973 21 20 8
1974 14 14 6
1975 14 14 6
1976 10 10 6
1977 18 17 9
1978 7 6 5
1979 21 20 10
1980 20 19 7
1981 13 12 4
1982 18 17 5
1983 13 12 6
1984 8 7 6
1985 16 16 8
1986 16 15 5
1987 15 14 8
1988 12 12 6
1989 14 13 7
1990 7 7 7
1991 18 18 10
1992 10 10 6
1993 10 10 6
1994 16 15 7
1995 15 14 4
1996 12 11 5
1997 17 17 7
1998 15 15 5
1999 11 10 6
2000 10 10 6
2001 16 16 6
2002 6 5 4
2003 20 19 9
2004 21 21 5
2005 13 12 4
2006 8 7 6
2007 12 12 8
2008 6 6 6
2009 15 14 10
2010 10 10 6
2011 32 32 8
2012 10 10 4
2013 6 5 4
2014 12 11 5
2015 11 11 5
2016 13 12 6
2017 14 13 7
2018 15 15 7
2019 15 14 6
2020 12 12 4
2021 12 11 7
2022 9 8 4
2023 16 15 9
2024 11 10 6
2025 12 12 6
2026 8 7 6
2027 10 10 4
2028 18 17 9
2029 5 5 5
2030 22 21 7
2031 15 14 6
2032 12 11 5
2033 17 17 7
2034 13 13 5
2035 13 12 4
2036 26 25 5
2037 19 19 5
2038 13 12 6
2039 14 14 6
2040 14 14 4
2041 10 9 5
2042 15 14 6
2043 28 27 7
2044 41 40 6
2045 16 16 4
2046 18 17 5
2047 15 14 4
2048 26 25 5
2049 23 22 4
2050 24 23 5
2051 27 26 6
2052 12 12 4
2053 20 19 5
2054 15 15 5
2055 17 17 5
2056 11 10 4
2057 22 21 5
2058 13 12 6
2059 28 27 7
2060 27 27 5
2061 13 13 5
2062 13 12 4
2063 12 11 7
2064 13 12 6
2065 12 12 4
2066 32 31 7
2067 17 17 5
2068 21 20 6
2069 10 9 5
2070 23 23 7
2071 15 14 8
2072 10 10 6
2073 16 16 8
2074 26 25 9
2075 19 18 8
2076 14 14 6
2077 16 16 4
2078 22 21 7
2079 15 14 6
2080 18 18 4
2081 20 19 5
2082 21 20 8
2083 16 16 6
2084 12 12 6
2085 20 20 6
2086 16 15 5
2087 15 15 5
2088 13 13 5
2089 15 14 6
2090 12 12 4
2091 38 37 9
2092 17 17 9
2093 11 10 6
2094 12 12 6
2095 12 11 5
2096 23 22 10
2097 24 23 9
2098 15 15 5
2099 21 21 11
2100 9 8 4
2101 10 9 5
2102 15 14 8
2103 18 18 8
2104 18 18 6
2105 14 14 6
2106 16 16 8
2107 12 11 5
2108 9 9 5
2109 13 13 5
2110 19 19 5
2111 15 14 6
2112 10 10 6
2113 22 21 7
2114 11 10 4
2115 20 19 11
2116 19 18 6
2117 28 27 15
2118 7 6 5
2119 15 14 6
2120 10 10 6
2121 16 16 8
2122 14 13 7
2123 17 16 8
2124 12 12 6
2125 18 17 7
2126 13 13 7
2127 15 14 6
2128 30 29 13
2129 13 12 4
2130 20 19 5
2131 11 11 5
2132 13 13 5
2133 23 23 9
2134 11 10 4
2135 14 13 7
2136 9 8 4
2137 16 15 7
2138 17 17 7
2139 19 18 6
2140 12 12 6
2141 14 14 6
2142 12 11 7
2143 13 12 8
2144 12 12 6
2145 16 16 6
2146 18 17 5
2147 17 17 7
2148 9 9 5
2149 13 12 8
2150 18 18 8
2151 12 12 6
2152 18 17 9
2153 23 23 7
2154 23 22 6
2155 20 19 9
2156 15 14 4
2157 14 13 5
2158 13 13 5
2159 15 15 9
2160 17 16 8
2161 14 14 6
2162 14 14 8
2163 24 23 5
2164 19 19 5
2165 11 11 5
2166 19 18 6
2167 16 15 5
2168 15 14 6
2169 12 12 6
2170 20 19 5
2171 13 13 5
2172 19 19 9
2173 17 16 6
2174 22 21 7
2175 9 8 4
2176 16 15 5
2177 13 13 5
2178 17 17 7
2179 25 24 10
2180 8 8 4
2181 16 15 5
2182 13 13 5
2183 21 20 8
2184 22 21 9
2185 9 8 4
2186 8 7 6
2187 20 20 8
2188 10 9 5
2189 15 14 4
2190 18 17 9
2191 15 14 6
2192 14 13 7
2193 17 17 7
2194 11 10 4
2195 24 23 5
2196 25 24 6
2197 16 15 7
2198 5 5 5
2199 14 13 5
2200 5 5 5
2201 12 11 5
2202 11 10 6
2203 20 20 6
2204 16 16 6
2205 20 20 8
2206 14 13 7
2207 13 13 5
2208 15 15 7
2209 11 11 7
2210 11 11 5
2211 15 15 7
2212 21 20 8
2213 14 14 8
2214 6 6 6
2215 17 17 7
2216 7 6 5
2217 7 6 5
2218 15 15 9
2219 19 18 6
2220 20 20 6
2221 18 17 7
2222 11 11 5
2223 21 20 8
2224 16 16 8
2225 20 20 6
2226 20 20 8
2227 14 14 8
2228 6 6 6
2229 27 26 6
2230 12 12 6
2231 22 21 5
2232 9 9 5
2233 19 18 6
2234 26 26 6
2235 10 9 5
2236 15 14 4
2237 14 13 5
2238 15 14 8
2239 16 15 5
2240 23 23 7
2241 23 22 6
2242 14 14 6
2243 8 8 4
2244 18 17 7
2245 13 13 7
2246 15 15 5
2247 17 16 6
2248 14 14 8
2249 12 12 6
2250 20 19 9
2251 15 14 4
2252 12 11 5
2253 15 15 9
2254 15 14 6
2255 16 15 7
2256 13 12 6
2257 16 15 7
2258 13 13 7
2259 19 19 5
2260 17 17 7
2261 11 10 6
2262 16 16 10
2263 6 6 6
2264 17 16 6
2265 12 12 8
2266 22 21 9
2267 15 15 9
2268 19 18 8
2269 6 5 4
2270 14 13 7
2271 11 11 5
2272 15 15 5
2273 11 11 5
2274 23 23 9
2275 9 9 5
2276 17 17 7
2277 15 15 7
2278 19 18 6
2279 10 10 4
2280 12 11 5
2281 13 13 5
2282 17 16 4
2283 24 23 7
2284 13 13 7
2285 11 10 6
2286 14 14 6
2287 14 13 7
2288 19 18 8
2289 22 22 8
2290 14 13 7
2291 21 21 7
2292 19 18 8
2293 12 12 6
2294 14 14 8
2295 12 11 7
2296 17 16 8
2297 18 17 9
2298 13 12 6
2299 16 16 6
2300 18 18 8
2301 8 7 6
2302 14 14 8
2303 8 7 6
2304 16 16 8
2305 12 11 5
2306 19 18 6
2307 14 14 6
2308 6 6 6
2309 11 10 6
2310 12 11 7
2311 17 16 10
2312 12 12 4
2313 12 11 5
2314 25 24 14
2315 6 5 4
2316 14 13 7
2317 7 6 5
2318 9 9 5
2319 15 14 10
2320 16 15 9
2321 7 6 5
2322 21 20 8
2323 12 11 5
2324 9 9 5
2325 7 7 7
2326 8 7 6
2327 12 12 8
2328 28 28 8
2329 20 20 6
2330 14 14 6
2331 18 18 6
2332 10 9 5
2333 13 12 8
2334 12 11 5
2335 15 14 6
2336 10 10 4
2337 14 13 5
2338 19 19 5
2339 11 11 5
2340 7 6 5
2341 15 14 8
2342 10 9 5
2343 23 23 9
2344 21 21 5
2345 15 14 8
2346 14 14 6
2347 18 18 4
2348 8 7 6
2349 14 14 8
2350 18 18 6
2351 28 27 7
2352 19 18 4
2353 12 11 5
2354 9 9 5
2355 17 16 8
2356 16 15 5
2357 9 8 4
2358 16 15 5
2359 19 19 9
2360 11 11 5
2361 15 14 6
2362 12 12 4
2363 12 11 7
2364 11 10 6
2365 22 21 5
2366 9 8 4
2367 24 23 5
2368 19 18 4
2369 16 15 5
2370 9 8 4
2371 14 13 5
2372 17 17 5
2373 21 20 4
2374 12 11 5
2375 11 10 6
2376 26 26 6
2377 28 28 6
2378 10 10 4
2379 18 17 5
2380 19 18 4
2381 12 11 5
2382 9 8 4
2383 14 13 5
2384 17 17 5
2385 19 18 4
2386 18 17 7
2387 17 16 6
2388 16 16 6
2389 16 16 4
2390 14 13 7
2391 13 12 4
2392 28 27 7
2393 13 12 6
2394 12 12 6
2395 14 14 6
2396 10 9 5
2397 13 12 6
2398 26 25 7
2399 19 18 6
2400 14 13 5
2401 7 7 7
2402 18 18 6
2403 14 13 5
2404 15 15 7
2405 37 37 5
2406 19 19 5
2407 13 12 4
2408 12 11 5
2409 23 23 7
2410 13 13 5
2411 13 13 5
2412 21 21 5
2413 15 15 5
2414 15 14 4
2415 14 13 7
2416 17 16 6
2417 26 26 6
2418 16 15 5
2419 11 11 5
2420 35 35 7
2421 29 28 4
2422 24 23 5
2423 23 22 4
2424 18 17 5
2425 13 12 4
2426 26 25 5
2427 33 32 6
2428 28 28 6
2429 34 33 9
2430 21 21 5
2431 21 20 6
2432 16 16 4
2433 42 41 7
2434 37 36 6
2435 38 38 8
2436 22 22 4
2437 48 47 5
2438 33 33 9
2439 17 16 6
2440 24 23 5
2441 15 14 4
2442 28 27 5
2443 21 20 4
2444 14 13 5
2445 31 30 4
2446 32 31 11
2447 29 29 5
2448 29 29 7
2449 17 17 5
2450 35 35 9
2451 21 21 5
2452 21 20 6
2453 18 18 8
2454 18 18 4
2455 36 35 13
2456 11 10 4
2457 26 25 5
2458 15 14 4
2459 22 21 5
2460 27 26 12
2461 30 29 9
2462 29 29 9
2463 23 22 6
2464 12 11 5
2465 17 16 6
2466 20 20 6
2467 34 34 6
2468 16 16 6
2469 22 22 8
2470 18 17 5
2471 33 33 9
2472 21 20 6
2473 30 30 12
2474 24 24 6
2475 22 21 9
2476 25 24 6
2477 18 18 4
2478 22 21 5
2479 19 18 4
2480 10 9 5
2481 11 10 4
2482 12 11 5
2483 15 14 6
2484 14 14 6
2485 14 14 6
2486 20 20 6
2487 24 24 8
2488 10 10 4
2489 22 21 9
2490 19 18 8
2491 14 13 5
2492 13 13 5
2493 17 17 7
2494 17 16 6
2495 8 8 4
2496 26 25 11
2497 27 27 11
2498 31 31 15
2499 15 14 6
2500 24 23 7
2501 15 15 5
2502 11 10 4
2503 16 15 7
2504 15 14 4
2505 22 21 7
2506 25 25 5
2507 23 22 6
2508 12 11 5
2509 15 14 6
2510 10 10 6
2511 12 12 6
2512 10 10 6
2513 22 22 6
2514 18 18 4
2515 14 13 5
2516 21 20 8
2517 20 19 7
2518 17 17 5
2519 15 15 5
2520 11 11 7
2521 21 20 8
2522 14 14 4
2523 12 11 5
2524 19 19 5
2525 23 23 5
2526 15 15 7
2527 17 17 7
2528 17 17 5
2529 15 15 5
2530 13 12 6
2531 16 16 6
2532 12 11 5
2533 15 15 7
2534 13 12 6
2535 14 14 8
2536 18 18 4
2537 10 9 5
2538 15 15 9
2539 19 19 7
2540 17 16 4
2541 16 15 9
2542 11 10 4
2543 14 13 7
2544 11 10 6
2545 12 12 8
2546 14 14 6
2547 20 19 7
2548 11 11 5
2549 11 11 5
2550 23 22 8
2551 14 14 6
2552 12 12 6
2553 14 13 5
2554 15 14 6
2555 10 10 6
2556 18 18 6
2557 6 5 4
2558 20 19 7
2559 15 15 7
2560 11 10 4
2561 6 5 4
2562 14 13 7
2563 15 14 8
2564 14 14 6
2565 10 10 6
2566 18 18 10
2567 10 10 4
2568 16 15 7
2569 9 8 4
2570 18 17 9
2571 17 17 5
2572 11 11 5
2573 11 11 7
2574 23 22 10
2575 12 12 4
2576 12 11 5
2577 11 11 5
2578 19 19 7
2579 11 10 6
2580 14 13 5
2581 9 8 4
2582 16 15 5
2583 11 11 7
2584 15 15 5
2585 13 13 5
2586 21 21 5
2587 11 11 5
2588 23 22 10
2589 18 18 6
2590 12 12 4
2591 10 9 5
2592 13 12 6
2593 6 5 4
2594 16 15 9
2595 21 20 10
2596 18 18 6
2597 18 18 4
2598 10 9 5
2599 11 10 4
2600 18 17 9
2601 15 14 4
2602 16 15 5
2603 13 12 4
2604 12 11 5
2605 17 17 5
2606 9 9 5
2607 13 12 6
2608 10 9 5
2609 15 15 5
2610 25 24 12
2611 16 16 6
2612 10 10 6
2613 14 14 4
2614 14 13 5
2615 11 10 4
2616 16 15 5
2617 19 18 8
2618 16 16 8
2619 16 15 7
2620 19 18 6
2621 12 12 4
2622 12 11 7
2623 11 10 6
2624 12 11 5
2625 13 12 6
2626 6 6 6
2627 11 11 7
2628 9 9 5
2629 19 19 11
2630 9 9 5
2631 15 15 7
2632 11 11 5
2633 11 11 5
2634 7 6 5
2635 17 16 8
2636 10 10 4
2637 10 9 5
2638 15 15 7
2639 17 16 4
2640 10 9 5
2641 13 12 6
2642 22 22 6
2643 14 14 8
2644 10 10 6
2645 12 11 7
2646 11 10 4
2647 14 13 7
2648 11 11 7
2649 13 13 7
2650 11 10 4
2651 18 17 9
2652 13 12 4
2653 16 15 7
2654 11 10 6
2655 22 21 7
2656 13 13 5
2657 17 16 6
2658 16 15 5
2659 21 20 8
2660 10 10 6
2661 12 12 8
2662 18 17 5
2663 21 20 4
2664 18 17 7
2665 17 16 6
2666 14 14 4
2667 12 11 5
2668 25 24 6
2669 14 14 4
2670 18 17 5
2671 11 10 4
2672 12 11 5
2673 19 18 6
2674 24 24 6
2675 36 36 6
2676 20 19 5
2677 31 30 10
2678 18 18 4
2679 18 17 5
2680 15 14 4
2681 10 9 5
2682 15 14 6
2683 14 13 5
2684 21 20 6
2685 10 10 4
2686 14 13 7
2687 13 13 7
2688 13 12 6
2689 16 15 5
2690 13 12 6
2691 8 7 6
2692 20 19 7
2693 15 14 6
2694 14 13 7
2695 15 15 7
2696 11 10 6
2697 8 7 6
2698 22 22 8
2699 14 13 5
2700 13 12 6
2701 14 13 5
2702 11 11 5
2703 17 16 6
2704 10 9 5
2705 11 11 5
2706 15 14 4
2707 16 15 7
2708 11 11 7
2709 5 5 5
2710 20 19 9
2711 29 28 6
2712 18 18 4
2713 16 15 5
2714 17 17 5
2715 13 13 5
2716 25 24 4
2717 16 15 7
2718 13 12 6
2719 8 8 4
2720 18 17 7
2721 11 10 6
2722 14 14 6
2723 16 15 5
2724 17 16 6
2725 20 19 5
2726 15 14 4
2727 10 9 5
2728 13 13 5
2729 13 13 5
2730 23 22 8
2731 14 13 5
2732 21 20 6
2733 10 9 5
2734 13 12 6
2735 12 12 6
2736 20 19 5
2737 19 19 5
2738 19 19 5
2739 11 11 5
2740 27 26 10
2741 12 11 5
2742 23 22 6
2743 10 10 4
2744 16 15 5
2745 15 14 4
2746 28 27 5
2747 15 15 5
2748 11 10 4
2749 24 23 5
2750 17 17 7
2751 9 8 4
2752 14 13 5
2753 15 14 6
2754 22 22 6
2755 22 21 5
2756 21 21 5
2757 13 13 5
2758 19 18 4
2759 18 17 5
2760 15 15 5
2761 17 17 5
2762 21 20 6
2763 18 17 7
2764 11 10 4
2765 18 17 7
2766 15 15 7
2767 11 11 5
2768 17 16 8
2769 10 9 5
2770 13 13 5
2771 17 17 9
2772 17 16 6
2773 14 13 7
2774 13 12 6
2775 16 15 7
2776 19 18 6
2777 14 13 7
2778 23 22 8
2779 12 11 7
2780 11 10 4
2781 16 15 7
2782 21 20 8
2783 10 9 5
2784 15 14 6
2785 24 23 9
2786 13 12 8
2787 12 12 4
2788 12 11 7
2789 15 14 8
2790 6 6 6
2791 25 24 8
2792 6 6 6
2793 21 21 9
2794 15 14 6
2795 12 12 8
2796 10 9 5
2797 15 14 6
2798 10 10 6
2799 16 16 8
2800 14 13 5
2801 19 19 9
2802 11 11 5
2803 17 16 10
2804 12 12 4
2805 16 15 9
2806 11 10 4
2807 14 13 7
2808 17 16 8
2809 20 19 9
2810 9 9 5
2811 11 11 5
2812 9 9 5
2813 15 14 6
2814 6 6 6
2815 15 14 8
2816 14 14 8
2817 14 14 8
2818 10 10 6
2819 12 11 7
2820 11 11 5
2821 17 17 7
2822 15 15 7
2823 17 16 6
2824 22 21 5
2825 21 20 6
2826 10 9 5
2827 11 10 6
2828 6 6 6
2829 15 14 10
2830 6 6 6
2831 19 18 6
2832 10 9 5
2833 19 18 10
2834 10 10 4
2835 12 11 5
2836 15 15 5
2837 7 6 5
2838 13 13 7
2839 15 15 9
2840 11 10 6
2841 16 15 5
2842 17 17 7
2843 13 12 6
2844 12 11 7
2845 19 19 5
2846 9 9 5
2847 21 21 11
2848 7 6 5
2849 17 16 4
2850 18 17 7
2851 21 21 7
2852 9 9 5
2853 11 11 5
2854 13 12 6
2855 14 13 7
2856 17 16 8
2857 18 18 6
2858 22 21 7
2859 9 9 5
2860 17 17 7
2861 13 12 6
2862 12 11 7
2863 19 18 6
2864 10 10 6
2865 6 6 6
2866 19 18 8
2867 12 11 5
2868 19 19 5
2869 9 8 4
2870 20 19 7
2871 13 13 7
2872 15 15 7
2873 13 12 6
2874 16 15 7
2875 25 24 8
2876 10 9 5
2877 9 9 5
2878 23 22 10
2879 6 6 6
2880 17 16 8
2881 14 13 7
2882 11 11 5
2883 11 11 5
2884 19 18 8
2885 10 9 5
2886 17 17 7
2887 15 15 7
2888 17 17 9
2889 13 12 6
2890 16 16 8
2891 22 22 4
2892 22 21 7
2893 17 17 5
2894 9 8 4
2895 12 11 5
2896 9 9 5
2897 13 12 8
2898 12 12 8
2899 10 10 6
2900 14 14 6
2901 14 14 8
2902 20 20 8
2903 10 10 6
2904 12 12 6
2905 16 15 7
2906 17 16 6
2907 14 14 8
2908 12 12 6
2909 6 5 4
2910 22 21 5
2911 11 11 5
2912 11 10 4
2913 14 13 7
2914 13 12 6
2915 18 18 6
2916 12 12 8
2917 12 12 4
2918 16 15 7
2919 23 22 8
2920 6 6 6
2921 13 12 6
2922 14 13 5
2923 9 9 5
2924 17 16 6
2925 16 16 6
2926 16 15 5
2927 21 21 5
2928 17 17 7
2929 15 15 5
2930 11 11 7
2931 11 11 5
2932 17 17 11
2933 13 12 8
2934 16 16 4
2935 12 11 5
2936 9 9 5
2937 13 13 7
2938 11 11 5
2939 15 14 8
2940 6 5 4
2941 14 13 7
2942 15 14 6
2943 26 26 6
2944 14 13 5
2945 13 12 4
2946 10 9 5
2947 13 12 6
2948 14 14 8
2949 14 14 4
2950 22 21 7
2951 17 16 6
2952 12 11 5
2953 17 16 6
2954 10 10 6
2955 10 10 4
2956 14 13 5
2957 25 24 8
2958 12 12 4
2959 12 11 5
2960 9 9 5
2961 13 12 4
2962 12 11 5
2963 15 15 5
2964 19 18 4
2965 18 17 7
2966 13 12 4
2967 18 17 7
2968 13 12 4
2969 16 15 5
2970 13 12 4
2971 22 21 5
2972 11 10 4
2973 26 25 5
2974 15 15 5
2975 23 22 4
2976 14 13 5
2977 15 14 6
2978 16 16 6
2979 10 10 4
2980 18 17 5
2981 27 26 6
2982 16 16 4
2983 18 17 7
2984 13 12 4
2985 18 17 7
2986 19 19 5
2987 23 22 8
2988 14 14 4
2989 18 17 5
2990 15 14 4
2991 18 17 5
2992 15 14 6
2993 10 9 5
2994 21 20 6
2995 16 16 4
2996 12 11 5
2997 13 12 4
2998 34 33 9
2999 17 17 5
3000 15 14 6
3001 12 12 6
3002 12 12 6
3003 6 5 4
3004 12 11 5
3005 21 21 7
3006 29 29 13
3007 17 16 8
3008 10 10 4
3009 24 23 9
3010 9 8 4
3011 30 29 11
3012 23 22 12
3013 26 26 12
3014 26 26 8
3015 20 20 8
3016 28 28 10
3017 12 12 6
3018 12 12 6
3019 14 14 4
3020 24 23 7
3021 9 9 5
3022 21 20 6
3023 12 12 4
3024 18 17 5
3025 15 15 7
3026 27 26 8
3027 20 19 7
3028 27 27 5
3029 19 18 10
3030 14 14 8
3031 8 8 4
3032 18 17 7
3033 15 14 6
3034 12 12 6
3035 22 22 6
3036 16 15 5
3037 13 13 7
3038 11 10 4
3039 10 9 5
3040 11 10 6
3041 18 18 6
3042 28 28 10
3043 10 10 4
3044 22 21 9
3045 15 15 5
3046 9 9 5
3047 11 10 6
3048 18 18 8
3049 16 16 6
3050 12 11 7
3051 11 11 5
3052 15 15 5
3053 11 11 5
3054 7 7 7
3055 20 20 8
3056 6 5 4
3057 16 15 5
3058 11 11 5
3059 17 17 7
3060 19 19 7
3061 17 16 6
3062 6 5 4
3063 18 17 7
3064 15 14 6
3065 8 8 4
3066 6 5 4
3067 14 13 9
3068 9 8 4
3069 12 11 7
3070 19 19 7
3071 13 12 6
3072 16 16 6
3073 12 12 6
3074 16 16 8
3075 14 14 6
3076 12 12 6
3077 14 14 8
3078 10 10 4
3079 18 17 5
3080 11 11 5
3081 23 22 10
3082 12 12 4
3083 12 11 7
3084 7 6 5
3085 17 16 6
3086 6 5 4
3087 16 15 9
3088 11 10 4
3089 20 19 7
3090 17 16 6
3091 16 16 6
3092 16 15 7
3093 11 10 4
3094 10 9 5
3095 11 11 5
3096 5 5 5
3097 14 13 7
3098 15 15 7
3099 13 12 6
3100 10 10 6
3101 12 12 8
3102 10 9 5
3103 5 5 5
3104 14 13 7
3105 11 11 7
3106 21 21 9
3107 13 12 6
3108 12 11 5
3109 11 10 6
3110 6 5 4
3111 12 11 7
3112 13 13 9
3113 9 8 4
3114 16 15 7
3115 15 15 7
3116 11 10 6
3117 8 8 4
3118 10 9 5
3119 13 13 9
3120 13 12 8
3121 12 11 7
3122 21 20 4
3123 24 23 7
3124 13 12 6
3125 6 6 6
3126 17 16 8
3127 10 9 5
3128 13 12 6
3129 16 15 7
3130 11 10 6
3131 12 11 7
3132 13 12 6
3133 12 11 5
3134 15 15 7
3135 7 7 7
3136 12 11 7
3137 11 11 5
3138 15 15 7
3139 25 24 6
3140 18 17 7
3141 11 11 5
3142 15 14 4
3143 12 11 7
3144 11 10 4
3145 12 11 5
3146 11 11 7
3147 19 19 7
3148 13 12 8
3149 12 11 5
3150 11 11 7
3151 15 15 7
3152 15 14 4
3153 12 11 7
3154 15 14 6
3155 6 6 6
3156 19 18 8
3157 16 16 6
3158 12 12 4
3159 8 7 6
3160 16 16 6
3161 12 12 8
3162 12 12 4
3163 8 7 6
3164 14 13 5
3165 11 11 7
3166 15 14 6
3167 16 15 7
3168 15 15 5
3169 9 9 5
3170 11 10 6
3171 12 12 6
3172 12 11 7
3173 9 8 4
3174 14 13 7
3175 9 9 5
3176 11 11 7
3177 7 6 5
3178 13 13 9
3179 11 10 6
3180 10 10 6
3181 12 11 5
3182 15 14 6
3183 10 10 6
3184 14 13 7
3185 11 10 4
3186 18 17 9
3187 5 5 5
3188 10 9 5
3189 17 17 7
3190 23 23 5
3191 23 23 5
3192 21 20 6
3193 14 13 5
3194 15 14 4
3195 8 7 6
3196 6 6 6
3197 9 9 5
3198 5 5 5
3199 14 13 7
3200 13 13 5
3201 13 12 6
3202 16 15 5
3203 15 14 6
3204 6 6 6
3205 13 12 8
3206 16 16 6
3207 16 15 5
3208 29 29 5
3209 25 25 7
3210 13 12 4
3211 14 13 5
3212 9 8 4
3213 12 11 5
3214 9 9 5
3215 19 18 6
3216 28 28 6
3217 26 25 5
3218 15 14 4
3219 14 13 5
3220 9 9 5
3221 15 15 5
3222 29 29 5
3223 19 18 6
3224 28 28 4
3225 18 17 5
3226 9 8 4
3227 18 17 5
3228 13 12 4
3229 48 47 5
3230 33 33 5
3231 25 24 4
3232 16 15 5
3233 21 20 4
3234 18 17 5
3235 29 28 4
3236 22 21 5
3237 15 14 4
3238 20 19 5
3239 23 22 6
3240 12 12 4
3241 36 35 5
3242 19 19 5
3243 21 20 4
3244 18 17 5
3245 21 21 7
3246 17 16 4
3247 18 17 5
3248 13 12 4
3249 22 21 5
3250 19 18 6
3251 22 22 6
3252 14 14 4
3253 24 23 5
3254 21 21 5
3255 27 27 7
3256 11 10 4
3257 12 11 5
3258 17 16 4
3259 20 19 7
3260 29 28 6
3261 28 27 5
3262 17 17 5
3263 15 14 6
3264 10 9 5
3265 15 14 6
3266 28 27 7
3267 37 36 10
3268 28 28 14
3269 16 15 7
3270 25 24 8
3271 24 24 4
3272 32 31 5
3273 39 38 4
3274 26 25 5
3275 31 31 5
3276 33 32 6
3277 28 28 6
3278 18 18 4
3279 30 29 5
3280 27 27 5
3281 19 18 4
3282 18 17 5
3283 27 26 8
3284 24 24 6
3285 20 20 6
3286 16 16 4
3287 28 27 9
3288 29 29 5
3289 15 14 4
3290 28 27 5
3291 37 36 10
3292 24 24 10
3293 32 32 8
3294 16 16 6
3295 16 16 6
3296 20 20 6
3297 24 23 9
3298 19 18 6
3299 32 32 10
3300 16 16 4
3301 22 21 5
3302 27 27 5
3303 15 15 5
3304 17 16 4
3305 16 15 5
3306 13 13 5
3307 11 11 5
3308 17 16 6
3309 12 11 5
3310 23 23 7
3311 11 10 4
3312 20 19 5
3313 23 23 5
3314 17 16 6
3315 28 28 8
3316 24 24 6
3317 10 10 4
3318 20 19 7
3319 17 16 6
3320 18 17 5
3321 21 21 5
3322 13 13 5
3323 19 19 5
3324 19 18 6
3325 24 24 4
3326 16 15 5
3327 11 10 4
3328 20 19 5
3329 15 14 4
3330 24 23 5
3331 13 13 5
3332 21 20 6
3333 20 19 5
3334 37 37 11
3335 15 15 5
3336 23 22 6
3337 16 15 5
3338 19 18 4
3339 18 17 7
3340 29 28 6
3341 12 12 6
3342 18 17 5
3343 25 25 5
3344 17 17 5
3345 17 17 5
3346 17 16 6
3347 18 18 4
3348 26 25 9
3349 17 16 4
3350 22 21 5
3351 23 22 6
3352 18 18 8
3353 18 18 4
3354 20 19 7
3355 23 22 6
3356 16 15 7
3357 21 21 5
3358 27 26 6
3359 18 18 4
3360 22 21 7
3361 21 20 6
3362 12 12 4
3363 14 13 5
3364 27 26 6
3365 28 27 5
3366 25 24 6
3367 20 20 6
3368 30 30 4
3369 22 21 5
3370 27 26 6
3371 28 28 4
3372 30 29 5
3373 15 14 4
3374 18 17 5
3375 27 27 5
3376 39 38 8
3377 20 19 5
3378 23 23 5
3379 47 47 9
3380 27 26 4
3381 24 23 5
3382 21 21 5
3383 27 27 5
3384 15 15 5
3385 41 40 8
3386 28 27 7
3387 23 22 4
3388 18 17 5
3389 19 19 5
3390 23 22 6
3391 12 12 6
3392 42 41 11
3393 21 21 7
3394 31 31 7
3395 19 18 6
3396 20 20 4
3397 22 21 5
3398 25 24 6
3399 18 17 5
3400 21 21 5
3401 17 16 4
3402 24 23 11
3403 11 10 4
3404 34 33 11
3405 23 22 6
3406 34 33 5
3407 27 27 7
3408 23 22 8
3409 24 23 5
3410 13 13 5
3411 15 14 6
3412 14 14 6
3413 22 21 7
3414 23 23 7
3415 23 22 6
3416 12 11 5
3417 19 18 6
3418 36 36 10
3419 20 19 5
3420 41 41 7
3421 23 22 6
3422 18 17 7
3423 17 16 4
3424 22 21 7
3425 35 35 7
3426 27 26 6
3427 24 24 6
3428 32 31 5
3429 21 20 6
3430 22 22 4
3431 42 41 7
3432 13 13 5
3433 33 32 6
3434 20 20 4
3435 18 17 5
3436 15 14 4
3437 28 27 5
3438 23 22 4
3439 24 23 7
3440 19 18 6
3441 24 23 5
3442 19 18 6
3443 20 19 9
3444 25 24 4
3445 26 25 5
3446 21 20 4
3447 14 13 5
3448 21 20 6
3449 26 26 4
3450 24 23 5
3451 33 33 7
3452 23 23 5
3453 25 24 6
3454 22 22 4
3455 20 19 5
3456 25 25 5
3457 25 24 6
3458 22 21 5
3459 33 32 6
3460 28 28 4
3461 22 21 5
3462 21 20 6
3463 16 16 6
3464 20 20 6
3465 28 28 4
3466 20 19 5
3467 37 37 5
3468 35 35 7
3469 29 29 5
3470 29 29 5
3471 29 29 5
3472 25 24 6
3473 38 37 5
3474 35 35 5
3475 27 27 5
3476 23 22 6
3477 24 24 4
3478 24 23 7
3479 27 26 4
3480 38 37 7
3481 21 20 4
3482 30 29 5
3483 21 21 7
3484 29 28 6
3485 12 12 4
3486 18 17 5
3487 23 22 8
3488 18 18 4
3489 34 33 5
3490 19 19 5
3491 9 9 5
3492 15 15 5
3493 27 26 6
3494 20 20 4
3495 16 15 5
3496 11 11 5
3497 13 12 4
3498 14 13 5
3499 11 11 5
3500 19 18 8
3501 12 12 6
3502 20 20 4
3503 16 15 5
3504 21 20 8
3505 16 15 5
3506 25 24 6
3507 10 9 5
3508 23 22 8
3509 6 6 6
3510 11 10 6
3511 12 12 4
3512 16 15 7
3513 9 9 5
3514 21 20 8
3515 22 22 6
3516 16 16 6
3517 26 25 7
3518 19 18 4
3519 14 13 5
3520 17 16 8
3521 10 10 6
3522 18 17 5
3523 13 12 6
3524 22 21 7
3525 11 10 4
3526 20 19 5
3527 19 19 7
3528 15 15 7
3529 17 17 7
3530 21 20 8
3531 22 21 7
3532 17 17 5
3533 11 11 5
3534 19 19 7
3535 9 9 5
3536 25 25 9
3537 11 10 4
3538 20 19 7
3539 17 17 7
3540 19 18 6
3541 20 20 6
3542 8 8 4
3543 22 21 9
3544 11 10 6
3545 24 24 6
3546 20 19 5
3547 13 12 4
3548 10 9 5
3549 15 15 5
3550 15 15 5
3551 17 17 5
3552 25 24 8
3553 22 22 6
3554 16 16 6
3555 20 20 6
3556 14 14 6
3557 18 17 5
3558 7 6 5
3559 13 13 7
3560 21 20 4
3561 24 23 7
3562 19 18 4
3563 14 13 5
3564 21 20 6
3565 10 9 5
3566 7 6 5
3567 19 18 6
3568 22 22 4
3569 26 25 7
3570 13 12 6
3571 34 34 6
3572 28 27 5
3573 15 14 4
3574 14 13 5
3575 19 18 6
3576 22 22 4
3577 26 25 5
3578 13 12 4
3579 20 19 5
3580 17 16 6
3581 24 23 5
3582 27 26 6
3583 18 18 4
3584 18 17 5
3585 23 22 4
3586 24 23 5
3587 19 18 4
3588 36 35 5
3589 21 20 6
3590 24 24 4
3591 20 19 5
3592 23 22 4
3593 20 19 5
3594 23 23 5
3595 23 23 5
3596 17 17 5
3597 11 10 4
3598 18 17 5
3599 17 16 6
3600 20 20 4
3601 26 25 5
3602 21 20 8
3603 18 18 8
3604 22 22 8
3605 26 26 6
3606 18 18 4
3607 24 23 7
3608 31 31 7
3609 19 19 5
3610 19 19 5
3611 15 14 4
3612 22 21 7
3613 23 22 6
3614 14 13 5
3615 19 19 7
3616 17 17 5
3617 19 18 6
3618 24 23 7
3619 25 25 5
3620 15 15 5
3621 23 23 7
3622 23 22 6
3623 8 8 4
3624 18 17 5
3625 15 14 6
3626 18 17 5
3627 11 10 4
3628 32 31 11
3629 15 14 4
3630 30 29 7
3631 17 16 6
3632 26 25 5
3633 17 17 5
3634 27 26 6
3635 10 9 5
3636 33 33 7
3637 17 17 7
3638 19 18 6
3639 16 15 5
3640 19 18 4
3641 18 17 7
3642 13 12 4
3643 28 27 7
3644 17 16 8
3645 22 21 7
3646 17 16 4
3647 20 19 9
3648 19 18 6
3649 10 10 4
3650 18 17 7
3651 17 17 9
3652 13 12 6
3653 16 16 4
3654 16 15 7
3655 13 12 4
3656 12 11 5
3657 17 16 4
3658 16 15 5
3659 23 23 7
3660 17 17 5
3661 15 15 7
3662 13 12 4
3663 12 11 5
3664 13 13 5
3665 17 17 7
3666 17 16 6
3667 16 16 6
3668 10 9 5
3669 11 11 5
3670 5 5 5
3671 18 17 7
3672 11 10 4
3673 20 19 9
3674 15 15 5
3675 23 23 9
3676 25 24 8
3677 16 16 6
3678 22 21 5
3679 19 18 4
3680 14 13 5
3681 21 20 6
3682 8 8 4
3683 22 21 7
3684 9 8 4
3685 18 17 7
3686 11 10 6
3687 14 14 4
3688 20 19 5
3689 19 18 8
3690 14 14 4
3691 20 19 7
3692 17 16 4
3693 12 11 5
3694 15 14 4
3695 26 25 7
3696 23 23 5
3697 15 14 4
3698 12 11 5
3699 9 8 4
3700 22 21 7
3701 15 15 5
3702 17 16 6
3703 22 21 7
3704 9 9 5
3705 11 11 5
3706 15 14 4
3707 14 13 7
3708 15 14 4
3709 20 19 5
3710 21 20 6
3711 6 6 6
3712 17 16 6
3713 10 10 6
3714 12 11 5
3715 7 6 5
3716 19 18 10
3717 10 10 4
3718 18 17 7
3719 13 13 5
3720 17 17 7
3721 15 15 5
3722 13 13 5
3723 13 12 6
3724 12 12 6
3725 8 8 4
3726 16 15 7
3727 7 7 7
3728 14 14 8
3729 12 11 7
3730 15 14 6
3731 18 18 6
3732 14 14 8
3733 14 14 6
3734 18 18 4
3735 16 15 7
3736 13 12 6
3737 14 13 7
3738 15 15 7
3739 17 16 6
3740 18 17 5
3741 17 17 5
3742 21 21 5
3743 13 13 5
3744 17 16 8
3745 14 14 6
3746 18 18 8
3747 6 5 4
3748 20 19 7
3749 19 18 8
3750 20 19 7
3751 15 15 5
3752 23 23 5
3753 13 13 5
3754 13 13 5
3755 11 10 4
3756 12 11 5
3757 17 17 7
3758 21 20 6
3759 10 10 6
3760 24 24 6
3761 10 10 4
3762 22 21 7
3763 21 20 6
3764 26 26 6
3765 18 17 5
3766 13 12 6
3767 20 19 5
3768 19 19 7
3769 17 16 4
3770 12 11 7
3771 11 10 6
3772 16 16 8
3773 12 12 6
3774 8 8 4
3775 18 17 9
3776 11 10 4
3777 14 13 5
3778 25 24 10
3779 14 14 6
3780 12 11 5
3781 13 12 4
3782 14 13 7
3783 21 21 7
3784 17 16 4
3785 18 17 5
3786 13 13 5
3787 15 14 6
3788 14 14 6
3789 8 8 4
3790 18 17 5
3791 19 18 4
3792 14 13 5
3793 13 12 6
3794 14 14 4
3795 14 13 5
3796 9 9 5
3797 19 19 5
3798 25 25 5
3799 17 17 5
3800 21 20 4
3801 14 13 5
3802 13 12 4
3803 20 19 5
3804 19 18 4
3805 16 15 5
3806 11 11 5
3807 15 14 4
3808 14 13 5
3809 23 22 4
3810 20 19 5
3811 13 12 4
3812 20 19 5
3813 9 8 4
3814 10 9 5
3815 25 24 6
3816 16 16 4
3817 16 15 5
3818 19 18 6
3819 16 16 4
3820 16 15 5
3821 25 25 5
3822 23 23 5
3823 19 18 6
3824 14 13 5
3825 33 32 4
3826 20 19 5
3827 19 19 5
3828 23 22 4
3829 14 13 5
3830 19 18 6
3831 28 28 4
3832 38 37 5
3833 23 22 4
3834 16 15 5
3835 33 32 8
3836 20 20 4
3837 18 17 5
3838 25 25 5
3839 17 16 6
3840 18 18 4
3841 18 17 5
3842 27 26 6
3843 18 18 8
3844 34 34 8
3845 26 25 5
3846 35 34 4
3847 24 23 5
3848 27 26 6
3849 12 12 4
3850 16 15 5
3851 33 32 4
3852 34 33 5
3853 21 20 4
3854 22 21 5
3855 25 24 6
3856 24 24 4
3857 22 21 5
3858 25 24 4
3859 14 13 5
3860 25 24 4
3861 32 31 7
3862 19 18 6
3863 16 16 6
3864 30 30 8
3865 24 24 8
3866 34 34 8
3867 12 12 4
3868 30 29 9
3869 17 17 5
3870 23 22 6
3871 18 17 7
3872 19 18 6
3873 14 14 4
3874 42 41 11
3875 27 27 11
3876 15 15 5
3877 11 10 4
3878 58 57 13
3879 27 26 4
3880 18 17 5
3881 15 14 4
3882 18 17 5
3883 11 10 4
3884 10 9 5
3885 21 20 4
3886 32 31 11
3887 31 30 14
3888 20 20 6
3889 34 33 11
3890 11 11 5
3891 21 20 6
3892 18 18 8
3893 18 18 6
3894 22 22 6
3895 20 19 7
3896 9 9 5
3897 31 30 14
3898 18 18 6
3899 16 15 7
3900 13 13 5
3901 15 15 5
3902 13 12 6
3903 28 28 10
3904 14 13 5
3905 17 16 8
3906 16 16 6
3907 32 31 11
3908 17 16 8
3909 14 14 8
3910 18 18 8
3911 28 27 13
3912 15 14 6
3913 22 22 12
3914 14 13 5
3915 27 26 8
3916 12 11 5
3917 17 17 5
3918 13 13 7
3919 23 22 10
3920 14 14 4
3921 12 11 5
3922 11 11 5
3923 11 10 6
3924 16 15 5
3925 23 23 7
3926 19 18 4
3927 16 15 7
3928 9 8 4
3929 18 17 5
3930 21 21 9
3931 17 16 6
3932 18 18 6
3933 16 16 6
3934 18 17 7
3935 13 12 4
3936 6 5 4
3937 18 17 5
3938 21 21 7
3939 9 8 4
3940 12 11 5
3941 11 11 7
3942 13 13 5
3943 9 9 5
3944 11 11 5
3945 21 20 8
3946 12 12 6
3947 16 16 6
3948 24 23 7
3949 11 11 5
3950 21 20 6
3951 10 9 5
3952 21 20 10
3953 12 11 5
3954 13 12 6
3955 6 5 4
3956 18 17 7
3957 17 16 6
3958 14 14 6
3959 16 15 5
3960 21 21 9
3961 17 16 4
3962 14 13 5
3963 13 13 5
3964 13 13 5
3965 13 13 5
3966 17 17 5
3967 15 15 5
3968 13 13 5
3969 11 11 5
3970 15 14 6
3971 24 23 5
3972 15 14 6
3973 18 18 6
3974 22 22 6
3975 20 19 7
3976 29 28 10
3977 12 11 5
3978 31 31 7
3979 19 19 5
3980 17 16 6
3981 16 16 6
3982 18 18 6
3983 14 14 4
3984 10 9 5
3985 13 12 6
3986 22 21 9
3987 17 16 6
3988 20 20 4
3989 18 17 7
3990 19 18 4
3991 12 11 5
3992 15 14 6
3993 12 12 6
3994 12 11 5
3995 21 20 6
3996 16 15 5
3997 13 12 6
3998 22 22 6
3999 16 15 5
4000 17 17 5
4001 11 11 5
4002 15 15 5
4003 19 18 4
4004 20 19 5
4005 11 11 5
4006 19 18 6
4007 10 9 5
4008 29 28 8
4009 18 18 6
4010 12 12 4
4011 12 11 5
4012 15 14 4
4013 12 11 5
4014 21 20 6
4015 16 16 6
4016 18 18 6
4017 18 18 6
4018 14 14 4
4019 22 21 11
4020 15 14 6
4021 14 13 5
4022 29 28 6
4023 8 8 4
4024 18 17 5
4025 19 19 7
4026 13 13 7
4027 19 18 4
4028 14 13 5
4029 15 15 5
4030 13 12 6
4031 16 15 5
4032 5 5 5
4033 10 9 5
4034 19 19 7
4035 21 20 8
4036 20 20 4
4037 14 13 5
4038 19 19 5
4039 15 14 4
4040 24 23 7
4041 13 12 4
4042 14 13 5
4043 17 16 8
4044 12 12 6
4045 20 20 4
4046 16 15 5
4047 17 16 6
4048 18 17 7
4049 21 21 7
4050 21 20 6
4051 24 23 7
4052 15 15 5
4053 17 17 5
4054 15 15 7
4055 15 15 5
4056 7 6 5
4057 19 18 8
4058 8 8 4
4059 16 15 7
4060 9 8 4
4061 10 9 5
4062 21 21 9
4063 11 10 6
4064 10 10 6
4065 18 18 8
4066 20 20 6
4067 10 10 6
4068 12 12 4
4069 20 19 7
4070 7 7 7
4071 14 14 8
4072 6 6 6
4073 17 16 10
4074 12 11 5
4075 15 15 9
4076 17 16 6
4077 14 13 7
4078 15 15 5
4079 19 18 8
4080 12 12 6
4081 28 27 9
4082 11 11 5
4083 15 15 7
4084 13 12 6
4085 10 9 5
4086 19 18 10
4087 20 19 7
4088 11 10 4
4089 10 9 5
4090 15 14 8
4091 6 6 6
4092 17 16 10
4093 24 24 8
4094 16 15 5
4095 17 17 9
4096 15 14 4
4097 16 15 7
4098 13 13 5
4099 9 9 5
4100 15 14 8
4101 6 5 4
4102 18 17 9
4103 17 16 8
4104 10 9 5
4105 11 11 5
4106 15 15 9
4107 7 6 5
4108 19 19 9
4109 11 10 6
4110 22 22 6
4111 14 14 8
4112 12 12 8
4113 12 12 6
4114 12 12 8
4115 6 6 6
4116 21 20 8
4117 10 9 5
4118 17 17 7
4119 13 13 5
4120 17 16 8
4121 18 17 7
4122 17 16 10
4123 14 14 6
4124 16 16 8
4125 8 8 4
4126 14 13 7
4127 15 15 7
4128 11 11 5
4129 5 5 5
4130 22 21 9
4131 7 7 7
4132 18 17 5
4133 13 12 4
4134 24 23 11
4135 9 9 5
4136 11 11 5
4137 13 13 5
4138 11 11 5
4139 11 10 4
4140 12 11 7
4141 11 11 7
4142 23 23 11
4143 11 10 4
4144 22 21 7
4145 11 11 7
4146 15 15 5
4147 17 16 8
4148 10 10 6
4149 18 17 7
4150 13 12 6
4151 18 17 5
4152 13 12 4
4153 18 17 7
4154 9 8 4
4155 24 23 7
4156 5 5 5
4157 16 15 5
4158 13 13 7
4159 19 19 9
4160 15 14 4
4161 12 11 5
4162 9 9 5
4163 15 14 8
4164 14 14 6
4165 16 15 9
4166 13 12 4
4167 10 9 5
4168 13 12 6
4169 14 13 7
4170 7 6 5
4171 23 23 7
4172 13 12 4
4173 14 13 5
4174 21 20 10
4175 14 14 6
4176 10 10 4
4177 14 13 5
4178 7 7 7
4179 16 16 10
4180 14 14 6
4181 16 16 10
4182 20 19 5
4183 9 8 4
4184 16 15 5
4185 13 13 7
4186 7 7 7
4187 16 16 8
4188 18 17 7
4189 23 22 8
4190 16 15 5
4191 19 18 4
4192 10 9 5
4193 9 8 4
4194 10 9 5
4195 17 17 11
4196 29 28 6
4197 32 32 4
4198 14 13 5
4199 11 11 5
4200 11 10 4
4201 12 11 5
4202 19 18 6
4203 32 32 4
4204 30 29 5
4205 21 20 4
4206 10 9 5
4207 11 10 4
4208 24 23 5
4209 17 16 6
4210 38 38 6
4211 24 23 7
4212 17 16 6
4213 20 20 10
4214 32 32 4
4215 10 9 5
4216 15 14 6
4217 16 16 6
4218 20 20 6
4219 22 21 5
4220 23 23 7
4221 25 25 5
4222 21 21 7
4223 21 20 6
4224 28 28 8
4225 24 24 6
4226 24 24 8
4227 32 31 7
4228 27 26 10
4229 16 16 4
4230 32 31 9
4231 17 17 7
4232 31 30 8
4233 42 42 10
4234 28 28 8
4235 14 14 6
4236 18 18 6
4237 28 27 7
4238 23 22 10
4239 32 31 13
4240 21 20 8
4241 22 21 7
4242 31 30 8
4243 16 16 4
4244 14 13 5
4245 29 29 11
4246 23 22 6
4247 30 29 9
4248 19 18 6
4249 12 11 5
4250 21 20 4
4251 16 15 5
4252 21 20 6
4253 14 13 7
4254 23 22 6
4255 26 26 14
4256 14 14 6
4257 16 16 6
4258 18 18 6
4259 18 18 8
4260 14 13 7
4261 21 20 8
4262 34 34 12
4263 28 28 14
4264 24 24 8
4265 32 32 8
4266 18 18 4
4267 22 21 13
4268 21 20 6
4269 24 23 7
4270 21 20 4
4271 18 17 5
4272 23 22 6
4273 28 28 10
4274 24 23 7
4275 21 21 9
4276 27 27 11
4277 29 28 8
4278 40 39 11
4279 33 33 13
4280 19 18 4
4281 26 25 7
4282 27 26 6
4283 20 20 6
4284 20 20 4
4285 20 19 7
4286 31 30 10
4287 14 14 4
4288 22 21 7
4289 29 28 10
4290 26 26 8
4291 32 31 9
4292 31 31 11
4293 15 15 9
4294 23 22 6
4295 18 18 8
4296 26 25 11
4297 23 23 9
4298 13 13 7
4299 9 8 4
4300 40 39 11
4301 15 14 8
4302 14 13 5
4303 17 17 5
4304 19 18 6
4305 16 16 6
4306 8 8 4
4307 12 11 5
4308 19 19 5
4309 19 18 6
4310 14 14 6
4311 12 12 4
4312 16 15 5
4313 11 11 5
4314 23 22 10
4315 8 8 4
4316 10 9 5
4317 15 14 6
4318 18 18 6
4319 20 19 5
4320 7 6 5
4321 15 14 4
4322 12 11 5
4323 13 13 7
4324 15 15 5
4325 17 16 6
4326 12 12 6
4327 18 17 5
4328 9 8 4
4329 14 13 5
4330 5 5 5
4331 22 21 9
4332 27 27 7
4333 19 18 4
4334 16 15 7
4335 15 14 6
4336 14 14 6
4337 10 9 5
4338 7 6 5
4339 17 16 6
4340 12 12 6
4341 20 19 5
4342 15 15 5
4343 15 14 4
4344 12 11 5
4345 19 18 6
4346 18 17 5
4347 19 18 8
4348 18 18 8
4349 12 11 7
4350 13 12 6
4351 18 18 4
4352 18 17 7
4353 15 15 5
4354 15 15 7
4355 21 20 6
4356 10 9 5
4357 23 22 10
4358 10 10 4
4359 20 19 7
4360 21 21 5
4361 31 30 8
4362 18 17 7
4363 19 18 4
4364 6 5 4
4365 20 19 9
4366 11 10 4
4367 22 21 7
4368 9 9 5
4369 11 10 6
4370 24 23 7
4371 21 21 5
4372 15 14 6
4373 12 12 4
4374 10 9 5
4375 21 20 6
4376 8 7 6
4377 16 16 8
4378 18 18 6
4379 16 16 6
4380 6 5 4
4381 24 23 9
4382 17 17 7
4383 15 14 6
4384 6 5 4
4385 16 15 7
4386 13 12 4
4387 14 13 5
4388 13 13 7
4389 13 12 6
4390 18 17 5
4391 11 11 7
4392 17 16 6
4393 14 14 6
4394 16 15 7
4395 13 12 6
4396 16 15 5
4397 17 17 7
4398 9 8 4
4399 16 15 5
4400 23 22 8
4401 12 11 5
4402 13 12 6
4403 10 10 6
4404 12 12 6
4405 6 6 6
4406 11 10 6
4407 22 21 5
4408 13 13 5
4409 13 12 6
4410 14 14 6
4411 6 5 4
4412 18 17 7
4413 5 5 5
4414 14 13 5
4415 13 13 5
4416 17 16 6
4417 14 14 6
4418 18 18 6
4419 6 6 6
4420 11 10 6
4421 10 9 5
4422 25 24 8
4423 14 14 4
4424 22 21 5
4425 11 11 5
4426 11 11 7
4427 15 15 5
4428 17 17 7
4429 13 13 5
4430 11 10 6
4431 14 14 6
4432 16 16 8
4433 14 13 5
4434 19 19 5
4435 9 9 5
4436 19 18 8
4437 18 18 6
4438 16 15 7
4439 7 6 5
4440 13 12 6
4441 16 15 7
4442 23 22 6
4443 18 18 6
4444 14 14 6
4445 10 9 5
4446 25 24 8
4447 12 11 5
4448 11 11 5
4449 9 8 4
4450 12 11 5
4451 13 13 5
4452 9 9 5
4453 15 15 7
4454 19 19 7
4455 15 14 4
4456 16 15 5
4457 11 11 5
4458 17 16 6
4459 10 9 5
4460 23 22 4
4461 12 11 5
4462 15 15 5
4463 11 10 6
4464 10 9 5
4465 19 18 6
4466 22 21 5
4467 13 13 7
4468 11 10 4
4469 22 21 5
4470 17 16 6
4471 18 18 6
4472 20 19 7
4473 21 20 6
4474 10 10 4
4475 18 17 5
4476 13 12 4
4477 14 13 5
4478 17 17 5
4479 29 28 6
4480 20 20 4
4481 20 19 5
4482 17 16 4
4483 18 17 5
4484 25 24 6
4485 18 17 5
4486 13 12 4
4487 18 17 5
4488 21 21 5
4489 17 17 7
4490 17 16 4
4491 28 27 5
4492 49 48 6
4493 26 26 4
4494 16 15 5
4495 21 20 6
4496 20 20 4
4497 22 21 5
4498 37 36 4
4499 34 33 7
4500 19 18 4
4501 18 17 5
4502 25 24 4
4503 18 17 5
4504 23 23 5
4505 23 23 5
4506 15 15 5
4507 21 20 6
4508 24 24 4
4509 22 21 5
4510 17 16 6
4511 24 24 6
4512 28 28 8
4513 12 12 4
4514 16 15 5
4515 17 17 5
4516 17 17 5
4517 21 20 6
4518 26 25 5
4519 21 21 7
4520 15 14 6
4521 38 38 10
4522 24 24 8
4523 18 18 4
4524 38 37 5
4525 21 20 6
4526 20 20 4
4527 18 17 5
4528 19 19 9
4529 21 21 5
4530 19 19 5
4531 19 19 7
4532 25 24 8
4533 30 30 6
4534 24 24 6
4535 48 47 9
4536 21 20 4
4537 16 15 5
4538 9 8 4
4539 20 19 5
4540 19 19 5
4541 25 24 6
4542 32 32 6
4543 24 24 6
4544 16 15 5
4545 17 16 8
4546 18 17 5
4547 21 20 6
4548 28 28 4
4549 26 25 7
4550 19 18 6
4551 22 22 8
4552 22 21 5
4553 31 30 6
4554 26 26 6
4555 24 23 5
4556 35 35 13
4557 21 20 8
4558 20 19 5
4559 17 16 6
4560 16 16 6
4561 20 19 9
4562 27 26 12
4563 16 15 5
4564 29 29 5
4565 13 13 5
4566 39 38 12
4567 16 15 5
4568 33 32 8
4569 18 17 5
4570 17 16 8
4571 12 12 4
4572 26 25 11
4573 13 12 6
4574 20 20 6
4575 14 14 4
4576 48 47 19
4577 25 25 5
4578 17 17 7
4579 15 15 5
4580 15 15 5
4581 13 12 6
4582 16 15 5
4583 15 15 5
4584 23 22 6
4585 12 12 4
4586 26 25 5
4587 7 7 7
4588 18 18 6
4589 22 21 9
4590 19 18 8
4591 10 10 4
4592 24 23 5
4593 21 20 6
4594 18 18 8
4595 12 12 6
4596 18 18 6
4597 20 19 7
4598 23 22 6
4599 26 25 5
4600 17 16 4
4601 18 17 5
4602 13 12 6
4603 6 6 6
4604 19 18 8
4605 8 8 4
4606 28 27 5
4607 13 13 9
4608 17 16 6
4609 18 18 8
4610 12 12 4
4611 14 13 7
4612 15 14 6
4613 14 13 7
4614 13 13 5
4615 23 22 8
4616 16 16 6
4617 12 12 6
4618 20 20 8
4619 12 12 6
4620 28 27 11
4621 11 11 5
4622 21 20 8
4623 12 12 6
4624 18 18 8
4625 10 10 6
4626 14 13 7
4627 13 12 6
4628 6 6 6
4629 15 14 8
4630 10 10 6
4631 18 18 6
4632 10 10 6
4633 12 12 6
4634 12 11 5
4635 17 16 8
4636 10 10 4
4637 20 19 7
4638 15 14 4
4639 30 29 11
4640 17 16 6
4641 22 21 7
4642 19 18 6
4643 18 18 6
4644 6 6 6
4645 13 12 6
4646 14 13 5
4647 13 13 5
4648 11 10 4
4649 18 17 9
4650 23 22 6
4651 12 12 6
4652 10 10 4
4653 14 13 7
4654 13 13 7
4655 15 15 7
4656 15 14 6
4657 12 12 6
4658 12 12 6
4659 14 14 6
4660 20 19 7
4661 17 17 11
4662 13 12 4
4663 10 9 5
4664 13 13 7
4665 21 20 8
4666 16 15 7
4667 19 18 6
4668 12 12 6
4669 16 15 5
4670 5 5 5
4671 16 15 9
4672 15 14 6
4673 18 18 8
4674 10 10 6
4675 12 12 6
4676 6 5 4
4677 20 19 7
4678 13 13 7
4679 15 14 6
4680 14 13 7
4681 7 7 7
4682 14 14 8
4683 14 13 7
4684 17 17 7
4685 17 17 9
4686 11 10 6
4687 24 23 5
4688 13 13 5
4689 13 13 5
4690 23 22 6
4691 16 16 6
4692 8 8 4
4693 10 9 5
4694 19 18 8
4695 20 20 6
4696 18 18 6
4697 6 5 4
4698 28 27 11
4699 23 22 10
4700 14 13 7
4701 11 10 6
4702 18 17 7
4703 9 8 4
4704 16 15 9
4705 13 12 6
4706 18 18 8
4707 8 8 4
4708 12 11 5
4709 11 11 5
4710 27 26 10
4711 10 10 6
4712 18 18 4
4713 24 23 7
4714 23 23 11
4715 15 14 4
4716 18 17 5
4717 9 8 4
4718 6 5 4
4719 14 13 5
4720 13 12 6
4721 16 15 5
4722 13 12 6
4723 18 17 7
4724 15 14 4
4725 14 13 5
4726 13 13 5
4727 17 17 5
4728 13 13 5
4729 11 10 4
4730 12 11 7
4731 15 14 6
4732 14 14 10
4733 10 9 5
4734 9 8 4
4735 16 15 5
4736 23 23 7
4737 7 7 7
4738 12 12 6
4739 10 10 6
4740 6 6 6
4741 15 15 5
4742 15 15 5
4743 15 14 8
4744 8 7 6
4745 18 18 6
4746 12 11 5
4747 15 14 6
4748 6 6 6
4749 25 25 9
4750 13 13 5
4751 13 13 5
4752 15 15 5
4753 11 10 6
4754 8 8 4
4755 12 11 7
4756 9 8 7
4757 17 16 8
4758 12 12 6
4759 14 14 6
4760 12 11 7
4761 13 13 5
4762 9 9 5
4763 13 13 7
4764 11 11 5
4765 13 13 5
4766 9 9 5
4767 13 13 5
4768 9 8 4
4769 6 5 4
4770 18 17 9
4771 15 14 6
4772 18 18 8
4773 16 15 7
4774 9 8 4
4775 18 17 9
4776 17 16 8
4777 12 12 6
4778 20 19 9
4779 17 16 8
4780 8 8 4
4781 14 13 5
4782 19 18 8
4783 14 14 6
4784 12 12 6
4785 16 15 5
4786 17 17 9
4787 19 18 6
4788 18 17 9
4789 15 15 5
4790 19 18 6
4791 6 5 4
4792 16 15 5
4793 7 7 7
4794 10 10 6
4795 12 11 5
4796 13 13 7
4797 15 15 7
4798 13 12 6
4799 6 6 6
4800 17 16 8
4801 12 12 6
4802 22 21 9
4803 23 22 6
4804 14 14 8
4805 12 12 4
4806 16 15 5
4807 11 11 5
4808 13 12 8
4809 16 16 6
4810 10 10 6
4811 6 5 4
4812 12 11 5
4813 11 11 7
4814 11 10 6
4815 10 10 6
4816 16 15 5
4817 17 16 6
4818 20 20 6
4819 20 19 7
4820 13 13 9
4821 9 8 4
4822 16 15 7
4823 13 12 8
4824 16 16 10
4825 8 8 4
4826 14 13 5
4827 15 14 8
4828 12 12 6
4829 14 14 6
4830 6 6 6
4831 11 11 7
4832 13 12 6
4833 14 14 8
4834 10 10 6
4835 10 10 6
4836 14 13 7
4837 23 22 8
4838 12 11 5
4839 21 20 8
4840 16 16 6
4841 16 16 4
4842 12 11 5
4843 17 16 6
4844 10 10 4
4845 18 17 11
4846 11 11 5
4847 15 14 4
4848 20 19 5
4849 13 12 6
4850 18 18 6
4851 12 12 6
4852 14 14 6
4853 12 12 6
4854 26 25 7
4855 19 18 4
4856 12 11 5
4857 15 14 4
4858 30 29 5
4859 15 15 5
4860 27 26 4
4861 14 13 5
4862 11 10 6
4863 22 22 4
4864 18 17 5
4865 17 16 4
4866 14 13 5
4867 13 12 4
4868 22 21 9
4869 15 14 4
4870 18 17 5
4871 11 10 4
4872 6 5 4
4873 18 17 5
4874 27 27 5
4875 9 9 5
4876 19 18 10
4877 16 15 5
4878 15 15 5
4879 19 18 6
4880 18 17 5
4881 21 20 8
4882 20 20 10
4883 16 16 8
4884 12 12 6
4885 12 11 5
4886 11 11 5
4887 17 17 7
4888 11 10 6
4889 10 10 4
4890 14 13 7
4891 13 12 4
4892 14 13 5
4893 17 17 5
4894 15 15 5
4895 11 10 4
4896 30 29 9
4897 11 11 5
4898 13 12 4
4899 8 7 6
4900 18 17 5
4901 13 13 5
4902 11 11 5
4903 13 13 5
4904 19 19 5
4905 13 13 5
4906 15 14 6
4907 10 10 6
4908 14 14 6
4909 14 13 5
4910 21 21 9
4911 21 21 5
4912 21 20 6
4913 12 12 6
4914 16 16 8
4915 16 16 4
4916 16 15 5
4917 19 18 6
4918 14 14 4
4919 16 15 5
4920 9 8 4
4921 14 13 7
4922 11 11 7
4923 7 6 5
4924 15 15 5
4925 15 14 6
4926 12 12 6
4927 12 11 7
4928 7 6 5
4929 15 15 9
4930 15 14 8
4931 12 12 4
4932 18 17 5
4933 13 12 6
4934 8 8 4
4935 14 13 7
4936 11 10 6
4937 16 16 6
4938 18 18 10
4939 18 18 4
4940 14 13 5
4941 11 11 5
4942 13 12 4
4943 14 13 7
4944 13 12 6
4945 10 10 6
4946 14 13 5
4947 17 17 5
4948 9 8 4
4949 16 15 5
4950 19 18 4
4951 12 11 5
4952 11 10 4
4953 14 13 5
4954 19 19 5
4955 15 15 5
4956 9 8 4
4957 14 13 5
4958 13 13 5
4959 21 20 8
4960 10 10 4
4961 18 17 5
4962 15 14 6
4963 12 12 6
4964 6 5 4
4965 22 21 7
4966 13 12 6
4967 14 13 5
4968 11 11 7
4969 19 19 7
4970 13 12 6
4971 14 14 6
4972 6 6 6
4973 15 14 6
4974 20 19 5
4975 15 15 5
4976 13 13 5
4977 21 21 5
4978 9 9 5
4979 15 14 8
4980 12 12 6
4981 14 14 4
4982 16 15 5
4983 19 19 7
4984 15 14 4
4985 14 13 5
4986 5 5 5
4987 16 15 7
4988 15 14 6
4989 12 11 5
4990 7 7 7
4991 22 22 10
4992 6 6 6
4993 19 18 8
4994 20 20 8
4995 12 11 7
4996 15 15 7
4997 17 17 5
4998 5 5 5
4999 14 13 9
