0 272 271 83
1 153 153 84
2 136 136 84
3 84 84 84
4 119 119 84
5 152 152 83
6 135 135 83
7 169 169 83
8 271 271 83
9 237 237 83
10 187 187 84
11 220 220 83
12 169 169 83
13 119 119 84
14 102 102 84
15 220 220 83
16 187 187 84
17 220 220 83
18 101 101 83
19 101 101 83
20 135 135 83
21 153 153 84
22 152 152 83
23 153 153 84
24 204 204 84
25 220 220 83
26 203 203 83
27 153 153 84
28 186 186 83
29 221 221 84
30 136 136 84
31 152 152 83
32 187 187 84
33 204 204 84
34 136 136 84
35 118 118 83
36 135 135 83
37 153 153 84
38 118 118 83
39 221 221 84
40 170 170 84
41 254 254 83
42 203 203 83
43 169 169 83
44 187 187 84
45 288 288 83
46 441 441 83
47 305 305 83
48 255 255 84
49 170 170 84
50 186 186 83
51 255 255 84
52 306 306 84
53 306 306 84
54 238 238 84
55 220 220 83
56 237 237 83
57 255 255 84
58 322 322 83
59 271 271 83
60 203 203 83
61 153 153 84
62 220 220 83
63 187 187 84
64 152 152 83
65 255 255 84
66 220 220 83
67 271 271 83
68 187 187 84
69 340 340 84
70 220 220 83
71 237 237 83
72 237 237 83
73 203 203 83
74 221 221 84
75 118 118 83
76 203 203 83
77 289 289 84
78 254 254 83
79 255 255 84
80 220 220 83
81 271 271 83
82 255 255 84
83 170 170 84
84 322 322 83
85 305 305 83
86 289 289 84
87 272 272 84
88 254 254 83
89 323 323 84
90 288 288 83
91 237 237 83
92 153 153 84
93 272 272 84
94 136 136 84
95 306 306 84
96 220 220 83
97 169 169 83
98 305 305 83
99 135 135 83
100 237 237 83
101 255 255 84
102 340 340 84
103 238 238 84
104 238 238 84
105 288 288 83
106 221 221 84
107 170 170 84
108 272 272 84
109 186 186 83
110 187 187 84
111 288 288 83
112 221 221 84
113 186 186 83
114 305 305 83
115 153 153 84
116 118 118 83
117 305 305 83
118 119 119 84
119 170 170 84
120 220 220 83
121 203 203 83
122 255 255 84
123 136 136 84
124 220 220 83
125 135 135 83
126 169 169 83
127 237 237 83
128 135 135 83
129 237 237 83
130 221 221 84
131 238 238 84
132 272 272 84
133 220 220 83
134 203 203 83
135 203 203 83
136 203 203 83
137 237 237 83
138 203 203 83
139 255 255 84
140 220 220 83
141 203 203 83
142 305 305 83
143 221 221 84
144 204 204 84
145 204 204 84
146 272 272 84
147 288 288 83
148 169 169 83
149 221 221 84
150 220 220 83
151 169 169 83
152 203 203 83
153 237 237 83
154 169 169 83
155 187 187 84
156 204 204 84
157 152 152 83
158 221 221 84
159 220 220 83
160 153 153 84
161 152 152 83
162 203 203 83
163 221 221 84
164 204 204 84
165 204 204 84
166 152 152 83
167 187 187 84
168 170 170 84
169 220 220 83
170 153 153 84
171 118 118 83
172 135 135 83
173 153 153 84
174 288 288 83
175 203 203 83
176 169 169 83
177 119 119 84
178 152 152 83
179 169 169 83
180 187 187 84
181 102 102 84
182 136 136 84
183 288 288 83
184 119 119 84
185 220 220 83
186 169 169 83
187 169 169 83
188 135 135 83
189 203 203 83
190 153 153 84
191 136 136 84
192 152 152 83
193 169 169 83
194 119 119 84
195 136 136 84
196 186 186 83
197 255 255 84
198 220 220 83
199 169 169 83
200 169 169 83
201 85 85 85
202 136 136 84
203 204 204 84
204 152 152 83
205 119 119 84
206 152 152 83
207 119 119 84
208 152 152 83
209 237 237 83
210 153 153 84
211 118 118 83
212 153 153 84
213 186 186 83
214 135 135 83
215 153 153 84
216 136 136 84
217 152 152 83
218 237 237 83
219 221 221 84
220 152 152 83
221 153 153 84
222 118 118 83
223 101 101 83
224 119 119 84
225 186 186 83
226 85 85 85
227 186 186 83
228 187 187 84
229 170 170 84
230 152 152 83
231 153 153 84
232 254 254 83
233 135 135 83
234 221 221 84
235 102 102 84
236 136 136 84
237 186 186 83
238 101 101 83
239 135 135 83
240 101 101 83
241 119 119 84
242 118 118 83
243 169 169 83
244 135 135 83
245 101 101 83
246 119 119 84
247 186 186 83
248 169 169 83
249 237 237 83
250 169 169 83
251 169 169 83
252 119 119 84
253 118 118 83
254 203 203 83
255 135 135 83
256 221 221 84
257 220 220 83
258 203 203 83
259 187 187 84
260 118 118 83
261 135 135 83
262 135 135 83
263 169 169 83
264 255 255 84
265 170 170 84
266 186 186 83
267 119 119 84
268 186 186 83
269 153 153 84
270 118 118 83
271 119 119 84
272 152 152 83
273 135 135 83
274 153 153 84
275 204 204 84
276 152 152 83
277 221 221 84
278 136 136 84
279 272 272 84
280 186 186 83
281 255 255 84
282 170 170 84
283 170 170 84
284 170 170 84
285 186 186 83
286 101 101 83
287 289 289 84
288 152 152 83
289 187 187 84
290 136 136 84
291 288 288 83
292 187 187 84
293 152 152 83
294 153 153 84
295 204 204 84
296 220 220 83
297 153 153 84
298 204 204 84
299 170 170 84
300 118 118 83
301 153 153 84
302 152 152 83
303 255 255 84
304 186 186 83
305 221 221 84
306 118 118 83
307 237 237 83
308 169 169 83
309 255 255 84
310 170 170 84
311 136 136 84
312 118 118 83
313 187 187 84
314 152 152 83
315 221 221 84
316 220 220 83
317 187 187 84
318 152 152 83
319 119 119 84
320 118 118 83
321 203 203 83
322 187 187 84
323 136 136 84
324 220 220 83
325 169 169 83
326 153 153 84
327 204 204 84
328 136 136 84
329 136 136 84
330 272 272 84
331 186 186 83
332 255 255 84
333 186 186 83
334 135 135 83
335 85 85 85
336 152 152 83
337 169 169 83
338 187 187 84
339 254 254 83
340 221 221 84
341 102 102 84
342 118 118 83
343 153 153 84
344 118 118 83
345 153 153 84
346 186 186 83
347 289 289 84
348 152 152 83
349 101 101 83
350 169 169 83
351 135 135 83
352 119 119 84
353 186 186 83
354 153 153 84
355 220 220 83
356 187 187 84
357 152 152 83
358 119 119 84
359 170 170 84
360 118 118 83
361 237 237 83
362 169 169 83
363 237 237 83
364 203 203 83
365 169 169 83
366 237 237 83
367 153 153 84
368 204 204 84
369 204 204 84
370 238 238 84
371 118 118 83
372 169 169 83
373 119 119 84
374 152 152 83
375 203 203 83
376 153 153 84
377 204 204 84
378 238 238 84
379 220 220 83
380 101 101 83
381 169 169 83
382 255 255 84
383 152 152 83
384 187 187 84
385 220 220 83
386 169 169 83
387 357 357 84
388 306 306 84
389 272 272 84
390 306 306 84
391 170 170 84
392 186 186 83
393 153 153 84
394 238 238 84
395 238 238 84
396 254 254 83
397 135 135 83
398 135 135 83
399 153 153 84
400 152 152 83
401 255 255 84
402 220 220 83
403 289 289 84
404 170 170 84
405 118 118 83
406 237 237 83
407 187 187 84
408 238 238 84
409 204 204 84
410 186 186 83
411 135 135 83
412 221 221 84
413 136 136 84
414 306 306 84
415 288 288 83
416 305 305 83
417 153 153 84
418 186 186 83
419 271 271 83
420 289 289 84
421 186 186 83
422 101 101 83
423 187 187 84
424 204 204 84
425 254 254 83
426 373 373 83
427 237 237 83
428 187 187 84
429 152 152 83
430 221 221 84
431 220 220 83
432 323 323 84
433 306 306 84
434 220 220 83
435 135 135 83
436 289 289 84
437 152 152 83
438 271 271 83
439 357 357 84
440 322 322 83
441 305 305 83
442 289 289 84
443 306 306 84
444 322 322 83
445 339 339 83
446 255 255 84
447 306 306 84
448 254 254 83
449 339 339 83
450 169 169 83
451 255 255 84
452 220 220 83
453 459 459 84
454 340 340 84
455 442 442 84
456 424 424 83
457 255 255 84
458 322 322 83
459 305 305 83
460 441 441 83
461 425 425 84
462 272 272 84
463 322 322 83
464 271 271 83
465 339 339 83
466 459 459 84
467 458 458 83
468 323 323 84
469 374 374 84
470 390 390 83
471 425 425 84
472 390 390 83
473 323 323 84
474 408 408 84
475 238 238 84
476 374 374 84
477 424 424 83
478 255 255 84
479 476 476 84
480 356 356 83
481 493 493 84
482 390 390 83
483 391 391 84
484 458 458 83
485 357 357 84
486 390 390 83
487 339 339 83
488 407 407 83
489 373 373 83
490 425 425 84
491 306 306 84
492 424 424 83
493 323 323 84
494 442 442 84
495 356 356 83
496 357 357 84
497 340 340 84
498 340 340 84
499 306 306 84
