0 125 117 102
1 110 107 102
2 114 111 104
3 132 123 104
4 116 111 102
5 118 112 101
6 123 117 104
7 112 109 102
8 122 115 102
9 124 117 104
10 112 109 102
11 108 106 101
12 105 105 105
13 106 105 102
14 112 109 102
15 116 112 105
16 113 109 102
17 128 121 106
18 108 106 101
19 111 108 101
20 115 111 102
21 110 107 102
22 114 110 101
23 115 112 105
24 105 104 101
25 109 107 102
26 114 111 104
27 106 104 101
28 107 106 103
29 115 111 102
30 114 110 103
31 111 108 101
32 105 104 101
33 107 106 103
34 111 109 104
35 110 108 103
36 113 109 102
37 102 102 102
38 125 119 106
39 114 110 101
40 109 107 102
41 112 109 102
42 112 108 101
43 107 106 103
44 109 107 102
45 112 109 104
46 112 108 101
47 109 107 102
48 126 118 101
49 109 107 102
50 118 113 102
51 124 117 102
52 104 103 102
53 116 112 105
54 103 102 101
55 105 104 101
56 115 112 105
57 119 113 102
58 130 121 102
59 120 115 104
60 126 118 103
61 117 112 103
62 115 110 101
63 143 130 103
64 139 127 104
65 146 132 103
66 129 120 103
67 117 112 103
68 113 109 102
69 126 118 103
70 117 112 101
71 123 117 104
72 130 121 102
73 126 119 104
74 108 106 101
75 123 117 104
76 116 112 103
77 131 122 105
78 129 121 104
79 116 112 103
80 123 116 103
81 109 107 102
82 136 126 105
83 127 118 101
84 125 118 103
85 129 121 104
86 152 136 103
87 143 130 103
88 117 112 103
89 121 114 101
90 131 122 103
91 147 132 103
92 125 117 102
93 142 129 102
94 132 122 103
95 125 118 103
96 127 119 104
97 128 119 102
98 124 117 102
99 120 114 101
