0 22 21 5
1 11 10 4
2 14 13 5
3 27 26 6
4 16 15 5
5 19 18 6
6 22 22 8
7 14 14 6
8 20 20 6
9 20 20 6
10 14 14 6
11 10 10 4
12 6 5 4
13 10 9 5
14 13 12 4
15 16 15 7
16 13 13 5
17 23 22 6
18 12 11 5
19 15 15 7
20 17 16 6
21 12 11 5
22 15 14 4
23 14 13 5
24 11 10 6
25 10 10 4
26 14 13 5
27 9 8 4
28 12 11 7
29 21 20 10
30 14 13 5
31 13 13 5
32 11 10 6
33 10 9 5
34 11 11 5
35 11 11 5
36 13 12 4
37 6 5 4
38 22 21 7
39 15 15 5
40 13 12 6
41 14 14 6
42 14 14 6
43 8 8 4
44 12 11 5
45 13 12 6
46 14 14 6
47 12 12 6
48 24 24 6
49 10 10 4
50 20 19 7
51 21 21 5
52 7 6 5
53 13 12 4
54 8 7 6
55 10 10 6
56 12 12 4
57 18 17 5
58 27 26 6
59 20 19 7
60 23 23 7
61 15 14 4
62 16 15 5
63 33 32 4
64 30 29 5
65 37 36 6
66 26 26 8
67 14 14 4
68 14 13 5
69 21 21 5
70 17 16 4
71 22 21 7
72 25 25 5
73 27 27 11
74 13 12 6
75 20 20 6
76 14 14 4
77 30 29 11
78 25 24 6
79 14 14 4
80 20 19 5
81 11 11 5
82 29 28 6
83 24 24 6
84 22 21 5
85 25 25 7
86 43 42 8
87 36 36 8
88 16 15 5
89 19 18 4
90 28 27 7
91 39 38 8
92 22 21 5
93 35 35 7
94 25 25 5
95 21 20 4
96 26 25 9
97 25 24 6
98 22 22 6
99 20 20 6
100 24 24 6
101 20 20 4
102 30 29 5
103 21 20 4
104 18 17 5
105 13 13 5
106 17 17 5
107 27 26 6
108 18 18 4
109 22 21 7
110 19 19 7
111 27 27 7
112 19 18 4
113 20 19 5
114 33 33 9
115 21 20 6
116 26 26 10
117 30 30 6
118 22 22 6
119 28 27 7
120 13 12 4
121 18 17 5
122 19 19 7
123 33 32 4
124 24 23 7
125 31 30 8
126 28 27 9
127 37 36 8
128 28 28 6
129 16 16 4
130 18 17 7
131 25 24 8
132 20 19 7
133 21 21 9
134 29 28 8
135 32 31 7
136 19 19 7
137 15 15 5
138 25 24 6
139 20 20 4
140 18 17 5
141 27 26 6
142 24 23 7
143 35 35 9
144 21 20 6
145 24 23 5
146 15 15 7
147 23 22 8
148 20 20 6
149 24 24 10
150 28 27 5
151 27 27 7
152 25 24 6
153 26 25 5
154 17 17 5
155 33 32 6
156 18 18 6
157 28 27 7
158 17 17 5
159 31 30 8
160 26 26 8
161 20 19 5
162 31 30 6
163 30 29 5
164 23 23 7
165 15 15 5
166 17 16 4
167 20 19 5
168 31 30 6
169 26 25 5
170 19 19 5
171 27 27 9
172 27 26 8
173 20 20 4
174 30 29 5
175 25 25 11
176 27 26 8
177 34 34 4
178 30 29 7
179 29 29 5
180 27 26 6
181 28 28 8
182 26 25 7
183 29 29 7
184 31 30 10
185 30 29 5
186 31 31 5
187 29 29 7
188 27 26 6
189 22 22 6
190 30 30 6
191 28 28 8
192 14 13 5
193 15 15 5
194 19 19 7
195 19 18 6
196 30 29 13
197 21 21 7
198 27 27 7
199 27 26 6
200 12 12 4
201 24 23 7
202 23 23 5
203 23 23 5
204 17 17 5
205 21 20 4
206 28 27 7
207 17 17 5
208 37 36 6
209 26 25 7
210 19 18 4
211 20 19 5
212 29 28 6
213 44 43 9
214 21 20 6
215 22 22 6
216 20 19 5
217 31 31 7
218 23 23 7
219 15 15 5
220 23 22 6
221 18 18 6
222 20 20 6
223 24 24 4
224 24 23 5
225 21 21 5
226 35 35 11
227 37 36 10
228 22 21 7
229 25 25 5
230 27 26 6
231 28 28 6
232 16 15 5
233 19 18 4
234 20 19 5
235 35 35 9
236 25 24 4
237 28 27 7
238 15 15 5
239 23 23 5
240 23 23 5
241 23 23 5
242 17 17 5
243 35 35 7
244 13 12 4
245 10 9 5
246 15 14 4
247 18 17 7
248 25 24 6
249 18 17 5
250 11 11 5
251 9 8 4
252 12 11 5
253 13 13 5
254 13 13 5
255 9 8 4
256 10 9 5
257 15 14 4
258 14 13 5
259 21 20 8
260 16 16 4
261 12 11 5
262 15 15 5
263 9 9 5
264 23 22 8
265 8 8 4
266 22 21 7
267 25 24 8
268 20 19 5
269 29 28 6
270 18 18 6
271 22 22 8
272 16 16 4
273 16 15 5
274 11 10 4
275 18 17 5
276 19 19 5
277 23 22 6
278 16 16 6
279 20 19 5
280 21 21 5
281 15 15 5
282 13 12 4
283 44 43 9
284 21 20 4
285 18 17 5
286 23 22 4
287 16 15 5
288 13 12 4
289 16 15 5
290 23 22 8
291 22 22 6
292 28 28 6
293 10 9 5
294 21 20 6
295 14 14 4
296 22 21 5
297 37 36 4
298 34 33 7
299 21 20 4
300 32 31 5
301 57 56 12
302 24 24 6
303 28 28 6
304 36 35 9
305 37 36 8
306 42 41 5
307 47 47 13
308 45 44 8
309 34 33 5
310 35 35 7
311 39 38 8
312 18 17 5
313 39 39 7
314 29 29 7
315 23 22 6
316 38 38 12
317 26 26 12
318 24 24 6
319 22 22 6
320 46 46 8
321 38 38 8
322 46 45 9
323 51 50 8
324 44 43 11
325 19 19 7
326 29 29 5
327 27 27 5
328 37 37 9
329 35 34 10
330 24 24 6
331 24 23 7
332 27 26 6
333 22 21 5
334 13 12 6
335 10 10 4
336 18 17 7
337 23 22 4
338 16 15 5
339 19 18 6
340 30 30 4
341 24 23 7
342 9 9 5
343 17 16 6
344 20 20 6
345 26 26 6
346 16 16 4
347 20 19 5
348 27 26 8
349 18 18 6
350 26 26 8
351 14 14 4
352 16 15 5
353 9 8 4
354 16 15 5
355 17 17 5
356 25 24 6
357 14 14 6
358 10 10 4
359 22 21 5
360 21 20 4
361 14 13 5
362 11 10 4
363 22 21 5
364 19 19 7
365 19 18 6
366 14 14 4
367 26 25 5
368 15 15 5
369 25 25 5
370 13 13 5
371 21 21 5
372 15 14 4
373 20 19 5
374 21 21 7
375 19 18 6
376 16 16 4
377 14 13 7
378 19 18 6
379 16 16 4
380 28 27 5
381 15 15 5
382 13 12 6
383 16 15 5
384 21 20 6
385 14 13 5
386 25 25 5
387 13 12 4
388 18 17 5
389 17 17 5
390 19 19 7
391 15 14 6
392 12 11 5
393 15 14 4
394 16 15 5
395 23 22 6
396 18 18 4
397 22 21 5
398 17 16 6
399 12 11 7
400 9 8 4
401 18 17 5
402 11 10 4
403 16 15 5
404 13 12 6
405 12 11 5
406 5 5 5
407 10 9 5
408 13 12 6
409 26 25 7
410 11 10 6
411 8 8 4
412 10 9 5
413 11 11 5
414 17 16 6
415 20 19 5
416 19 19 7
417 17 16 6
418 12 11 5
419 13 13 5
420 9 9 5
421 13 12 4
422 12 11 5
423 15 14 6
424 10 10 4
425 22 21 7
426 11 10 4
427 12 11 5
428 13 13 5
429 15 15 5
430 15 15 5
431 11 11 5
432 25 24 8
433 30 29 5
434 23 22 4
435 26 25 5
436 15 15 5
437 9 9 5
438 13 12 4
439 18 17 7
440 19 18 8
441 14 13 5
442 23 22 6
443 20 20 4
444 20 19 7
445 11 11 5
446 9 8 4
447 18 17 5
448 11 10 4
449 10 9 5
450 19 18 6
451 10 10 4
452 18 17 5
453 9 9 5
454 17 16 6
455 18 18 6
456 18 18 6
457 16 16 8
458 16 16 6
459 18 18 6
460 12 12 4
461 10 9 5
462 9 8 4
463 18 17 5
464 9 9 5
465 15 14 6
466 14 13 7
467 13 12 4
468 10 9 5
469 7 7 7
470 12 11 7
471 15 14 6
472 10 10 6
473 16 16 6
474 20 19 5
475 27 27 5
476 13 12 4
477 12 11 5
478 7 6 5
479 15 14 6
480 16 16 4
481 10 9 5
482 11 11 7
483 9 8 4
484 6 5 4
485 10 9 5
486 11 10 4
487 16 15 5
488 19 18 8
489 16 15 5
490 11 10 6
491 12 12 6
492 12 12 4
493 14 13 5
494 9 9 5
495 19 19 5
496 9 8 4
497 10 9 5
498 17 16 6
499 10 10 6
500 12 12 6
501 14 14 6
502 16 16 6
503 8 8 4
504 16 15 7
505 19 18 6
506 10 9 5
507 17 16 6
508 10 10 6
509 16 16 6
510 12 12 4
511 16 15 5
512 15 14 6
513 18 18 6
514 12 12 6
515 16 16 8
516 14 14 6
517 16 15 5
518 19 19 5
519 15 15 5
520 9 9 5
521 11 10 6
522 14 14 4
523 12 11 5
524 13 12 6
525 10 10 4
526 12 11 5
527 15 15 7
528 11 10 4
529 8 7 6
530 12 12 6
531 8 8 4
532 16 15 7
533 19 18 6
534 8 8 4
535 10 9 5
536 9 9 5
537 13 13 5
538 19 19 5
539 33 32 6
540 22 21 5
541 15 15 5
542 19 18 6
543 8 8 4
544 10 9 5
545 13 12 6
546 6 6 6
547 19 18 6
548 18 18 6
549 24 24 6
550 22 22 6
551 22 22 6
552 20 19 5
553 13 13 5
554 11 11 5
555 11 11 5
556 13 12 6
557 6 6 6
558 17 16 6
559 16 16 6
560 18 18 4
561 26 25 7
562 13 13 5
563 21 21 5
564 21 20 6
565 16 15 5
566 19 18 4
567 10 9 5
568 7 6 5
569 23 22 6
570 14 14 6
571 14 14 6
572 28 28 6
573 16 15 7
574 13 12 4
575 14 13 5
576 19 18 4
577 22 21 5
578 17 16 4
579 10 9 5
580 29 28 8
581 24 23 5
582 15 15 5
583 23 22 4
584 18 17 5
585 21 20 6
586 20 20 6
587 24 24 6
588 34 34 10
589 22 22 4
590 34 33 5
591 35 35 5
592 23 23 7
593 23 22 4
594 36 35 9
595 19 18 6
596 22 21 5
597 47 46 6
598 40 39 9
599 23 22 6
600 22 22 6
601 26 26 10
602 24 24 4
603 28 27 5
604 39 39 9
605 43 42 12
606 36 36 6
607 48 47 15
608 23 23 7
609 27 27 7
610 37 37 9
611 23 22 6
612 34 34 6
613 30 29 7
614 35 34 8
615 30 29 7
616 29 28 6
617 16 16 6
618 32 31 5
619 33 32 8
620 32 31 9
621 27 26 8
622 40 40 10
623 32 31 7
624 27 27 7
625 33 32 10
626 24 23 7
627 29 29 7
628 25 24 8
629 40 40 8
630 56 56 16
631 30 30 8
632 22 22 6
633 20 20 6
634 26 26 8
635 36 36 8
636 22 22 8
637 32 32 12
638 32 31 7
639 33 32 8
640 26 26 4
641 22 21 5
642 25 24 10
643 30 29 7
644 29 29 9
645 27 26 8
646 28 28 8
647 40 39 7
648 31 31 7
649 25 25 7
650 21 21 5
651 45 44 16
652 24 24 8
653 22 22 6
654 44 44 12
655 20 20 4
656 24 23 7
657 23 22 6
658 38 37 9
659 35 34 6
660 22 21 7
661 33 32 4
662 40 39 11
663 39 39 7
664 39 39 11
665 39 38 12
666 36 36 12
667 24 23 5
668 33 33 5
669 47 47 11
670 31 30 8
671 14 13 5
672 19 18 6
673 38 38 8
674 26 26 8
675 38 38 10
676 34 34 10
677 46 46 12
678 26 26 8
679 28 28 4
680 32 31 7
681 19 18 6
682 26 25 5
683 27 27 5
684 25 25 7
685 27 26 6
686 36 35 9
687 15 15 5
688 33 32 8
689 28 28 8
690 18 18 6
691 26 26 6
692 16 16 6
693 20 20 4
694 34 33 9
695 27 26 6
696 22 21 5
697 31 30 6
698 16 16 4
699 22 21 7
700 25 25 5
701 19 18 8
702 12 12 4
703 16 15 5
704 29 29 5
705 21 21 7
706 11 10 4
707 14 13 5
708 19 19 5
709 17 16 4
710 16 15 5
711 23 22 8
712 16 16 4
713 20 19 5
714 17 17 5
715 23 22 6
716 22 22 6
717 22 22 4
718 14 13 5
719 11 10 6
720 14 14 4
721 18 17 7
722 17 16 4
723 10 9 5
724 9 8 4
725 18 17 7
726 11 11 5
727 19 18 4
728 18 17 5
729 21 21 5
730 15 15 5
731 23 22 6
732 14 14 6
733 14 14 4
734 12 11 5
735 17 16 4
736 18 17 7
737 17 16 6
738 18 18 4
739 18 17 5
740 23 23 5
741 19 19 5
742 13 13 5
743 21 21 5
744 21 20 6
745 20 20 6
746 14 13 5
747 13 12 6
748 20 19 5
749 13 13 5
750 27 26 6
751 14 14 4
752 14 13 5
753 29 28 8
754 14 14 4
755 16 15 5
756 29 29 9
757 13 12 4
758 12 11 5
759 15 14 4
760 20 19 5
761 17 17 5
762 11 11 5
763 21 20 6
764 10 10 4
765 14 13 5
766 9 9 5
767 9 8 4
768 16 15 7
769 15 14 6
770 12 12 6
771 16 16 6
772 26 25 7
773 17 16 4
774 24 23 5
775 19 19 5
776 21 21 7
777 17 16 4
778 14 13 5
779 11 10 6
780 12 12 6
781 12 12 4
782 12 11 5
783 11 10 4
784 14 13 5
785 31 30 8
786 16 16 6
787 10 10 4
788 16 15 5
789 29 29 7
790 9 8 4
791 14 13 5
792 15 15 5
793 13 13 5
794 15 14 4
795 32 31 5
796 13 13 5
797 27 27 7
798 31 30 6
799 36 36 8
800 32 31 9
801 13 12 4
802 10 9 5
803 11 10 4
804 12 11 5
805 17 16 4
806 18 17 5
807 25 24 6
808 16 15 5
809 23 23 5
810 25 24 6
811 12 12 6
812 12 12 6
813 14 14 6
814 12 12 4
815 20 19 5
816 15 15 5
817 27 26 6
818 12 11 5
819 17 16 4
820 18 17 5
821 11 10 4
822 20 19 7
823 27 26 4
824 16 15 5
825 11 11 5
826 27 27 7
827 19 18 4
828 20 19 7
829 13 12 6
830 20 20 4
831 6 5 4
832 12 11 5
833 17 17 5
834 15 14 6
835 10 10 4
836 16 15 7
837 9 8 4
838 14 13 5
839 19 18 6
840 14 13 5
841 17 16 8
842 14 14 6
843 16 16 4
844 22 21 5
845 19 19 7
846 23 22 6
847 16 16 6
848 16 16 4
849 24 23 9
850 21 21 5
851 25 25 7
852 7 7 7
853 22 22 4
854 10 9 5
855 9 8 4
856 20 19 7
857 21 20 6
858 18 18 4
859 10 9 5
860 17 16 6
861 12 11 5
862 17 17 7
863 11 11 5
864 11 11 5
865 17 16 8
866 8 8 4
867 10 9 5
868 27 26 6
869 12 11 5
870 19 19 5
871 23 22 8
872 14 14 6
873 10 9 5
874 19 18 6
875 10 10 4
876 10 9 5
877 15 14 6
878 16 15 5
879 19 18 4
880 10 9 5
881 15 15 5
882 11 11 5
883 19 18 8
884 12 12 4
885 16 15 5
886 15 14 4
887 16 15 5
888 13 12 6
889 6 6 6
890 19 18 6
891 10 9 5
892 13 12 4
893 14 13 5
894 13 12 6
895 14 14 6
896 16 15 7
897 19 18 6
898 18 18 6
899 16 15 5
900 13 12 4
901 20 19 5
902 23 22 4
903 14 13 5
904 15 14 8
905 12 11 5
906 13 12 6
907 10 10 6
908 8 8 4
909 16 15 5
910 11 10 4
911 16 15 5
912 11 11 5
913 11 10 6
914 6 6 6
915 15 14 6
916 14 14 8
917 10 10 4
918 12 11 5
919 15 14 6
920 22 21 7
921 19 18 6
922 10 10 6
923 14 13 7
924 9 8 4
925 12 11 5
926 7 6 5
927 11 10 6
928 8 8 4
929 18 17 5
930 17 17 7
931 25 24 6
932 12 11 5
933 19 19 7
934 13 12 4
935 18 17 5
936 19 19 5
937 13 13 5
938 9 8 4
939 14 13 5
940 21 20 6
941 10 9 5
942 11 10 4
943 12 11 5
944 13 13 5
945 13 12 6
946 30 30 8
947 22 22 6
948 20 20 6
949 20 19 5
950 15 15 5
951 17 17 5
952 7 6 5
953 11 10 4
954 14 13 7
955 11 10 6
956 18 18 6
957 12 12 4
958 12 11 5
959 11 11 5
960 13 12 4
961 18 17 5
962 13 13 5
963 17 16 6
964 14 13 5
965 17 17 7
966 21 20 6
967 14 14 6
968 18 17 7
969 17 16 6
970 12 12 4
971 16 15 7
972 19 18 6
973 12 11 5
974 13 13 5
975 11 10 4
976 10 9 5
977 13 12 4
978 28 27 7
979 25 24 6
980 10 10 6
981 26 26 6
982 20 19 5
983 13 12 6
984 24 24 4
985 20 19 5
986 21 21 7
987 17 16 4
988 14 13 5
989 21 20 6
990 28 28 8
991 34 34 6
992 26 26 6
993 16 16 4
994 26 25 7
995 39 38 10
996 36 35 9
997 27 26 6
998 48 48 8
999 24 23 5
1000 29 29 9
1001 43 42 10
1002 30 29 9
1003 29 28 6
1004 26 25 5
1005 23 22 6
1006 28 27 7
1007 27 27 7
1008 39 39 7
1009 25 25 5
1010 23 23 5
1011 25 25 5
1012 33 32 10
1013 36 36 12
1014 20 20 4
1015 34 33 5
1016 29 29 9
1017 27 26 6
1018 32 31 7
1019 39 38 8
1020 22 22 6
1021 42 41 13
1022 19 19 5
1023 29 29 7
1024 25 25 7
1025 35 35 11
1026 23 23 5
1027 21 20 4
1028 28 27 7
1029 27 26 6
1030 12 12 4
1031 14 13 5
1032 15 14 6
1033 18 17 5
1034 21 21 5
1035 21 21 5
1036 27 26 6
1037 28 27 9
1038 23 23 5
1039 33 33 9
1040 21 21 7
1041 33 33 11
1042 35 34 8
1043 26 26 6
1044 32 31 5
1045 21 20 4
1046 22 21 7
1047 11 11 5
1048 29 28 6
1049 20 20 8
1050 14 14 6
1051 20 20 6
1052 22 22 6
1053 14 14 6
1054 34 34 8
1055 38 37 7
1056 23 22 4
1057 22 21 9
1058 23 22 8
1059 26 26 8
1060 26 26 8
1061 26 25 7
1062 33 33 7
1063 25 24 8
1064 22 22 6
1065 16 16 6
1066 28 27 5
1067 33 33 9
1068 23 23 7
1069 29 29 7
1070 29 29 9
1071 29 28 10
1072 16 15 5
1073 13 12 6
1074 24 24 6
1075 20 19 7
1076 27 26 8
1077 26 26 8
1078 8 7 6
1079 22 22 6
1080 22 21 5
1081 29 28 10
1082 20 20 4
1083 20 19 7
1084 27 26 8
1085 26 26 6
1086 22 22 8
1087 22 22 10
1088 18 18 4
1089 22 21 5
1090 23 22 8
1091 14 14 6
1092 24 24 6
1093 14 14 4
1094 16 15 7
1095 19 19 7
1096 21 21 5
1097 19 18 6
1098 26 26 8
1099 20 20 6
1100 24 23 7
1101 15 14 4
1102 10 9 5
1103 17 16 6
1104 18 17 5
1105 17 17 5
1106 11 10 4
1107 12 11 5
1108 27 26 6
1109 20 20 8
1110 24 24 8
1111 22 22 8
1112 20 19 7
1113 15 15 7
1114 27 26 6
1115 26 25 7
1116 23 22 6
1117 24 23 7
1118 23 22 6
1119 12 12 4
1120 20 19 5
1121 11 11 5
1122 17 16 6
1123 12 12 6
1124 16 16 6
1125 18 18 6
1126 16 16 8
1127 14 14 4
1128 20 19 5
1129 13 12 4
1130 12 11 7
1131 23 22 6
1132 16 16 6
1133 28 28 6
1134 14 13 5
1135 13 13 5
1136 19 19 7
1137 17 16 4
1138 14 13 5
1139 23 23 5
1140 17 17 5
1141 11 11 5
1142 9 9 5
1143 21 21 5
1144 15 14 6
1145 16 16 8
1146 22 22 6
1147 28 28 6
1148 20 20 4
1149 14 13 5
1150 29 29 7
1151 19 18 8
1152 10 10 4
1153 14 13 5
1154 17 16 4
1155 16 15 5
1156 17 17 5
1157 15 15 5
1158 17 16 6
1159 16 15 5
1160 23 23 5
1161 13 12 6
1162 10 10 4
1163 24 23 5
1164 13 13 5
1165 19 18 4
1166 18 17 5
1167 19 18 8
1168 14 14 4
1169 16 15 5
1170 15 15 5
1171 15 14 4
1172 20 19 7
1173 19 18 4
1174 18 17 7
1175 13 12 6
1176 12 12 6
1177 10 10 4
1178 14 13 5
1179 13 13 5
1180 15 14 4
1181 14 13 5
1182 7 6 5
1183 7 7 7
1184 14 14 4
1185 16 15 5
1186 11 11 5
1187 15 14 6
1188 12 11 7
1189 19 19 7
1190 13 12 6
1191 6 6 6
1192 17 16 6
1193 10 10 4
1194 6 5 4
1195 14 13 5
1196 11 10 4
1197 16 15 7
1198 15 14 4
1199 12 11 5
1200 27 26 6
1201 14 14 6
1202 22 22 8
1203 10 9 5
1204 9 8 4
1205 14 13 5
1206 17 17 7
1207 11 10 4
1208 18 17 5
1209 5 5 5
1210 12 11 5
1211 11 10 4
1212 22 21 5
1213 15 14 6
1214 14 14 6
1215 12 12 6
1216 18 18 6
1217 10 10 4
1218 16 15 7
1219 11 10 6
1220 10 9 5
1221 11 11 5
1222 13 12 6
1223 12 12 4
1224 10 9 5
1225 13 12 6
1226 10 10 6
1227 20 19 7
1228 13 12 6
1229 20 19 5
1230 9 9 5
1231 15 14 6
1232 10 9 5
1233 9 9 5
1234 13 12 6
1235 8 7 6
1236 18 18 6
1237 18 17 5
1238 5 5 5
1239 10 9 5
1240 13 12 6
1241 8 8 4
1242 12 11 5
1243 11 11 5
1244 21 21 7
1245 9 8 4
1246 12 11 5
1247 15 14 6
1248 8 8 4
1249 10 9 5
1250 11 10 6
1251 8 8 4
1252 10 9 5
1253 15 15 5
1254 17 17 5
1255 13 13 5
1256 17 17 7
1257 15 14 6
1258 10 10 6
1259 12 12 4
1260 22 21 9
1261 13 12 6
1262 6 6 6
1263 9 8 4
1264 6 5 4
1265 16 15 5
1266 7 6 5
1267 13 13 5
1268 11 11 5
1269 21 21 5
1270 15 15 5
1271 13 12 4
1272 16 15 7
1273 11 10 6
1274 12 11 5
1275 11 11 7
1276 13 13 5
1277 19 18 6
1278 18 17 5
1279 11 10 4
1280 18 17 5
1281 15 14 6
1282 18 18 6
1283 6 6 6
1284 21 21 7
1285 15 15 7
1286 9 8 4
1287 12 11 5
1288 13 12 4
1289 12 11 5
1290 15 14 4
1291 12 11 5
1292 15 14 6
1293 20 20 8
1294 16 15 5
1295 11 11 5
1296 19 18 6
1297 12 11 5
1298 9 8 4
1299 14 13 7
1300 11 11 5
1301 9 8 4
1302 22 21 5
1303 9 8 4
1304 14 13 5
1305 21 20 6
1306 14 14 6
1307 10 9 5
1308 5 5 5
1309 18 17 5
1310 13 12 4
1311 14 13 5
1312 9 9 5
1313 11 11 5
1314 23 22 8
1315 20 20 6
1316 6 5 4
1317 14 13 5
1318 9 9 5
1319 11 11 5
1320 9 9 5
1321 11 11 5
1322 11 11 5
1323 33 32 6
1324 16 16 6
1325 8 8 4
1326 10 9 5
1327 15 14 4
1328 16 15 7
1329 15 14 4
1330 16 15 5
1331 19 18 8
1332 12 11 5
1333 15 14 6
1334 16 16 4
1335 20 19 5
1336 23 23 5
1337 11 11 5
1338 19 18 6
1339 12 11 5
1340 13 12 6
1341 22 21 7
1342 15 14 6
1343 10 9 5
1344 25 24 6
1345 6 6 6
1346 19 18 6
1347 18 18 8
1348 16 16 4
1349 12 11 5
1350 27 27 9
1351 17 16 6
1352 12 11 5
1353 19 18 4
1354 12 11 5
1355 19 18 4
1356 14 13 5
1357 9 9 5
1358 23 22 6
1359 38 38 6
1360 18 18 6
1361 18 18 4
1362 22 21 5
1363 25 25 7
1364 19 19 5
1365 23 22 6
1366 20 19 5
1367 17 17 5
1368 15 14 4
1369 24 23 5
1370 21 20 6
1371 18 18 4
1372 18 17 5
1373 13 12 6
1374 26 25 5
1375 23 22 6
1376 20 20 6
1377 28 27 5
1378 21 21 7
1379 13 13 5
1380 17 16 6
1381 16 16 8
1382 28 27 5
1383 11 11 5
1384 19 18 4
1385 14 13 5
1386 15 14 4
1387 20 19 5
1388 27 26 6
1389 20 19 7
1390 13 13 5
1391 23 22 6
1392 20 20 4
1393 30 29 5
1394 15 15 5
1395 13 12 6
1396 16 15 5
1397 17 17 5
1398 15 15 5
1399 17 17 5
1400 23 22 6
1401 18 18 4
1402 28 27 7
1403 15 14 6
1404 14 13 5
1405 15 14 4
1406 6 5 4
1407 22 21 7
1408 21 20 6
1409 16 16 4
1410 16 15 7
1411 17 16 6
1412 12 12 4
1413 14 13 5
1414 17 16 4
1415 20 19 5
1416 19 19 7
1417 13 13 5
1418 17 17 5
1419 17 16 6
1420 20 20 6
1421 26 26 4
1422 24 23 7
1423 19 19 7
1424 17 16 6
1425 18 18 4
1426 18 17 5
1427 9 8 4
1428 12 11 5
1429 13 13 5
1430 11 10 4
1431 12 11 5
1432 13 12 4
1433 18 17 9
1434 9 8 4
1435 10 9 5
1436 9 9 5
1437 15 14 6
1438 8 8 4
1439 18 17 5
1440 11 10 6
1441 12 12 6
1442 8 8 4
1443 12 11 5
1444 11 10 6
1445 10 10 4
1446 18 17 9
1447 13 12 6
1448 12 12 6
1449 26 26 6
1450 14 13 5
1451 15 14 6
1452 18 18 6
1453 16 15 5
1454 13 12 4
1455 10 9 5
1456 11 10 4
1457 10 9 5
1458 15 14 6
1459 14 14 8
1460 10 10 4
1461 10 9 5
1462 9 9 5
1463 9 8 4
1464 14 13 5
1465 19 19 7
1466 11 10 4
1467 12 11 5
1468 15 14 6
1469 8 8 4
1470 10 9 5
1471 35 35 9
1472 13 12 4
1473 16 15 5
1474 11 11 5
1475 9 8 4
1476 18 17 5
1477 13 13 5
1478 23 22 6
1479 12 12 6
1480 18 17 7
1481 19 18 4
1482 20 19 7
1483 13 12 6
1484 10 10 4
1485 14 13 5
1486 27 26 6
1487 14 14 6
1488 16 15 5
1489 17 16 4
1490 12 11 5
1491 25 24 6
1492 22 22 6
1493 12 11 5
1494 31 30 6
1495 16 15 7
1496 23 23 5
1497 9 9 5
1498 35 34 6
1499 28 28 8
1500 42 42 6
1501 26 26 6
1502 18 17 5
1503 15 14 4
1504 40 39 5
1505 15 15 5
1506 33 32 8
1507 18 17 5
1508 31 30 8
1509 14 14 4
1510 18 17 5
1511 23 22 6
1512 24 23 5
1513 27 27 5
1514 9 9 5
1515 19 18 6
1516 32 32 8
1517 34 34 8
1518 16 16 4
1519 22 21 5
1520 19 18 4
1521 20 19 5
1522 25 24 4
1523 24 23 7
1524 25 24 6
1525 22 22 8
1526 18 18 4
1527 22 21 5
1528 15 14 4
1529 18 17 5
1530 23 22 4
1531 18 17 5
1532 19 19 7
1533 31 30 8
1534 32 32 8
1535 26 25 11
1536 21 21 9
1537 25 24 6
1538 28 28 6
1539 24 23 5
1540 23 22 4
1541 20 19 5
1542 41 40 6
1543 40 39 7
1544 31 31 9
1545 31 30 6
1546 18 18 4
1547 16 15 5
1548 17 17 5
1549 27 26 8
1550 28 28 6
1551 22 21 9
1552 17 16 6
1553 20 20 4
1554 26 25 9
1555 19 19 5
1556 13 13 5
1557 13 12 4
1558 26 25 5
1559 23 22 6
1560 16 15 5
1561 27 26 6
1562 18 18 4
1563 18 17 7
1564 19 18 6
1565 32 32 8
1566 30 29 9
1567 23 23 7
1568 19 18 4
1569 20 19 5
1570 21 20 6
1571 22 22 6
1572 20 20 6
1573 6 5 4
1574 34 33 7
1575 21 20 6
1576 22 21 5
1577 13 12 4
1578 18 17 5
1579 17 16 4
1580 20 19 5
1581 21 21 5
1582 27 27 9
1583 27 27 9
1584 19 19 5
1585 19 19 7
1586 27 26 8
1587 32 31 7
1588 19 18 6
1589 10 9 5
1590 19 18 4
1591 28 27 7
1592 9 9 5
1593 21 21 7
1594 23 23 7
1595 15 15 5
1596 19 18 4
1597 38 37 11
1598 17 17 5
1599 13 12 4
1600 14 13 5
1601 5 5 5
1602 26 25 5
1603 17 17 7
1604 17 16 4
1605 16 15 5
1606 15 15 5
1607 19 19 7
1608 19 18 6
1609 20 20 6
1610 14 13 5
1611 15 14 6
1612 18 18 6
1613 14 14 4
1614 14 13 5
1615 13 13 5
1616 23 23 5
1617 19 19 5
1618 15 15 5
1619 13 13 5
1620 23 23 5
1621 15 15 5
1622 17 16 6
1623 12 11 5
1624 23 22 8
1625 14 14 8
1626 16 16 6
1627 12 12 6
1628 10 10 4
1629 24 23 7
1630 11 10 4
1631 24 23 7
1632 17 16 6
1633 16 15 7
1634 27 26 6
1635 16 15 5
1636 17 17 5
1637 11 11 5
1638 15 14 6
1639 12 12 4
1640 22 21 7
1641 15 14 4
1642 16 15 5
1643 29 28 6
1644 24 24 6
1645 30 30 6
1646 28 27 9
1647 17 16 6
1648 20 20 6
1649 30 30 6
1650 30 30 8
1651 22 22 4
1652 22 21 5
1653 37 36 8
1654 28 28 6
1655 22 21 5
1656 27 27 9
1657 19 18 4
1658 38 37 9
1659 37 36 8
1660 30 30 8
1661 32 31 9
1662 25 24 6
1663 22 22 6
1664 18 17 5
1665 27 26 6
1666 36 36 12
1667 26 26 8
1668 18 17 5
1669 29 28 6
1670 24 24 10
1671 14 13 5
1672 21 20 6
1673 18 18 6
1674 12 12 4
1675 14 13 5
1676 31 30 10
1677 20 20 6
1678 10 10 4
1679 18 17 7
1680 17 16 4
1681 14 13 7
1682 19 19 5
1683 13 13 5
1684 15 14 4
1685 12 11 5
1686 7 7 7
1687 20 20 6
1688 18 18 6
1689 10 10 4
1690 12 11 5
1691 13 13 5
1692 19 18 6
1693 18 18 6
1694 10 10 4
1695 16 15 7
1696 13 12 6
1697 16 16 4
1698 12 11 5
1699 15 14 4
1700 10 9 5
1701 15 14 6
1702 14 13 5
1703 15 15 5
1704 5 5 5
1705 8 7 6
1706 6 5 4
1707 12 11 5
1708 11 10 4
1709 16 15 5
1710 21 21 7
1711 19 18 6
1712 18 18 10
1713 20 20 6
1714 10 10 4
1715 14 13 7
1716 11 11 5
1717 11 10 6
1718 16 16 6
1719 8 8 4
1720 18 17 5
1721 21 20 4
1722 20 19 5
1723 15 15 5
1724 17 16 6
1725 14 14 6
1726 10 10 4
1727 22 21 5
1728 27 26 4
1729 20 19 5
1730 21 21 9
1731 17 16 4
1732 12 11 5
1733 19 19 5
1734 19 19 5
1735 13 13 5
1736 9 8 4
1737 12 11 5
1738 17 17 9
1739 11 11 5
1740 11 10 4
1741 18 17 5
1742 11 10 4
1743 12 11 5
1744 13 12 6
1745 6 6 6
1746 15 15 5
1747 17 17 7
1748 13 13 5
1749 17 16 4
1750 14 13 5
1751 13 12 4
1752 12 11 5
1753 11 10 4
1754 12 11 5
1755 15 15 5
1756 11 11 5
1757 9 8 7
1758 13 12 4
1759 16 15 7
1760 15 14 8
1761 18 18 6
1762 26 25 5
1763 23 23 9
1764 13 12 6
1765 12 12 6
1766 8 8 4
1767 12 11 5
1768 15 15 5
1769 17 16 6
1770 16 16 6
1771 18 18 6
1772 12 12 6
1773 14 14 6
1774 20 20 8
1775 14 14 4
1776 18 17 5
1777 15 15 5
1778 11 11 5
1779 23 22 6
1780 12 12 6
1781 24 24 6
1782 20 20 6
1783 16 15 5
1784 17 17 7
1785 11 11 5
1786 7 6 5
1787 11 11 5
1788 15 15 7
1789 9 8 4
1790 14 13 5
1791 9 9 5
1792 9 9 5
1793 7 6 5
1794 15 14 6
1795 14 14 6
1796 16 16 8
1797 14 14 6
1798 14 14 4
1799 12 11 5
1800 17 16 6
1801 28 27 5
1802 9 9 5
1803 15 15 5
1804 13 12 6
1805 10 10 6
1806 12 11 5
1807 11 10 4
1808 14 13 5
1809 23 23 7
1810 19 19 7
1811 17 17 7
1812 13 13 5
1813 27 26 6
1814 24 23 5
1815 25 24 6
1816 18 18 6
1817 6 5 4
1818 18 17 5
1819 13 13 5
1820 19 18 8
1821 20 20 6
1822 24 23 5
1823 21 20 4
1824 14 13 5
1825 11 10 4
1826 16 15 5
1827 11 10 4
1828 22 21 5
1829 13 12 4
1830 12 11 5
1831 11 11 5
1832 11 10 4
1833 16 15 5
1834 13 12 4
1835 24 23 7
1836 17 16 6
1837 24 24 6
1838 18 17 7
1839 13 12 4
1840 18 17 5
1841 19 18 4
1842 24 23 5
1843 25 25 5
1844 35 34 8
1845 38 38 6
1846 14 13 5
1847 21 20 6
1848 34 34 8
1849 24 24 4
1850 32 31 7
1851 33 32 8
1852 18 18 6
1853 22 22 6
1854 28 28 6
1855 32 32 8
1856 18 18 6
1857 24 24 6
1858 22 21 5
1859 33 33 7
1860 27 26 6
1861 34 33 7
1862 39 39 9
1863 27 26 6
1864 28 27 9
1865 21 20 4
1866 32 31 7
1867 35 35 9
1868 29 28 8
1869 24 23 7
1870 41 41 13
1871 33 32 8
1872 30 29 7
1873 41 41 11
1874 27 26 8
1875 48 48 12
1876 28 27 9
1877 29 29 5
1878 23 23 5
1879 29 29 7
1880 31 30 6
1881 36 35 9
1882 31 30 8
1883 42 41 9
1884 29 28 10
1885 50 49 11
1886 25 24 6
1887 58 57 19
1888 27 26 6
1889 26 26 6
1890 22 22 6
1891 34 34 6
1892 26 25 5
1893 31 31 5
1894 35 35 7
1895 19 18 6
1896 12 12 6
1897 44 44 6
1898 56 56 10
1899 22 22 6
1900 22 22 6
1901 32 31 9
1902 29 28 6
1903 30 30 6
1904 30 30 8
1905 38 37 7
1906 31 31 5
1907 25 25 7
1908 39 39 9
1909 25 25 7
1910 27 26 6
1911 44 43 13
1912 43 42 8
1913 44 44 10
1914 36 36 8
1915 34 33 7
1916 23 23 5
1917 19 19 7
1918 49 49 9
1919 31 30 8
1920 44 43 9
1921 27 26 6
1922 42 42 12
1923 36 36 12
1924 30 30 6
1925 30 29 7
1926 29 28 10
1927 42 42 12
1928 48 47 9
1929 29 28 8
1930 24 24 6
1931 18 18 4
1932 28 27 7
1933 33 33 7
1934 23 23 5
1935 33 33 9
1936 39 38 10
1937 28 28 8
1938 40 39 9
1939 43 43 9
1940 31 31 9
1941 19 18 6
1942 26 26 6
1943 22 22 6
1944 24 24 8
1945 30 29 9
1946 31 30 8
1947 30 30 4
1948 24 23 7
1949 21 21 5
1950 27 27 7
1951 27 26 6
1952 16 16 4
1953 20 19 5
1954 21 20 6
1955 20 19 5
1956 27 27 9
1957 19 19 5
1958 21 20 6
1959 28 28 6
1960 26 26 6
1961 16 16 4
1962 24 23 7
1963 27 26 6
1964 26 26 8
1965 22 22 6
1966 20 19 5
1967 21 20 6
1968 18 18 4
1969 26 25 9
1970 23 22 6
1971 18 18 6
1972 24 23 5
1973 29 29 5
1974 21 21 5
1975 25 24 6
1976 10 10 4
1977 20 19 5
1978 19 19 5
1979 29 28 4
1980 20 19 5
1981 15 14 4
1982 14 13 5
1983 13 12 4
1984 16 15 5
1985 9 8 4
1986 20 19 7
1987 21 20 6
1988 14 14 6
1989 22 22 6
1990 18 18 6
1991 14 13 5
1992 11 10 4
1993 22 21 7
1994 17 16 6
1995 22 22 6
1996 14 13 5
1997 17 16 4
1998 6 5 4
1999 20 19 5
2000 13 13 5
2001 13 12 6
2002 12 12 4
2003 16 15 5
2004 23 22 6
2005 10 9 5
2006 19 18 4
2007 20 19 7
2008 7 6 5
2009 15 15 5
2010 13 13 5
2011 21 20 6
2012 14 14 4
2013 14 13 5
2014 21 21 5
2015 29 28 8
2016 20 20 6
2017 18 18 6
2018 10 10 6
2019 14 14 4
2020 20 19 5
2021 19 19 5
2022 17 17 5
2023 13 13 5
2024 15 14 6
2025 14 14 6
2026 20 20 6
2027 12 12 4
2028 16 15 5
2029 13 13 5
2030 7 7 7
2031 6 6 6
2032 9 9 5
2033 15 14 4
2034 16 15 5
2035 17 17 5
2036 21 21 5
2037 13 13 5
2038 11 10 4
2039 14 13 5
2040 11 10 4
2041 12 11 5
2042 9 9 5
2043 15 15 5
2044 17 16 6
2045 14 13 5
2046 27 26 6
2047 12 11 5
2048 9 9 5
2049 9 8 4
2050 12 11 5
2051 11 10 4
2052 6 5 4
2053 8 7 6
2054 10 10 6
2055 14 14 6
2056 16 16 6
2057 24 23 5
2058 25 25 5
2059 21 21 5
2060 17 17 5
2061 17 16 8
2062 20 20 8
2063 18 17 5
2064 13 13 5
2065 11 10 4
2066 14 13 5
2067 15 14 6
2068 14 14 6
2069 10 10 4
2070 24 23 7
2071 23 22 6
2072 20 20 6
2073 24 23 5
2074 15 15 5
2075 9 9 5
2076 9 9 5
2077 13 13 5
2078 23 22 6
2079 10 10 4
2080 16 15 5
2081 9 9 5
2082 25 25 7
2083 29 28 8
2084 12 12 6
2085 6 6 6
2086 11 10 4
2087 14 13 5
2088 11 11 5
2089 11 11 5
2090 13 12 4
2091 12 11 5
2092 5 5 5
2093 18 17 5
2094 9 9 5
2095 9 8 4
2096 10 9 5
2097 7 6 5
2098 21 20 4
2099 22 21 7
2100 21 20 6
2101 6 5 4
2102 12 11 5
2103 17 17 7
2104 11 11 5
2105 5 5 5
2106 12 11 5
2107 15 14 4
2108 18 17 5
2109 11 11 5
2110 13 12 6
2111 8 8 4
2112 24 23 5
2113 21 20 6
2114 16 15 5
2115 11 11 5
2116 9 9 5
2117 15 14 6
2118 18 18 6
2119 16 16 6
2120 38 37 5
2121 25 25 5
2122 29 28 8
2123 18 18 4
2124 32 31 7
2125 21 20 4
2126 26 25 7
2127 21 20 4
2128 24 23 5
2129 21 20 4
2130 28 27 9
2131 21 20 6
2132 24 24 6
2133 26 26 6
2134 24 23 5
2135 29 29 5
2136 25 25 7
2137 33 32 6
2138 30 29 5
2139 47 47 7
2140 27 27 7
2141 27 26 6
2142 14 14 4
2143 20 19 5
2144 19 18 4
2145 22 21 7
2146 39 39 7
2147 29 28 6
2148 24 24 6
2149 18 18 4
2150 26 25 5
2151 23 23 7
2152 27 26 4
2153 22 21 7
2154 27 26 8
2155 20 20 6
2156 34 34 4
2157 18 17 5
2158 31 31 9
2159 17 17 5
2160 37 36 10
2161 18 18 6
2162 28 28 6
2163 24 24 8
2164 16 16 8
2165 18 18 6
2166 28 28 8
2167 24 24 8
2168 18 17 5
2169 21 20 4
2170 26 25 5
2171 27 27 7
2172 23 22 8
2173 26 26 6
2174 14 14 4
2175 28 27 7
2176 25 25 7
2177 33 33 11
2178 23 22 8
2179 32 31 9
2180 13 13 5
2181 33 32 8
2182 28 28 10
2183 24 23 5
2184 19 19 9
2185 11 10 4
2186 34 33 13
2187 21 20 6
2188 24 23 5
2189 23 22 6
2190 16 16 6
2191 16 16 4
2192 20 19 5
2193 33 32 6
2194 22 22 8
2195 32 31 7
2196 15 15 5
2197 19 18 4
2198 20 19 7
2199 17 16 6
2200 18 18 8
2201 24 24 6
2202 24 24 8
2203 6 5 4
2204 22 21 5
2205 15 15 5
2206 15 14 4
2207 22 21 7
2208 23 22 6
2209 10 10 4
2210 22 21 5
2211 17 16 6
2212 18 18 8
2213 22 22 8
2214 26 25 7
2215 13 13 5
2216 17 17 5
2217 37 36 6
2218 14 13 5
2219 19 19 5
2220 11 11 5
2221 25 24 8
2222 20 20 4
2223 20 19 7
2224 17 16 6
2225 14 13 5
2226 21 20 10
2227 22 22 8
2228 20 19 5
2229 23 23 5
2230 23 22 8
2231 12 11 5
2232 29 28 8
2233 14 13 5
2234 21 20 4
2235 14 13 5
2236 27 27 7
2237 25 24 6
2238 16 16 6
2239 10 9 5
2240 25 24 6
2241 12 11 5
2242 15 14 6
2243 20 20 6
2244 16 16 6
2245 10 10 4
2246 10 9 5
2247 21 20 8
2248 8 7 6
2249 10 10 4
2250 18 17 5
2251 11 11 5
2252 17 17 5
2253 13 13 5
2254 17 16 6
2255 12 12 4
2256 24 23 5
2257 15 14 6
2258 12 11 5
2259 15 15 5
2260 13 12 4
2261 14 13 5
2262 13 12 4
2263 20 19 9
2264 11 10 4
2265 12 11 5
2266 11 11 5
2267 11 11 5
2268 11 10 4
2269 18 17 5
2270 15 14 4
2271 6 5 4
2272 14 13 7
2273 7 6 5
2274 19 19 5
2275 9 8 4
2276 24 23 11
2277 13 12 4
2278 14 13 5
2279 13 12 4
2280 6 5 4
2281 18 17 7
2282 11 10 4
2283 10 9 5
2284 11 11 5
2285 21 20 8
2286 18 18 8
2287 14 14 6
2288 12 12 6
2289 8 8 4
2290 10 9 5
2291 13 12 6
2292 12 11 5
2293 7 6 5
2294 23 22 6
2295 16 16 4
2296 22 21 7
2297 11 10 6
2298 10 10 4
2299 6 5 4
2300 8 7 6
2301 10 10 6
2302 8 8 4
2303 16 15 7
2304 13 13 7
2305 17 16 4
2306 18 17 5
2307 15 15 5
2308 19 19 7
2309 23 23 7
2310 15 15 7
2311 11 10 6
2312 8 8 4
2313 16 15 5
2314 17 17 5
2315 11 11 5
2316 9 8 4
2317 10 9 5
2318 13 12 6
2319 16 16 8
2320 14 14 4
2321 14 13 5
2322 5 5 5
2323 20 19 7
2324 19 19 7
2325 7 6 5
2326 11 11 5
2327 5 5 5
2328 10 9 5
2329 11 10 6
2330 10 9 5
2331 11 10 4
2332 16 15 5
2333 15 15 5
2334 7 7 7
2335 10 10 6
2336 22 22 8
2337 12 12 4
2338 12 11 5
2339 11 11 5
2340 9 8 4
2341 12 11 5
2342 9 9 5
2343 15 14 6
2344 12 11 5
2345 17 16 8
2346 10 10 6
2347 6 6 6
2348 13 13 5
2349 15 14 6
2350 14 14 6
2351 12 12 4
2352 10 9 5
2353 9 9 5
2354 11 11 5
2355 9 9 5
2356 5 5 5
2357 16 15 7
2358 7 6 5
2359 11 10 4
2360 16 15 7
2361 19 18 8
2362 10 10 6
2363 6 6 6
2364 13 12 4
2365 10 9 5
2366 5 5 5
2367 12 11 5
2368 5 5 5
2369 14 13 5
2370 15 15 5
2371 13 12 4
2372 12 11 5
2373 15 15 7
2374 7 6 5
2375 7 6 5
2376 9 8 4
2377 16 15 7
2378 9 8 4
2379 10 9 5
2380 13 13 7
2381 9 9 5
2382 13 13 5
2383 11 10 4
2384 10 9 5
2385 15 14 6
2386 14 14 6
2387 10 9 5
2388 13 13 5
2389 7 7 7
2390 10 10 6
2391 12 11 5
2392 13 12 4
2393 16 15 5
2394 13 12 6
2395 14 13 5
2396 11 11 5
2397 7 7 7
2398 12 11 5
2399 13 12 6
2400 16 16 6
2401 10 9 5
2402 19 18 6
2403 14 14 4
2404 14 13 5
2405 15 14 6
2406 10 10 6
2407 12 11 5
2408 15 14 6
2409 14 13 5
2410 11 11 5
2411 15 14 4
2412 14 13 7
2413 21 20 6
2414 16 16 6
2415 10 10 4
2416 12 11 7
2417 11 11 5
2418 13 12 4
2419 22 21 5
2420 21 21 5
2421 13 12 4
2422 18 17 7
2423 33 32 8
2424 38 37 7
2425 33 32 8
2426 24 23 5
2427 25 24 6
2428 12 12 4
2429 22 21 7
2430 31 30 4
2431 16 15 5
2432 17 17 7
2433 17 16 6
2434 16 16 4
2435 34 33 7
2436 25 25 7
2437 37 37 7
2438 25 24 6
2439 28 27 9
2440 37 36 8
2441 34 33 5
2442 21 21 5
2443 27 26 8
2444 28 28 8
2445 34 33 5
2446 23 23 5
2447 25 24 4
2448 26 25 9
2449 37 36 6
2450 30 30 10
2451 24 23 5
2452 55 55 9
2453 37 36 8
2454 32 31 7
2455 27 26 4
2456 48 47 9
2457 37 36 8
2458 20 20 6
2459 40 39 11
2460 37 37 7
2461 37 37 7
2462 39 38 10
2463 34 33 9
2464 33 32 10
2465 26 25 5
2466 23 23 5
2467 27 26 6
2468 28 27 7
2469 33 33 9
2470 35 35 7
2471 19 19 7
2472 33 33 7
2473 21 21 9
2474 21 20 6
2475 18 18 4
2476 20 19 5
2477 25 25 5
2478 19 18 8
2479 30 30 6
2480 18 17 5
2481 21 21 7
2482 15 15 5
2483 21 20 6
2484 22 22 4
2485 30 29 5
2486 21 21 5
2487 25 25 7
2488 37 36 8
2489 14 14 4
2490 18 17 5
2491 25 24 6
2492 16 16 6
2493 16 16 4
2494 24 23 7
2495 21 21 5
2496 13 12 4
2497 16 15 5
2498 25 25 5
2499 13 13 5
2500 15 15 5
2501 19 18 6
2502 22 21 5
2503 13 13 5
2504 9 9 5
2505 9 8 4
2506 12 11 5
2507 17 17 5
2508 21 21 7
2509 21 20 4
2510 24 23 5
2511 21 21 5
2512 19 18 6
2513 14 14 4
2514 20 19 5
2515 15 14 4
2516 18 17 7
2517 17 16 4
2518 22 21 5
2519 15 14 6
2520 16 16 6
2521 10 10 4
2522 22 21 7
2523 9 8 4
2524 16 15 5
2525 11 10 4
2526 24 23 7
2527 11 11 5
2528 13 13 5
2529 27 26 8
2530 14 14 6
2531 20 20 4
2532 16 15 5
2533 13 12 6
2534 12 11 5
2535 19 18 6
2536 12 12 6
2537 20 20 6
2538 12 12 4
2539 16 15 7
2540 17 16 6
2541 18 18 8
2542 14 14 4
2543 26 25 5
2544 17 17 5
2545 13 12 4
2546 10 9 5
2547 13 13 5
2548 21 20 8
2549 18 18 6
2550 14 14 6
2551 18 18 4
2552 12 11 5
2553 23 22 6
2554 10 10 4
2555 20 19 5
2556 23 22 6
2557 20 20 4
2558 22 21 7
2559 21 20 6
2560 18 17 5
2561 21 20 4
2562 20 19 5
2563 27 27 5
2564 27 26 6
2565 18 17 5
2566 11 11 5
2567 15 14 6
2568 16 15 5
2569 29 28 4
2570 22 21 5
2571 21 20 6
2572 16 16 6
2573 20 20 8
2574 24 24 6
2575 26 26 6
2576 10 10 4
2577 34 33 7
2578 17 16 4
2579 28 27 5
2580 23 23 5
2581 19 19 7
2582 17 17 5
2583 19 18 4
2584 18 17 5
2585 21 21 5
2586 17 17 5
2587 19 19 5
2588 21 20 4
2589 20 19 5
2590 19 19 5
2591 17 16 6
2592 16 16 6
2593 22 21 5
2594 11 11 5
2595 23 22 6
2596 14 14 4
2597 18 17 5
2598 21 20 6
2599 20 19 5
2600 21 21 5
2601 15 14 4
2602 16 15 7
2603 25 25 11
2604 9 8 4
2605 14 13 5
2606 11 10 4
2607 14 13 5
2608 19 18 6
2609 12 12 6
2610 24 24 6
2611 20 19 5
2612 13 12 4
2613 12 11 5
2614 15 14 6
2615 18 17 7
2616 17 17 7
2617 9 8 4
2618 20 19 5
2619 21 21 5
2620 15 15 5
2621 19 18 6
2622 16 16 6
2623 16 15 7
2624 13 12 4
2625 12 11 5
2626 15 14 6
2627 12 11 5
2628 7 6 5
2629 23 22 6
2630 16 16 6
2631 16 16 4
2632 12 11 5
2633 17 16 6
2634 14 14 4
2635 24 23 5
2636 13 13 7
2637 13 13 5
2638 11 10 6
2639 18 18 4
2640 10 9 5
2641 13 13 5
2642 15 15 7
2643 13 12 4
2644 18 17 5
2645 11 11 5
2646 11 11 5
2647 9 8 4
2648 24 23 7
2649 13 12 6
2650 14 14 4
2651 10 9 5
2652 21 20 6
2653 12 12 4
2654 14 13 5
2655 15 14 8
2656 18 17 5
2657 13 13 5
2658 11 10 6
2659 14 14 6
2660 12 11 5
2661 25 24 6
2662 10 10 6
2663 10 9 5
2664 13 12 6
2665 10 10 4
2666 12 11 5
2667 13 12 6
2668 16 16 6
2669 16 15 5
2670 13 13 5
2671 13 12 4
2672 6 5 4
2673 8 7 6
2674 14 14 6
2675 8 8 8
2676 15 14 6
2677 14 13 5
2678 11 11 5
2679 13 12 6
2680 24 24 6
2681 18 18 6
2682 18 17 5
2683 17 16 6
2684 6 5 4
2685 16 15 5
2686 5 5 5
2687 22 21 7
2688 13 12 4
2689 16 15 5
2690 11 10 6
2691 10 10 6
2692 18 17 5
2693 13 12 4
2694 12 11 5
2695 13 12 4
2696 24 23 7
2697 19 19 5
2698 13 13 5
2699 11 11 5
2700 21 21 7
2701 19 18 6
2702 20 20 6
2703 18 18 6
2704 30 29 7
2705 15 14 6
2706 26 26 6
2707 26 25 7
2708 29 28 8
2709 18 18 6
2710 24 24 4
2711 20 19 5
2712 21 20 6
2713 28 28 6
2714 28 28 8
2715 28 28 6
2716 24 24 4
2717 30 29 9
2718 29 29 7
2719 19 18 6
2720 18 17 5
2721 27 26 6
2722 20 19 5
2723 21 21 5
2724 21 21 5
2725 29 28 6
2726 22 21 5
2727 27 27 5
2728 31 31 7
2729 29 28 8
2730 32 32 8
2731 30 30 10
2732 20 20 4
2733 30 29 7
2734 43 42 8
2735 26 25 5
2736 43 43 9
2737 19 18 4
2738 32 31 9
2739 35 34 10
2740 20 20 6
2741 16 16 4
2742 20 19 7
2743 23 22 6
2744 22 21 7
2745 31 30 12
2746 30 29 9
2747 23 23 5
2748 21 20 6
2749 14 13 5
2750 27 27 11
2751 33 32 8
2752 12 12 4
2753 18 17 5
2754 21 21 9
2755 35 34 8
2756 24 24 6
2757 20 20 6
2758 28 28 8
2759 32 32 6
2760 30 29 9
2761 19 18 6
2762 20 19 7
2763 23 23 5
2764 33 33 11
2765 23 23 13
2766 37 37 9
2767 33 32 6
2768 24 24 6
2769 28 27 9
2770 39 38 10
2771 36 36 10
2772 26 26 8
2773 30 29 11
2774 29 28 8
2775 36 35 7
2776 17 17 7
2777 39 39 11
2778 23 23 9
2779 21 20 4
2780 20 19 7
2781 31 30 12
2782 28 28 10
2783 38 38 10
2784 22 22 4
2785 24 23 7
2786 19 18 6
2787 24 24 8
2788 32 32 12
2789 24 23 5
2790 17 17 7
2791 13 13 7
2792 39 38 12
2793 18 18 6
2794 30 29 7
2795 27 26 8
2796 32 31 7
2797 37 37 9
2798 27 27 13
2799 21 20 8
2800 14 14 6
2801 16 16 6
2802 14 14 6
2803 12 12 6
2804 14 14 6
2805 26 25 5
2806 33 33 5
2807 19 19 7
2808 37 36 8
2809 26 26 8
2810 10 10 4
2811 38 37 11
2812 9 9 5
2813 29 29 9
2814 17 16 4
2815 24 23 9
2816 27 27 7
2817 9 9 5
2818 21 20 6
2819 18 17 7
2820 29 28 6
2821 14 14 6
2822 28 27 7
2823 9 9 5
2824 17 17 5
2825 19 18 6
2826 16 15 5
2827 21 21 9
2828 9 8 4
2829 10 9 5
2830 13 12 6
2831 18 18 8
2832 10 10 4
2833 12 11 5
2834 11 10 4
2835 14 13 5
2836 15 14 4
2837 12 11 7
2838 13 12 6
2839 14 14 4
2840 14 13 5
2841 17 16 4
2842 34 33 9
2843 17 16 4
2844 20 19 5
2845 13 13 5
2846 23 23 7
2847 13 13 5
2848 17 17 5
2849 11 10 4
2850 12 11 5
2851 13 13 7
2852 21 20 6
2853 30 30 6
2854 22 22 6
2855 18 18 4
2856 14 13 5
2857 13 12 4
2858 12 11 5
2859 17 16 6
2860 12 12 6
2861 10 10 4
2862 14 13 5
2863 13 13 5
2864 11 11 5
2865 11 11 5
2866 19 18 6
2867 14 14 4
2868 8 7 6
2869 24 24 6
2870 12 12 4
2871 22 21 7
2872 15 14 4
2873 10 9 5
2874 13 12 4
2875 18 17 5
2876 13 13 5
2877 9 9 5
2878 7 6 5
2879 17 16 4
2880 30 29 11
2881 9 8 4
2882 10 9 5
2883 7 6 5
2884 11 10 6
2885 20 20 6
2886 16 15 5
2887 17 16 6
2888 14 14 4
2889 30 29 5
2890 19 19 7
2891 23 22 6
2892 10 9 5
2893 15 15 5
2894 21 20 6
2895 16 15 5
2896 9 8 4
2897 14 13 5
2898 19 18 6
2899 18 18 6
2900 12 12 4
2901 20 19 7
2902 11 11 5
2903 17 16 4
2904 16 15 7
2905 17 17 5
2906 15 14 6
2907 10 10 4
2908 12 11 5
2909 17 17 5
2910 15 14 4
2911 22 21 5
2912 17 17 5
2913 15 15 5
2914 21 20 4
2915 14 13 5
2916 25 24 6
2917 16 15 5
2918 15 14 6
2919 18 18 6
2920 10 9 5
2921 13 12 6
2922 14 14 4
2923 12 11 5
2924 17 16 6
2925 20 20 4
2926 20 19 5
2927 19 18 6
2928 18 17 5
2929 9 9 5
2930 13 12 6
2931 10 10 4
2932 20 19 5
2933 17 16 4
2934 14 13 5
2935 11 11 5
2936 17 17 5
2937 15 15 7
2938 17 16 4
2939 16 15 5
2940 11 10 6
2941 14 13 5
2942 11 10 6
2943 14 14 4
2944 16 15 5
2945 17 17 5
2946 15 14 4
2947 14 13 5
2948 13 12 4
2949 12 11 5
2950 17 17 5
2951 31 30 6
2952 14 14 4
2953 20 19 5
2954 23 22 6
2955 18 17 7
2956 17 16 6
2957 18 18 4
2958 14 13 5
2959 25 24 6
2960 22 22 6
2961 14 14 4
2962 22 21 5
2963 25 25 7
2964 13 12 6
2965 28 27 9
2966 25 24 8
2967 30 29 9
2968 17 16 4
2969 24 23 7
2970 31 30 8
2971 26 26 6
2972 28 28 8
2973 18 18 6
2974 20 20 6
2975 22 22 6
2976 16 16 4
2977 16 15 5
2978 29 29 9
2979 19 19 5
2980 19 18 6
2981 14 14 6
2982 18 18 6
2983 16 16 8
2984 14 14 6
2985 20 19 5
2986 21 21 7
2987 23 22 8
2988 14 14 4
2989 18 17 5
2990 21 21 5
2991 19 19 5
2992 17 16 6
2993 22 22 6
2994 24 23 7
2995 31 31 7
2996 25 24 4
2997 24 23 5
2998 37 37 9
2999 25 25 9
3000 29 28 6
3001 14 13 5
3002 19 19 7
3003 25 24 4
3004 30 29 9
3005 27 26 6
3006 28 27 7
3007 25 25 5
3008 23 22 8
3009 22 22 8
3010 26 26 8
3011 14 13 5
3012 17 17 5
3013 25 25 5
3014 25 25 5
3015 15 15 5
3016 27 27 9
3017 11 11 5
3018 19 18 6
3019 36 35 7
3020 13 13 5
3021 23 22 8
3022 34 34 14
3023 16 16 4
3024 30 29 15
3025 19 18 6
3026 16 16 4
3027 24 23 7
3028 27 26 8
3029 26 25 5
3030 23 23 7
3031 27 26 8
3032 22 22 6
3033 30 30 8
3034 30 29 11
3035 17 17 5
3036 23 23 5
3037 21 20 6
3038 28 27 5
3039 29 29 7
3040 25 25 5
3041 25 25 5
3042 35 35 9
3043 25 25 5
3044 35 35 11
3045 27 27 9
3046 29 29 9
3047 23 23 7
3048 23 23 7
3049 15 15 7
3050 29 28 6
3051 26 26 6
3052 20 19 7
3053 15 14 6
3054 16 15 5
3055 15 15 5
3056 17 17 5
3057 25 25 7
3058 21 20 6
3059 20 20 6
3060 22 21 7
3061 15 14 6
3062 20 20 6
3063 20 20 6
3064 22 21 7
3065 17 16 8
3066 26 25 7
3067 13 12 4
3068 20 19 9
3069 19 19 5
3070 21 20 6
3071 24 24 6
3072 12 12 6
3073 16 15 5
3074 13 13 5
3075 25 24 6
3076 22 22 8
3077 18 18 4
3078 22 21 5
3079 19 18 6
3080 16 16 4
3081 20 19 5
3082 11 10 4
3083 24 23 7
3084 17 16 6
3085 14 14 6
3086 14 14 4
3087 16 15 7
3088 17 16 4
3089 30 29 7
3090 11 10 4
3091 14 13 5
3092 15 14 4
3093 12 11 5
3094 13 12 4
3095 18 17 7
3096 11 10 4
3097 16 15 5
3098 11 11 5
3099 15 14 6
3100 26 26 6
3101 14 14 6
3102 20 19 5
3103 19 18 4
3104 22 21 5
3105 11 11 5
3106 33 32 6
3107 20 19 7
3108 29 28 8
3109 20 20 6
3110 24 24 6
3111 14 14 4
3112 22 21 5
3113 29 29 7
3114 31 31 5
3115 25 24 8
3116 26 25 7
3117 29 29 7
3118 35 34 12
3119 44 43 11
3120 23 22 4
3121 18 17 5
3122 35 35 9
3123 27 26 4
3124 24 23 5
3125 31 30 6
3126 36 36 8
3127 32 32 6
3128 40 40 8
3129 26 25 5
3130 27 26 6
3131 32 32 8
3132 30 29 7
3133 13 12 6
3134 26 26 6
3135 30 30 12
3136 22 21 5
3137 27 27 9
3138 19 19 5
3139 21 20 6
3140 20 20 6
3141 26 25 9
3142 11 11 5
3143 21 20 8
3144 18 17 5
3145 15 14 4
3146 14 13 5
3147 17 16 6
3148 16 16 6
3149 12 12 6
3150 16 15 7
3151 13 12 4
3152 14 13 5
3153 11 10 4
3154 10 9 5
3155 9 9 5
3156 11 10 4
3157 16 15 7
3158 13 12 4
3159 14 13 7
3160 21 20 6
3161 14 14 6
3162 10 10 4
3163 14 13 5
3164 9 8 4
3165 10 9 5
3166 17 17 7
3167 19 19 5
3168 17 16 6
3169 12 12 6
3170 10 10 4
3171 10 9 5
3172 11 11 7
3173 15 15 7
3174 23 22 4
3175 20 19 5
3176 19 18 4
3177 10 9 5
3178 9 8 4
3179 12 11 5
3180 13 12 8
3181 16 16 6
3182 14 13 7
3183 13 13 7
3184 9 9 5
3185 11 10 6
3186 6 6 6
3187 13 13 5
3188 13 12 4
3189 14 13 5
3190 13 12 6
3191 18 17 7
3192 19 18 8
3193 10 10 6
3194 8 8 4
3195 16 15 5
3196 15 15 7
3197 7 6 5
3198 9 8 4
3199 10 9 5
3200 11 11 5
3201 11 10 4
3202 20 19 9
3203 15 15 7
3204 25 24 8
3205 14 14 6
3206 14 13 5
3207 5 5 5
3208 14 13 5
3209 11 10 4
3210 10 9 5
3211 13 12 6
3212 12 12 6
3213 6 6 6
3214 23 22 8
3215 26 25 7
3216 19 19 5
3217 21 20 6
3218 10 10 4
3219 16 15 5
3220 21 21 7
3221 15 15 5
3222 13 12 4
3223 10 9 5
3224 21 20 6
3225 6 6 6
3226 11 10 4
3227 10 9 5
3228 15 14 6
3229 20 20 6
3230 12 11 5
3231 11 10 4
3232 8 7 6
3233 12 12 6
3234 18 18 6
3235 18 17 5
3236 23 22 6
3237 16 16 6
3238 18 18 6
3239 16 16 8
3240 14 13 5
3241 13 13 5
3242 15 14 6
3243 10 10 4
3244 14 13 5
3245 13 13 5
3246 11 11 5
3247 17 17 7
3248 11 10 6
3249 12 12 6
3250 12 12 6
3251 18 18 6
3252 16 16 6
3253 18 17 5
3254 15 14 4
3255 16 15 5
3256 13 13 5
3257 9 8 4
3258 8 7 6
3259 8 8 4
3260 18 17 7
3261 17 16 6
3262 10 10 6
3263 20 19 7
3264 11 10 4
3265 20 19 7
3266 19 18 6
3267 6 6 6
3268 9 8 4
3269 14 13 7
3270 11 10 4
3271 12 11 7
3272 15 14 6
3273 12 12 4
3274 14 13 5
3275 23 22 6
3276 14 14 6
3277 20 20 6
3278 14 14 6
3279 22 21 7
3280 25 24 6
3281 24 24 6
3282 28 28 6
3283 20 20 6
3284 24 24 6
3285 18 18 4
3286 18 17 5
3287 15 14 6
3288 18 18 6
3289 18 18 6
3290 14 14 6
3291 14 14 4
3292 30 29 5
3293 15 15 5
3294 13 13 5
3295 15 14 6
3296 10 9 5
3297 23 22 6
3298 14 14 6
3299 28 27 5
3300 15 15 5
3301 19 18 4
3302 20 19 5
3303 21 20 6
3304 24 24 8
3305 18 17 7
3306 17 16 6
3307 26 26 10
3308 20 20 4
3309 22 21 5
3310 23 22 4
3311 16 15 5
3312 15 15 5
3313 29 28 6
3314 14 13 5
3315 21 20 8
3316 20 20 6
3317 16 16 4
3318 12 11 5
3319 11 10 4
3320 18 17 7
3321 19 19 5
3322 9 8 4
3323 16 15 5
3324 11 10 4
3325 16 15 5
3326 17 17 5
3327 11 10 4
3328 24 23 7
3329 15 14 6
3330 14 14 4
3331 16 15 7
3332 19 18 6
3333 16 16 6
3334 10 10 4
3335 22 21 5
3336 13 13 5
3337 15 14 4
3338 22 21 7
3339 19 18 8
3340 6 6 6
3341 9 8 4
3342 14 13 5
3343 9 9 5
3344 21 21 7
3345 17 16 6
3346 20 19 5
3347 11 11 5
3348 11 11 5
3349 13 13 5
3350 7 6 5
3351 15 15 5
3352 15 14 8
3353 18 18 4
3354 12 11 5
3355 9 8 4
3356 16 15 5
3357 19 19 7
3358 11 11 5
3359 13 13 5
3360 21 21 5
3361 13 13 7
3362 19 18 6
3363 14 14 4
3364 18 17 7
3365 19 18 8
3366 14 14 6
3367 16 16 6
3368 14 14 6
3369 12 11 5
3370 17 17 5
3371 13 13 5
3372 27 26 6
3373 12 12 4
3374 16 15 5
3375 21 21 7
3376 17 17 5
3377 13 13 5
3378 13 12 6
3379 24 23 7
3380 15 14 4
3381 18 17 5
3382 17 16 6
3383 16 15 5
3384 15 14 6
3385 6 6 6
3386 15 15 5
3387 15 15 7
3388 9 8 4
3389 18 17 5
3390 15 14 4
3391 14 13 5
3392 17 16 4
3393 12 11 5
3394 9 8 4
3395 10 9 5
3396 11 11 5
3397 13 13 5
3398 17 17 7
3399 11 11 5
3400 13 12 4
3401 16 15 5
3402 21 21 9
3403 15 15 5
3404 25 24 6
3405 8 8 4
3406 14 13 5
3407 11 10 4
3408 16 15 7
3409 13 12 4
3410 26 25 7
3411 9 8 4
3412 12 11 5
3413 13 12 6
3414 12 12 6
3415 8 8 4
3416 14 13 5
3417 13 13 5
3418 15 15 5
3419 13 12 4
3420 10 9 5
3421 13 13 5
3422 21 20 4
3423 18 17 9
3424 19 18 6
3425 12 11 5
3426 15 14 4
3427 18 17 5
3428 15 14 4
3429 20 19 7
3430 19 18 6
3431 8 8 4
3432 12 11 5
3433 31 30 6
3434 12 12 6
3435 10 10 4
3436 18 17 5
3437 17 16 6
3438 12 12 6
3439 8 8 4
3440 16 15 5
3441 15 15 5
3442 15 15 5
3443 19 18 6
3444 12 12 4
3445 18 17 5
3446 19 19 7
3447 13 13 5
3448 11 11 5
3449 11 10 4
3450 18 17 5
3451 11 11 5
3452 13 12 4
3453 14 13 5
3454 17 16 6
3455 14 13 5
3456 9 9 5
3457 13 12 4
3458 16 15 5
3459 11 11 7
3460 9 9 5
3461 11 11 5
3462 7 6 5
3463 11 10 4
3464 18 17 5
3465 17 16 8
3466 6 6 6
3467 19 19 5
3468 9 8 7
3469 21 20 4
3470 18 17 5
3471 7 6 5
3472 11 10 4
3473 12 11 5
3474 15 14 6
3475 12 11 5
3476 15 15 5
3477 17 16 4
3478 12 11 5
3479 13 12 6
3480 10 10 6
3481 22 22 6
3482 26 26 4
3483 20 19 5
3484 21 20 6
3485 14 13 5
3486 13 12 4
3487 20 19 5
3488 15 14 6
3489 18 17 5
3490 13 13 5
3491 19 19 7
3492 27 27 7
3493 9 8 4
3494 12 11 5
3495 15 15 5
3496 11 10 6
3497 12 12 6
3498 16 16 6
3499 26 26 6
3500 36 36 6
3501 12 12 6
3502 12 12 4
3503 24 23 5
3504 21 20 6
3505 22 21 7
3506 17 17 5
3507 13 13 5
3508 19 18 4
3509 18 17 5
3510 19 19 5
3511 15 14 6
3512 12 12 4
3513 6 5 4
3514 16 15 5
3515 21 20 6
3516 26 25 9
3517 25 24 6
3518 20 20 6
3519 14 13 5
3520 15 15 5
3521 11 10 4
3522 22 21 5
3523 25 25 7
3524 25 24 4
3525 26 25 9
3526 31 30 8
3527 26 26 6
3528 16 15 5
3529 15 15 5
3530 17 16 6
3531 28 28 6
3532 48 47 7
3533 23 22 6
3534 20 19 5
3535 21 21 5
3536 17 16 4
3537 12 11 5
3538 21 21 5
3539 17 16 4
3540 22 21 5
3541 17 17 5
3542 27 27 7
3543 27 27 5
3544 25 24 4
3545 24 23 5
3546 15 15 7
3547 21 20 4
3548 14 13 5
3549 23 23 9
3550 17 16 4
3551 20 19 5
3552 17 17 5
3553 37 36 8
3554 16 16 6
3555 18 18 4
3556 24 23 5
3557 25 25 7
3558 21 20 4
3559 30 29 5
3560 37 37 11
3561 31 31 5
3562 23 23 7
3563 39 38 10
3564 28 28 8
3565 44 43 11
3566 31 31 9
3567 23 22 10
3568 44 44 8
3569 52 52 12
3570 44 44 10
3571 22 22 6
3572 26 26 6
3573 30 29 5
3574 29 28 6
3575 36 35 9
3576 31 30 8
3577 26 26 6
3578 36 36 10
3579 20 20 6
3580 46 46 12
3581 34 34 6
3582 20 20 6
3583 24 23 7
3584 31 30 8
3585 22 22 4
3586 28 27 5
3587 23 22 6
3588 20 20 6
3589 24 24 8
3590 20 20 4
3591 22 21 5
3592 13 13 5
3593 27 27 7
3594 17 16 4
3595 16 15 5
3596 19 18 4
3597 26 25 7
3598 17 17 5
3599 15 14 6
3600 26 25 7
3601 19 19 5
3602 19 19 5
3603 15 15 5
3604 11 11 5
3605 11 10 4
3606 28 27 7
3607 13 12 4
3608 14 13 5
3609 21 20 6
3610 22 21 5
3611 17 17 5
3612 13 12 4
3613 16 15 5
3614 15 15 5
3615 15 14 4
3616 16 15 7
3617 9 8 4
3618 16 15 7
3619 11 10 6
3620 8 8 4
3621 18 17 5
3622 17 17 5
3623 11 11 5
3624 11 11 5
3625 13 13 5
3626 13 13 5
3627 11 10 4
3628 16 15 5
3629 13 12 6
3630 14 13 5
3631 13 13 5
3632 23 22 8
3633 14 13 5
3634 23 22 6
3635 16 15 5
3636 17 17 5
3637 17 17 7
3638 13 12 6
3639 10 10 4
3640 20 19 5
3641 9 9 5
3642 15 14 6
3643 18 17 5
3644 21 21 7
3645 11 10 4
3646 20 19 5
3647 5 5 5
3648 10 9 5
3649 19 19 7
3650 21 21 5
3651 9 8 4
3652 26 25 5
3653 23 23 5
3654 23 23 5
3655 39 38 8
3656 38 38 8
3657 32 32 8
3658 20 20 6
3659 18 17 5
3660 19 18 4
3661 24 23 5
3662 23 22 4
3663 20 19 5
3664 23 23 5
3665 11 11 5
3666 21 21 7
3667 35 34 6
3668 24 23 7
3669 15 14 4
3670 28 27 7
3671 31 30 6
3672 18 17 5
3673 13 12 4
3674 22 21 5
3675 19 18 4
3676 34 33 5
3677 21 21 7
3678 31 30 8
3679 28 28 6
3680 12 12 4
3681 26 25 9
3682 11 10 4
3683 18 17 5
3684 11 10 6
3685 22 21 7
3686 13 12 4
3687 20 19 9
3688 29 28 8
3689 22 22 8
3690 18 17 9
3691 23 22 4
3692 24 23 7
3693 23 22 6
3694 8 8 4
3695 18 17 7
3696 15 15 5
3697 25 25 7
3698 17 17 5
3699 23 23 9
3700 13 12 4
3701 22 21 5
3702 13 13 5
3703 23 22 6
3704 24 23 7
3705 13 13 5
3706 11 10 4
3707 18 17 7
3708 17 16 6
3709 26 26 8
3710 22 21 7
3711 13 12 6
3712 18 17 5
3713 21 20 6
3714 12 12 4
3715 10 9 5
3716 13 13 5
3717 11 10 4
3718 16 15 5
3719 17 17 5
3720 11 10 4
3721 18 17 5
3722 9 9 5
3723 15 15 5
3724 15 15 5
3725 21 20 8
3726 16 16 6
3727 6 5 4
3728 22 21 7
3729 29 28 8
3730 6 5 4
3731 18 17 5
3732 13 13 5
3733 23 22 6
3734 10 10 4
3735 14 13 7
3736 9 8 4
3737 12 11 5
3738 11 11 5
3739 9 9 5
3740 11 11 5
3741 17 16 8
3742 10 10 6
3743 8 8 4
3744 14 13 5
3745 15 15 5
3746 19 19 5
3747 9 9 5
3748 11 11 5
3749 13 12 6
3750 10 10 6
3751 14 14 6
3752 12 11 5
3753 11 10 6
3754 12 11 7
3755 9 8 4
3756 16 15 5
3757 11 11 5
3758 15 14 6
3759 12 12 6
3760 8 8 4
3761 20 19 9
3762 13 12 6
3763 18 18 6
3764 16 15 5
3765 13 12 4
3766 16 15 5
3767 13 12 6
3768 10 9 5
3769 17 17 7
3770 7 6 5
3771 13 12 4
3772 14 13 5
3773 7 6 5
3774 13 12 6
3775 12 12 4
3776 16 15 5
3777 17 17 7
3778 15 14 6
3779 10 9 5
3780 7 6 5
3781 9 8 4
3782 12 11 7
3783 17 16 8
3784 18 18 4
3785 10 9 5
3786 21 20 4
3787 22 21 5
3788 27 26 8
3789 10 10 4
3790 10 9 5
3791 19 18 6
3792 10 10 4
3793 18 17 5
3794 11 11 5
3795 9 9 5
3796 15 14 4
3797 22 21 5
3798 17 16 4
3799 8 7 6
3800 18 17 9
3801 11 10 4
3802 12 11 5
3803 11 10 4
3804 16 15 5
3805 13 12 6
3806 14 14 8
3807 10 10 6
3808 16 16 4
3809 20 19 7
3810 9 8 4
3811 12 11 5
3812 7 7 7
3813 12 12 4
3814 18 17 5
3815 15 14 6
3816 8 8 4
3817 14 13 5
3818 21 20 6
3819 18 18 8
3820 8 8 4
3821 12 11 5
3822 13 12 6
3823 16 16 8
3824 20 20 6
3825 24 23 5
3826 13 12 4
3827 16 15 5
3828 9 8 4
3829 8 7 6
3830 18 18 6
3831 14 14 6
3832 20 20 6
3833 20 19 5
3834 15 14 4
3835 16 15 5
3836 15 14 6
3837 16 16 4
3838 22 21 5
3839 9 8 4
3840 18 17 5
3841 15 15 7
3842 17 17 5
3843 21 20 10
3844 18 17 5
3845 19 18 4
3846 18 17 7
3847 17 16 4
3848 18 17 7
3849 11 11 5
3850 23 22 8
3851 16 16 4
3852 22 21 9
3853 23 23 11
3854 31 30 6
3855 36 35 5
3856 25 25 5
3857 27 27 7
3858 25 24 8
3859 24 24 6
3860 24 24 4
3861 22 21 5
3862 11 10 4
3863 22 21 5
3864 31 31 13
3865 23 22 4
3866 22 21 5
3867 31 31 5
3868 15 14 6
3869 30 30 6
3870 16 15 5
3871 17 16 6
3872 14 14 4
3873 22 21 5
3874 25 25 7
3875 25 25 9
3876 15 14 4
3877 16 15 5
3878 17 16 6
3879 20 20 4
3880 20 19 5
3881 21 21 5
3882 19 19 7
3883 33 32 12
3884 20 20 6
3885 30 30 6
3886 24 23 7
3887 15 15 5
3888 23 23 7
3889 21 21 5
3890 19 18 4
3891 18 17 5
3892 17 17 5
3893 15 14 6
3894 20 20 4
3895 18 17 7
3896 19 18 4
3897 20 19 7
3898 17 16 4
3899 12 11 5
3900 23 22 8
3901 14 14 8
3902 12 12 6
3903 12 12 4
3904 12 11 5
3905 19 18 6
3906 14 14 6
3907 20 20 6
3908 16 16 6
3909 22 21 5
3910 13 12 4
3911 24 23 5
3912 9 9 5
3913 9 8 7
3914 15 14 4
3915 12 11 5
3916 13 13 5
3917 11 10 6
3918 12 12 6
3919 20 19 5
3920 19 19 5
3921 9 9 5
3922 23 22 4
3923 10 9 5
3924 5 5 5
3925 28 27 7
3926 23 23 5
3927 19 18 6
3928 14 13 5
3929 17 17 7
3930 13 12 4
3931 24 23 5
3932 15 15 7
3933 19 18 6
3934 20 20 6
3935 16 15 5
3936 11 10 4
3937 16 15 5
3938 15 15 5
3939 15 15 7
3940 23 22 6
3941 18 17 5
3942 17 17 7
3943 17 16 6
3944 12 12 4
3945 12 11 5
3946 19 18 6
3947 14 14 4
3948 14 13 5
3949 13 12 6
3950 12 12 4
3951 12 11 5
3952 15 15 5
3953 17 17 7
3954 15 14 6
3955 14 13 5
3956 13 13 5
3957 13 12 6
3958 20 20 6
3959 10 10 4
3960 18 17 7
3961 15 14 6
3962 8 8 4
3963 18 17 7
3964 19 19 5
3965 23 22 8
3966 20 20 6
3967 16 16 4
3968 24 23 7
3969 25 25 7
3970 13 12 4
3971 16 15 5
3972 15 15 5
3973 15 14 6
3974 10 10 4
3975 18 17 7
3976 27 27 7
3977 11 10 4
3978 18 17 7
3979 11 10 4
3980 18 17 5
3981 11 10 6
3982 10 9 5
3983 7 6 5
3984 11 10 6
3985 14 13 7
3986 9 9 5
3987 11 10 4
3988 22 21 5
3989 15 15 5
3990 25 25 7
3991 13 13 5
3992 11 10 4
3993 18 17 5
3994 29 29 7
3995 23 23 9
3996 17 17 7
3997 23 22 6
3998 14 14 6
3999 20 20 6
4000 10 9 5
4001 7 6 5
4002 13 12 4
4003 10 9 5
4004 13 12 4
4005 12 11 5
4006 5 5 5
4007 18 17 5
4008 15 15 7
4009 9 8 4
4010 14 13 7
4011 19 18 8
4012 6 6 6
4013 11 11 5
4014 13 13 5
4015 11 10 9
4016 9 8 4
4017 16 15 5
4018 13 12 6
4019 14 14 6
4020 12 12 4
4021 20 19 7
4022 13 13 5
4023 9 9 5
4024 7 7 7
4025 12 11 5
4026 7 6 5
4027 19 18 6
4028 10 9 5
4029 13 12 8
4030 16 16 6
4031 10 10 4
4032 10 9 5
4033 15 15 7
4034 11 11 5
4035 9 9 5
4036 13 12 4
4037 22 21 5
4038 17 16 6
4039 14 13 5
4040 7 6 5
4041 11 10 6
4042 14 14 6
4043 8 8 4
4044 12 11 5
4045 17 16 6
4046 12 11 5
4047 19 19 9
4048 11 11 5
4049 13 12 4
4050 12 11 5
4051 11 10 6
4052 12 11 5
4053 13 12 4
4054 16 15 5
4055 11 10 6
4056 12 12 6
4057 10 10 6
4058 12 12 6
4059 10 10 4
4060 14 13 7
4061 15 14 6
4062 6 6 6
4063 7 6 5
4064 19 18 6
4065 14 14 8
4066 10 10 6
4067 10 9 5
4068 11 10 6
4069 12 12 6
4070 12 12 6
4071 10 10 4
4072 12 11 5
4073 15 15 5
4074 15 14 8
4075 12 12 4
4076 14 13 5
4077 15 15 5
4078 15 14 4
4079 20 19 5
4080 17 17 5
4081 11 11 5
4082 19 19 5
4083 15 15 7
4084 19 18 6
4085 22 22 6
4086 24 23 5
4087 37 37 7
4088 41 40 6
4089 22 21 5
4090 37 37 9
4091 13 12 4
4092 18 17 5
4093 27 26 6
4094 10 10 4
4095 16 15 5
4096 17 16 6
4097 22 22 6
4098 26 26 6
4099 26 26 6
4100 22 21 5
4101 27 26 8
4102 26 26 6
4103 20 20 4
4104 32 31 9
4105 31 30 6
4106 38 38 6
4107 26 25 5
4108 39 39 7
4109 21 21 5
4110 17 17 5
4111 29 28 8
4112 32 32 8
4113 20 20 6
4114 24 23 5
4115 15 15 5
4116 23 22 6
4117 24 23 5
4118 15 15 5
4119 17 17 5
4120 21 20 4
4121 28 27 7
4122 17 16 4
4123 26 25 5
4124 25 25 7
4125 21 20 6
4126 16 16 6
4127 10 10 4
4128 16 15 5
4129 25 24 6
4130 20 20 4
4131 28 27 7
4132 21 20 6
4133 32 32 6
4134 36 35 5
4135 23 23 7
4136 39 38 8
4137 16 15 5
4138 21 20 4
4139 32 31 7
4140 47 47 13
4141 27 26 6
4142 16 16 6
4143 22 22 8
4144 18 17 5
4145 15 15 5
4146 31 31 5
4147 29 29 9
4148 21 20 6
4149 20 20 6
4150 40 39 7
4151 23 22 6
4152 32 32 12
4153 12 12 6
4154 14 14 6
4155 26 26 4
4156 34 33 7
4157 31 31 5
4158 27 27 9
4159 13 13 7
4160 25 24 4
4161 36 35 7
4162 15 14 4
4163 20 19 5
4164 21 20 6
4165 20 19 5
4166 25 24 6
4167 18 18 6
4168 16 16 6
4169 18 18 6
4170 22 21 5
4171 27 26 8
4172 22 21 5
4173 17 17 5
4174 17 16 6
4175 24 24 6
4176 18 18 6
4177 16 16 4
4178 28 27 7
4179 21 21 7
4180 23 22 6
4181 16 16 6
4182 30 30 4
4183 28 27 7
4184 15 15 5
4185 25 24 6
4186 28 28 6
4187 24 24 8
4188 10 10 6
4189 28 28 6
4190 32 32 4
4191 16 15 5
4192 19 19 7
4193 21 21 5
4194 21 21 5
4195 19 19 7
4196 23 22 6
4197 22 22 6
4198 22 22 6
4199 26 26 8
4200 20 20 6
4201 22 21 7
4202 29 28 6
4203 20 20 4
4204 24 23 5
4205 11 10 4
4206 22 21 7
4207 23 22 8
4208 22 22 8
4209 18 17 5
4210 31 30 6
4211 18 17 5
4212 17 16 4
4213 22 21 7
4214 15 15 5
4215 21 20 6
4216 14 13 5
4217 5 5 5
4218 14 13 5
4219 15 14 6
4220 12 12 4
4221 12 11 5
4222 23 23 5
4223 17 16 4
4224 16 15 5
4225 13 13 5
4226 19 18 6
4227 14 13 5
4228 23 23 5
4229 15 14 4
4230 22 21 7
4231 19 19 7
4232 17 16 6
4233 14 14 6
4234 8 8 4
4235 12 11 5
4236 9 9 5
4237 13 13 5
4238 17 16 6
4239 20 20 6
4240 16 16 6
4241 20 20 8
4242 10 10 4
4243 12 11 5
4244 7 6 5
4245 17 16 6
4246 8 8 4
4247 18 17 5
4248 13 12 4
4249 6 5 4
4250 16 15 7
4251 11 10 4
4252 8 7 6
4253 14 14 4
4254 16 15 5
4255 15 15 5
4256 7 7 7
4257 16 16 6
4258 14 14 6
4259 16 16 6
4260 14 14 6
4261 10 10 4
4262 16 15 5
4263 13 13 5
4264 13 12 6
4265 14 14 4
4266 10 9 5
4267 9 8 4
4268 14 13 5
4269 17 16 8
4270 12 12 6
4271 8 8 4
4272 16 15 5
4273 13 12 4
4274 10 9 5
4275 5 5 5
4276 16 15 5
4277 13 12 6
4278 16 15 7
4279 13 13 5
4280 15 14 6
4281 12 11 5
4282 13 12 6
4283 16 15 7
4284 11 10 6
4285 12 12 6
4286 14 14 6
4287 12 12 6
4288 6 6 6
4289 11 11 5
4290 13 13 5
4291 13 13 7
4292 13 13 5
4293 11 10 4
4294 20 19 5
4295 11 11 5
4296 15 14 4
4297 10 9 5
4298 15 15 5
4299 9 8 4
4300 12 11 7
4301 9 8 4
4302 12 11 5
4303 11 11 5
4304 13 13 5
4305 23 22 6
4306 10 10 6
4307 10 10 6
4308 16 15 5
4309 23 23 7
4310 11 11 5
4311 9 8 4
4312 14 13 5
4313 13 13 5
4314 11 11 5
4315 9 8 4
4316 12 11 5
4317 15 15 5
4318 7 6 5
4319 13 12 6
4320 16 15 7
4321 11 10 4
4322 18 17 7
4323 13 12 6
4324 12 12 4
4325 10 9 5
4326 15 14 6
4327 18 18 6
4328 10 10 4
4329 14 13 7
4330 13 12 6
4331 14 13 5
4332 9 9 5
4333 13 12 4
4334 14 13 5
4335 11 10 4
4336 10 9 5
4337 9 8 4
4338 12 11 7
4339 13 13 7
4340 13 13 5
4341 13 12 4
4342 12 11 5
4343 15 14 4
4344 16 15 7
4345 7 6 5
4346 13 12 4
4347 6 5 4
4348 10 9 5
4349 13 12 4
4350 14 13 7
4351 15 14 6
4352 6 6 6
4353 11 10 4
4354 12 11 7
4355 21 20 6
4356 22 21 7
4357 11 10 4
4358 12 11 5
4359 15 15 5
4360 25 25 5
4361 11 10 4
4362 20 19 5
4363 15 14 6
4364 24 24 6
4365 10 9 5
4366 23 23 9
4367 21 20 6
4368 20 19 5
4369 23 22 6
4370 16 15 5
4371 13 13 5
4372 27 26 6
4373 16 16 6
4374 28 28 10
4375 16 16 6
4376 12 12 6
4377 22 22 6
4378 26 26 4
4379 44 43 7
4380 23 22 6
4381 34 34 8
4382 22 22 4
4383 26 25 5
4384 25 25 5
4385 23 23 5
4386 33 33 7
4387 41 40 8
4388 36 36 8
4389 32 32 8
4390 44 43 11
4391 37 37 9
4392 49 49 13
4393 29 29 7
4394 25 24 6
4395 26 25 9
4396 57 56 14
4397 20 19 5
4398 19 18 6
4399 20 19 5
4400 27 27 7
4401 11 11 5
4402 27 26 8
4403 12 12 4
4404 24 23 5
4405 23 23 9
4406 29 28 8
4407 30 30 8
4408 20 20 8
4409 22 22 8
4410 18 17 7
4411 33 32 12
4412 20 19 5
4413 33 33 11
4414 23 22 6
4415 20 20 6
4416 20 20 6
4417 22 22 6
4418 30 29 11
4419 11 10 4
4420 24 23 7
4421 29 28 8
4422 14 14 4
4423 40 39 7
4424 35 34 6
4425 24 23 9
4426 27 26 8
4427 28 28 6
4428 18 17 5
4429 25 25 7
4430 39 38 10
4431 28 27 7
4432 25 25 9
4433 21 20 6
4434 16 16 4
4435 38 37 11
4436 31 31 7
4437 17 16 4
4438 18 17 5
4439 17 16 4
4440 18 17 7
4441 31 30 10
4442 26 26 6
4443 24 24 8
4444 16 15 5
4445 27 26 6
4446 14 14 6
4447 26 26 8
4448 28 28 8
4449 28 28 10
4450 18 18 4
4451 20 19 5
4452 19 18 4
4453 12 11 5
4454 27 27 5
4455 15 15 5
4456 31 30 8
4457 16 16 4
4458 14 13 5
4459 41 40 16
4460 16 16 4
4461 22 21 7
4462 25 25 5
4463 27 26 8
4464 16 15 5
4465 29 29 11
4466 27 26 8
4467 20 19 7
4468 37 36 8
4469 36 36 6
4470 18 18 4
4471 36 35 9
4472 15 15 5
4473 25 24 6
4474 28 27 7
4475 21 21 7
4476 23 23 7
4477 25 25 5
4478 27 26 4
4479 14 13 5
4480 39 38 10
4481 28 28 8
4482 28 28 6
4483 26 26 6
4484 24 23 5
4485 23 23 7
4486 23 22 6
4487 18 17 5
4488 27 26 6
4489 24 24 6
4490 18 18 6
4491 14 14 6
4492 36 36 8
4493 20 20 6
4494 26 25 5
4495 29 28 8
4496 14 14 6
4497 16 16 4
4498 18 17 5
4499 31 30 6
4500 22 21 5
4501 17 16 6
4502 28 28 8
4503 20 20 6
4504 12 12 4
4505 22 21 5
4506 17 16 6
4507 12 12 4
4508 26 25 5
4509 19 18 6
4510 16 16 6
4511 32 31 5
4512 23 23 7
4513 23 22 4
4514 14 13 5
4515 21 21 5
4516 33 33 7
4517 13 12 4
4518 16 15 5
4519 11 10 4
4520 32 31 9
4521 23 23 7
4522 21 21 5
4523 21 20 6
4524 24 23 5
4525 19 19 5
4526 15 15 5
4527 21 20 6
4528 14 14 4
4529 18 17 5
4530 17 16 6
4531 18 17 5
4532 13 12 4
4533 20 19 7
4534 23 23 5
4535 11 10 6
4536 18 18 4
4537 12 11 5
4538 9 9 5
4539 11 11 5
4540 11 10 4
4541 16 15 5
4542 11 11 5
4543 11 10 6
4544 12 12 6
4545 16 15 5
4546 15 14 6
4547 12 11 5
4548 23 22 4
4549 16 15 7
4550 21 20 6
4551 16 16 8
4552 12 12 6
4553 16 16 4
4554 18 17 5
4555 13 13 5
4556 19 18 8
4557 16 16 4
4558 12 11 5
4559 13 13 5
4560 17 16 6
4561 14 14 6
4562 14 13 5
4563 25 24 6
4564 16 15 7
4565 11 10 4
4566 22 21 7
4567 9 9 5
4568 11 10 4
4569 12 11 5
4570 15 14 6
4571 14 14 6
4572 16 16 6
4573 6 6 6
4574 11 10 6
4575 14 13 5
4576 15 14 6
4577 20 19 5
4578 7 6 5
4579 11 10 6
4580 14 14 4
4581 20 19 7
4582 7 7 7
4583 20 20 6
4584 8 8 4
4585 18 17 5
4586 11 11 5
4587 21 20 6
4588 24 23 7
4589 11 10 4
4590 24 23 9
4591 19 18 6
4592 18 18 6
4593 20 20 6
4594 28 28 8
4595 44 44 8
4596 36 36 6
4597 34 33 7
4598 19 18 6
4599 22 22 4
4600 32 31 7
4601 39 38 8
4602 38 38 8
4603 44 44 8
4604 36 35 7
4605 47 47 9
4606 39 38 8
4607 36 35 7
4608 33 33 9
4609 21 20 6
4610 36 36 4
4611 40 39 9
4612 33 33 13
4613 27 26 8
4614 30 30 10
4615 32 31 7
4616 37 36 10
4617 36 36 10
4618 28 28 8
4619 22 21 7
4620 33 32 10
4621 30 30 8
4622 18 18 6
4623 38 38 10
4624 32 31 7
4625 33 32 10
4626 16 15 7
4627 19 18 10
4628 16 16 6
4629 18 17 5
4630 31 31 9
4631 35 35 11
4632 25 24 10
4633 36 35 13
4634 41 40 8
4635 24 23 5
4636 15 15 5
4637 17 17 5
4638 13 12 4
4639 16 15 5
4640 19 19 5
4641 11 11 5
4642 27 27 9
4643 23 22 6
4644 20 19 5
4645 17 17 5
4646 9 9 5
4647 17 16 6
4648 18 18 6
4649 14 13 5
4650 21 20 6
4651 10 10 4
4652 22 21 7
4653 19 19 5
4654 17 16 4
4655 12 11 5
4656 13 12 4
4657 16 15 5
4658 13 12 6
4659 24 23 7
4660 15 14 4
4661 18 17 5
4662 19 18 6
4663 16 15 5
4664 13 13 5
4665 17 17 5
4666 15 15 5
4667 15 15 7
4668 17 16 6
4669 6 6 6
4670 13 12 6
4671 18 18 6
4672 12 12 6
4673 24 24 6
4674 12 12 4
4675 18 17 5
4676 11 11 5
4677 15 15 5
4678 19 19 5
4679 23 23 5
4680 19 19 5
4681 17 17 7
4682 17 16 4
4683 14 13 5
4684 17 16 4
4685 18 17 5
4686 9 9 5
4687 27 26 4
4688 38 37 9
4689 17 16 4
4690 36 35 7
4691 33 33 7
4692 21 21 5
4693 13 12 4
4694 30 29 7
4695 19 18 6
4696 24 24 6
4697 16 16 4
4698 18 17 5
4699 29 29 5
4700 19 19 5
4701 21 21 5
4702 35 35 9
4703 21 20 6
4704 28 27 5
4705 15 15 5
4706 25 25 7
4707 25 24 6
4708 26 25 5
4709 21 21 5
4710 49 49 11
4711 27 27 7
4712 25 24 6
4713 38 38 10
4714 20 20 6
4715 28 27 5
4716 25 24 6
4717 26 26 6
4718 20 20 6
4719 32 32 10
4720 32 32 6
4721 32 31 7
4722 25 24 6
4723 30 30 6
4724 28 28 6
4725 24 24 8
4726 34 34 6
4727 26 26 6
4728 24 24 6
4729 26 25 7
4730 19 19 5
4731 27 26 6
4732 36 36 6
4733 22 21 7
4734 25 25 5
4735 27 27 5
4736 37 37 7
4737 37 37 9
4738 25 25 5
4739 37 36 6
4740 50 50 12
4741 34 34 10
4742 40 40 12
4743 26 25 7
4744 53 53 15
4745 31 30 4
4746 32 31 7
4747 21 20 6
4748 26 26 4
4749 36 35 9
4750 33 32 12
4751 34 34 4
4752 32 31 9
4753 41 40 10
4754 24 24 6
4755 20 20 4
4756 28 27 7
4757 23 23 5
4758 23 23 7
4759 33 32 8
4760 34 34 10
4761 30 29 7
4762 29 29 7
4763 21 21 5
4764 27 26 8
4765 32 32 6
4766 24 23 5
4767 27 27 9
4768 33 32 8
4769 32 31 5
4770 17 16 4
4771 42 41 9
4772 19 18 6
4773 34 34 8
4774 38 38 6
4775 36 36 6
4776 36 35 11
4777 51 50 8
4778 36 35 7
4779 29 29 7
4780 31 30 8
4781 24 23 7
4782 29 28 8
4783 28 28 6
4784 22 21 5
4785 29 29 7
4786 27 26 6
4787 26 25 9
4788 23 22 4
4789 26 25 7
4790 27 27 5
4791 29 28 8
4792 28 28 8
4793 22 21 7
4794 39 38 8
4795 16 16 6
4796 14 14 4
4797 22 21 5
4798 17 17 7
4799 15 14 6
4800 26 25 5
4801 27 27 7
4802 11 10 4
4803 16 15 5
4804 23 22 6
4805 14 13 5
4806 19 18 4
4807 22 21 5
4808 13 12 4
4809 18 17 5
4810 13 12 4
4811 22 21 7
4812 25 24 6
4813 16 16 4
4814 16 15 5
4815 13 13 5
4816 15 15 5
4817 25 25 7
4818 23 22 6
4819 24 23 5
4820 19 19 5
4821 17 17 5
4822 21 21 5
4823 25 24 6
4824 20 19 5
4825 21 21 7
4826 11 11 5
4827 15 15 5
4828 23 22 6
4829 16 16 8
4830 12 11 5
4831 37 36 8
4832 22 22 6
4833 26 25 5
4834 23 22 6
4835 24 23 5
4836 19 19 5
4837 17 16 4
4838 16 15 5
4839 19 19 5
4840 25 24 6
4841 18 17 5
4842 21 20 6
4843 18 17 5
4844 15 15 5
4845 19 19 5
4846 23 22 4
4847 24 23 5
4848 19 19 5
4849 17 17 5
4850 19 19 5
4851 25 24 8
4852 12 12 6
4853 12 12 6
4854 22 22 6
4855 10 10 4
4856 22 21 7
4857 17 17 7
4858 11 10 4
4859 14 13 5
4860 25 24 10
4861 12 12 6
4862 16 16 6
4863 12 12 4
4864 10 9 5
4865 11 11 5
4866 9 9 5
4867 13 13 5
4868 13 13 7
4869 21 20 4
4870 10 9 5
4871 15 14 4
4872 12 11 5
4873 13 12 6
4874 22 22 6
4875 20 19 5
4876 15 15 5
4877 17 16 4
4878 12 11 5
4879 13 12 6
4880 14 14 6
4881 18 18 6
4882 12 11 5
4883 5 5 5
4884 14 13 5
4885 13 12 6
4886 24 23 7
4887 15 14 8
4888 14 13 5
4889 9 8 4
4890 16 15 5
4891 17 16 6
4892 16 16 6
4893 14 14 6
4894 14 13 7
4895 13 12 6
4896 14 14 4
4897 12 11 5
4898 21 20 6
4899 12 11 5
4900 9 9 5
4901 13 12 4
4902 12 11 5
4903 11 11 5
4904 11 10 4
4905 12 11 5
4906 11 11 5
4907 15 15 5
4908 11 11 7
4909 13 12 6
4910 10 9 5
4911 15 14 6
4912 12 11 5
4913 19 19 7
4914 15 15 5
4915 17 17 5
4916 13 12 4
4917 12 11 5
4918 11 10 4
4919 10 9 5
4920 19 18 6
4921 12 12 6
4922 20 20 6
4923 14 13 5
4924 11 11 5
4925 9 8 4
4926 14 13 7
4927 9 8 4
4928 10 9 5
4929 11 10 4
4930 16 15 5
4931 13 13 5
4932 13 12 4
4933 10 9 5
4934 9 9 5
4935 11 11 5
4936 15 15 7
4937 13 12 6
4938 12 11 5
4939 9 8 4
4940 16 15 5
4941 15 14 6
4942 16 15 5
4943 15 14 6
4944 12 12 4
4945 12 11 5
4946 11 10 6
4947 12 12 6
4948 6 6 6
4949 15 14 6
4950 16 15 5
4951 15 15 7
4952 15 14 6
4953 28 28 8
4954 14 13 7
4955 11 10 4
4956 16 15 7
4957 15 14 6
4958 8 8 4
4959 14 13 5
4960 15 14 4
4961 12 11 5
4962 9 9 5
4963 5 5 5
4964 18 17 5
4965 13 12 4
4966 6 5 4
4967 12 11 5
4968 9 9 5
4969 17 17 5
4970 15 15 5
4971 9 9 5
4972 13 12 6
4973 14 14 6
4974 14 14 4
4975 16 15 7
4976 13 12 4
4977 6 5 4
4978 20 19 7
4979 13 12 4
4980 22 21 7
4981 33 33 5
4982 21 21 5
4983 17 16 6
4984 28 27 5
4985 15 15 5
4986 21 20 8
4987 16 15 5
4988 17 16 6
4989 16 15 5
4990 19 19 7
4991 37 36 10
4992 20 19 5
4993 25 24 6
4994 24 24 6
4995 12 12 4
4996 18 17 5
4997 19 19 7
4998 33 32 12
4999 14 14 6
