0 22 21 5
1 11 11 5
2 15 14 6
3 28 27 7
4 15 15 5
5 17 17 5
6 21 20 6
7 14 13 5
8 19 19 5
9 21 21 7
10 13 12 4
11 12 11 5
12 9 8 7
13 9 8 4
14 14 13 5
15 15 15 7
16 13 13 5
17 25 24 8
18 12 11 5
19 13 12 4
20 16 15 5
21 11 11 5
22 15 14 4
23 18 17 9
24 9 8 4
25 12 11 5
26 17 16 8
27 8 8 4
28 12 11 7
29 17 16 6
30 14 14 6
31 14 13 5
32 9 8 4
33 12 11 7
34 13 12 6
35 12 11 5
36 13 13 5
37 7 6 5
38 23 22 8
39 16 15 5
40 11 10 4
41 14 13 5
42 13 13 5
43 11 10 6
44 12 11 5
45 13 13 7
46 13 13 5
47 11 10 4
48 24 23 5
49 11 10 4
50 18 17 5
51 23 22 6
52 6 6 6
53 15 15 7
54 5 5 5
55 10 9 5
56 17 16 8
57 16 16 4
58 26 25 5
59 21 20 8
60 22 22 6
61 16 16 6
62 14 14 4
63 34 33 5
64 31 31 7
65 37 36 6
66 24 24 6
67 16 16 6
68 14 14 6
69 22 22 6
70 18 17 5
71 21 20 6
72 26 25 5
73 23 22 6
74 12 11 5
75 21 20 6
76 16 15 5
77 27 27 9
78 25 24 6
79 16 15 5
80 21 21 7
81 11 10 4
82 30 29 7
83 23 23 5
84 23 22 6
85 26 25 7
86 41 40 6
87 34 33 5
88 15 15 5
89 19 19 5
90 27 26 6
91 36 36 6
92 20 20 4
93 34 33 5
94 27 27 7
95 23 22 6
96 24 24 8
97 22 22 4
98 22 21 5
99 19 18 4
100 24 23 5
101 23 23 7
102 31 30 6
103 22 22 6
104 16 16 4
105 14 13 5
106 19 18 6
107 26 26 6
108 18 18 4
109 22 21 7
110 17 16 4
111 26 25 5
112 19 18 4
113 22 21 7
114 31 31 7
115 21 21 7
116 21 20 4
117 32 31 7
118 23 23 7
119 35 34 14
120 12 12 4
121 18 17 5
122 19 18 6
123 34 33 5
124 21 21 5
125 29 28 6
126 26 25 7
127 35 34 6
128 28 28 6
129 20 19 7
130 17 16 6
131 22 22 6
132 20 19 7
133 21 21 9
134 25 24 4
135 30 29 5
136 19 18 6
137 18 18 8
138 24 24 6
139 22 21 5
140 19 19 7
141 29 28 8
142 22 21 5
143 31 31 5
144 21 21 7
145 23 23 5
146 15 15 7
147 23 22 8
148 18 18 4
149 22 21 7
150 29 28 6
151 28 28 8
152 22 22 4
153 26 25 5
154 17 17 5
155 35 34 8
156 18 17 5
157 25 24 4
158 18 17 5
159 27 27 5
160 27 26 8
161 18 18 4
162 30 29 5
163 31 30 6
164 24 23 7
165 15 14 4
166 18 17 5
167 19 18 4
168 30 29 5
169 25 24 4
170 24 23 9
171 25 24 6
172 24 23 5
173 23 22 6
174 32 31 7
175 23 23 9
176 25 24 6
177 36 35 5
178 37 36 14
179 30 30 6
180 26 25 5
181 25 25 5
182 25 24 6
183 28 28 6
184 26 25 5
185 33 32 8
186 36 35 9
187 27 27 5
188 27 26 6
189 22 21 5
190 29 29 5
191 25 25 5
192 13 12 4
193 18 17 7
194 17 16 4
195 18 17 5
196 23 22 6
197 20 19 5
198 27 27 7
199 27 26 6
200 12 12 4
201 24 23 7
202 23 22 4
203 24 23 5
204 17 17 5
205 21 21 5
206 27 27 7
207 17 17 5
208 37 36 6
209 26 25 7
210 19 18 4
211 20 19 5
212 27 27 5
213 41 41 7
214 19 18 4
215 22 21 5
216 19 19 5
217 29 28 4
218 26 25 9
219 17 16 6
220 24 24 8
221 16 16 4
222 22 21 7
223 27 26 6
224 24 24 6
225 24 23 7
226 29 28 4
227 32 31 5
228 21 21 7
229 27 26 6
230 26 25 5
231 27 26 4
232 16 15 5
233 21 20 6
234 18 18 4
235 32 31 5
236 25 25 5
237 25 25 5
238 15 15 5
239 25 25 7
240 25 24 6
241 22 22 4
242 18 17 5
243 33 33 5
244 13 12 4
245 10 9 5
246 15 15 5
247 17 16 6
248 26 26 8
249 16 16 4
250 12 11 5
251 9 9 5
252 13 12 6
253 14 13 5
254 13 13 5
255 9 9 5
256 9 8 4
257 18 17 7
258 15 14 6
259 18 18 6
260 18 18 6
261 10 10 4
262 16 15 5
263 9 8 4
264 20 19 5
265 9 9 5
266 21 21 7
267 23 22 6
268 22 21 7
269 27 27 5
270 17 17 5
271 19 18 4
272 18 17 5
273 15 15 5
274 11 11 5
275 17 16 4
276 20 19 5
277 21 21 5
278 15 15 5
279 21 20 6
280 20 20 4
281 16 15 5
282 15 15 7
283 39 38 4
284 22 21 5
285 17 17 5
286 23 22 4
287 16 15 5
288 15 14 6
289 14 14 4
290 20 19 5
291 21 21 5
292 27 27 5
293 9 8 4
294 20 19 5
295 17 16 6
296 24 24 8
297 36 36 4
298 32 31 5
299 21 21 5
300 33 32 6
301 50 50 6
302 26 26 8
303 28 28 6
304 32 32 6
305 36 35 7
306 43 43 7
307 41 40 6
308 42 42 6
309 34 34 6
310 34 33 5
311 35 35 5
312 19 19 7
313 41 41 9
314 29 29 7
315 25 24 8
316 36 36 10
317 20 20 6
318 24 24 6
319 24 24 8
320 48 47 9
321 37 36 6
322 42 41 5
323 53 53 11
324 39 39 7
325 17 17 5
326 29 29 5
327 27 27 5
328 33 32 4
329 32 31 7
330 23 23 5
331 21 21 5
332 29 28 8
333 22 21 5
334 11 11 5
335 11 10 4
336 16 15 5
337 25 24 6
338 14 14 4
339 18 17 5
340 33 32 6
341 22 22 6
342 8 8 4
343 16 15 5
344 19 19 5
345 25 25 5
346 17 16 4
347 22 21 7
348 25 24 6
349 18 17 5
350 25 24 6
351 16 16 6
352 14 14 4
353 10 9 5
354 17 16 6
355 18 17 5
356 23 23 5
357 13 13 5
358 11 10 4
359 24 23 7
360 21 20 4
361 14 13 5
362 11 11 5
363 21 21 5
364 17 17 5
365 17 17 5
366 15 15 5
367 27 26 6
368 16 15 5
369 27 26 6
370 12 12 4
371 22 21 5
372 15 14 4
373 20 19 5
374 19 19 5
375 19 18 6
376 18 18 6
377 12 11 5
378 17 16 4
379 20 19 7
380 29 28 6
381 14 14 4
382 12 11 5
383 15 14 4
384 22 21 7
385 13 12 4
386 28 27 7
387 13 13 5
388 17 17 5
389 19 18 6
390 18 18 6
391 14 13 5
392 13 12 6
393 16 16 6
394 14 14 4
395 22 21 5
396 19 18 4
397 22 21 5
398 15 15 5
399 11 10 6
400 8 8 4
401 18 17 5
402 11 11 5
403 17 17 7
404 11 11 5
405 13 12 6
406 6 6 6
407 11 10 6
408 12 11 5
409 23 23 5
410 9 9 5
411 9 8 4
412 12 11 7
413 11 10 4
414 16 15 5
415 23 22 8
416 18 18 6
417 16 16 6
418 12 11 5
419 13 12 4
420 10 9 5
421 13 13 5
422 11 11 5
423 15 14 6
424 12 12 6
425 18 18 4
426 14 13 7
427 11 10 4
428 14 13 5
429 15 15 5
430 15 15 5
431 11 11 5
432 23 22 6
433 30 29 5
434 25 25 7
435 25 24 4
436 16 15 5
437 9 8 4
438 16 15 7
439 17 16 6
440 16 15 5
441 13 13 5
442 23 22 6
443 24 24 8
444 16 16 4
445 12 11 5
446 9 9 5
447 17 16 4
448 12 11 5
449 11 10 6
450 18 18 6
451 12 12 6
452 18 17 5
453 9 8 4
454 16 15 5
455 21 20 8
456 16 16 4
457 14 13 5
458 17 17 7
459 17 17 5
460 13 13 5
461 9 8 4
462 10 9 5
463 19 19 7
464 11 10 6
465 14 13 5
466 11 10 4
467 14 13 5
468 9 8 4
469 8 7 6
470 10 9 5
471 13 13 5
472 9 8 4
473 16 15 5
474 19 19 5
475 27 26 4
476 14 13 5
477 13 12 6
478 6 6 6
479 15 14 6
480 18 18 6
481 8 8 4
482 10 9 5
483 11 10 6
484 6 5 4
485 10 9 5
486 13 12 6
487 16 15 5
488 17 16 6
489 18 17 7
490 9 8 4
491 12 11 5
492 13 13 5
493 13 13 5
494 9 8 4
495 22 21 7
496 9 9 5
497 9 9 5
498 17 16 6
499 10 10 6
500 10 10 4
501 14 13 5
502 15 15 5
503 9 9 5
504 15 14 6
505 18 17 5
506 9 9 5
507 15 14 4
508 10 9 5
509 15 15 5
510 13 13 5
511 17 16 6
512 14 14 6
513 16 16 4
514 12 11 5
515 13 13 5
516 15 15 7
517 15 15 5
518 19 18 4
519 16 15 5
520 9 9 5
521 9 8 4
522 16 15 5
523 11 11 5
524 11 11 5
525 11 10 4
526 12 11 5
527 13 13 5
528 13 12 6
529 8 7 6
530 12 12 6
531 10 10 6
532 12 12 4
533 18 17 5
534 9 9 5
535 11 10 6
536 10 10 6
537 14 14 6
538 20 19 5
539 31 31 5
540 21 21 5
541 15 15 5
542 17 17 5
543 9 9 5
544 9 8 4
545 12 11 5
546 7 7 7
547 18 18 6
548 18 18 6
549 22 22 4
550 24 23 7
551 21 21 5
552 23 22 8
553 14 13 5
554 13 12 6
555 12 12 6
556 10 10 4
557 6 5 4
558 18 17 7
559 17 16 6
560 20 19 5
561 25 24 6
562 14 14 6
563 22 22 6
564 18 18 4
565 16 15 5
566 19 19 5
567 9 9 5
568 7 6 5
569 25 24 8
570 12 12 4
571 14 13 5
572 27 26 4
573 14 13 5
574 13 13 5
575 13 12 4
576 20 19 5
577 21 20 4
578 18 17 5
579 9 9 5
580 27 26 6
581 24 24 6
582 16 15 5
583 25 24 6
584 18 18 6
585 20 19 5
586 19 18 4
587 24 23 5
588 31 30 6
589 26 25 7
590 33 33 5
591 37 36 6
592 20 20 4
593 26 25 7
594 35 34 8
595 16 16 4
596 22 21 5
597 47 46 6
598 40 39 9
599 23 22 6
600 22 22 6
601 20 20 4
602 26 25 5
603 31 30 8
604 38 38 8
605 40 40 10
606 38 38 8
607 46 46 14
608 22 22 6
609 28 28 8
610 36 35 7
611 23 23 7
612 35 35 7
613 29 28 6
614 34 34 8
615 30 29 7
616 29 29 7
617 15 14 4
618 34 33 7
619 29 29 5
620 31 30 8
621 28 28 10
622 40 40 10
623 34 34 10
624 28 28 8
625 30 29 7
626 23 22 6
627 32 31 9
628 27 26 10
629 40 39 7
630 51 51 11
631 29 28 6
632 24 24 8
633 20 20 6
634 30 29 11
635 41 40 12
636 20 20 6
637 30 29 9
638 31 31 7
639 33 32 8
640 32 31 9
641 25 24 8
642 20 20 6
643 26 26 4
644 32 31 11
645 31 30 12
646 34 34 14
647 36 36 4
648 32 31 7
649 25 25 7
650 23 22 6
651 36 36 8
652 26 25 9
653 23 22 6
654 42 41 9
655 23 23 7
656 23 23 7
657 23 23 7
658 39 38 10
659 38 38 10
660 20 20 6
661 36 36 8
662 36 36 8
663 48 47 15
664 39 38 10
665 34 34 8
666 34 33 9
667 25 24 6
668 34 33 5
669 45 44 8
670 32 31 9
671 13 12 4
672 18 17 5
673 39 38 8
674 24 24 6
675 42 42 14
676 32 32 8
677 44 44 10
678 24 24 6
679 32 32 8
680 32 31 7
681 17 17 5
682 27 27 7
683 29 29 7
684 25 24 6
685 26 26 6
686 34 33 7
687 15 15 5
688 33 32 8
689 26 25 5
690 19 18 6
691 28 27 7
692 15 14 4
693 22 21 5
694 31 31 7
695 27 27 7
696 23 22 6
697 30 30 6
698 18 17 5
699 19 18 4
700 26 25 5
701 17 16 6
702 12 12 4
703 16 15 5
704 33 32 8
705 20 19 5
706 11 11 5
707 13 12 4
708 20 19 5
709 21 20 8
710 16 15 5
711 19 19 5
712 17 17 5
713 21 20 6
714 18 17 5
715 23 23 7
716 21 21 5
717 23 23 5
718 13 13 5
719 9 8 4
720 16 15 5
721 15 14 4
722 18 17 5
723 9 9 5
724 9 8 4
725 16 15 5
726 11 10 4
727 20 19 5
728 17 17 5
729 23 22 6
730 16 16 6
731 22 22 6
732 12 12 4
733 16 15 5
734 13 12 6
735 18 18 6
736 16 16 6
737 18 17 7
738 21 20 6
739 18 17 5
740 25 24 6
741 20 20 6
742 12 12 4
743 22 21 5
744 19 18 4
745 20 19 5
746 13 12 4
747 12 11 5
748 21 20 6
749 14 13 5
750 25 25 5
751 15 15 5
752 13 12 4
753 26 25 5
754 15 15 5
755 17 16 6
756 28 27 7
757 13 13 5
758 11 11 5
759 15 14 4
760 20 19 5
761 17 17 5
762 11 10 4
763 20 19 5
764 11 10 4
765 14 13 5
766 9 9 5
767 11 10 6
768 12 12 4
769 14 13 5
770 13 13 7
771 15 14 4
772 24 23 5
773 17 16 4
774 24 23 5
775 21 20 6
776 20 20 6
777 18 17 5
778 13 12 4
779 10 9 5
780 11 11 5
781 13 13 5
782 11 11 5
783 11 11 5
784 13 13 5
785 31 30 8
786 14 14 4
787 12 11 5
788 17 17 7
789 29 28 6
790 10 9 5
791 15 14 6
792 16 15 5
793 13 13 5
794 17 16 6
795 32 31 5
796 13 13 5
797 25 25 5
798 31 30 6
799 36 35 7
800 27 27 5
801 13 12 4
802 10 9 5
803 11 10 4
804 12 11 5
805 17 17 5
806 19 18 6
807 24 24 6
808 14 14 4
809 24 23 5
810 25 24 6
811 10 10 4
812 12 11 5
813 15 14 6
814 14 13 5
815 19 18 4
816 16 15 5
817 27 26 6
818 10 10 4
819 18 17 5
820 19 18 6
821 10 10 4
822 18 17 5
823 27 27 5
824 15 15 5
825 11 11 5
826 27 26 6
827 20 19 5
828 17 16 4
829 14 13 7
830 23 22 6
831 6 5 4
832 12 11 5
833 21 20 8
834 12 12 4
835 12 11 5
836 15 14 6
837 10 10 6
838 12 12 4
839 18 17 5
840 13 13 5
841 13 13 5
842 15 14 6
843 18 18 6
844 22 22 6
845 18 17 5
846 25 24 8
847 16 16 6
848 16 16 4
849 20 19 5
850 21 21 5
851 25 25 7
852 7 6 5
853 23 23 5
854 9 8 4
855 10 9 5
856 17 17 5
857 21 20 6
858 20 20 6
859 8 8 4
860 18 17 7
861 11 10 4
862 18 17 7
863 13 12 6
864 12 12 6
865 12 12 4
866 10 9 5
867 11 10 6
868 28 28 8
869 10 10 4
870 22 21 7
871 21 20 6
872 12 12 4
873 10 9 5
874 19 18 6
875 10 10 4
876 10 9 5
877 13 12 4
878 16 15 5
879 21 20 6
880 10 9 5
881 17 17 7
882 13 12 6
883 16 16 6
884 14 13 5
885 15 15 5
886 15 15 5
887 17 16 6
888 12 12 6
889 8 7 6
890 18 18 6
891 8 8 4
892 16 15 7
893 13 13 5
894 11 11 5
895 15 14 6
896 16 15 7
897 19 18 6
898 18 18 6
899 14 14 4
900 14 13 5
901 21 20 6
902 24 23 5
903 13 13 5
904 11 11 5
905 11 11 5
906 11 10 4
907 10 9 5
908 9 9 5
909 15 15 5
910 11 10 4
911 16 15 5
912 13 12 6
913 10 9 5
914 5 5 5
915 16 15 7
916 11 10 4
917 12 11 5
918 13 12 6
919 14 14 6
920 20 20 6
921 18 18 6
922 8 8 4
923 12 11 5
924 11 10 6
925 10 10 4
926 8 7 6
927 10 10 6
928 10 10 6
929 18 17 5
930 17 16 6
931 24 24 6
932 10 10 4
933 20 19 7
934 13 12 4
935 18 17 5
936 19 19 5
937 15 14 6
938 8 8 4
939 14 13 5
940 23 22 8
941 8 8 4
942 12 11 5
943 13 12 6
944 14 13 5
945 13 12 6
946 28 28 6
947 22 22 6
948 18 18 4
949 20 19 5
950 17 17 7
951 17 16 4
952 8 7 6
953 12 12 6
954 10 10 4
955 12 11 7
956 19 18 6
957 12 12 4
958 12 11 5
959 13 13 7
960 13 12 4
961 20 19 7
962 13 12 4
963 16 15 5
964 13 13 5
965 15 15 5
966 19 18 4
967 14 13 5
968 15 14 4
969 18 17 7
970 13 12 4
971 14 13 5
972 17 17 5
973 11 11 5
974 13 13 5
975 13 12 6
976 10 10 6
977 12 12 4
978 26 25 5
979 25 24 6
980 10 9 5
981 25 25 5
982 19 19 5
983 11 10 4
984 28 27 7
985 19 19 5
986 21 21 7
987 17 16 4
988 16 15 7
989 21 20 6
990 26 26 6
991 36 35 7
992 27 26 6
993 16 16 4
994 24 23 5
995 37 36 8
996 36 35 9
997 27 26 6
998 54 54 14
999 24 24 6
1000 24 24 4
1001 42 41 9
1002 31 30 10
1003 30 29 7
1004 27 26 6
1005 20 20 4
1006 28 27 7
1007 25 24 4
1008 38 37 5
1009 25 25 5
1010 25 25 7
1011 29 28 8
1012 30 30 8
1013 30 30 6
1014 22 22 6
1015 36 35 7
1016 27 26 6
1017 30 29 9
1018 33 32 8
1019 38 38 8
1020 22 21 5
1021 37 36 8
1022 22 21 7
1023 31 30 8
1024 24 24 6
1025 40 39 15
1026 23 23 5
1027 21 20 4
1028 26 25 5
1029 25 25 5
1030 15 14 6
1031 14 13 5
1032 13 12 4
1033 18 17 5
1034 21 21 5
1035 21 21 5
1036 27 26 6
1037 24 24 6
1038 26 25 7
1039 35 34 10
1040 26 26 12
1041 32 32 10
1042 36 35 9
1043 25 25 5
1044 33 33 7
1045 23 22 6
1046 20 20 6
1047 10 10 4
1048 28 27 5
1049 17 17 5
1050 13 13 5
1051 19 19 5
1052 21 21 5
1053 13 13 5
1054 31 31 5
1055 37 36 6
1056 24 23 5
1057 21 20 8
1058 22 21 7
1059 27 26 8
1060 22 22 4
1061 26 25 7
1062 33 33 7
1063 27 26 10
1064 22 22 6
1065 16 15 5
1066 27 27 5
1067 31 31 7
1068 23 22 6
1069 28 28 6
1070 30 30 10
1071 30 30 12
1072 16 16 6
1073 12 12 6
1074 24 24 6
1075 18 18 6
1076 22 22 4
1077 24 23 5
1078 7 6 5
1079 23 22 6
1080 22 22 6
1081 26 26 8
1082 22 22 6
1083 20 20 8
1084 26 26 8
1085 32 32 12
1086 22 22 8
1087 16 16 4
1088 20 19 5
1089 27 26 10
1090 20 20 6
1091 12 12 4
1092 28 27 9
1093 15 14 4
1094 16 15 7
1095 21 20 8
1096 26 25 9
1097 19 18 6
1098 26 25 7
1099 19 18 4
1100 22 21 5
1101 15 15 5
1102 9 9 5
1103 15 15 5
1104 19 19 7
1105 17 16 4
1106 12 11 5
1107 11 11 5
1108 29 28 8
1109 20 20 8
1110 28 27 11
1111 21 20 6
1112 24 24 12
1113 12 12 4
1114 26 25 5
1115 25 25 7
1116 25 24 8
1117 20 20 4
1118 22 21 5
1119 13 12 4
1120 22 21 7
1121 11 11 5
1122 17 17 7
1123 11 11 5
1124 15 14 4
1125 18 17 5
1126 13 12 4
1127 16 15 5
1128 21 20 6
1129 14 13 5
1130 9 8 4
1131 22 21 5
1132 15 14 4
1133 30 29 7
1134 15 14 6
1135 14 14 6
1136 16 16 4
1137 20 19 7
1138 13 13 5
1139 23 22 4
1140 18 17 5
1141 11 11 5
1142 9 9 5
1143 21 20 4
1144 14 13 5
1145 13 13 5
1146 23 22 6
1147 28 27 5
1148 21 21 5
1149 13 13 5
1150 29 28 6
1151 16 16 6
1152 12 12 6
1153 12 12 4
1154 20 19 7
1155 17 16 6
1156 16 16 4
1157 16 15 5
1158 17 16 6
1159 16 15 5
1160 23 23 5
1161 11 11 5
1162 13 12 6
1163 24 24 6
1164 12 12 4
1165 20 19 5
1166 19 18 6
1167 16 16 6
1168 14 14 4
1169 18 17 7
1170 15 15 5
1171 15 14 4
1172 18 17 5
1173 19 19 5
1174 15 14 4
1175 12 11 5
1176 11 10 4
1177 12 11 5
1178 13 12 4
1179 14 13 5
1180 17 16 6
1181 14 14 6
1182 6 6 6
1183 7 6 5
1184 17 16 6
1185 18 17 7
1186 11 11 5
1187 13 13 5
1188 9 9 5
1189 17 17 5
1190 15 14 8
1191 6 5 4
1192 18 17 7
1193 11 11 5
1194 7 6 5
1195 13 13 5
1196 11 10 4
1197 14 13 5
1198 17 16 6
1199 12 11 5
1200 27 26 6
1201 14 13 5
1202 23 22 8
1203 10 10 6
1204 8 8 4
1205 14 13 5
1206 17 17 7
1207 13 12 6
1208 16 16 4
1209 8 7 6
1210 12 11 5
1211 11 10 4
1212 24 23 7
1213 13 12 4
1214 14 13 5
1215 15 14 8
1216 16 16 4
1217 12 11 5
1218 15 14 6
1219 10 9 5
1220 11 11 7
1221 11 10 4
1222 12 11 5
1223 13 13 5
1224 11 11 7
1225 11 10 4
1226 10 9 5
1227 19 19 7
1228 11 10 4
1229 20 19 5
1230 9 8 4
1231 16 15 7
1232 9 9 5
1233 9 8 4
1234 12 11 5
1235 9 8 7
1236 19 18 6
1237 16 16 4
1238 6 5 4
1239 10 9 5
1240 11 11 5
1241 9 8 4
1242 12 11 5
1243 11 11 5
1244 21 20 6
1245 10 9 5
1246 13 12 6
1247 14 13 5
1248 9 9 5
1249 9 9 5
1250 9 9 5
1251 9 9 5
1252 11 10 6
1253 16 15 5
1254 19 18 6
1255 14 14 6
1256 16 15 5
1257 15 14 6
1258 10 9 5
1259 15 14 6
1260 16 16 4
1261 12 11 5
1262 5 5 5
1263 10 9 5
1264 7 7 7
1265 16 16 6
1266 6 5 4
1267 16 15 7
1268 11 11 5
1269 23 22 6
1270 16 15 5
1271 13 13 5
1272 13 13 5
1273 11 10 6
1274 12 12 6
1275 10 9 5
1276 15 14 6
1277 16 16 4
1278 18 17 5
1279 15 14 8
1280 18 18 6
1281 14 14 6
1282 18 17 5
1283 7 7 7
1284 18 18 4
1285 14 13 5
1286 9 9 5
1287 11 11 5
1288 13 12 4
1289 12 11 5
1290 17 16 6
1291 10 10 4
1292 16 15 7
1293 17 17 5
1294 17 16 6
1295 10 10 4
1296 18 17 5
1297 11 10 4
1298 10 9 5
1299 13 12 6
1300 12 12 6
1301 8 8 4
1302 22 21 5
1303 9 9 5
1304 13 12 4
1305 20 19 5
1306 13 12 4
1307 10 9 5
1308 9 8 7
1309 17 16 4
1310 14 13 5
1311 13 13 5
1312 9 9 5
1313 11 11 5
1314 23 22 8
1315 20 20 6
1316 6 6 6
1317 13 13 5
1318 9 8 4
1319 12 11 5
1320 9 9 5
1321 11 11 5
1322 11 10 4
1323 32 31 5
1324 15 14 4
1325 10 9 5
1326 9 8 4
1327 16 15 5
1328 13 13 5
1329 15 15 5
1330 15 15 5
1331 17 16 6
1332 12 12 6
1333 14 14 6
1334 18 18 6
1335 20 20 6
1336 24 23 5
1337 11 11 5
1338 17 17 5
1339 11 11 5
1340 11 10 4
1341 22 21 7
1342 13 12 4
1343 10 9 5
1344 25 24 6
1345 6 5 4
1346 18 17 5
1347 17 16 6
1348 18 17 5
1349 13 12 6
1350 24 24 6
1351 16 16 6
1352 12 12 6
1353 20 20 6
1354 12 12 6
1355 22 22 8
1356 14 13 5
1357 11 10 6
1358 20 20 4
1359 40 39 7
1360 17 17 5
1361 21 20 6
1362 20 20 4
1363 26 25 7
1364 19 18 4
1365 22 21 5
1366 19 19 5
1367 17 17 5
1368 17 16 6
1369 24 23 5
1370 19 19 5
1371 21 21 7
1372 17 16 4
1373 12 11 5
1374 27 26 6
1375 22 22 6
1376 18 18 4
1377 30 29 7
1378 21 20 6
1379 12 12 4
1380 16 15 5
1381 13 12 4
1382 28 27 5
1383 11 11 5
1384 21 20 6
1385 12 12 4
1386 16 15 5
1387 19 19 5
1388 25 24 4
1389 18 17 5
1390 15 14 6
1391 20 20 4
1392 24 23 7
1393 33 32 8
1394 16 15 5
1395 13 12 6
1396 16 16 6
1397 18 18 6
1398 16 16 6
1399 16 16 4
1400 24 23 7
1401 23 22 8
1402 26 26 6
1403 12 12 4
1404 14 13 5
1405 15 15 5
1406 7 7 7
1407 20 20 6
1408 20 19 5
1409 19 19 7
1410 13 12 4
1411 16 15 5
1412 13 13 5
1413 13 12 4
1414 20 19 7
1415 21 20 6
1416 18 18 6
1417 14 13 5
1418 19 18 6
1419 16 15 5
1420 19 19 5
1421 29 28 6
1422 22 22 6
1423 18 18 6
1424 16 16 6
1425 20 20 6
1426 18 18 6
1427 8 8 4
1428 12 11 5
1429 13 12 4
1430 14 13 7
1431 11 10 4
1432 14 13 5
1433 15 14 6
1434 12 11 7
1435 9 8 4
1436 10 9 5
1437 15 14 6
1438 10 10 6
1439 18 18 6
1440 8 8 4
1441 12 11 5
1442 9 8 4
1443 14 13 7
1444 9 8 4
1445 12 11 5
1446 13 12 4
1447 12 11 5
1448 11 11 5
1449 25 25 5
1450 13 12 4
1451 14 13 5
1452 17 17 5
1453 15 15 5
1454 15 14 6
1455 8 8 4
1456 12 11 5
1457 11 11 7
1458 15 14 6
1459 12 12 6
1460 10 10 4
1461 10 9 5
1462 9 9 5
1463 9 9 5
1464 13 13 5
1465 17 17 5
1466 11 11 5
1467 11 10 4
1468 16 15 7
1469 9 8 4
1470 10 9 5
1471 33 32 6
1472 14 14 6
1473 16 16 6
1474 12 12 6
1475 8 8 4
1476 18 17 5
1477 15 14 6
1478 22 22 6
1479 12 11 5
1480 15 15 5
1481 19 19 5
1482 17 17 5
1483 13 12 6
1484 12 11 5
1485 13 13 5
1486 27 27 7
1487 13 12 4
1488 16 15 5
1489 19 18 6
1490 12 12 6
1491 24 24 6
1492 22 22 6
1493 12 11 5
1494 29 28 4
1495 14 13 5
1496 27 26 8
1497 8 8 4
1498 34 33 5
1499 25 25 5
1500 43 42 6
1501 26 26 6
1502 18 17 5
1503 15 15 5
1504 43 42 8
1505 14 14 4
1506 30 29 5
1507 19 18 6
1508 30 30 8
1509 14 14 4
1510 18 17 5
1511 21 20 4
1512 24 23 5
1513 27 27 5
1514 9 9 5
1515 17 16 4
1516 30 29 5
1517 31 31 5
1518 17 16 4
1519 24 23 7
1520 21 20 6
1521 20 20 6
1522 26 26 6
1523 22 22 6
1524 24 24 6
1525 20 20 6
1526 20 19 5
1527 23 22 6
1528 14 14 4
1529 18 17 5
1530 23 22 4
1531 18 17 5
1532 19 18 6
1533 26 26 4
1534 32 31 7
1535 25 25 11
1536 17 16 4
1537 24 23 5
1538 29 28 6
1539 22 22 4
1540 24 23 5
1541 21 21 7
1542 41 40 6
1543 38 38 6
1544 28 28 6
1545 32 32 8
1546 18 18 4
1547 18 17 7
1548 17 17 5
1549 25 24 6
1550 28 28 6
1551 18 18 6
1552 16 15 5
1553 23 22 6
1554 24 24 8
1555 18 18 4
1556 14 13 5
1557 13 12 4
1558 26 25 5
1559 21 21 5
1560 15 14 4
1561 28 27 7
1562 19 18 4
1563 16 15 5
1564 19 18 6
1565 28 28 4
1566 28 27 7
1567 21 20 4
1568 20 19 5
1569 21 20 6
1570 20 20 6
1571 24 23 7
1572 21 20 6
1573 6 5 4
1574 32 31 5
1575 19 19 5
1576 23 22 6
1577 14 13 5
1578 19 18 6
1579 18 17 5
1580 19 18 4
1581 24 23 7
1582 25 24 6
1583 24 24 6
1584 20 20 6
1585 18 17 5
1586 23 22 4
1587 32 31 7
1588 17 17 5
1589 9 8 4
1590 22 21 7
1591 25 24 4
1592 10 9 5
1593 19 18 4
1594 24 23 7
1595 15 15 5
1596 19 18 4
1597 38 37 11
1598 17 17 5
1599 13 13 5
1600 15 14 6
1601 6 6 6
1602 25 24 4
1603 16 15 5
1604 19 18 6
1605 14 14 4
1606 16 15 5
1607 17 17 5
1608 19 18 6
1609 20 19 5
1610 15 15 7
1611 13 12 4
1612 20 19 7
1613 15 15 5
1614 13 13 5
1615 13 12 4
1616 26 25 7
1617 21 20 6
1618 14 14 4
1619 14 13 5
1620 23 23 5
1621 15 15 5
1622 15 15 5
1623 11 10 4
1624 20 19 5
1625 13 12 6
1626 16 16 6
1627 12 11 5
1628 11 11 5
1629 23 23 7
1630 11 10 4
1631 24 23 7
1632 15 14 4
1633 14 13 5
1634 25 25 5
1635 15 15 5
1636 17 16 4
1637 12 11 5
1638 13 12 4
1639 14 13 5
1640 19 19 5
1641 17 16 6
1642 14 14 4
1643 28 27 5
1644 23 23 5
1645 29 29 5
1646 23 23 5
1647 15 15 5
1648 19 19 5
1649 33 32 8
1650 28 27 5
1651 23 22 4
1652 22 21 5
1653 33 33 5
1654 29 29 7
1655 21 20 4
1656 26 25 7
1657 19 18 4
1658 36 35 7
1659 33 32 4
1660 30 29 7
1661 31 30 8
1662 24 24 6
1663 20 20 4
1664 18 17 5
1665 25 25 5
1666 31 30 6
1667 26 26 8
1668 18 18 6
1669 26 26 4
1670 22 21 7
1671 13 12 4
1672 20 19 5
1673 17 17 5
1674 13 13 5
1675 13 12 4
1676 28 27 7
1677 19 19 5
1678 13 12 6
1679 16 16 6
1680 16 16 4
1681 12 11 5
1682 19 19 5
1683 13 12 4
1684 16 15 5
1685 13 12 6
1686 6 6 6
1687 21 20 6
1688 20 20 8
1689 12 12 6
1690 10 10 4
1691 14 13 5
1692 17 16 4
1693 18 17 5
1694 11 11 5
1695 15 15 7
1696 11 10 4
1697 22 21 9
1698 11 10 4
1699 18 17 7
1700 11 10 6
1701 14 13 5
1702 15 14 6
1703 16 15 5
1704 7 6 5
1705 7 6 5
1706 7 7 7
1707 12 12 6
1708 12 12 6
1709 14 14 4
1710 20 19 5
1711 19 18 6
1712 16 15 7
1713 21 21 7
1714 11 10 4
1715 12 11 5
1716 11 10 4
1717 10 9 5
1718 15 15 5
1719 9 9 5
1720 17 17 5
1721 21 20 4
1722 20 19 5
1723 15 15 5
1724 17 16 6
1725 14 14 6
1726 10 10 4
1727 22 21 5
1728 29 28 6
1729 20 20 6
1730 18 18 6
1731 16 16 4
1732 12 11 5
1733 19 19 5
1734 21 20 6
1735 12 12 4
1736 10 9 5
1737 13 12 6
1738 14 14 6
1739 12 12 6
1740 12 11 5
1741 19 18 6
1742 10 10 4
1743 12 11 5
1744 11 11 5
1745 7 6 5
1746 15 15 5
1747 17 16 6
1748 12 12 4
1749 20 19 7
1750 13 12 4
1751 14 13 5
1752 11 10 4
1753 14 13 7
1754 13 12 6
1755 14 14 4
1756 14 13 7
1757 7 6 5
1758 15 14 6
1759 14 14 6
1760 12 11 5
1761 19 18 6
1762 26 26 6
1763 20 20 6
1764 14 13 7
1765 13 12 6
1766 10 10 6
1767 12 12 6
1768 14 14 4
1769 18 17 7
1770 17 16 6
1771 18 18 6
1772 10 10 4
1773 14 13 5
1774 17 17 5
1775 15 15 5
1776 19 18 6
1777 16 16 6
1778 12 12 6
1779 22 22 6
1780 10 10 4
1781 24 23 5
1782 21 20 6
1783 16 15 5
1784 19 18 8
1785 12 12 6
1786 6 6 6
1787 11 11 5
1788 15 15 7
1789 11 10 6
1790 12 12 4
1791 12 11 7
1792 9 9 5
1793 5 5 5
1794 14 13 5
1795 15 14 6
1796 14 13 5
1797 13 13 5
1798 15 15 5
1799 13 12 6
1800 16 15 5
1801 27 27 5
1802 9 9 5
1803 15 15 5
1804 13 12 6
1805 10 9 5
1806 13 12 6
1807 10 10 4
1808 14 13 5
1809 23 22 6
1810 18 18 6
1811 18 17 7
1812 13 13 5
1813 27 27 7
1814 25 24 6
1815 22 22 4
1816 18 17 5
1817 5 5 5
1818 18 17 5
1819 15 14 6
1820 16 15 5
1821 19 19 5
1822 23 23 5
1823 23 22 6
1824 12 12 4
1825 12 11 5
1826 15 14 4
1827 12 11 5
1828 23 22 6
1829 12 12 4
1830 12 11 5
1831 11 11 5
1832 11 11 5
1833 15 15 5
1834 15 14 6
1835 20 20 4
1836 16 15 5
1837 23 23 5
1838 15 15 5
1839 15 14 6
1840 18 17 5
1841 23 23 9
1842 23 22 4
1843 28 27 7
1844 33 32 6
1845 38 37 5
1846 13 13 5
1847 21 20 6
1848 32 32 6
1849 28 27 7
1850 33 32 8
1851 30 30 6
1852 18 18 6
1853 22 22 6
1854 32 32 10
1855 28 28 4
1856 18 17 5
1857 25 25 7
1858 21 20 4
1859 34 33 7
1860 29 28 8
1861 34 33 7
1862 39 39 9
1863 27 26 6
1864 24 24 6
1865 24 23 7
1866 31 30 6
1867 36 36 10
1868 24 24 4
1869 28 27 11
1870 39 39 11
1871 31 31 7
1872 35 34 12
1873 42 42 12
1874 24 23 5
1875 51 50 14
1876 24 24 6
1877 32 31 7
1878 25 24 6
1879 28 28 6
1880 34 33 9
1881 35 34 8
1882 32 32 10
1883 42 41 9
1884 33 32 14
1885 46 45 7
1886 23 22 4
1887 58 57 19
1888 25 25 5
1889 25 25 5
1890 23 22 6
1891 36 36 8
1892 26 26 6
1893 32 32 6
1894 32 32 4
1895 18 17 5
1896 11 11 5
1897 43 43 5
1898 55 55 9
1899 21 21 5
1900 25 24 8
1901 32 31 9
1902 29 28 6
1903 30 29 5
1904 29 28 6
1905 38 37 7
1906 35 34 8
1907 28 27 9
1908 41 40 10
1909 22 22 4
1910 26 25 5
1911 41 41 11
1912 51 50 16
1913 40 40 6
1914 36 35 7
1915 35 35 9
1916 25 24 6
1917 22 22 10
1918 50 50 10
1919 30 29 7
1920 43 42 8
1921 26 26 6
1922 40 39 9
1923 37 36 12
1924 34 33 9
1925 29 28 6
1926 30 30 12
1927 42 42 12
1928 48 47 9
1929 25 25 5
1930 23 23 5
1931 19 19 5
1932 25 24 4
1933 36 35 9
1934 23 22 4
1935 30 29 5
1936 37 37 9
1937 27 27 7
1938 39 38 8
1939 40 40 6
1940 32 31 9
1941 17 17 5
1942 25 24 4
1943 22 21 5
1944 25 25 9
1945 29 29 9
1946 29 28 6
1947 32 32 6
1948 22 22 6
1949 24 23 7
1950 25 25 5
1951 27 27 7
1952 17 17 5
1953 21 20 6
1954 18 18 4
1955 20 19 5
1956 25 24 6
1957 22 22 8
1958 18 18 4
1959 30 29 7
1960 27 26 6
1961 18 18 6
1962 22 22 6
1963 28 28 8
1964 24 24 6
1965 22 22 6
1966 20 19 5
1967 21 20 6
1968 20 20 6
1969 24 23 7
1970 21 21 5
1971 17 17 5
1972 25 25 7
1973 31 30 6
1974 22 22 6
1975 24 24 6
1976 10 10 4
1977 20 19 5
1978 19 18 4
1979 32 31 7
1980 21 20 6
1981 16 15 5
1982 13 13 5
1983 13 12 4
1984 18 17 7
1985 9 9 5
1986 19 19 7
1987 19 18 4
1988 14 13 5
1989 23 22 6
1990 18 17 5
1991 13 12 4
1992 12 11 5
1993 21 20 6
1994 16 15 5
1995 23 22 6
1996 14 14 6
1997 16 16 4
1998 6 5 4
1999 20 19 5
2000 13 13 5
2001 11 11 5
2002 13 13 5
2003 17 16 6
2004 20 20 4
2005 10 9 5
2006 23 22 8
2007 16 16 4
2008 8 7 6
2009 16 16 6
2010 12 12 4
2011 24 23 9
2012 15 14 4
2013 14 13 5
2014 23 22 6
2015 26 26 6
2016 20 19 5
2017 17 17 5
2018 11 10 6
2019 16 15 5
2020 19 19 5
2021 19 19 5
2022 19 19 7
2023 13 12 4
2024 14 13 5
2025 15 14 6
2026 18 18 4
2027 14 13 5
2028 17 16 6
2029 14 13 5
2030 7 6 5
2031 5 5 5
2032 10 9 5
2033 17 16 6
2034 16 15 5
2035 19 19 7
2036 23 22 6
2037 12 12 4
2038 12 11 5
2039 13 12 4
2040 12 11 5
2041 13 12 6
2042 10 9 5
2043 17 16 6
2044 16 15 5
2045 13 12 4
2046 28 27 7
2047 11 10 4
2048 10 9 5
2049 9 8 4
2050 12 11 5
2051 11 11 5
2052 5 5 5
2053 6 5 4
2054 12 11 7
2055 13 13 5
2056 17 16 6
2057 24 23 5
2058 27 27 7
2059 21 20 4
2060 18 17 5
2061 15 14 6
2062 18 17 5
2063 17 17 5
2064 13 13 5
2065 11 11 5
2066 13 12 4
2067 14 13 5
2068 15 14 6
2069 12 11 5
2070 23 22 6
2071 22 22 6
2072 20 20 6
2073 24 24 6
2074 16 16 6
2075 10 10 6
2076 10 10 6
2077 14 14 6
2078 22 21 5
2079 11 11 5
2080 15 14 4
2081 10 9 5
2082 25 25 7
2083 27 26 6
2084 12 11 5
2085 7 7 7
2086 12 12 6
2087 14 14 6
2088 12 12 6
2089 12 12 6
2090 12 12 4
2091 14 13 7
2092 7 6 5
2093 19 18 6
2094 10 9 5
2095 9 9 5
2096 11 10 6
2097 6 6 6
2098 23 22 6
2099 18 18 4
2100 20 19 5
2101 5 5 5
2102 12 11 5
2103 15 14 4
2104 12 11 5
2105 7 6 5
2106 11 11 5
2107 17 16 6
2108 18 18 6
2109 10 10 4
2110 12 11 5
2111 11 10 6
2112 22 22 4
2113 20 19 5
2114 15 14 4
2115 12 11 5
2116 9 9 5
2117 15 14 6
2118 18 18 6
2119 16 16 6
2120 40 40 8
2121 28 27 7
2122 27 26 6
2123 20 20 6
2124 30 30 6
2125 22 21 5
2126 25 24 6
2127 20 20 4
2128 24 23 5
2129 23 22 6
2130 24 23 5
2131 21 20 6
2132 22 22 4
2133 26 25 5
2134 23 23 5
2135 31 30 6
2136 24 23 5
2137 33 33 7
2138 31 30 6
2139 48 47 7
2140 25 25 5
2141 25 25 5
2142 15 15 5
2143 19 18 4
2144 20 19 5
2145 19 19 5
2146 39 38 6
2147 28 27 5
2148 23 23 5
2149 21 20 6
2150 24 24 4
2151 22 21 5
2152 31 30 8
2153 18 18 4
2154 24 23 5
2155 19 19 5
2156 37 37 7
2157 17 17 5
2158 27 27 5
2159 17 17 5
2160 31 30 4
2161 20 19 7
2162 31 30 8
2163 24 24 8
2164 12 12 4
2165 18 17 5
2166 29 28 8
2167 24 23 7
2168 17 16 4
2169 28 27 11
2170 25 24 4
2171 28 27 7
2172 21 20 6
2173 28 27 7
2174 15 14 4
2175 28 27 7
2176 25 24 6
2177 30 30 8
2178 22 21 7
2179 29 28 6
2180 14 13 5
2181 35 35 11
2182 23 22 4
2183 24 23 5
2184 17 16 6
2185 10 10 4
2186 28 27 7
2187 19 18 4
2188 24 23 5
2189 21 21 5
2190 15 15 5
2191 17 16 4
2192 20 19 5
2193 31 31 5
2194 19 19 5
2195 31 30 6
2196 14 14 4
2197 22 21 7
2198 19 18 6
2199 14 14 4
2200 16 15 5
2201 25 24 6
2202 24 23 7
2203 7 6 5
2204 21 21 5
2205 15 15 5
2206 15 14 4
2207 20 19 5
2208 25 25 9
2209 11 10 4
2210 22 21 5
2211 17 16 6
2212 16 15 5
2213 21 21 7
2214 23 22 4
2215 14 13 5
2216 19 18 6
2217 36 36 6
2218 12 12 4
2219 20 19 5
2220 11 11 5
2221 23 23 7
2222 21 20 4
2223 20 19 7
2224 17 16 6
2225 14 13 5
2226 17 16 6
2227 22 21 7
2228 21 20 6
2229 26 25 7
2230 21 20 6
2231 10 10 4
2232 26 25 5
2233 13 13 5
2234 23 23 7
2235 13 12 4
2236 28 27 7
2237 25 24 6
2238 14 14 4
2239 10 9 5
2240 25 24 6
2241 12 11 5
2242 15 14 6
2243 18 18 4
2244 16 15 5
2245 11 10 4
2246 10 9 5
2247 19 19 7
2248 7 7 7
2249 12 11 5
2250 19 18 6
2251 12 12 6
2252 16 16 4
2253 14 13 5
2254 15 15 5
2255 13 12 4
2256 24 23 5
2257 15 14 6
2258 12 12 6
2259 14 14 4
2260 14 13 5
2261 15 14 6
2262 14 13 5
2263 17 17 7
2264 13 12 6
2265 10 10 4
2266 12 11 5
2267 13 12 6
2268 12 12 6
2269 18 18 6
2270 16 16 6
2271 6 5 4
2272 12 11 5
2273 7 6 5
2274 21 21 7
2275 9 9 5
2276 21 20 8
2277 14 13 5
2278 13 13 5
2279 13 13 5
2280 7 7 7
2281 16 16 6
2282 12 12 6
2283 10 9 5
2284 11 11 5
2285 17 17 5
2286 19 18 8
2287 14 14 6
2288 10 10 4
2289 12 11 7
2290 11 10 6
2291 12 11 5
2292 11 10 4
2293 8 7 6
2294 22 22 6
2295 16 16 4
2296 20 19 5
2297 9 9 5
2298 11 11 5
2299 7 6 5
2300 7 6 5
2301 11 10 6
2302 10 10 6
2303 14 14 6
2304 12 11 5
2305 17 17 5
2306 19 18 6
2307 16 15 5
2308 19 19 7
2309 21 21 5
2310 15 14 6
2311 10 10 6
2312 8 8 4
2313 16 15 5
2314 17 17 5
2315 13 12 6
2316 10 10 6
2317 10 10 6
2318 14 14 8
2319 14 14 6
2320 16 16 6
2321 12 12 4
2322 8 7 6
2323 18 18 6
2324 20 20 8
2325 6 6 6
2326 11 10 4
2327 6 5 4
2328 10 9 5
2329 9 9 5
2330 9 9 5
2331 11 11 5
2332 19 18 8
2333 16 16 6
2334 6 6 6
2335 9 9 5
2336 21 21 7
2337 15 14 6
2338 10 10 4
2339 12 11 5
2340 9 8 4
2341 12 11 5
2342 13 12 8
2343 14 14 6
2344 10 10 4
2345 16 15 7
2346 11 10 6
2347 6 5 4
2348 14 13 5
2349 15 14 6
2350 14 14 6
2351 14 14 6
2352 10 10 6
2353 8 8 4
2354 12 11 5
2355 9 9 5
2356 7 7 7
2357 14 14 6
2358 6 5 4
2359 12 11 5
2360 13 12 4
2361 18 17 7
2362 9 9 5
2363 7 6 5
2364 13 12 4
2365 10 9 5
2366 7 6 5
2367 11 11 5
2368 5 5 5
2369 14 13 5
2370 15 15 5
2371 17 16 8
2372 10 10 4
2373 14 13 5
2374 7 7 7
2375 6 6 6
2376 11 10 6
2377 16 16 8
2378 8 8 4
2379 10 9 5
2380 13 12 6
2381 10 10 6
2382 12 12 4
2383 12 11 5
2384 11 10 6
2385 12 12 4
2386 14 13 5
2387 9 8 4
2388 14 13 5
2389 5 5 5
2390 10 9 5
2391 11 11 5
2392 13 13 5
2393 17 17 7
2394 13 12 6
2395 14 13 5
2396 13 12 6
2397 6 6 6
2398 13 12 6
2399 12 11 5
2400 15 14 4
2401 10 9 5
2402 17 17 5
2403 15 14 4
2404 14 13 5
2405 15 14 6
2406 10 9 5
2407 13 12 6
2408 12 12 4
2409 14 13 5
2410 11 11 5
2411 15 15 5
2412 11 11 5
2413 19 19 5
2414 17 16 6
2415 12 11 5
2416 11 10 6
2417 12 12 6
2418 12 12 4
2419 22 21 5
2420 21 21 5
2421 13 12 4
2422 16 15 5
2423 29 28 4
2424 38 37 7
2425 29 28 4
2426 24 23 5
2427 23 22 4
2428 14 13 5
2429 19 19 5
2430 33 33 7
2431 15 15 5
2432 15 14 4
2433 16 15 5
2434 17 17 5
2435 33 33 7
2436 23 23 5
2437 39 38 8
2438 24 23 5
2439 25 25 7
2440 37 37 9
2441 35 34 6
2442 22 21 5
2443 25 25 7
2444 29 28 8
2445 34 34 6
2446 24 23 5
2447 27 26 6
2448 24 23 7
2449 39 38 8
2450 30 30 10
2451 26 26 8
2452 54 53 7
2453 33 32 4
2454 30 29 5
2455 27 27 5
2456 45 45 7
2457 35 35 7
2458 21 20 6
2459 36 36 8
2460 40 40 10
2461 38 38 8
2462 34 34 6
2463 32 31 7
2464 29 28 6
2465 28 27 7
2466 23 23 5
2467 25 25 5
2468 29 28 8
2469 30 29 5
2470 37 37 9
2471 19 18 6
2472 34 33 7
2473 19 18 6
2474 20 20 6
2475 18 18 4
2476 22 21 7
2477 27 26 6
2478 18 17 7
2479 31 30 6
2480 18 17 5
2481 21 20 6
2482 14 14 4
2483 20 19 5
2484 25 24 6
2485 32 31 7
2486 23 22 6
2487 22 22 4
2488 34 33 5
2489 15 15 5
2490 17 17 5
2491 25 25 7
2492 15 14 4
2493 20 19 7
2494 23 23 7
2495 23 22 6
2496 14 14 6
2497 16 15 5
2498 27 27 7
2499 13 12 4
2500 16 15 5
2501 17 16 4
2502 24 23 7
2503 17 16 8
2504 10 10 6
2505 8 8 4
2506 12 11 5
2507 19 19 7
2508 21 20 6
2509 22 22 6
2510 24 23 5
2511 23 23 7
2512 19 18 6
2513 14 14 4
2514 20 19 5
2515 15 14 4
2516 18 17 7
2517 19 18 6
2518 22 21 5
2519 15 14 6
2520 14 14 4
2521 12 11 5
2522 21 20 6
2523 10 9 5
2524 15 15 5
2525 11 11 5
2526 23 22 6
2527 12 11 5
2528 13 13 5
2529 25 24 6
2530 14 14 6
2531 20 20 4
2532 16 15 5
2533 11 11 5
2534 11 10 4
2535 18 17 5
2536 11 11 5
2537 19 18 4
2538 14 13 5
2539 15 14 6
2540 16 16 6
2541 16 15 5
2542 17 16 6
2543 26 26 6
2544 18 17 5
2545 13 12 4
2546 10 9 5
2547 13 12 4
2548 18 17 5
2549 17 17 5
2550 13 13 5
2551 21 20 6
2552 12 11 5
2553 23 23 7
2554 11 10 4
2555 22 21 7
2556 21 20 4
2557 22 21 5
2558 21 20 6
2559 18 18 4
2560 18 17 5
2561 21 20 4
2562 22 21 7
2563 27 27 5
2564 25 24 4
2565 18 17 5
2566 11 11 5
2567 13 12 4
2568 16 15 5
2569 31 30 6
2570 22 21 5
2571 21 20 6
2572 14 14 4
2573 18 17 5
2574 25 24 6
2575 24 24 4
2576 12 11 5
2577 33 32 6
2578 18 17 5
2579 29 28 6
2580 26 26 8
2581 16 16 4
2582 20 19 7
2583 19 18 4
2584 18 17 5
2585 21 20 4
2586 18 17 5
2587 19 19 5
2588 23 22 6
2589 20 19 5
2590 19 18 4
2591 16 15 5
2592 15 15 5
2593 21 20 4
2594 12 11 5
2595 23 23 7
2596 15 15 5
2597 17 17 5
2598 19 19 5
2599 21 20 6
2600 20 20 4
2601 16 15 5
2602 13 13 5
2603 19 19 5
2604 9 8 4
2605 16 15 7
2606 13 12 6
2607 14 14 6
2608 20 20 8
2609 12 12 6
2610 22 22 4
2611 20 19 5
2612 15 14 6
2613 12 12 6
2614 12 12 4
2615 18 17 7
2616 17 16 6
2617 8 8 4
2618 20 19 5
2619 21 21 5
2620 17 16 6
2621 16 16 4
2622 16 15 5
2623 13 13 5
2624 15 14 6
2625 12 12 6
2626 12 12 4
2627 14 13 7
2628 7 6 5
2629 21 21 5
2630 17 16 6
2631 20 20 8
2632 10 10 4
2633 16 15 5
2634 15 14 4
2635 24 23 5
2636 11 11 5
2637 13 13 5
2638 9 9 5
2639 19 18 4
2640 10 9 5
2641 13 13 5
2642 13 12 4
2643 14 13 5
2644 19 19 7
2645 11 11 5
2646 11 11 5
2647 9 8 4
2648 24 23 7
2649 11 11 5
2650 15 14 4
2651 10 9 5
2652 19 18 4
2653 14 13 5
2654 15 14 6
2655 14 14 8
2656 16 16 4
2657 14 13 5
2658 9 9 5
2659 13 13 5
2660 11 11 5
2661 27 26 8
2662 8 8 4
2663 10 9 5
2664 13 12 6
2665 12 12 6
2666 12 11 5
2667 11 10 4
2668 16 15 5
2669 15 15 5
2670 15 14 6
2671 14 13 5
2672 5 5 5
2673 6 5 4
2674 14 13 5
2675 7 6 5
2676 13 13 5
2677 13 13 5
2678 13 13 7
2679 11 10 4
2680 26 25 7
2681 17 16 4
2682 18 17 5
2683 17 17 7
2684 7 6 5
2685 15 14 4
2686 6 5 4
2687 20 19 5
2688 13 13 5
2689 15 15 5
2690 9 9 5
2691 9 9 5
2692 19 18 6
2693 12 12 4
2694 12 11 5
2695 17 16 8
2696 22 21 5
2697 19 19 5
2698 15 14 6
2699 12 12 6
2700 18 18 4
2701 18 17 5
2702 21 20 6
2703 20 19 7
2704 29 28 6
2705 14 14 6
2706 28 28 8
2707 22 22 4
2708 28 27 7
2709 17 17 5
2710 25 24 4
2711 20 19 5
2712 19 19 5
2713 29 29 7
2714 27 26 6
2715 28 28 6
2716 26 25 5
2717 27 26 6
2718 26 26 4
2719 20 19 7
2720 19 18 6
2721 26 25 5
2722 21 20 6
2723 22 22 6
2724 22 22 6
2725 30 29 7
2726 21 20 4
2727 30 29 7
2728 31 30 6
2729 26 26 6
2730 28 28 4
2731 30 29 9
2732 21 20 4
2733 30 29 7
2734 39 39 5
2735 27 27 7
2736 43 42 8
2737 20 20 6
2738 30 29 7
2739 33 33 9
2740 19 19 5
2741 17 16 4
2742 18 17 5
2743 21 20 4
2744 20 19 5
2745 27 27 9
2746 31 30 10
2747 24 24 6
2748 20 19 5
2749 13 12 4
2750 28 27 11
2751 31 30 6
2752 16 15 7
2753 17 16 4
2754 18 17 5
2755 37 36 10
2756 24 23 5
2757 23 23 9
2758 27 26 6
2759 32 32 6
2760 26 26 6
2761 18 17 5
2762 17 17 5
2763 25 24 6
2764 36 36 14
2765 18 18 8
2766 38 38 10
2767 36 35 9
2768 25 25 7
2769 29 28 10
2770 38 38 10
2771 36 36 10
2772 24 23 5
2773 29 29 11
2774 25 24 4
2775 36 35 7
2776 17 16 6
2777 40 39 11
2778 23 23 9
2779 21 20 4
2780 20 19 7
2781 27 27 9
2782 29 29 11
2783 37 36 8
2784 26 26 8
2785 22 22 6
2786 16 16 4
2787 22 21 5
2788 35 35 15
2789 25 24 6
2790 16 15 5
2791 11 10 4
2792 40 39 13
2793 21 20 8
2794 28 28 6
2795 26 25 7
2796 31 31 7
2797 45 44 16
2798 24 24 10
2799 18 18 6
2800 12 12 4
2801 16 15 5
2802 13 13 5
2803 15 14 8
2804 14 14 6
2805 26 26 6
2806 34 34 6
2807 20 20 8
2808 38 38 10
2809 28 28 10
2810 12 11 5
2811 35 35 9
2812 11 10 6
2813 28 28 8
2814 18 18 6
2815 22 22 8
2816 26 25 5
2817 9 8 4
2818 20 19 5
2819 15 15 5
2820 27 27 5
2821 13 12 4
2822 28 27 7
2823 9 8 4
2824 18 17 5
2825 17 16 4
2826 16 15 5
2827 17 17 5
2828 9 9 5
2829 9 8 4
2830 14 13 7
2831 15 14 4
2832 12 11 5
2833 11 10 4
2834 12 11 5
2835 13 13 5
2836 15 15 5
2837 9 8 4
2838 14 13 7
2839 17 16 6
2840 14 14 6
2841 18 18 6
2842 30 30 6
2843 16 16 4
2844 22 21 7
2845 13 13 5
2846 23 22 6
2847 14 13 5
2848 17 16 4
2849 12 11 5
2850 13 12 6
2851 10 10 4
2852 20 19 5
2853 29 29 5
2854 21 21 5
2855 21 20 6
2856 14 14 6
2857 12 12 4
2858 12 11 5
2859 15 14 4
2860 12 11 5
2861 11 11 5
2862 13 13 5
2863 13 12 4
2864 14 13 7
2865 13 12 6
2866 18 18 6
2867 16 16 6
2868 6 6 6
2869 23 23 5
2870 13 13 5
2871 19 19 5
2872 19 18 8
2873 8 8 4
2874 14 13 5
2875 19 19 7
2876 13 13 5
2877 9 8 4
2878 6 5 4
2879 18 17 5
2880 25 25 7
2881 9 8 4
2882 12 11 7
2883 7 6 5
2884 9 9 5
2885 19 18 4
2886 18 17 7
2887 15 15 5
2888 15 14 4
2889 30 29 5
2890 17 17 5
2891 25 24 8
2892 8 8 4
2893 16 15 5
2894 19 19 5
2895 15 15 5
2896 9 8 4
2897 14 13 5
2898 17 16 4
2899 18 17 5
2900 15 14 6
2901 18 18 6
2902 10 10 4
2903 20 19 7
2904 15 14 6
2905 18 18 6
2906 14 14 6
2907 12 11 5
2908 13 12 6
2909 16 16 4
2910 18 17 7
2911 23 22 6
2912 18 18 6
2913 14 14 4
2914 22 21 5
2915 13 12 4
2916 28 27 9
2917 15 14 4
2918 14 13 5
2919 19 18 6
2920 10 10 6
2921 12 11 5
2922 17 16 6
2923 10 10 4
2924 16 15 5
2925 23 22 6
2926 18 18 4
2927 18 17 5
2928 17 17 5
2929 11 10 6
2930 12 12 6
2931 10 10 4
2932 20 19 5
2933 19 19 7
2934 13 12 4
2935 12 11 5
2936 19 19 7
2937 13 12 4
2938 18 17 5
2939 17 16 6
2940 10 10 6
2941 14 14 6
2942 8 8 4
2943 16 15 5
2944 15 14 4
2945 18 17 5
2946 15 14 4
2947 14 13 5
2948 15 14 6
2949 12 11 5
2950 19 18 6
2951 30 30 6
2952 16 15 5
2953 19 18 4
2954 22 21 5
2955 17 17 7
2956 17 16 6
2957 20 20 6
2958 14 14 6
2959 26 26 8
2960 24 24 8
2961 16 15 5
2962 21 21 5
2963 31 30 12
2964 12 12 6
2965 28 28 10
2966 28 28 12
2967 28 28 8
2968 20 19 7
2969 23 22 6
2970 32 31 9
2971 25 25 5
2972 25 25 5
2973 17 17 5
2974 19 18 4
2975 22 21 5
2976 17 17 5
2977 15 15 5
2978 27 27 7
2979 19 18 4
2980 20 19 7
2981 15 14 6
2982 16 16 4
2983 16 15 7
2984 15 14 6
2985 18 18 4
2986 24 23 9
2987 21 20 6
2988 14 14 4
2989 20 19 7
2990 23 23 7
2991 19 18 4
2992 18 17 7
2993 25 24 8
2994 24 24 8
2995 32 31 7
2996 27 26 6
2997 24 24 6
2998 34 34 6
2999 22 21 5
3000 31 30 8
3001 12 12 4
3002 18 17 5
3003 25 24 4
3004 26 25 5
3005 29 28 8
3006 26 26 6
3007 26 26 6
3008 20 20 6
3009 20 20 6
3010 24 24 6
3011 16 16 8
3012 18 18 6
3013 26 25 5
3014 25 25 5
3015 17 16 6
3016 28 28 10
3017 12 11 5
3018 17 17 5
3019 33 33 5
3020 13 13 5
3021 21 20 6
3022 26 26 6
3023 18 17 5
3024 29 28 14
3025 18 18 6
3026 18 17 5
3027 21 20 4
3028 28 27 9
3029 29 28 8
3030 26 25 9
3031 25 24 6
3032 22 21 5
3033 33 33 11
3034 25 25 7
3035 21 20 8
3036 22 22 4
3037 20 19 5
3038 29 29 7
3039 29 29 7
3040 27 27 7
3041 27 27 7
3042 37 36 10
3043 28 28 8
3044 28 28 4
3045 28 27 9
3046 27 26 6
3047 24 24 8
3048 24 24 8
3049 12 12 4
3050 28 27 5
3051 27 26 6
3052 18 17 5
3053 13 13 5
3054 17 17 7
3055 15 14 4
3056 20 19 7
3057 25 24 6
3058 22 21 7
3059 21 21 7
3060 21 21 7
3061 13 13 5
3062 27 26 12
3063 20 19 5
3064 23 23 9
3065 15 14 6
3066 22 22 4
3067 14 13 5
3068 17 16 6
3069 20 19 5
3070 23 22 8
3071 24 24 6
3072 12 12 6
3073 16 16 6
3074 14 13 5
3075 23 23 5
3076 19 18 4
3077 20 19 5
3078 21 21 5
3079 17 17 5
3080 19 18 6
3081 18 18 4
3082 12 11 5
3083 23 22 6
3084 16 16 6
3085 14 14 6
3086 14 14 4
3087 14 13 5
3088 17 16 4
3089 30 29 7
3090 13 12 6
3091 12 12 4
3092 16 15 5
3093 11 11 5
3094 13 12 4
3095 16 15 5
3096 13 13 7
3097 15 14 4
3098 12 11 5
3099 13 12 4
3100 30 29 9
3101 13 12 4
3102 20 19 5
3103 19 18 4
3104 22 21 5
3105 13 13 7
3106 31 31 5
3107 17 17 5
3108 27 26 6
3109 20 20 6
3110 24 24 6
3111 18 17 7
3112 23 22 6
3113 30 30 8
3114 32 32 6
3115 24 24 8
3116 24 24 6
3117 26 26 4
3118 32 31 9
3119 45 44 12
3120 24 24 6
3121 18 17 5
3122 33 32 6
3123 26 26 4
3124 24 23 5
3125 31 30 6
3126 36 35 7
3127 33 32 6
3128 38 38 6
3129 26 26 6
3130 26 26 6
3131 30 29 5
3132 29 29 7
3133 11 11 5
3134 25 25 5
3135 25 25 7
3136 23 23 7
3137 31 30 12
3138 18 18 4
3139 20 19 5
3140 21 21 7
3141 25 24 8
3142 12 12 6
3143 16 16 4
3144 18 17 5
3145 15 15 5
3146 15 14 6
3147 14 14 4
3148 18 17 7
3149 13 12 6
3150 14 14 6
3151 14 14 6
3152 14 14 6
3153 10 10 4
3154 10 9 5
3155 13 12 8
3156 12 12 6
3157 14 14 6
3158 12 12 4
3159 12 11 5
3160 21 20 6
3161 16 15 7
3162 11 10 4
3163 16 15 7
3164 9 9 5
3165 9 8 4
3166 16 15 5
3167 21 21 7
3168 17 16 6
3169 10 10 4
3170 12 11 5
3171 11 10 6
3172 8 8 4
3173 14 13 5
3174 25 25 7
3175 21 20 6
3176 18 18 4
3177 10 9 5
3178 9 9 5
3179 11 10 4
3180 10 9 5
3181 17 16 6
3182 12 11 5
3183 11 11 5
3184 9 9 5
3185 9 9 5
3186 7 6 5
3187 13 13 5
3188 13 13 5
3189 13 13 5
3190 13 12 6
3191 18 17 7
3192 17 17 7
3193 9 8 4
3194 10 9 5
3195 19 18 8
3196 14 14 6
3197 6 6 6
3198 9 8 4
3199 10 9 5
3200 15 14 8
3201 12 12 6
3202 16 16 6
3203 16 16 8
3204 22 22 6
3205 12 12 4
3206 14 13 5
3207 7 6 5
3208 15 14 6
3209 12 11 5
3210 9 8 4
3211 12 11 5
3212 11 11 5
3213 5 5 5
3214 20 19 5
3215 25 25 7
3216 19 19 5
3217 19 19 5
3218 15 14 8
3219 16 16 6
3220 18 18 4
3221 16 15 5
3222 13 13 5
3223 11 11 7
3224 19 18 4
3225 6 5 4
3226 12 11 5
3227 9 9 5
3228 13 13 5
3229 19 19 5
3230 11 10 4
3231 12 11 5
3232 5 5 5
3233 12 11 5
3234 19 18 6
3235 18 17 5
3236 25 24 8
3237 14 14 4
3238 20 19 7
3239 17 16 8
3240 14 14 6
3241 14 13 5
3242 15 14 6
3243 12 12 6
3244 12 12 4
3245 14 13 5
3246 11 10 4
3247 18 17 7
3248 11 10 6
3249 10 10 4
3250 14 13 7
3251 19 18 6
3252 16 16 6
3253 18 17 5
3254 15 14 4
3255 16 15 5
3256 13 13 5
3257 11 10 6
3258 6 6 6
3259 9 9 5
3260 15 15 5
3261 15 15 5
3262 13 12 8
3263 18 18 6
3264 10 10 4
3265 18 17 5
3266 17 17 5
3267 7 6 5
3268 9 9 5
3269 11 11 5
3270 13 13 7
3271 9 8 4
3272 14 13 5
3273 13 12 4
3274 14 13 5
3275 23 23 7
3276 15 14 6
3277 20 20 6
3278 14 13 5
3279 21 20 6
3280 24 24 6
3281 24 24 6
3282 28 28 6
3283 18 18 4
3284 24 23 5
3285 19 19 5
3286 19 18 6
3287 16 15 7
3288 17 16 4
3289 18 17 5
3290 15 14 6
3291 14 14 4
3292 32 31 7
3293 15 14 4
3294 14 13 5
3295 13 13 5
3296 9 9 5
3297 21 20 4
3298 14 13 5
3299 27 27 5
3300 15 14 4
3301 22 21 7
3302 19 19 5
3303 19 19 5
3304 21 21 5
3305 17 16 6
3306 14 14 4
3307 22 21 5
3308 21 21 5
3309 21 21 5
3310 23 23 5
3311 15 15 5
3312 15 15 5
3313 27 27 5
3314 15 14 6
3315 18 18 6
3316 20 20 6
3317 16 16 4
3318 12 11 5
3319 11 10 4
3320 16 15 5
3321 19 19 5
3322 9 9 5
3323 19 18 8
3324 10 10 4
3325 16 15 5
3326 17 17 5
3327 13 12 6
3328 20 20 4
3329 14 13 5
3330 17 16 6
3331 14 13 5
3332 21 20 8
3333 16 15 5
3334 11 10 4
3335 24 23 7
3336 15 14 6
3337 16 15 5
3338 19 19 5
3339 17 16 6
3340 8 7 6
3341 10 10 6
3342 14 14 6
3343 8 8 4
3344 20 19 5
3345 17 17 7
3346 21 21 7
3347 11 10 4
3348 12 11 5
3349 15 14 6
3350 8 7 6
3351 16 15 5
3352 11 10 4
3353 20 19 5
3354 11 11 5
3355 11 11 7
3356 15 14 4
3357 20 19 7
3358 13 12 6
3359 16 15 7
3360 23 22 6
3361 12 11 5
3362 21 20 8
3363 16 16 6
3364 16 16 6
3365 16 15 5
3366 13 12 4
3367 18 17 7
3368 15 14 6
3369 12 12 6
3370 18 18 6
3371 14 14 6
3372 24 24 4
3373 14 13 5
3374 15 15 5
3375 19 19 5
3376 17 17 5
3377 15 14 6
3378 12 12 6
3379 20 20 4
3380 16 15 5
3381 19 18 6
3382 16 16 6
3383 14 14 4
3384 14 13 5
3385 7 7 7
3386 14 14 4
3387 16 15 7
3388 9 9 5
3389 17 17 5
3390 17 16 6
3391 14 13 5
3392 19 18 6
3393 12 11 5
3394 9 8 4
3395 10 9 5
3396 13 12 6
3397 16 15 7
3398 17 16 6
3399 12 12 6
3400 14 13 5
3401 15 14 4
3402 20 19 7
3403 15 15 5
3404 25 25 7
3405 9 8 4
3406 14 13 5
3407 11 10 4
3408 14 13 5
3409 13 13 5
3410 25 24 6
3411 8 8 4
3412 14 13 7
3413 11 11 5
3414 11 10 4
3415 12 11 7
3416 13 12 4
3417 14 13 5
3418 15 15 5
3419 15 14 6
3420 8 8 4
3421 14 13 5
3422 23 22 6
3423 14 13 5
3424 21 20 8
3425 10 10 4
3426 16 15 5
3427 17 16 4
3428 16 15 5
3429 19 18 6
3430 16 16 4
3431 10 9 5
3432 11 10 4
3433 30 29 5
3434 11 11 5
3435 11 10 4
3436 20 19 7
3437 15 14 4
3438 14 13 7
3439 9 8 4
3440 16 15 5
3441 15 15 5
3442 15 14 4
3443 18 17 5
3444 13 13 5
3445 19 18 6
3446 16 16 4
3447 14 13 5
3448 13 12 6
3449 12 11 5
3450 19 19 7
3451 11 10 4
3452 14 13 5
3453 13 12 4
3454 16 15 5
3455 13 13 5
3456 11 10 6
3457 14 14 6
3458 16 16 6
3459 8 8 4
3460 10 9 5
3461 13 12 6
3462 6 5 4
3463 12 11 5
3464 17 16 4
3465 14 13 5
3466 7 7 7
3467 18 18 4
3468 6 5 4
3469 22 21 5
3470 17 17 5
3471 7 6 5
3472 13 12 6
3473 10 10 4
3474 14 13 5
3475 11 10 4
3476 18 17 7
3477 17 16 4
3478 12 11 5
3479 13 12 6
3480 10 10 6
3481 20 20 4
3482 28 27 5
3483 21 20 6
3484 20 20 6
3485 14 13 5
3486 13 12 4
3487 20 19 5
3488 13 12 4
3489 20 19 7
3490 13 12 4
3491 18 17 5
3492 25 24 4
3493 10 9 5
3494 13 12 6
3495 14 14 4
3496 10 9 5
3497 11 10 4
3498 16 15 5
3499 25 25 5
3500 37 36 6
3501 12 12 6
3502 12 12 4
3503 24 23 5
3504 19 18 4
3505 20 19 5
3506 17 17 5
3507 13 13 5
3508 21 20 6
3509 18 17 5
3510 19 19 5
3511 15 14 6
3512 14 13 5
3513 5 5 5
3514 18 17 7
3515 19 18 4
3516 22 21 5
3517 25 25 7
3518 19 19 5
3519 13 13 5
3520 15 15 5
3521 13 12 6
3522 20 20 4
3523 26 25 7
3524 27 26 6
3525 24 24 8
3526 28 28 6
3527 26 26 6
3528 16 15 5
3529 15 15 5
3530 17 16 6
3531 28 28 6
3532 46 45 5
3533 21 21 5
3534 19 18 4
3535 22 21 5
3536 17 17 5
3537 11 10 4
3538 22 21 5
3539 17 17 5
3540 23 22 6
3541 18 17 5
3542 27 26 6
3543 28 27 5
3544 27 26 6
3545 24 23 5
3546 15 14 6
3547 22 22 6
3548 14 13 5
3549 21 20 6
3550 18 17 5
3551 23 23 9
3552 19 18 6
3553 32 32 4
3554 16 15 5
3555 19 19 5
3556 23 23 5
3557 25 25 7
3558 21 21 5
3559 33 32 8
3560 32 32 6
3561 32 31 5
3562 21 21 5
3563 35 35 7
3564 27 27 7
3565 39 39 7
3566 29 28 6
3567 20 19 7
3568 45 45 9
3569 51 51 11
3570 45 44 10
3571 22 21 5
3572 27 26 6
3573 32 31 7
3574 27 27 5
3575 33 33 7
3576 29 28 6
3577 26 25 5
3578 33 33 7
3579 19 19 5
3580 47 46 12
3581 34 34 6
3582 20 20 6
3583 22 22 6
3584 28 27 5
3585 25 24 6
3586 28 27 5
3587 21 20 4
3588 20 19 5
3589 21 21 5
3590 23 22 6
3591 22 21 5
3592 13 13 5
3593 25 24 4
3594 18 17 5
3595 17 16 6
3596 20 20 6
3597 24 23 5
3598 17 17 5
3599 13 13 5
3600 23 23 5
3601 19 19 5
3602 19 19 5
3603 17 16 6
3604 10 10 4
3605 12 11 5
3606 25 24 4
3607 14 13 5
3608 13 13 5
3609 21 20 6
3610 20 20 4
3611 18 17 5
3612 15 14 6
3613 16 16 6
3614 16 16 6
3615 14 14 4
3616 14 13 5
3617 9 9 5
3618 15 15 7
3619 9 8 4
3620 12 11 7
3621 19 18 6
3622 20 20 8
3623 10 10 4
3624 12 11 5
3625 13 13 5
3626 13 13 5
3627 11 11 5
3628 17 16 6
3629 10 10 4
3630 14 13 5
3631 13 12 4
3632 20 19 5
3633 13 13 5
3634 23 23 7
3635 15 15 5
3636 17 17 5
3637 15 15 5
3638 11 11 5
3639 11 11 5
3640 19 18 4
3641 10 9 5
3642 13 12 4
3643 18 17 5
3644 19 19 5
3645 11 10 4
3646 20 19 5
3647 7 6 5
3648 11 10 6
3649 18 18 6
3650 20 20 4
3651 10 9 5
3652 27 27 7
3653 23 23 5
3654 23 23 5
3655 35 35 5
3656 37 36 6
3657 32 31 7
3658 23 22 8
3659 18 18 6
3660 18 18 4
3661 24 23 5
3662 25 24 6
3663 22 21 7
3664 25 24 6
3665 10 10 4
3666 20 19 5
3667 35 35 7
3668 23 22 6
3669 16 15 5
3670 25 25 5
3671 31 30 6
3672 18 18 6
3673 12 12 4
3674 22 21 5
3675 19 19 5
3676 35 34 6
3677 18 18 4
3678 28 27 5
3679 27 27 5
3680 13 12 4
3681 22 21 5
3682 11 10 4
3683 18 17 5
3684 9 8 4
3685 22 21 7
3686 13 12 4
3687 16 15 5
3688 27 26 6
3689 20 19 5
3690 15 15 7
3691 25 24 6
3692 22 22 6
3693 24 23 7
3694 11 10 6
3695 14 14 4
3696 18 17 7
3697 23 22 4
3698 18 17 5
3699 21 20 6
3700 14 13 5
3701 23 22 6
3702 14 14 6
3703 22 21 5
3704 23 22 6
3705 14 14 6
3706 10 10 4
3707 16 15 5
3708 15 15 5
3709 25 25 7
3710 21 20 6
3711 12 11 5
3712 17 16 4
3713 20 19 5
3714 15 14 6
3715 10 9 5
3716 15 14 6
3717 10 10 4
3718 16 15 5
3719 19 19 7
3720 11 10 4
3721 20 19 7
3722 9 9 5
3723 17 17 7
3724 17 16 6
3725 20 20 8
3726 14 14 4
3727 6 5 4
3728 22 21 7
3729 27 26 6
3730 6 6 6
3731 17 17 5
3732 13 12 4
3733 22 21 5
3734 11 11 5
3735 13 12 6
3736 8 8 4
3737 14 13 7
3738 13 12 6
3739 10 10 6
3740 12 12 6
3741 14 14 6
3742 8 8 4
3743 12 11 7
3744 13 12 4
3745 16 15 5
3746 21 20 6
3747 8 8 4
3748 12 11 5
3749 13 12 6
3750 8 8 4
3751 16 15 7
3752 11 10 4
3753 10 9 5
3754 9 9 5
3755 9 9 5
3756 17 16 6
3757 12 11 5
3758 13 12 4
3759 12 11 5
3760 11 11 7
3761 17 16 6
3762 12 11 5
3763 19 18 6
3764 16 16 6
3765 14 14 6
3766 14 14 4
3767 12 11 5
3768 11 10 6
3769 16 16 6
3770 6 5 4
3771 14 13 5
3772 13 12 4
3773 8 7 6
3774 12 12 6
3775 14 13 5
3776 15 15 5
3777 15 15 5
3778 17 17 9
3779 9 8 4
3780 6 5 4
3781 10 9 5
3782 9 9 5
3783 13 13 5
3784 19 19 5
3785 9 8 4
3786 22 21 5
3787 21 21 5
3788 23 23 5
3789 11 11 5
3790 9 9 5
3791 17 16 4
3792 12 11 5
3793 19 19 7
3794 13 12 6
3795 10 9 5
3796 17 16 6
3797 22 21 5
3798 17 17 5
3799 7 6 5
3800 15 14 6
3801 10 10 4
3802 14 13 7
3803 11 10 4
3804 16 15 5
3805 11 11 5
3806 13 13 7
3807 11 10 6
3808 18 18 6
3809 18 18 6
3810 8 8 4
3811 12 11 5
3812 7 6 5
3813 13 13 5
3814 17 17 5
3815 13 13 5
3816 9 9 5
3817 13 13 5
3818 21 20 6
3819 16 15 5
3820 9 9 5
3821 11 11 5
3822 15 14 8
3823 12 12 4
3824 22 21 7
3825 25 24 6
3826 12 12 4
3827 18 17 7
3828 11 10 6
3829 6 6 6
3830 17 16 4
3831 14 13 5
3832 23 22 8
3833 18 18 4
3834 16 15 5
3835 17 16 6
3836 12 12 4
3837 18 17 5
3838 21 20 4
3839 10 9 5
3840 19 18 6
3841 14 13 5
3842 17 16 4
3843 18 17 7
3844 17 16 4
3845 20 19 5
3846 15 14 4
3847 20 19 7
3848 15 15 5
3849 11 11 5
3850 21 20 6
3851 18 18 6
3852 20 20 8
3853 18 18 6
3854 34 33 9
3855 35 35 5
3856 25 25 5
3857 25 25 5
3858 21 21 5
3859 25 24 6
3860 26 26 6
3861 22 22 6
3862 12 11 5
3863 25 24 8
3864 24 24 6
3865 24 23 5
3866 23 23 7
3867 31 31 5
3868 13 12 4
3869 30 29 5
3870 15 15 5
3871 17 16 6
3872 16 16 6
3873 24 23 7
3874 23 23 5
3875 21 21 5
3876 15 15 5
3877 17 16 6
3878 14 14 4
3879 22 21 5
3880 21 21 7
3881 21 21 5
3882 19 19 7
3883 31 30 10
3884 20 20 6
3885 28 28 4
3886 24 23 7
3887 15 14 4
3888 22 21 5
3889 21 21 5
3890 21 20 6
3891 18 18 6
3892 16 16 4
3893 16 15 7
3894 23 22 6
3895 14 14 4
3896 20 19 5
3897 17 17 5
3898 19 18 6
3899 12 11 5
3900 21 20 6
3901 12 11 5
3902 11 11 5
3903 13 12 4
3904 12 11 5
3905 17 17 5
3906 13 13 5
3907 19 18 4
3908 18 17 7
3909 23 22 6
3910 14 13 5
3911 23 23 5
3912 11 11 7
3913 7 6 5
3914 15 14 4
3915 12 11 5
3916 13 12 4
3917 10 9 5
3918 13 13 7
3919 19 18 4
3920 20 19 5
3921 11 10 6
3922 22 22 4
3923 10 9 5
3924 5 5 5
3925 28 27 7
3926 23 23 5
3927 17 17 5
3928 13 13 5
3929 17 16 6
3930 12 12 4
3931 24 23 5
3932 13 13 5
3933 17 17 5
3934 19 19 5
3935 17 17 7
3936 13 12 6
3937 14 14 4
3938 16 15 5
3939 15 14 6
3940 24 23 7
3941 17 16 4
3942 16 15 5
3943 15 14 4
3944 14 13 5
3945 11 10 4
3946 20 19 7
3947 17 16 6
3948 12 12 4
3949 12 11 5
3950 15 14 6
3951 12 12 6
3952 16 15 5
3953 17 16 6
3954 12 12 4
3955 16 15 7
3956 13 12 4
3957 12 11 5
3958 19 18 4
3959 12 11 5
3960 15 15 5
3961 15 14 6
3962 10 10 6
3963 16 16 6
3964 20 20 6
3965 20 20 6
3966 20 19 5
3967 19 18 6
3968 20 20 4
3969 26 25 7
3970 13 13 5
3971 15 15 5
3972 15 14 4
3973 16 15 7
3974 11 11 5
3975 15 15 5
3976 27 26 6
3977 10 10 4
3978 16 15 5
3979 13 12 6
3980 16 16 4
3981 14 13 9
3982 9 8 4
3983 6 5 4
3984 10 9 5
3985 11 11 5
3986 9 9 5
3987 13 13 7
3988 23 22 6
3989 16 16 6
3990 26 26 8
3991 14 14 6
3992 10 10 4
3993 20 19 7
3994 29 28 6
3995 18 18 4
3996 18 17 7
3997 21 20 4
3998 14 13 5
3999 19 19 5
4000 9 9 5
4001 7 7 7
4002 14 14 6
4003 8 8 4
4004 14 13 5
4005 11 11 5
4006 7 7 7
4007 18 18 6
4008 14 13 5
4009 11 10 6
4010 12 12 6
4011 16 16 6
4012 6 5 4
4013 12 11 5
4014 17 16 8
4015 6 6 6
4016 9 9 5
4017 15 14 4
4018 12 11 5
4019 15 15 7
4020 15 14 6
4021 18 18 6
4022 14 13 5
4023 9 9 5
4024 5 5 5
4025 12 11 5
4026 7 6 5
4027 17 17 5
4028 9 9 5
4029 9 8 4
4030 18 17 7
4031 11 10 4
4032 12 11 7
4033 13 13 5
4034 11 11 5
4035 9 8 4
4036 16 15 7
4037 23 22 6
4038 16 15 5
4039 13 13 5
4040 5 5 5
4041 10 9 5
4042 13 12 4
4043 12 11 7
4044 13 12 6
4045 14 14 4
4046 12 11 5
4047 19 19 9
4048 13 12 6
4049 12 12 4
4050 12 11 5
4051 9 9 5
4052 11 10 4
4053 14 13 5
4054 15 15 5
4055 9 9 5
4056 11 11 5
4057 9 9 5
4058 11 10 4
4059 12 11 5
4060 13 12 6
4061 12 12 4
4062 8 7 6
4063 6 6 6
4064 17 16 4
4065 14 13 7
4066 9 9 5
4067 11 10 6
4068 8 8 4
4069 14 13 7
4070 13 12 6
4071 12 12 6
4072 10 10 4
4073 16 15 5
4074 11 11 5
4075 13 12 4
4076 14 13 5
4077 15 15 5
4078 15 14 4
4079 20 19 5
4080 17 16 4
4081 12 11 5
4082 19 19 5
4083 13 13 5
4084 17 16 4
4085 22 21 5
4086 23 23 5
4087 35 35 5
4088 41 40 6
4089 20 20 4
4090 34 33 5
4091 13 13 5
4092 17 17 5
4093 27 26 6
4094 12 12 6
4095 14 14 4
4096 16 15 5
4097 21 21 5
4098 25 24 4
4099 30 29 9
4100 21 20 4
4101 24 23 5
4102 27 26 6
4103 22 21 5
4104 27 27 5
4105 29 29 5
4106 39 39 7
4107 29 28 8
4108 40 40 8
4109 22 22 6
4110 18 18 6
4111 26 25 5
4112 31 30 6
4113 18 18 4
4114 26 25 7
4115 15 14 4
4116 22 21 5
4117 23 23 5
4118 15 15 5
4119 19 18 6
4120 22 22 6
4121 26 26 6
4122 18 18 6
4123 28 28 8
4124 24 24 6
4125 20 20 6
4126 16 16 6
4127 12 11 5
4128 17 16 6
4129 24 24 6
4130 20 20 4
4131 28 27 7
4132 19 18 4
4133 32 31 5
4134 37 37 7
4135 21 21 5
4136 35 34 4
4137 16 15 5
4138 23 23 7
4139 29 28 4
4140 42 41 7
4141 27 27 7
4142 15 14 4
4143 22 21 7
4144 19 18 6
4145 16 16 6
4146 32 32 6
4147 28 27 7
4148 21 20 6
4149 18 18 4
4150 40 39 7
4151 21 21 5
4152 27 27 7
4153 11 10 4
4154 14 13 5
4155 29 28 6
4156 34 34 8
4157 32 32 6
4158 24 24 6
4159 10 10 4
4160 26 25 5
4161 35 35 7
4162 17 16 6
4163 20 20 6
4164 20 19 5
4165 19 19 5
4166 25 25 7
4167 17 17 5
4168 17 17 7
4169 19 18 6
4170 22 22 6
4171 24 24 6
4172 22 22 6
4173 16 16 4
4174 16 15 5
4175 25 25 7
4176 17 17 5
4177 17 16 4
4178 28 27 7
4179 19 18 4
4180 22 21 5
4181 15 15 5
4182 31 30 4
4183 28 27 7
4184 17 16 6
4185 22 22 4
4186 30 29 7
4187 23 22 6
4188 8 8 4
4189 28 27 5
4190 33 33 5
4191 19 18 8
4192 18 18 6
4193 22 21 5
4194 23 23 7
4195 21 20 8
4196 22 22 6
4197 22 21 5
4198 21 21 5
4199 27 26 8
4200 20 20 6
4201 22 22 8
4202 28 28 6
4203 22 21 5
4204 23 23 5
4205 11 10 4
4206 20 19 5
4207 19 19 5
4208 21 20 6
4209 16 16 4
4210 32 31 7
4211 17 17 5
4212 17 16 4
4213 20 19 5
4214 15 15 5
4215 19 19 5
4216 15 14 6
4217 6 6 6
4218 15 14 6
4219 14 13 5
4220 13 12 4
4221 12 11 5
4222 25 24 6
4223 18 18 6
4224 14 14 4
4225 14 13 5
4226 19 18 6
4227 14 14 6
4228 24 24 6
4229 14 14 4
4230 20 19 5
4231 17 17 5
4232 15 15 5
4233 13 13 5
4234 9 9 5
4235 15 14 8
4236 10 9 5
4237 13 13 5
4238 17 16 6
4239 20 20 6
4240 16 15 5
4241 19 18 6
4242 12 11 5
4243 13 12 6
4244 6 5 4
4245 16 15 5
4246 11 11 7
4247 17 16 4
4248 14 13 5
4249 7 6 5
4250 13 12 4
4251 12 11 5
4252 7 6 5
4253 15 14 4
4254 16 15 5
4255 15 15 5
4256 5 5 5
4257 16 15 5
4258 15 14 6
4259 16 16 6
4260 14 13 5
4261 11 10 4
4262 16 15 5
4263 15 14 6
4264 12 12 6
4265 14 14 4
4266 10 9 5
4267 11 10 6
4268 14 13 5
4269 13 13 5
4270 11 10 4
4271 10 9 5
4272 17 16 6
4273 14 14 6
4274 10 9 5
4275 7 6 5
4276 17 17 7
4277 13 12 6
4278 14 14 6
4279 14 14 6
4280 14 14 6
4281 12 11 5
4282 13 12 6
4283 14 13 5
4284 9 9 5
4285 11 10 4
4286 14 13 5
4287 13 12 6
4288 8 7 6
4289 10 10 4
4290 16 15 7
4291 11 10 4
4292 14 13 5
4293 11 10 4
4294 20 19 5
4295 11 11 5
4296 15 15 5
4297 9 9 5
4298 17 16 6
4299 12 11 7
4300 9 8 4
4301 10 9 5
4302 13 12 6
4303 12 12 6
4304 16 15 7
4305 21 21 5
4306 11 11 7
4307 9 8 4
4308 20 19 9
4309 21 21 5
4310 11 11 5
4311 11 10 6
4312 14 14 6
4313 14 13 5
4314 15 14 8
4315 8 8 4
4316 12 11 5
4317 17 16 6
4318 6 6 6
4319 11 11 5
4320 15 14 6
4321 12 11 5
4322 19 18 8
4323 10 10 4
4324 14 13 5
4325 9 9 5
4326 13 13 5
4327 17 16 4
4328 14 13 7
4329 13 12 6
4330 10 10 4
4331 14 13 5
4332 9 9 5
4333 15 14 6
4334 14 14 6
4335 10 10 4
4336 10 9 5
4337 9 9 5
4338 11 11 7
4339 11 10 4
4340 14 13 5
4341 13 13 5
4342 13 12 6
4343 14 14 4
4344 16 15 7
4345 7 6 5
4346 13 12 4
4347 6 5 4
4348 10 9 5
4349 15 14 6
4350 10 10 4
4351 14 13 5
4352 7 6 5
4353 11 10 4
4354 10 9 5
4355 21 21 7
4356 21 21 7
4357 11 10 4
4358 12 11 5
4359 15 15 5
4360 27 26 6
4361 12 12 6
4362 20 20 6
4363 16 15 7
4364 23 22 4
4365 10 9 5
4366 21 20 6
4367 20 19 5
4368 21 20 6
4369 24 23 7
4370 15 15 5
4371 15 14 6
4372 24 24 4
4373 18 17 7
4374 25 25 7
4375 17 16 6
4376 12 11 5
4377 21 21 5
4378 29 28 6
4379 46 46 10
4380 22 22 6
4381 32 32 6
4382 22 22 4
4383 26 25 5
4384 25 24 4
4385 24 23 5
4386 35 35 9
4387 37 37 5
4388 35 34 6
4389 32 31 7
4390 41 41 9
4391 35 35 7
4392 47 46 10
4393 30 29 7
4394 25 25 7
4395 23 23 7
4396 53 53 11
4397 19 19 5
4398 19 18 6
4399 20 19 5
4400 29 29 9
4401 11 10 4
4402 24 23 5
4403 13 13 5
4404 25 24 6
4405 22 22 8
4406 30 30 10
4407 30 30 8
4408 18 18 6
4409 24 24 10
4410 18 17 7
4411 25 25 5
4412 25 24 10
4413 30 30 8
4414 20 20 4
4415 20 19 5
4416 19 19 5
4417 21 20 4
4418 24 23 5
4419 11 11 5
4420 21 21 5
4421 27 26 6
4422 14 14 4
4423 40 39 7
4424 37 36 8
4425 20 19 5
4426 23 23 5
4427 27 27 5
4428 19 19 7
4429 25 24 6
4430 36 36 8
4431 26 25 5
4432 21 20 4
4433 20 19 5
4434 19 19 7
4435 41 40 14
4436 30 30 6
4437 18 17 5
4438 19 19 7
4439 19 18 6
4440 16 15 5
4441 31 30 10
4442 24 24 4
4443 24 23 7
4444 17 16 6
4445 26 26 6
4446 12 12 4
4447 28 27 9
4448 29 28 8
4449 24 23 5
4450 19 19 5
4451 19 19 5
4452 21 21 7
4453 11 10 4
4454 28 27 5
4455 15 15 5
4456 31 30 8
4457 20 19 7
4458 15 14 6
4459 38 38 14
4460 18 18 6
4461 24 23 9
4462 25 25 5
4463 29 29 11
4464 17 16 6
4465 26 26 8
4466 26 25 7
4467 17 17 5
4468 35 35 7
4469 39 38 8
4470 18 18 4
4471 34 33 7
4472 15 15 5
4473 23 23 5
4474 29 29 9
4475 19 19 5
4476 23 23 7
4477 27 26 6
4478 26 26 4
4479 14 13 5
4480 37 36 8
4481 26 26 6
4482 30 29 7
4483 27 26 6
4484 24 23 5
4485 21 21 5
4486 23 22 6
4487 18 17 5
4488 27 26 6
4489 24 23 5
4490 17 17 5
4491 13 13 5
4492 33 33 5
4493 19 18 4
4494 30 29 9
4495 27 26 6
4496 14 13 5
4497 17 17 5
4498 17 17 5
4499 29 29 5
4500 25 24 8
4501 14 14 4
4502 26 25 5
4503 19 19 5
4504 13 13 5
4505 21 21 5
4506 15 14 4
4507 14 13 5
4508 27 26 6
4509 16 16 4
4510 16 15 5
4511 31 31 5
4512 25 24 8
4513 22 22 4
4514 16 15 7
4515 23 22 6
4516 32 32 6
4517 12 12 4
4518 16 15 5
4519 11 10 4
4520 30 29 7
4521 21 21 5
4522 21 21 5
4523 21 20 6
4524 22 22 4
4525 20 19 5
4526 17 16 6
4527 22 22 8
4528 16 15 5
4529 17 16 4
4530 18 17 7
4531 17 17 5
4532 13 12 4
4533 18 17 5
4534 23 23 5
4535 9 9 5
4536 23 22 8
4537 10 10 4
4538 10 9 5
4539 13 12 6
4540 12 11 5
4541 17 16 6
4542 10 10 4
4543 10 9 5
4544 13 13 7
4545 15 15 5
4546 13 12 4
4547 12 11 5
4548 25 25 7
4549 15 14 6
4550 20 19 5
4551 15 14 6
4552 10 10 4
4553 18 17 5
4554 17 17 5
4555 13 12 4
4556 16 15 5
4557 17 17 5
4558 11 10 4
4559 16 15 7
4560 17 16 6
4561 12 12 4
4562 14 13 5
4563 23 23 5
4564 15 14 6
4565 10 10 4
4566 22 21 7
4567 9 8 4
4568 12 11 5
4569 11 10 4
4570 16 15 7
4571 13 12 4
4572 16 15 5
4573 7 7 7
4574 8 8 4
4575 14 13 5
4576 13 13 5
4577 19 19 5
4578 7 6 5
4579 9 9 5
4580 15 14 4
4581 22 21 9
4582 7 6 5
4583 19 18 4
4584 10 9 5
4585 19 19 7
4586 11 11 5
4587 19 18 4
4588 24 23 7
4589 11 10 4
4590 22 21 7
4591 19 18 6
4592 16 16 4
4593 20 19 5
4594 25 25 5
4595 45 44 8
4596 36 36 6
4597 30 30 4
4598 18 17 5
4599 23 23 5
4600 31 31 7
4601 39 38 8
4602 36 36 6
4603 44 43 7
4604 37 37 9
4605 47 46 8
4606 36 36 6
4607 36 35 7
4608 31 30 6
4609 20 20 6
4610 40 39 7
4611 41 41 11
4612 29 28 8
4613 24 24 6
4614 28 28 8
4615 32 32 8
4616 32 32 6
4617 36 36 10
4618 26 26 6
4619 22 21 7
4620 29 28 6
4621 30 30 8
4622 18 17 5
4623 33 33 5
4624 33 33 9
4625 31 30 8
4626 12 12 4
4627 14 13 5
4628 17 17 7
4629 17 17 5
4630 33 33 11
4631 31 30 6
4632 28 28 14
4633 30 29 7
4634 39 38 6
4635 24 23 5
4636 15 15 5
4637 17 16 4
4638 14 13 5
4639 15 15 5
4640 21 20 6
4641 12 11 5
4642 27 26 8
4643 22 22 6
4644 20 19 5
4645 17 16 4
4646 12 11 7
4647 17 16 6
4648 18 18 6
4649 14 14 6
4650 18 18 4
4651 12 11 5
4652 23 22 8
4653 18 18 4
4654 18 17 5
4655 13 12 6
4656 14 14 6
4657 16 15 5
4658 11 10 4
4659 26 25 9
4660 15 14 4
4661 18 17 5
4662 19 18 6
4663 16 15 5
4664 13 12 4
4665 20 19 7
4666 15 14 4
4667 14 13 5
4668 15 14 4
4669 6 5 4
4670 12 11 5
4671 19 18 6
4672 12 11 5
4673 25 25 7
4674 15 14 6
4675 16 16 4
4676 14 13 7
4677 17 16 6
4678 20 19 5
4679 25 24 6
4680 18 18 4
4681 16 15 5
4682 19 18 6
4683 14 13 5
4684 19 18 6
4685 18 17 5
4686 9 8 4
4687 28 27 5
4688 33 33 5
4689 17 17 5
4690 33 33 5
4691 33 33 7
4692 23 22 6
4693 14 13 5
4694 29 28 6
4695 18 18 6
4696 24 24 6
4697 20 19 7
4698 17 16 4
4699 32 31 7
4700 19 19 5
4701 21 20 4
4702 32 31 5
4703 21 20 6
4704 30 30 8
4705 16 15 5
4706 23 22 4
4707 24 23 5
4708 25 25 5
4709 23 23 7
4710 47 46 8
4711 26 26 6
4712 24 24 6
4713 36 36 8
4714 20 19 5
4715 27 27 5
4716 23 22 4
4717 26 25 5
4718 21 20 6
4719 28 28 6
4720 30 30 4
4721 32 31 7
4722 23 23 5
4723 31 30 6
4724 28 27 5
4725 21 21 5
4726 35 35 7
4727 27 26 6
4728 24 24 6
4729 24 24 6
4730 20 19 5
4731 25 24 4
4732 38 37 7
4733 21 20 6
4734 26 26 6
4735 28 28 6
4736 36 36 6
4737 38 38 10
4738 26 26 6
4739 38 38 8
4740 50 50 12
4741 32 31 7
4742 37 37 9
4743 25 25 7
4744 53 52 14
4745 34 33 7
4746 35 34 10
4747 20 20 6
4748 30 30 8
4749 34 33 7
4750 29 28 8
4751 38 37 7
4752 29 29 7
4753 37 36 6
4754 24 24 6
4755 22 21 5
4756 25 25 5
4757 27 26 8
4758 22 22 6
4759 34 34 10
4760 32 32 8
4761 30 30 8
4762 28 28 6
4763 20 20 4
4764 28 27 9
4765 33 33 7
4766 23 22 4
4767 24 23 5
4768 29 29 5
4769 35 35 9
4770 17 16 4
4771 40 39 7
4772 19 18 6
4773 30 30 4
4774 40 39 7
4775 37 36 6
4776 34 33 9
4777 47 46 4
4778 36 35 7
4779 27 27 5
4780 29 28 6
4781 22 22 6
4782 28 27 7
4783 29 29 7
4784 21 20 4
4785 28 27 5
4786 29 29 9
4787 23 22 6
4788 24 23 5
4789 23 23 5
4790 29 29 7
4791 25 25 5
4792 25 25 5
4793 21 20 6
4794 36 35 5
4795 17 16 6
4796 14 14 4
4797 24 23 7
4798 17 16 6
4799 12 12 4
4800 26 25 5
4801 25 25 5
4802 11 11 5
4803 15 14 4
4804 22 21 5
4805 13 13 5
4806 19 18 4
4807 22 21 5
4808 13 13 5
4809 19 18 6
4810 14 14 6
4811 20 19 5
4812 25 24 6
4813 18 18 6
4814 14 14 4
4815 14 13 5
4816 17 16 6
4817 24 24 6
4818 20 20 4
4819 24 23 5
4820 21 20 6
4821 18 18 6
4822 22 22 6
4823 22 22 4
4824 22 21 7
4825 21 20 6
4826 12 12 6
4827 16 16 6
4828 20 20 4
4829 14 13 5
4830 11 10 4
4831 38 37 9
4832 25 24 8
4833 26 25 5
4834 21 21 5
4835 23 23 5
4836 21 21 7
4837 17 16 4
4838 16 15 5
4839 23 22 8
4840 24 24 6
4841 16 16 4
4842 20 19 5
4843 19 18 6
4844 16 16 6
4845 18 18 4
4846 24 23 5
4847 23 23 5
4848 19 18 4
4849 18 17 5
4850 19 19 5
4851 23 22 6
4852 12 11 5
4853 11 10 4
4854 22 21 5
4855 11 10 4
4856 22 21 7
4857 15 14 4
4858 12 11 5
4859 13 13 5
4860 21 21 7
4861 11 11 5
4862 17 16 6
4863 12 12 4
4864 10 9 5
4865 13 12 6
4866 10 10 6
4867 12 12 4
4868 12 11 5
4869 21 20 4
4870 10 9 5
4871 17 17 7
4872 11 10 4
4873 12 11 5
4874 21 21 5
4875 19 19 5
4876 15 14 4
4877 18 17 5
4878 11 11 5
4879 11 10 4
4880 16 15 7
4881 19 18 6
4882 12 11 5
4883 7 6 5
4884 15 15 7
4885 11 10 4
4886 24 23 7
4887 13 12 6
4888 12 12 4
4889 12 11 7
4890 15 14 4
4891 18 17 7
4892 15 15 5
4893 13 13 5
4894 11 11 5
4895 13 12 6
4896 14 14 4
4897 12 11 5
4898 21 20 6
4899 12 12 6
4900 8 8 4
4901 14 13 5
4902 13 12 6
4903 12 12 6
4904 12 12 6
4905 12 12 6
4906 10 10 4
4907 18 17 7
4908 11 10 6
4909 10 10 4
4910 10 9 5
4911 15 14 6
4912 12 11 5
4913 17 16 4
4914 16 15 5
4915 17 17 5
4916 13 12 4
4917 12 11 5
4918 13 12 6
4919 10 10 6
4920 18 18 6
4921 10 10 4
4922 20 19 5
4923 13 13 5
4924 11 11 5
4925 9 8 4
4926 12 11 5
4927 11 11 7
4928 9 8 4
4929 12 11 5
4930 17 16 6
4931 14 14 6
4932 12 12 4
4933 10 9 5
4934 9 9 5
4935 13 13 7
4936 13 12 4
4937 12 11 5
4938 13 12 6
4939 8 8 4
4940 16 15 5
4941 15 14 6
4942 16 15 5
4943 15 15 7
4944 15 14 6
4945 14 14 8
4946 8 8 4
4947 12 11 5
4948 7 6 5
4949 17 16 8
4950 16 15 5
4951 15 14 6
4952 12 12 4
4953 28 27 7
4954 13 12 6
4955 12 12 6
4956 14 14 6
4957 12 12 4
4958 10 9 5
4959 15 14 6
4960 14 14 4
4961 12 11 5
4962 9 9 5
4963 7 6 5
4964 19 18 6
4965 14 13 5
4966 7 6 5
4967 13 12 6
4968 10 10 6
4969 18 18 6
4970 16 15 5
4971 9 8 4
4972 12 11 5
4973 15 14 6
4974 16 16 6
4975 14 13 5
4976 13 13 5
4977 7 7 7
4978 18 18 6
4979 12 12 4
4980 20 19 5
4981 33 33 5
4982 21 21 5
4983 15 15 5
4984 27 27 5
4985 15 14 4
4986 18 17 5
4987 15 14 4
4988 18 17 7
4989 15 15 5
4990 19 19 7
4991 33 32 6
4992 20 19 5
4993 25 24 6
4994 24 24 6
4995 12 12 4
4996 18 17 5
4997 17 16 4
4998 26 25 5
4999 15 15 7
