0 204 203 83
1 119 119 84
2 136 136 84
3 238 238 84
4 152 152 83
5 169 169 83
6 187 187 84
7 136 136 84
8 186 186 83
9 187 187 84
10 136 136 84
11 118 118 83
12 85 85 85
13 102 102 84
14 136 136 84
15 136 136 84
16 136 136 84
17 204 204 84
18 118 118 83
19 135 135 83
20 153 153 84
21 118 118 83
22 153 153 84
23 136 136 84
24 102 102 84
25 118 118 83
26 135 135 83
27 101 101 83
28 101 101 83
29 153 153 84
30 136 136 84
31 136 136 84
32 102 102 84
33 102 102 84
34 118 118 83
35 119 119 84
36 136 136 84
37 84 84 84
38 187 187 84
39 152 152 83
40 119 119 84
41 136 136 84
42 136 136 84
43 102 102 84
44 118 118 83
45 119 119 84
46 136 136 84
47 118 118 83
48 221 221 84
49 118 118 83
50 169 169 83
51 203 203 83
52 85 85 85
53 136 136 84
54 84 84 84
55 101 101 83
56 135 135 83
57 169 169 83
58 237 237 83
59 169 169 83
60 203 203 83
61 153 153 84
62 152 152 83
63 305 305 83
64 271 271 83
65 323 323 84
66 220 220 83
67 153 153 84
68 136 136 84
69 204 204 84
70 170 170 84
71 186 186 83
72 237 237 83
73 203 203 83
74 119 119 84
75 186 186 83
76 153 153 84
77 220 220 83
78 221 221 84
79 152 152 83
80 187 187 84
81 118 118 83
82 255 255 84
83 220 220 83
84 203 203 83
85 221 221 84
86 356 356 83
87 305 305 83
88 153 153 84
89 186 186 83
90 237 237 83
91 323 323 84
92 204 204 84
93 306 306 84
94 238 238 84
95 204 204 84
96 204 204 84
97 220 220 83
98 203 203 83
99 187 187 84
100 220 220 83
101 203 203 83
102 271 271 83
103 203 203 83
104 169 169 83
105 135 135 83
106 169 169 83
107 237 237 83
108 187 187 84
109 186 186 83
110 169 169 83
111 237 237 83
112 187 187 84
113 186 186 83
114 271 271 83
115 187 187 84
116 204 204 84
117 272 272 84
118 204 204 84
119 238 238 84
120 136 136 84
121 170 170 84
122 170 170 84
123 306 306 84
124 204 204 84
125 254 254 83
126 221 221 84
127 306 306 84
128 254 254 83
129 169 169 83
130 153 153 84
131 204 204 84
132 170 170 84
133 170 170 84
134 238 238 84
135 272 272 84
136 170 170 84
137 152 152 83
138 221 221 84
139 204 204 84
140 170 170 84
141 238 238 84
142 204 204 84
143 288 288 83
144 187 187 84
145 220 220 83
146 135 135 83
147 187 187 84
148 186 186 83
149 187 187 84
150 254 254 83
151 237 237 83
152 221 221 84
153 238 238 84
154 170 170 84
155 288 288 83
156 169 169 83
157 237 237 83
158 169 169 83
159 255 255 84
160 220 220 83
161 187 187 84
162 272 272 84
163 272 272 84
164 204 204 84
165 152 152 83
166 169 169 83
167 187 187 84
168 272 272 84
169 238 238 84
170 186 186 83
171 221 221 84
172 220 220 83
173 203 203 83
174 271 271 83
175 187 187 84
176 220 220 83
177 323 323 84
178 254 254 83
179 271 271 83
180 237 237 83
181 237 237 83
182 221 221 84
183 254 254 83
184 237 237 83
185 271 271 83
186 289 289 84
187 254 254 83
188 237 237 83
189 203 203 83
190 271 271 83
191 237 237 83
192 135 135 83
193 153 153 84
194 170 170 84
195 170 170 84
196 204 204 84
197 186 186 83
198 237 237 83
199 237 237 83
200 135 135 83
201 203 203 83
202 221 221 84
203 220 220 83
204 169 169 83
205 203 203 83
206 237 237 83
207 169 169 83
208 323 323 84
209 220 220 83
210 187 187 84
211 186 186 83
212 255 255 84
213 356 356 83
214 187 187 84
215 204 204 84
216 186 186 83
217 271 271 83
218 203 203 83
219 153 153 84
220 204 204 84
221 170 170 84
222 186 186 83
223 237 237 83
224 221 221 84
225 204 204 84
226 272 272 84
227 288 288 83
228 187 187 84
229 238 238 84
230 238 238 84
231 254 254 83
232 153 153 84
233 186 186 83
234 187 187 84
235 288 288 83
236 237 237 83
237 237 237 83
238 153 153 84
239 220 220 83
240 221 221 84
241 220 220 83
242 169 169 83
243 305 305 83
244 135 135 83
245 101 101 83
246 153 153 84
247 152 152 83
248 221 221 84
249 170 170 84
250 118 118 83
251 101 101 83
252 119 119 84
253 136 136 84
254 136 136 84
255 102 102 84
256 102 102 84
257 152 152 83
258 135 135 83
259 169 169 83
260 169 169 83
261 119 119 84
262 152 152 83
263 101 101 83
264 187 187 84
265 102 102 84
266 186 186 83
267 203 203 83
268 187 187 84
269 254 254 83
270 169 169 83
271 187 187 84
272 170 170 84
273 152 152 83
274 119 119 84
275 170 170 84
276 186 186 83
277 203 203 83
278 153 153 84
279 186 186 83
280 203 203 83
281 153 153 84
282 136 136 84
283 356 356 83
284 203 203 83
285 169 169 83
286 221 221 84
287 152 152 83
288 135 135 83
289 153 153 84
290 186 186 83
291 203 203 83
292 255 255 84
293 102 102 84
294 186 186 83
295 153 153 84
296 204 204 84
297 340 340 84
298 288 288 83
299 203 203 83
300 289 289 84
301 442 442 84
302 220 220 83
303 255 255 84
304 288 288 83
305 305 305 83
306 373 373 83
307 357 357 84
308 374 374 84
309 306 306 84
310 306 306 84
311 322 322 83
312 169 169 83
313 339 339 83
314 255 255 84
315 204 204 84
316 288 288 83
317 187 187 84
318 220 220 83
319 203 203 83
320 391 391 84
321 322 322 83
322 373 373 83
323 425 425 84
324 340 340 84
325 170 170 84
326 272 272 84
327 254 254 83
328 305 305 83
329 271 271 83
330 221 221 84
331 204 204 84
332 238 238 84
333 204 204 84
334 118 118 83
335 119 119 84
336 152 152 83
337 221 221 84
338 152 152 83
339 169 169 83
340 289 289 84
341 204 204 84
342 102 102 84
343 152 152 83
344 187 187 84
345 238 238 84
346 170 170 84
347 186 186 83
348 221 221 84
349 170 170 84
350 220 220 83
351 153 153 84
352 152 152 83
353 101 101 83
354 153 153 84
355 170 170 84
356 220 220 83
357 135 135 83
358 119 119 84
359 204 204 84
360 204 204 84
361 136 136 84
362 118 118 83
363 203 203 83
364 169 169 83
365 169 169 83
366 153 153 84
367 238 238 84
368 152 152 83
369 237 237 83
370 135 135 83
371 203 203 83
372 153 153 84
373 186 186 83
374 187 187 84
375 170 170 84
376 170 170 84
377 118 118 83
378 169 169 83
379 169 169 83
380 255 255 84
381 152 152 83
382 119 119 84
383 152 152 83
384 187 187 84
385 136 136 84
386 238 238 84
387 136 136 84
388 170 170 84
389 170 170 84
390 170 170 84
391 136 136 84
392 118 118 83
393 153 153 84
394 152 152 83
395 203 203 83
396 187 187 84
397 204 204 84
398 152 152 83
399 101 101 83
400 101 101 83
401 169 169 83
402 119 119 84
403 152 152 83
404 119 119 84
405 118 118 83
406 85 85 85
407 102 102 84
408 118 118 83
409 221 221 84
410 102 102 84
411 102 102 84
412 102 102 84
413 118 118 83
414 153 153 84
415 186 186 83
416 169 169 83
417 153 153 84
418 118 118 83
419 135 135 83
420 101 101 83
421 135 135 83
422 119 119 84
423 136 136 84
424 118 118 83
425 187 187 84
426 118 118 83
427 119 119 84
428 136 136 84
429 152 152 83
430 153 153 84
431 118 118 83
432 203 203 83
433 271 271 83
434 221 221 84
435 238 238 84
436 152 152 83
437 101 101 83
438 135 135 83
439 153 153 84
440 152 152 83
441 135 135 83
442 203 203 83
443 203 203 83
444 169 169 83
445 119 119 84
446 102 102 84
447 170 170 84
448 118 118 83
449 101 101 83
450 169 169 83
451 119 119 84
452 170 170 84
453 102 102 84
454 152 152 83
455 169 169 83
456 169 169 83
457 135 135 83
458 153 153 84
459 170 170 84
460 136 136 84
461 102 102 84
462 102 102 84
463 170 170 84
464 102 102 84
465 136 136 84
466 118 118 83
467 135 135 83
468 101 101 83
469 85 85 85
470 102 102 84
471 136 136 84
472 102 102 84
473 152 152 83
474 187 187 84
475 254 254 83
476 135 135 83
477 119 119 84
478 84 84 84
479 135 135 83
480 169 169 83
481 101 101 83
482 101 101 83
483 101 101 83
484 85 85 85
485 102 102 84
486 118 118 83
487 153 153 84
488 152 152 83
489 153 153 84
490 102 102 84
491 118 118 83
492 135 135 83
493 135 135 83
494 101 101 83
495 187 187 84
496 102 102 84
497 102 102 84
498 152 152 83
499 101 101 83
500 119 119 84
501 136 136 84
502 152 152 83
503 101 101 83
504 135 135 83
505 169 169 83
506 101 101 83
507 153 153 84
508 102 102 84
509 152 152 83
510 135 135 83
511 153 153 84
512 136 136 84
513 170 170 84
514 118 118 83
515 135 135 83
516 135 135 83
517 153 153 84
518 186 186 83
519 153 153 84
520 102 102 84
521 102 102 84
522 152 152 83
523 119 119 84
524 118 118 83
525 119 119 84
526 118 118 83
527 135 135 83
528 119 119 84
529 84 84 84
530 119 119 84
531 102 102 84
532 136 136 84
533 170 170 84
534 102 102 84
535 102 102 84
536 102 102 84
537 136 136 84
538 186 186 83
539 289 289 84
540 204 204 84
541 152 152 83
542 169 169 83
543 101 101 83
544 101 101 83
545 119 119 84
546 84 84 84
547 169 169 83
548 169 169 83
549 221 221 84
550 204 204 84
551 204 204 84
552 186 186 83
553 135 135 83
554 119 119 84
555 118 118 83
556 119 119 84
557 84 84 84
558 153 153 84
559 152 152 83
560 187 187 84
561 220 220 83
562 135 135 83
563 203 203 83
564 187 187 84
565 152 152 83
566 187 187 84
567 102 102 84
568 84 84 84
569 203 203 83
570 135 135 83
571 135 135 83
572 255 255 84
573 136 136 84
574 136 136 84
575 136 136 84
576 186 186 83
577 203 203 83
578 169 169 83
579 101 101 83
580 237 237 83
581 221 221 84
582 152 152 83
583 221 221 84
584 170 170 84
585 186 186 83
586 187 187 84
587 220 220 83
588 271 271 83
589 221 221 84
590 306 306 84
591 322 322 83
592 203 203 83
593 221 221 84
594 288 288 83
595 169 169 83
596 203 203 83
597 407 407 83
598 323 323 84
599 204 204 84
600 204 204 84
601 204 204 84
602 238 238 84
603 254 254 83
604 323 323 84
605 322 322 83
606 323 323 84
607 340 340 84
608 204 204 84
609 238 238 84
610 306 306 84
611 204 204 84
612 306 306 84
613 254 254 83
614 289 289 84
615 254 254 83
616 255 255 84
617 152 152 83
618 289 289 84
619 272 272 84
620 254 254 83
621 221 221 84
622 322 322 83
623 271 271 83
624 237 237 83
625 255 255 84
626 204 204 84
627 254 254 83
628 203 203 83
629 339 339 83
630 407 407 83
631 255 255 84
632 204 204 84
633 186 186 83
634 221 221 84
635 306 306 84
636 186 186 83
637 237 237 83
638 271 271 83
639 271 271 83
640 255 255 84
641 204 204 84
642 186 186 83
643 255 255 84
644 238 238 84
645 220 220 83
646 237 237 83
647 339 339 83
648 271 271 83
649 221 221 84
650 204 204 84
651 306 306 84
652 204 204 84
653 204 204 84
654 340 340 84
655 204 204 84
656 204 204 84
657 204 204 84
658 306 306 84
659 306 306 84
660 186 186 83
661 305 305 83
662 305 305 83
663 339 339 83
664 305 305 83
665 289 289 84
666 272 272 84
667 220 220 83
668 305 305 83
669 373 373 83
670 255 255 84
671 136 136 84
672 170 170 84
673 322 322 83
674 221 221 84
675 306 306 84
676 272 272 84
677 356 356 83
678 221 221 84
679 272 272 84
680 272 272 84
681 170 170 84
682 238 238 84
683 254 254 83
684 221 221 84
685 238 238 84
686 288 288 83
687 153 153 84
688 272 272 84
689 238 238 84
690 170 170 84
691 238 238 84
692 152 152 83
693 203 203 83
694 271 271 83
695 237 237 83
696 203 203 83
697 271 271 83
698 169 169 83
699 187 187 84
700 238 238 84
701 152 152 83
702 135 135 83
703 153 153 84
704 272 272 84
705 186 186 83
706 119 119 84
707 136 136 84
708 186 186 83
709 169 169 83
710 153 153 84
711 186 186 83
712 169 169 83
713 187 187 84
714 170 170 84
715 204 204 84
716 204 204 84
717 220 220 83
718 135 135 83
719 101 101 83
720 153 153 84
721 152 152 83
722 169 169 83
723 101 101 83
724 101 101 83
725 153 153 84
726 118 118 83
727 187 187 84
728 170 170 84
729 204 204 84
730 152 152 83
731 203 203 83
732 135 135 83
733 153 153 84
734 118 118 83
735 169 169 83
736 153 153 84
737 152 152 83
738 187 187 84
739 170 170 84
740 220 220 83
741 187 187 84
742 136 136 84
743 204 204 84
744 186 186 83
745 187 187 84
746 136 136 84
747 118 118 83
748 187 187 84
749 136 136 84
750 238 238 84
751 152 152 83
752 135 135 83
753 237 237 83
754 153 153 84
755 152 152 83
756 237 237 83
757 135 135 83
758 119 119 84
759 152 152 83
760 187 187 84
761 170 170 84
762 118 118 83
763 187 187 84
764 118 118 83
765 135 135 83
766 101 101 83
767 101 101 83
768 135 135 83
769 135 135 83
770 119 119 84
771 152 152 83
772 221 221 84
773 170 170 84
774 220 220 83
775 187 187 84
776 186 186 83
777 169 169 83
778 135 135 83
779 101 101 83
780 119 119 84
781 136 136 84
782 118 118 83
783 119 119 84
784 136 136 84
785 254 254 83
786 153 153 84
787 118 118 83
788 153 153 84
789 254 254 83
790 101 101 83
791 135 135 83
792 153 153 84
793 136 136 84
794 152 152 83
795 289 289 84
796 136 136 84
797 238 238 84
798 272 272 84
799 306 306 84
800 254 254 83
801 135 135 83
802 101 101 83
803 119 119 84
804 118 118 83
805 169 169 83
806 169 169 83
807 221 221 84
808 152 152 83
809 221 221 84
810 220 220 83
811 119 119 84
812 118 118 83
813 135 135 83
814 135 135 83
815 187 187 84
816 152 152 83
817 237 237 83
818 119 119 84
819 170 170 84
820 170 170 84
821 118 118 83
822 169 169 83
823 255 255 84
824 152 152 83
825 119 119 84
826 238 238 84
827 186 186 83
828 169 169 83
829 119 119 84
830 204 204 84
831 84 84 84
832 119 119 84
833 170 170 84
834 136 136 84
835 118 118 83
836 135 135 83
837 101 101 83
838 135 135 83
839 169 169 83
840 135 135 83
841 135 135 83
842 135 135 83
843 169 169 83
844 203 203 83
845 169 169 83
846 203 203 83
847 153 153 84
848 170 170 84
849 186 186 83
850 203 203 83
851 221 221 84
852 84 84 84
853 221 221 84
854 102 102 84
855 102 102 84
856 170 170 84
857 186 186 83
858 187 187 84
859 102 102 84
860 152 152 83
861 119 119 84
862 152 152 83
863 119 119 84
864 118 118 83
865 135 135 83
866 101 101 83
867 101 101 83
868 237 237 83
869 119 119 84
870 186 186 83
871 187 187 84
872 136 136 84
873 102 102 84
874 170 170 84
875 118 118 83
876 101 101 83
877 135 135 83
878 153 153 84
879 186 186 83
880 101 101 83
881 153 153 84
882 118 118 83
883 153 153 84
884 136 136 84
885 152 152 83
886 153 153 84
887 152 152 83
888 119 119 84
889 84 84 84
890 169 169 83
891 101 101 83
892 135 135 83
893 135 135 83
894 119 119 84
895 136 136 84
896 136 136 84
897 170 170 84
898 170 170 84
899 152 152 83
900 135 135 83
901 187 187 84
902 220 220 83
903 135 135 83
904 119 119 84
905 118 118 83
906 119 119 84
907 102 102 84
908 102 102 84
909 152 152 83
910 119 119 84
911 152 152 83
912 119 119 84
913 102 102 84
914 84 84 84
915 135 135 83
916 119 119 84
917 118 118 83
918 119 119 84
919 136 136 84
920 186 186 83
921 169 169 83
922 101 101 83
923 119 119 84
924 102 102 84
925 118 118 83
926 85 85 85
927 102 102 84
928 102 102 84
929 170 170 84
930 152 152 83
931 221 221 84
932 118 118 83
933 169 169 83
934 135 135 83
935 169 169 83
936 187 187 84
937 136 136 84
938 102 102 84
939 136 136 84
940 186 186 83
941 101 101 83
942 119 119 84
943 118 118 83
944 135 135 83
945 119 119 84
946 254 254 83
947 203 203 83
948 187 187 84
949 186 186 83
950 153 153 84
951 170 170 84
952 84 84 84
953 119 119 84
954 118 118 83
955 101 101 83
956 169 169 83
957 135 135 83
958 119 119 84
959 118 118 83
960 135 135 83
961 169 169 83
962 135 135 83
963 153 153 84
964 136 136 84
965 152 152 83
966 187 187 84
967 136 136 84
968 152 152 83
969 153 153 84
970 136 136 84
971 136 136 84
972 170 170 84
973 118 118 83
974 135 135 83
975 119 119 84
976 102 102 84
977 136 136 84
978 238 238 84
979 220 220 83
980 101 101 83
981 237 237 83
982 187 187 84
983 118 118 83
984 237 237 83
985 187 187 84
986 186 186 83
987 169 169 83
988 135 135 83
989 187 187 84
990 238 238 84
991 306 306 84
992 238 238 84
993 170 170 84
994 220 220 83
995 305 305 83
996 289 289 84
997 238 238 84
998 408 408 84
999 220 220 83
1000 237 237 83
1001 339 339 83
1002 237 237 83
1003 255 255 84
1004 238 238 84
1005 204 204 84
1006 238 238 84
1007 238 238 84
1008 340 340 84
1009 238 238 84
1010 220 220 83
1011 237 237 83
1012 255 255 84
1013 272 272 84
1014 204 204 84
1015 306 306 84
1016 238 238 84
1017 238 238 84
1018 272 272 84
1019 322 322 83
1020 203 203 83
1021 305 305 83
1022 187 187 84
1023 254 254 83
1024 221 221 84
1025 272 272 84
1026 220 220 83
1027 203 203 83
1028 237 237 83
1029 237 237 83
1030 135 135 83
1031 135 135 83
1032 135 135 83
1033 169 169 83
1034 203 203 83
1035 203 203 83
1036 237 237 83
1037 221 221 84
1038 220 220 83
1039 271 271 83
1040 187 187 84
1041 254 254 83
1042 289 289 84
1043 238 238 84
1044 288 288 83
1045 203 203 83
1046 187 187 84
1047 118 118 83
1048 255 255 84
1049 170 170 84
1050 136 136 84
1051 186 186 83
1052 203 203 83
1053 135 135 83
1054 289 289 84
1055 322 322 83
1056 221 221 84
1057 170 170 84
1058 186 186 83
1059 221 221 84
1060 220 220 83
1061 221 221 84
1062 288 288 83
1063 203 203 83
1064 203 203 83
1065 153 153 84
1066 254 254 83
1067 271 271 83
1068 203 203 83
1069 255 255 84
1070 238 238 84
1071 220 220 83
1072 153 153 84
1073 118 118 83
1074 221 221 84
1075 170 170 84
1076 220 220 83
1077 221 221 84
1078 84 84 84
1079 203 203 83
1080 203 203 83
1081 221 221 84
1082 204 204 84
1083 170 170 84
1084 220 220 83
1085 237 237 83
1086 187 187 84
1087 170 170 84
1088 186 186 83
1089 203 203 83
1090 187 187 84
1091 136 136 84
1092 220 220 83
1093 153 153 84
1094 136 136 84
1095 170 170 84
1096 204 204 84
1097 170 170 84
1098 220 220 83
1099 187 187 84
1100 204 204 84
1101 152 152 83
1102 101 101 83
1103 153 153 84
1104 170 170 84
1105 170 170 84
1106 118 118 83
1107 119 119 84
1108 238 238 84
1109 170 170 84
1110 204 204 84
1111 186 186 83
1112 169 169 83
1113 135 135 83
1114 237 237 83
1115 221 221 84
1116 204 204 84
1117 204 204 84
1118 204 204 84
1119 136 136 84
1120 186 186 83
1121 119 119 84
1122 152 152 83
1123 119 119 84
1124 152 152 83
1125 169 169 83
1126 135 135 83
1127 153 153 84
1128 186 186 83
1129 135 135 83
1130 101 101 83
1131 203 203 83
1132 153 153 84
1133 254 254 83
1134 135 135 83
1135 135 135 83
1136 169 169 83
1137 169 169 83
1138 135 135 83
1139 221 221 84
1140 170 170 84
1141 118 118 83
1142 101 101 83
1143 203 203 83
1144 135 135 83
1145 135 135 83
1146 203 203 83
1147 255 255 84
1148 204 204 84
1149 136 136 84
1150 254 254 83
1151 153 153 84
1152 118 118 83
1153 135 135 83
1154 169 169 83
1155 153 153 84
1156 170 170 84
1157 152 152 83
1158 153 153 84
1159 152 152 83
1160 221 221 84
1161 118 118 83
1162 119 119 84
1163 220 220 83
1164 135 135 83
1165 187 187 84
1166 170 170 84
1167 152 152 83
1168 153 153 84
1169 152 152 83
1170 153 153 84
1171 152 152 83
1172 169 169 83
1173 187 187 84
1174 152 152 83
1175 119 119 84
1176 118 118 83
1177 119 119 84
1178 136 136 84
1179 136 136 84
1180 152 152 83
1181 135 135 83
1182 85 85 85
1183 84 84 84
1184 153 153 84
1185 152 152 83
1186 119 119 84
1187 136 136 84
1188 102 102 84
1189 170 170 84
1190 118 118 83
1191 85 85 85
1192 152 152 83
1193 119 119 84
1194 84 84 84
1195 135 135 83
1196 119 119 84
1197 136 136 84
1198 152 152 83
1199 119 119 84
1200 238 238 84
1201 136 136 84
1202 186 186 83
1203 101 101 83
1204 101 101 83
1205 135 135 83
1206 153 153 84
1207 118 118 83
1208 169 169 83
1209 85 85 85
1210 118 118 83
1211 119 119 84
1212 204 204 84
1213 136 136 84
1214 136 136 84
1215 118 118 83
1216 169 169 83
1217 119 119 84
1218 136 136 84
1219 102 102 84
1220 102 102 84
1221 118 118 83
1222 119 119 84
1223 136 136 84
1224 102 102 84
1225 118 118 83
1226 101 101 83
1227 169 169 83
1228 119 119 84
1229 186 186 83
1230 101 101 83
1231 135 135 83
1232 101 101 83
1233 101 101 83
1234 119 119 84
1235 84 84 84
1236 169 169 83
1237 169 169 83
1238 85 85 85
1239 102 102 84
1240 118 118 83
1241 101 101 83
1242 119 119 84
1243 118 118 83
1244 187 187 84
1245 102 102 84
1246 118 118 83
1247 135 135 83
1248 101 101 83
1249 101 101 83
1250 101 101 83
1251 101 101 83
1252 101 101 83
1253 153 153 84
1254 170 170 84
1255 136 136 84
1256 152 152 83
1257 135 135 83
1258 101 101 83
1259 135 135 83
1260 169 169 83
1261 119 119 84
1262 84 84 84
1263 101 101 83
1264 85 85 85
1265 152 152 83
1266 85 85 85
1267 136 136 84
1268 118 118 83
1269 203 203 83
1270 153 153 84
1271 136 136 84
1272 136 136 84
1273 102 102 84
1274 118 118 83
1275 101 101 83
1276 135 135 83
1277 169 169 83
1278 169 169 83
1279 119 119 84
1280 170 170 84
1281 136 136 84
1282 170 170 84
1283 84 84 84
1284 187 187 84
1285 136 136 84
1286 102 102 84
1287 118 118 83
1288 135 135 83
1289 119 119 84
1290 152 152 83
1291 119 119 84
1292 136 136 84
1293 170 170 84
1294 152 152 83
1295 119 119 84
1296 170 170 84
1297 118 118 83
1298 101 101 83
1299 119 119 84
1300 118 118 83
1301 101 101 83
1302 203 203 83
1303 101 101 83
1304 135 135 83
1305 187 187 84
1306 136 136 84
1307 102 102 84
1308 84 84 84
1309 169 169 83
1310 135 135 83
1311 135 135 83
1312 101 101 83
1313 119 119 84
1314 186 186 83
1315 187 187 84
1316 84 84 84
1317 135 135 83
1318 101 101 83
1319 119 119 84
1320 102 102 84
1321 118 118 83
1322 119 119 84
1323 288 288 83
1324 153 153 84
1325 102 102 84
1326 102 102 84
1327 152 152 83
1328 135 135 83
1329 153 153 84
1330 152 152 83
1331 153 153 84
1332 118 118 83
1333 135 135 83
1334 169 169 83
1335 187 187 84
1336 220 220 83
1337 119 119 84
1338 170 170 84
1339 118 118 83
1340 119 119 84
1341 186 186 83
1342 135 135 83
1343 101 101 83
1344 221 221 84
1345 84 84 84
1346 169 169 83
1347 153 153 84
1348 170 170 84
1349 118 118 83
1350 221 221 84
1351 152 152 83
1352 119 119 84
1353 186 186 83
1354 119 119 84
1355 186 186 83
1356 135 135 83
1357 101 101 83
1358 203 203 83
1359 339 339 83
1360 169 169 83
1361 187 187 84
1362 204 204 84
1363 220 220 83
1364 187 187 84
1365 204 204 84
1366 186 186 83
1367 169 169 83
1368 153 153 84
1369 220 220 83
1370 187 187 84
1371 186 186 83
1372 169 169 83
1373 119 119 84
1374 238 238 84
1375 204 204 84
1376 186 186 83
1377 255 255 84
1378 186 186 83
1379 135 135 83
1380 153 153 84
1381 136 136 84
1382 254 254 83
1383 119 119 84
1384 186 186 83
1385 135 135 83
1386 153 153 84
1387 186 186 83
1388 237 237 83
1389 169 169 83
1390 135 135 83
1391 203 203 83
1392 203 203 83
1393 271 271 83
1394 153 153 84
1395 118 118 83
1396 153 153 84
1397 170 170 84
1398 152 152 83
1399 169 169 83
1400 203 203 83
1401 187 187 84
1402 238 238 84
1403 136 136 84
1404 136 136 84
1405 152 152 83
1406 85 85 85
1407 186 186 83
1408 187 187 84
1409 170 170 84
1410 136 136 84
1411 152 152 83
1412 135 135 83
1413 135 135 83
1414 169 169 83
1415 187 187 84
1416 170 170 84
1417 136 136 84
1418 170 170 84
1419 152 152 83
1420 187 187 84
1421 254 254 83
1422 203 203 83
1423 169 169 83
1424 153 153 84
1425 186 186 83
1426 169 169 83
1427 101 101 83
1428 119 119 84
1429 136 136 84
1430 118 118 83
1431 119 119 84
1432 136 136 84
1433 136 136 84
1434 102 102 84
1435 102 102 84
1436 102 102 84
1437 136 136 84
1438 102 102 84
1439 170 170 84
1440 102 102 84
1441 118 118 83
1442 101 101 83
1443 119 119 84
1444 102 102 84
1445 118 118 83
1446 135 135 83
1447 119 119 84
1448 118 118 83
1449 237 237 83
1450 135 135 83
1451 135 135 83
1452 169 169 83
1453 153 153 84
1454 136 136 84
1455 102 102 84
1456 118 118 83
1457 101 101 83
1458 135 135 83
1459 119 119 84
1460 118 118 83
1461 101 101 83
1462 101 101 83
1463 101 101 83
1464 135 135 83
1465 169 169 83
1466 119 119 84
1467 118 118 83
1468 135 135 83
1469 101 101 83
1470 101 101 83
1471 289 289 84
1472 136 136 84
1473 152 152 83
1474 119 119 84
1475 102 102 84
1476 170 170 84
1477 136 136 84
1478 204 204 84
1479 118 118 83
1480 153 153 84
1481 186 186 83
1482 169 169 83
1483 119 119 84
1484 118 118 83
1485 135 135 83
1486 237 237 83
1487 135 135 83
1488 153 153 84
1489 170 170 84
1490 118 118 83
1491 221 221 84
1492 204 204 84
1493 118 118 83
1494 271 271 83
1495 135 135 83
1496 221 221 84
1497 102 102 84
1498 306 306 84
1499 238 238 84
1500 374 374 84
1501 238 238 84
1502 170 170 84
1503 152 152 83
1504 357 357 84
1505 152 152 83
1506 271 271 83
1507 169 169 83
1508 255 255 84
1509 152 152 83
1510 169 169 83
1511 203 203 83
1512 221 221 84
1513 254 254 83
1514 101 101 83
1515 169 169 83
1516 271 271 83
1517 289 289 84
1518 170 170 84
1519 204 204 84
1520 186 186 83
1521 187 187 84
1522 238 238 84
1523 204 204 84
1524 220 220 83
1525 187 187 84
1526 186 186 83
1527 203 203 83
1528 153 153 84
1529 170 170 84
1530 220 220 83
1531 169 169 83
1532 169 169 83
1533 255 255 84
1534 272 272 84
1535 186 186 83
1536 169 169 83
1537 221 221 84
1538 254 254 83
1539 221 221 84
1540 220 220 83
1541 187 187 84
1542 356 356 83
1543 339 339 83
1544 255 255 84
1545 272 272 84
1546 186 186 83
1547 153 153 84
1548 170 170 84
1549 220 220 83
1550 255 255 84
1551 170 170 84
1552 152 152 83
1553 203 203 83
1554 203 203 83
1555 187 187 84
1556 136 136 84
1557 136 136 84
1558 238 238 84
1559 204 204 84
1560 152 152 83
1561 237 237 83
1562 187 187 84
1563 152 152 83
1564 169 169 83
1565 271 271 83
1566 237 237 83
1567 203 203 83
1568 187 187 84
1569 186 186 83
1570 187 187 84
1571 204 204 84
1572 186 186 83
1573 85 85 85
1574 288 288 83
1575 187 187 84
1576 204 204 84
1577 136 136 84
1578 170 170 84
1579 170 170 84
1580 186 186 83
1581 203 203 83
1582 221 221 84
1583 220 220 83
1584 187 187 84
1585 170 170 84
1586 220 220 83
1587 271 271 83
1588 169 169 83
1589 101 101 83
1590 187 187 84
1591 238 238 84
1592 102 102 84
1593 186 186 83
1594 203 203 83
1595 153 153 84
1596 186 186 83
1597 289 289 84
1598 170 170 84
1599 136 136 84
1600 136 136 84
1601 84 84 84
1602 237 237 83
1603 153 153 84
1604 170 170 84
1605 152 152 83
1606 153 153 84
1607 170 170 84
1608 170 170 84
1609 186 186 83
1610 135 135 83
1611 135 135 83
1612 169 169 83
1613 153 153 84
1614 136 136 84
1615 136 136 84
1616 220 220 83
1617 187 187 84
1618 152 152 83
1619 135 135 83
1620 221 221 84
1621 152 152 83
1622 153 153 84
1623 118 118 83
1624 187 187 84
1625 118 118 83
1626 153 153 84
1627 118 118 83
1628 119 119 84
1629 204 204 84
1630 118 118 83
1631 203 203 83
1632 153 153 84
1633 136 136 84
1634 238 238 84
1635 152 152 83
1636 169 169 83
1637 119 119 84
1638 136 136 84
1639 136 136 84
1640 186 186 83
1641 153 153 84
1642 152 152 83
1643 255 255 84
1644 220 220 83
1645 271 271 83
1646 221 221 84
1647 152 152 83
1648 187 187 84
1649 272 272 84
1650 254 254 83
1651 221 221 84
1652 204 204 84
1653 306 306 84
1654 254 254 83
1655 203 203 83
1656 221 221 84
1657 186 186 83
1658 305 305 83
1659 305 305 83
1660 255 255 84
1661 254 254 83
1662 221 221 84
1663 204 204 84
1664 170 170 84
1665 238 238 84
1666 272 272 84
1667 220 220 83
1668 169 169 83
1669 255 255 84
1670 186 186 83
1671 135 135 83
1672 187 187 84
1673 170 170 84
1674 136 136 84
1675 136 136 84
1676 238 238 84
1677 186 186 83
1678 119 119 84
1679 152 152 83
1680 169 169 83
1681 119 119 84
1682 186 186 83
1683 135 135 83
1684 153 153 84
1685 118 118 83
1686 85 85 85
1687 186 186 83
1688 169 169 83
1689 119 119 84
1690 118 118 83
1691 135 135 83
1692 169 169 83
1693 169 169 83
1694 119 119 84
1695 136 136 84
1696 118 118 83
1697 169 169 83
1698 119 119 84
1699 152 152 83
1700 101 101 83
1701 135 135 83
1702 135 135 83
1703 153 153 84
1704 84 84 84
1705 85 85 85
1706 84 84 84
1707 119 119 84
1708 118 118 83
1709 153 153 84
1710 186 186 83
1711 169 169 83
1712 135 135 83
1713 187 187 84
1714 118 118 83
1715 119 119 84
1716 118 118 83
1717 101 101 83
1718 153 153 84
1719 102 102 84
1720 170 170 84
1721 204 204 84
1722 186 186 83
1723 153 153 84
1724 152 152 83
1725 135 135 83
1726 119 119 84
1727 204 204 84
1728 254 254 83
1729 187 187 84
1730 170 170 84
1731 170 170 84
1732 118 118 83
1733 187 187 84
1734 186 186 83
1735 135 135 83
1736 101 101 83
1737 119 119 84
1738 136 136 84
1739 118 118 83
1740 119 119 84
1741 170 170 84
1742 118 118 83
1743 119 119 84
1744 118 118 83
1745 85 85 85
1746 152 152 83
1747 153 153 84
1748 136 136 84
1749 170 170 84
1750 136 136 84
1751 136 136 84
1752 118 118 83
1753 119 119 84
1754 118 118 83
1755 153 153 84
1756 118 118 83
1757 85 85 85
1758 136 136 84
1759 136 136 84
1760 118 118 83
1761 169 169 83
1762 237 237 83
1763 187 187 84
1764 118 118 83
1765 119 119 84
1766 102 102 84
1767 118 118 83
1768 153 153 84
1769 152 152 83
1770 153 153 84
1771 170 170 84
1772 118 118 83
1773 135 135 83
1774 169 169 83
1775 153 153 84
1776 170 170 84
1777 152 152 83
1778 119 119 84
1779 204 204 84
1780 118 118 83
1781 221 221 84
1782 186 186 83
1783 153 153 84
1784 152 152 83
1785 119 119 84
1786 84 84 84
1787 119 119 84
1788 136 136 84
1789 102 102 84
1790 136 136 84
1791 102 102 84
1792 102 102 84
1793 84 84 84
1794 135 135 83
1795 135 135 83
1796 135 135 83
1797 135 135 83
1798 153 153 84
1799 118 118 83
1800 153 153 84
1801 254 254 83
1802 101 101 83
1803 153 153 84
1804 118 118 83
1805 101 101 83
1806 119 119 84
1807 118 118 83
1808 135 135 83
1809 203 203 83
1810 169 169 83
1811 153 153 84
1812 136 136 84
1813 238 238 84
1814 220 220 83
1815 221 221 84
1816 170 170 84
1817 84 84 84
1818 169 169 83
1819 135 135 83
1820 153 153 84
1821 186 186 83
1822 221 221 84
1823 204 204 84
1824 136 136 84
1825 118 118 83
1826 153 153 84
1827 118 118 83
1828 203 203 83
1829 135 135 83
1830 119 119 84
1831 118 118 83
1832 119 119 84
1833 152 152 83
1834 135 135 83
1835 203 203 83
1836 153 153 84
1837 220 220 83
1838 153 153 84
1839 136 136 84
1840 170 170 84
1841 186 186 83
1842 221 221 84
1843 238 238 84
1844 288 288 83
1845 339 339 83
1846 135 135 83
1847 187 187 84
1848 288 288 83
1849 237 237 83
1850 271 271 83
1851 271 271 83
1852 169 169 83
1853 203 203 83
1854 255 255 84
1855 272 272 84
1856 170 170 84
1857 220 220 83
1858 203 203 83
1859 289 289 84
1860 238 238 84
1861 288 288 83
1862 323 323 84
1863 238 238 84
1864 220 220 83
1865 203 203 83
1866 271 271 83
1867 289 289 84
1868 238 238 84
1869 204 204 84
1870 306 306 84
1871 272 272 84
1872 254 254 83
1873 323 323 84
1874 220 220 83
1875 373 373 83
1876 221 221 84
1877 272 272 84
1878 220 220 83
1879 255 255 84
1880 272 272 84
1881 288 288 83
1882 255 255 84
1883 340 340 84
1884 220 220 83
1885 391 391 84
1886 220 220 83
1887 391 391 84
1888 238 238 84
1889 238 238 84
1890 204 204 84
1891 306 306 84
1892 238 238 84
1893 288 288 83
1894 305 305 83
1895 169 169 83
1896 119 119 84
1897 390 390 83
1898 459 459 84
1899 204 204 84
1900 204 204 84
1901 254 254 83
1902 255 255 84
1903 272 272 84
1904 254 254 83
1905 323 323 84
1906 288 288 83
1907 221 221 84
1908 322 322 83
1909 221 221 84
1910 238 238 84
1911 322 322 83
1912 357 357 84
1913 356 356 83
1914 305 305 83
1915 289 289 84
1916 220 220 83
1917 169 169 83
1918 407 407 83
1919 255 255 84
1920 356 356 83
1921 237 237 83
1922 323 323 84
1923 272 272 84
1924 272 272 84
1925 254 254 83
1926 221 221 84
1927 322 322 83
1928 391 391 84
1929 238 238 84
1930 220 220 83
1931 187 187 84
1932 238 238 84
1933 288 288 83
1934 221 221 84
1935 272 272 84
1936 306 306 84
1937 238 238 84
1938 322 322 83
1939 357 357 84
1940 254 254 83
1941 169 169 83
1942 237 237 83
1943 203 203 83
1944 203 203 83
1945 237 237 83
1946 255 255 84
1947 288 288 83
1948 203 203 83
1949 203 203 83
1950 237 237 83
1951 237 237 83
1952 169 169 83
1953 187 187 84
1954 186 186 83
1955 187 187 84
1956 220 220 83
1957 187 187 84
1958 186 186 83
1959 255 255 84
1960 238 238 84
1961 170 170 84
1962 204 204 84
1963 238 238 84
1964 220 220 83
1965 203 203 83
1966 187 187 84
1967 186 186 83
1968 187 187 84
1969 204 204 84
1970 204 204 84
1971 170 170 84
1972 220 220 83
1973 271 271 83
1974 203 203 83
1975 221 221 84
1976 118 118 83
1977 187 187 84
1978 186 186 83
1979 271 271 83
1980 187 187 84
1981 152 152 83
1982 135 135 83
1983 135 135 83
1984 153 153 84
1985 102 102 84
1986 170 170 84
1987 186 186 83
1988 135 135 83
1989 203 203 83
1990 169 169 83
1991 135 135 83
1992 119 119 84
1993 186 186 83
1994 153 153 84
1995 204 204 84
1996 136 136 84
1997 170 170 84
1998 84 84 84
1999 187 187 84
