0 22 21 5
1 11 10 4
2 14 13 5
3 25 25 5
4 15 14 4
5 20 19 7
6 21 20 6
7 14 14 6
8 18 18 4
9 22 21 7
10 13 12 4
11 12 11 5
12 7 6 5
13 9 8 4
14 14 13 5
15 13 13 5
16 13 13 5
17 21 21 5
18 11 10 4
19 14 13 5
20 15 15 5
21 11 11 5
22 15 15 5
23 15 14 6
24 10 9 5
25 11 10 4
26 14 13 5
27 9 9 5
28 9 8 4
29 18 17 7
30 13 13 5
31 13 12 4
32 10 9 5
33 11 10 6
34 10 10 4
35 12 11 5
36 13 13 5
37 7 6 5
38 19 18 4
39 16 15 5
40 11 11 5
41 15 14 6
42 12 12 4
43 10 9 5
44 11 10 4
45 14 13 7
46 15 14 6
47 10 10 4
48 24 23 5
49 11 10 4
50 20 19 7
51 21 20 4
52 6 5 4
53 14 13 5
54 7 6 5
55 11 10 6
56 12 12 4
57 18 17 5
58 25 25 5
59 17 17 5
60 21 20 4
61 16 15 5
62 15 14 4
63 34 33 5
64 29 29 5
65 35 35 5
66 25 25 7
67 15 14 4
68 14 13 5
69 21 20 4
70 18 17 5
71 19 18 4
72 26 25 5
73 21 21 5
74 11 11 5
75 19 18 4
76 16 15 5
77 25 24 6
78 24 24 6
79 16 15 5
80 21 20 6
81 10 10 4
82 32 31 9
83 23 22 4
84 22 21 5
85 23 23 5
86 39 39 5
87 33 33 5
88 15 15 5
89 19 18 4
90 26 25 5
91 35 35 5
92 21 21 5
93 35 34 6
94 28 27 7
95 21 20 4
96 24 23 7
97 25 24 6
98 22 22 6
99 18 18 4
100 26 25 7
101 21 20 4
102 30 29 5
103 23 22 6
104 16 16 4
105 14 13 5
106 19 18 6
107 26 26 6
108 20 20 6
109 18 18 4
110 18 17 5
111 25 24 4
112 20 19 5
113 21 20 6
114 28 28 4
115 20 19 5
116 21 21 5
117 29 29 5
118 21 21 5
119 29 28 8
120 14 14 6
121 18 17 5
122 17 16 4
123 34 33 5
124 21 21 5
125 29 28 6
126 24 23 5
127 37 36 8
128 28 28 6
129 16 16 4
130 16 15 5
131 21 21 5
132 23 22 10
133 16 16 4
134 26 25 5
135 31 31 7
136 19 18 6
137 16 15 5
138 23 22 4
139 22 21 5
140 17 17 5
141 27 26 6
142 26 26 10
143 32 32 6
144 20 19 5
145 25 25 7
146 15 14 6
147 20 19 5
148 21 20 6
149 18 18 4
150 28 27 5
151 27 27 7
152 23 22 4
153 28 27 7
154 17 16 4
155 32 31 5
156 19 18 6
157 26 25 5
158 19 18 6
159 28 28 6
160 24 24 6
161 20 19 5
162 33 32 8
163 30 30 6
164 22 22 6
165 16 15 5
166 17 17 5
167 21 20 6
168 30 29 5
169 25 24 4
170 20 19 5
171 25 25 7
172 23 22 4
173 22 21 5
174 29 28 4
175 22 21 7
176 27 26 8
177 38 37 7
178 31 30 8
179 30 29 5
180 27 26 6
181 24 24 4
182 24 23 5
183 27 26 4
184 26 25 5
185 29 29 5
186 31 31 5
187 29 28 6
188 26 26 6
189 22 22 6
190 30 30 6
191 24 24 4
192 14 13 5
193 15 15 5
194 19 18 6
195 16 16 4
196 24 23 7
197 21 20 6
198 24 24 4
199 26 25 5
