0 22 21 5
1 11 11 5
2 13 12 4
3 28 27 7
4 17 16 6
5 20 20 8
6 18 18 4
7 14 13 5
8 19 19 5
9 21 21 7
10 13 13 5
11 13 12 6
12 6 6 6
13 9 8 4
14 14 13 5
15 17 16 8
16 12 12 4
17 24 23 7
18 13 12 6
19 14 13 5
20 17 16 6
21 12 12 6
22 16 15 5
23 15 14 6
24 8 8 4
25 12 11 5
26 15 14 6
27 10 9 5
28 9 8 4
29 18 17 7
30 13 13 5
31 13 12 4
32 10 9 5
33 9 8 4
34 14 13 7
35 13 12 6
36 12 12 4
37 8 7 6
38 22 22 8
39 14 14 4
40 12 11 5
41 15 15 7
42 17 16 8
43 8 8 4
44 12 11 5
45 11 10 4
46 14 13 5
47 11 11 5
48 25 24 6
49 12 11 5
50 17 17 5
51 23 22 6
52 6 6 6
53 15 15 7
54 7 6 5
55 9 8 4
56 14 13 5
57 17 17 5
58 27 26 6
59 18 17 5
60 23 22 6
61 14 14 4
62 16 15 5
63 33 33 5
64 31 30 6
65 36 36 6
66 24 24 6
67 16 15 5
68 15 14 6
69 22 22 6
70 18 17 5
71 19 18 4
72 26 25 5
73 21 20 4
74 12 11 5
75 19 19 5
76 15 15 5
77 25 24 6
78 24 23 5
79 15 15 5
80 21 20 6
81 10 10 4
82 30 29 7
83 25 25 7
84 21 20 4
85 24 23 5
86 41 41 7
87 37 36 8
88 14 14 4
89 20 19 5
90 27 26 6
91 36 35 5
92 21 21 5
93 33 33 5
94 27 26 6
95 20 20 4
96 24 23 7
97 23 23 5
98 21 20 4
99 20 19 5
100 23 22 4
101 22 21 5
102 29 29 5
103 21 21 5
104 17 17 5
105 13 12 4
106 18 17 5
107 25 24 4
108 20 19 5
109 19 19 5
110 17 16 4
111 28 27 7
112 19 18 4
113 22 21 7
114 31 30 6
115 20 20 6
116 24 23 7
117 31 30 6
118 24 23 7
119 29 28 8
120 14 13 5
121 17 17 5
122 19 18 6
123 34 34 6
124 22 22 6
125 28 27 5
126 23 23 5
127 37 36 8
128 28 28 6
129 18 18 6
130 16 16 6
131 22 22 6
132 20 20 8
133 18 18 6
134 26 25 5
135 29 29 5
136 17 16 4
137 16 15 5
138 25 24 6
139 20 20 4
140 18 17 5
141 27 26 6
142 22 22 6
143 32 32 6
144 22 21 7
145 27 26 8
146 14 14 6
147 20 19 5
148 19 19 5
149 19 18 4
150 30 29 7
151 27 26 6
152 24 24 6
153 26 26 6
154 18 18 6
155 30 30 4
156 18 17 5
157 25 25 5
158 19 18 6
159 28 28 6
160 24 24 6
161 18 18 4
162 32 31 7
163 29 28 4
164 22 21 5
165 17 16 6
166 18 17 5
167 19 18 4
168 30 29 5
169 27 27 7
170 21 20 6
171 24 24 6
172 24 24 6
173 22 22 6
174 30 30 6
175 20 20 6
176 24 23 5
177 35 34 4
178 32 31 9
179 29 28 4
180 28 27 7
181 27 26 6
182 22 22 4
183 28 27 5
184 27 26 6
185 30 30 6
186 32 31 5
187 27 26 4
188 26 25 5
189 21 21 5
190 29 29 5
191 25 25 5
192 13 13 5
193 17 17 7
194 17 16 4
195 20 19 7
196 23 22 6
197 20 19 5
198 25 25 5
199 25 25 5
