0 22 21 5
1 13 12 6
2 12 12 4
3 26 25 5
4 15 15 5
5 19 18 6
6 20 19 5
7 15 15 7
8 19 18 4
9 20 19 5
10 13 12 4
11 12 11 5
12 7 6 5
13 9 9 5
14 13 13 5
15 15 15 7
16 13 12 4
17 24 23 7
18 13 12 6
19 14 14 6
20 16 16 6
21 12 12 6
22 16 16 6
23 12 12 4
24 10 9 5
25 13 12 6
26 12 12 4
27 10 9 5
28 9 8 4
29 16 15 5
30 13 13 5
31 13 13 5
32 9 8 4
33 10 9 5
34 15 14 8
35 10 10 4
36 14 13 5
37 7 7 7
38 20 20 6
39 14 14 4
40 14 13 7
41 15 14 6
42 14 14 6
43 10 10 6
44 10 10 4
45 12 11 5
46 13 13 5
47 11 10 4
48 26 25 7
49 11 10 4
50 18 17 5
51 21 20 4
52 8 7 6
53 16 16 8
54 6 6 6
55 9 8 4
56 14 13 5
57 17 16 4
58 26 25 5
59 17 17 5
60 23 22 6
61 16 15 5
62 15 14 4
63 34 33 5
64 29 29 5
65 37 37 7
66 23 22 4
67 16 15 5
68 13 12 4
69 22 21 5
70 17 17 5
71 19 18 4
72 26 25 5
73 23 22 6
74 10 10 4
75 20 19 5
76 17 16 6
77 26 26 8
78 24 24 6
79 14 14 4
80 22 21 7
81 11 10 4
82 30 29 7
83 27 26 8
84 20 20 4
85 24 23 5
86 39 38 4
87 36 35 7
88 15 14 4
89 20 19 5
90 25 25 5
91 35 35 5
92 21 20 4
93 34 33 5
94 29 28 8
95 20 20 4
96 24 23 7
97 23 23 5
98 23 22 6
99 18 18 4
100 24 23 5
101 21 20 4
102 30 29 5
103 23 22 6
104 16 16 4
105 14 13 5
106 17 16 4
107 26 25 5
108 19 19 5
109 19 18 4
110 18 17 5
111 25 24 4
112 20 19 5
113 21 20 6
114 32 32 8
115 18 18 4
116 24 23 7
117 31 30 6
118 22 22 6
119 26 26 6
120 14 13 5
121 17 17 5
122 19 18 6
123 32 32 4
124 22 21 5
125 29 28 6
126 24 24 6
127 34 33 5
128 29 28 6
129 18 17 5
130 17 16 6
131 22 22 6
132 20 20 8
133 20 19 7
134 25 24 4
135 30 29 5
136 17 16 4
137 16 15 5
138 27 26 8
139 20 20 4
140 18 17 5
141 27 26 6
142 22 22 6
143 32 32 6
144 20 20 6
145 24 24 6
146 16 15 7
147 19 18 4
148 20 19 5
149 19 18 4
150 30 29 7
151 25 24 4
152 24 23 5
153 27 27 7
154 17 16 4
155 32 31 5
156 17 17 5
157 25 25 5
158 17 16 4
159 28 27 5
160 25 24 6
161 20 19 5
162 29 28 4
163 30 29 5
164 23 22 6
165 14 14 4
166 18 17 5
167 19 19 5
168 29 28 4
169 26 25 5
170 19 19 5
171 25 24 6
172 24 23 5
173 21 20 4
174 30 29 5
175 21 20 6
176 24 24 6
177 36 36 6
178 30 29 7
179 29 28 4
180 26 25 5
181 25 24 4
182 24 23 5
183 27 27 5
184 27 26 6
185 30 30 6
186 32 32 6
187 28 27 5
188 25 25 5
189 21 20 4
190 32 31 7
191 25 24 4
192 14 13 5
193 17 16 6
194 16 16 4
195 18 17 5
196 21 21 5
197 21 21 7
198 25 24 4
199 26 25 5
200 13 13 5
201 21 20 4
202 24 23 5
203 23 23 5
204 17 16 4
205 22 21 5
206 27 26 6
207 18 17 5
208 37 36 6
209 22 22 4
210 20 19 5
211 19 18 4
212 28 27 5
213 41 40 6
214 22 22 8
215 20 20 4
216 20 19 5
217 31 30 6
218 22 22 6
219 16 15 5
220 21 20 4
221 18 17 5
222 21 20 6
223 26 25 5
224 23 22 4
225 22 21 5
226 29 28 4
227 32 31 5
228 19 19 5
229 27 26 6
230 24 24 4
231 28 27 5
232 15 15 5
233 21 20 6
234 18 18 4
235 32 31 5
236 25 25 5
237 27 26 6
238 16 15 5
239 23 22 4
240 24 23 5
241 23 23 5
242 17 16 4
243 34 33 5
244 13 12 4
245 10 9 5
246 15 15 5
247 15 14 4
248 24 23 5
249 17 16 4
250 14 13 7
251 9 8 4
252 12 11 5
253 13 12 4
254 14 13 5
255 9 8 4
256 10 9 5
257 15 15 5
258 13 12 4
259 18 17 5
260 19 18 6
261 12 12 6
262 14 14 4
263 10 9 5
264 19 19 5
265 9 9 5
266 21 20 6
267 22 21 5
268 19 18 4
269 28 27 5
270 17 17 5
271 21 20 6
272 16 16 4
273 16 15 5
274 11 10 4
275 20 19 7
276 19 18 4
277 22 21 5
278 17 16 6
279 18 18 4
280 22 21 5
281 17 16 6
282 14 14 6
283 40 40 6
284 20 20 4
285 18 17 5
286 23 22 4
287 16 15 5
288 13 12 4
289 16 15 5
290 21 21 7
291 21 20 4
292 28 27 5
293 9 9 5
294 19 18 4
295 16 15 5
296 21 20 4
297 38 37 5
298 31 30 4
299 22 21 5
300 31 30 4
301 52 51 7
302 23 23 5
303 27 26 4
304 34 33 7
305 33 32 4
306 44 43 7
307 41 40 6
308 42 41 5
309 33 33 5
310 33 33 5
311 37 36 6
312 18 17 5
313 41 41 9
314 29 28 6
315 22 22 6
316 36 36 10
317 22 21 7
318 25 24 6
319 22 22 6
320 44 43 5
321 39 39 9
322 43 42 6
323 48 48 6
324 40 39 7
325 17 17 5
326 31 31 7
327 27 26 4
328 34 33 5
329 33 33 9
330 25 24 6
331 20 20 4
332 26 25 5
333 21 20 4
334 12 11 5
335 13 12 6
336 16 16 6
337 22 22 4
338 16 15 5
339 17 16 4
340 34 33 7
341 23 22 6
342 8 8 4
343 16 15 5
344 19 18 4
345 26 25 5
346 17 17 5
347 19 18 4
348 26 25 7
349 17 17 5
350 25 24 6
351 16 16 6
352 14 14 4
353 10 9 5
354 17 16 6
355 16 16 4
356 24 23 5
357 13 12 4
358 12 11 5
359 23 22 6
360 22 21 5
361 15 14 6
362 12 11 5
363 21 20 4
364 18 17 5
365 19 19 7
366 15 15 5
367 27 26 6
368 14 14 4
369 26 25 5
370 13 12 4
371 22 21 5
372 15 14 4
373 20 19 5
374 23 22 8
375 16 16 4
376 18 17 5
377 13 12 6
378 18 17 5
379 17 16 4
380 28 27 5
381 15 15 5
382 11 10 4
383 16 15 5
384 21 20 6
385 12 12 4
386 26 25 5
387 13 12 4
388 20 19 7
389 17 16 4
390 18 17 5
391 13 12 4
392 12 11 5
393 15 14 4
394 16 15 5
395 23 22 6
396 20 19 5
397 21 21 5
398 15 15 5
399 9 9 5
400 11 10 6
401 18 18 6
402 10 10 4
403 16 15 5
404 11 11 5
405 13 12 6
406 8 8 8
407 11 10 6
408 10 10 4
409 24 23 5
410 9 9 5
411 9 8 4
412 10 9 5
413 11 10 4
414 18 17 7
415 21 21 7
416 17 16 4
417 16 15 5
418 11 11 5
419 13 13 5
420 11 10 6
421 12 12 4
422 12 11 5
423 15 14 6
424 12 12 6
425 20 19 5
426 13 12 6
427 10 10 4
428 14 13 5
429 17 17 7
430 15 15 5
431 11 10 4
432 24 23 7
433 33 32 8
434 22 22 4
435 26 25 5
436 15 15 5
437 9 8 4
438 14 13 5
439 15 15 5
440 17 16 6
441 14 14 6
442 22 22 6
443 24 24 8
444 16 16 4
445 12 11 5
446 9 8 4
447 18 17 5
448 11 11 5
449 9 8 4
450 20 19 7
451 11 10 4
452 18 17 5
453 9 8 4
454 16 15 5
455 19 19 7
456 19 18 6
457 14 14 6
458 16 16 6
459 18 17 5
460 13 12 4
461 10 9 5
462 11 10 6
463 18 18 6
464 10 9 5
465 13 12 4
466 12 11 5
467 13 13 5
468 9 8 4
469 6 5 4
470 10 9 5
471 15 14 6
472 10 9 5
473 17 16 6
474 18 18 4
475 28 27 5
476 15 14 6
477 12 11 5
478 7 6 5
479 13 12 4
480 18 17 5
481 9 9 5
482 9 8 4
483 10 9 5
484 7 6 5
485 9 8 4
486 14 13 7
487 15 14 4
488 16 15 5
489 17 17 7
490 11 10 6
491 10 10 4
492 14 13 5
493 13 13 5
494 9 8 4
495 20 19 5
496 9 8 4
497 10 9 5
498 15 15 5
499 9 9 5
500 11 11 5
501 13 13 5
502 15 14 4
503 10 9 5
504 13 12 4
505 18 17 5
506 9 9 5
507 19 18 8
508 8 8 4
509 16 15 5
510 15 14 6
511 14 14 4
512 14 13 5
513 17 16 4
514 14 13 7
515 15 14 6
516 16 16 8
517 14 14 4
518 20 19 5
519 15 15 5
520 9 9 5
521 9 8 4
522 16 15 5
523 11 10 4
524 12 11 5
525 11 10 4
526 12 11 5
527 13 12 4
528 14 13 7
529 7 6 5
530 13 12 6
531 10 10 6
532 14 14 6
533 18 18 6
534 10 10 6
535 10 9 5
536 9 8 4
537 14 13 5
538 19 19 5
539 33 32 6
540 24 24 8
541 14 14 4
542 18 17 5
543 9 8 4
544 10 9 5
545 11 10 4
546 6 5 4
547 18 17 5
548 19 18 6
549 24 23 5
550 23 22 6
551 22 21 5
552 19 18 4
553 14 13 5
554 13 12 6
555 12 11 5
556 11 10 4
557 6 5 4
558 18 17 7
559 15 14 4
560 22 21 7
561 23 22 4
562 14 13 5
563 21 20 4
564 20 19 5
565 15 14 4
566 20 19 5
567 9 9 5
568 7 6 5
569 23 22 6
570 12 12 4
571 14 13 5
572 29 28 6
573 12 12 4
574 14 13 5
575 13 12 4
576 20 19 5
577 21 21 5
578 17 16 4
579 10 9 5
580 25 24 4
581 26 25 7
582 15 15 5
583 23 22 4
584 18 17 5
585 19 18 4
586 22 21 7
587 25 24 6
588 30 30 6
589 22 22 4
590 34 33 5
591 35 35 5
592 25 24 8
593 22 22 4
594 32 31 5
595 17 17 5
596 21 20 4
597 46 45 5
598 37 37 7
599 23 22 6
600 20 20 4
601 22 21 5
602 25 24 4
603 28 27 5
604 37 36 6
605 42 41 11
606 35 34 4
607 44 43 11
608 25 24 8
609 26 26 6
610 36 35 7
611 21 20 4
612 34 33 5
613 29 28 6
614 32 32 6
615 30 29 7
616 27 27 5
617 15 14 4
618 32 31 5
619 35 34 10
620 28 28 6
621 26 25 7
622 39 39 9
623 33 32 8
624 28 28 8
625 30 30 8
626 24 23 7
627 29 28 6
628 22 22 6
629 38 37 5
630 51 51 11
631 27 27 5
632 21 21 5
633 19 19 5
634 29 28 10
635 36 36 8
636 20 20 6
637 28 27 7
638 31 30 6
639 32 31 7
640 27 26 4
641 22 21 5
642 23 23 9
643 29 28 6
644 26 26 6
645 28 27 9
646 31 30 10
647 38 38 6
648 30 29 5
649 25 24 6
650 24 23 7
651 37 36 8
652 22 21 5
653 23 22 6
654 44 43 11
655 21 20 4
656 22 21 5
657 21 21 5
658 35 35 7
659 35 34 6
660 20 20 6
661 36 36 8
662 34 33 5
663 41 40 8
664 36 36 8
665 34 34 8
666 32 32 8
667 24 23 5
668 35 34 6
669 44 43 7
670 29 29 7
671 13 13 5
672 17 16 4
673 38 37 7
674 25 25 7
675 33 33 5
676 33 33 9
677 43 42 8
678 24 23 5
679 29 29 5
680 29 29 5
681 19 18 6
682 24 24 4
683 28 27 5
684 23 23 5
685 27 26 6
686 30 30 4
687 16 15 5
688 31 30 6
689 28 28 8
690 16 16 4
691 26 25 5
692 15 15 5
693 23 22 6
694 30 30 6
695 26 26 6
696 22 21 5
697 31 30 6
698 16 16 4
699 20 19 5
700 27 26 6
701 14 14 4
702 14 13 5
703 15 14 4
704 30 29 5
705 19 19 5
706 11 10 4
707 14 13 5
708 21 20 6
709 18 17 5
710 17 16 6
711 18 18 4
712 18 17 5
713 21 20 6
714 18 18 6
715 20 20 4
716 24 23 7
717 25 24 6
718 12 12 4
719 10 9 5
720 15 14 4
721 16 15 5
722 17 16 4
723 10 9 5
724 9 8 4
725 16 15 5
726 11 11 5
727 21 20 6
728 18 18 6
729 22 22 6
730 16 15 5
731 21 20 4
732 14 13 5
733 15 14 4
734 12 11 5
735 19 18 6
736 14 14 4
737 16 15 5
738 19 19 5
739 17 17 5
740 23 22 4
741 20 19 5
742 13 12 4
743 22 21 5
744 19 19 5
745 21 20 6
746 14 13 5
747 11 11 5
748 19 19 5
749 15 14 6
750 26 26 6
751 14 14 4
752 14 13 5
753 29 28 8
754 14 14 4
755 16 15 5
756 29 28 8
757 14 13 5
758 11 10 4
759 16 15 5
760 19 18 4
761 18 17 5
762 11 10 4
763 20 19 5
764 13 12 6
765 14 14 6
766 8 8 4
767 10 9 5
768 13 12 4
769 14 13 5
770 11 11 5
771 17 16 6
772 24 23 5
773 19 18 6
774 24 24 6
775 20 19 5
776 19 18 4
777 18 17 5
778 13 13 5
779 9 8 4
780 12 11 5
781 13 12 4
782 12 11 5
783 11 11 5
784 15 14 6
785 28 28 6
786 16 16 6
787 10 10 4
788 18 17 7
789 27 26 4
790 10 9 5
791 13 12 4
792 16 15 5
793 13 12 4
794 16 15 5
795 31 31 5
796 13 13 5
797 27 26 6
798 30 30 6
799 34 33 5
800 27 27 5
801 13 13 5
802 9 8 4
803 12 11 5
804 11 11 5
805 17 16 4
806 18 17 5
807 23 22 4
808 16 15 5
809 23 22 4
810 24 23 5
811 13 12 6
812 12 11 5
813 15 14 6
814 12 12 4
815 20 19 5
816 15 15 5
817 25 25 5
818 11 11 5
819 17 16 4
820 18 17 5
821 11 10 4
822 18 17 5
823 27 27 5
824 19 18 8
825 10 10 4
826 26 25 5
827 21 20 6
828 18 17 5
829 11 10 4
830 22 21 5
831 7 6 5
832 13 12 6
833 18 17 5
834 13 12 4
835 12 11 5
836 13 12 4
837 10 9 5
838 13 12 4
839 18 17 5
840 13 13 5
841 15 14 6
842 14 13 5
843 19 18 6
844 22 21 5
845 17 16 4
846 22 21 5
847 15 14 4
848 18 17 5
849 21 21 7
850 21 20 4
851 24 23 5
852 5 5 5
853 24 23 5
854 9 9 5
855 9 9 5
856 19 18 6
857 20 20 6
858 22 21 7
859 9 8 4
860 16 15 5
861 13 12 6
862 16 16 6
863 12 11 5
864 11 10 4
865 14 13 5
866 11 10 6
867 10 9 5
868 25 24 4
869 12 11 5
870 19 19 5
871 21 21 7
872 13 12 4
873 10 9 5
874 17 16 4
875 12 11 5
876 9 8 4
877 14 13 5
878 17 16 6
879 20 20 6
880 10 9 5
881 17 16 6
882 12 12 6
883 16 15 5
884 13 13 5
885 15 14 4
886 16 15 5
887 15 14 4
888 12 11 5
889 7 6 5
890 17 16 4
891 12 11 7
892 13 12 4
893 14 13 5
894 15 14 8
895 12 12 4
896 16 15 7
897 17 16 4
898 18 17 5
899 17 17 7
900 13 12 4
901 20 19 5
902 25 24 6
903 12 12 4
904 12 11 5
905 11 11 5
906 11 11 5
907 9 9 5
908 11 10 6
909 16 16 6
910 10 10 4
911 16 15 5
912 11 11 5
913 9 9 5
914 7 7 7
915 12 12 4
916 12 11 5
917 11 10 4
918 12 11 5
919 15 15 7
920 19 18 4
921 18 17 5
922 9 9 5
923 13 12 6
924 10 10 6
925 12 12 6
926 6 6 6
927 9 8 4
928 10 9 5
929 17 17 5
930 17 16 6
931 24 24 6
932 10 10 4
933 18 17 5
934 15 14 6
935 18 18 6
936 20 19 5
937 13 12 4
938 12 11 7
939 13 12 4
940 20 19 5
941 9 9 5
942 13 12 6
943 10 10 4
944 14 13 5
945 13 12 6
946 28 28 6
947 20 20 4
948 20 19 5
949 21 20 6
950 16 16 6
951 18 17 5
952 7 6 5
953 11 10 4
954 12 11 5
955 9 8 4
956 20 19 7
957 13 12 4
958 12 11 5
959 11 11 5
960 13 13 5
961 19 18 6
962 12 12 4
963 18 17 7
964 15 14 6
965 16 16 6
966 18 18 4
967 16 15 7
968 17 16 6
969 16 16 6
970 12 12 4
971 14 13 5
972 17 17 5
973 11 11 5
974 13 12 4
975 12 11 5
976 11 10 6
977 12 12 4
978 26 25 5
979 23 23 5
980 9 9 5
981 25 24 4
982 20 19 5
983 11 10 4
984 28 27 7
985 19 18 4
986 20 19 5
987 17 16 4
988 14 13 5
989 21 20 6
990 26 26 6
991 32 32 4
992 26 25 5
993 19 18 6
994 22 22 4
995 38 37 9
996 31 30 4
997 26 25 5
998 51 50 10
999 24 23 5
1000 27 26 6
1001 38 38 6
1002 26 26 6
1003 28 27 5
1004 25 24 4
1005 22 21 5
1006 27 26 6
1007 24 24 4
1008 38 37 5
1009 25 25 5
1010 23 23 5
1011 27 26 6
1012 26 26 4
1013 34 33 9
1014 23 22 6
1015 36 36 8
1016 26 26 6
1017 24 24 4
1018 32 31 7
1019 37 36 6
1020 22 21 5
1021 37 36 8
1022 18 18 4
1023 32 31 9
1024 25 25 7
1025 35 34 10
1026 24 23 5
1027 21 21 5
1028 27 26 6
1029 26 26 6
1030 12 12 4
1031 14 13 5
1032 15 14 6
1033 16 16 4
1034 22 21 5
1035 23 22 6
1036 26 25 5
1037 23 22 4
1038 26 25 7
1039 31 30 6
1040 28 28 14
1041 32 32 10
1042 34 34 8
1043 26 26 6
1044 32 32 6
1045 20 20 4
1046 20 19 5
1047 11 10 4
1048 28 27 5
1049 19 18 6
1050 14 13 5
1051 19 18 4
1052 22 21 5
1053 13 13 5
1054 33 32 6
1055 34 34 4
1056 24 23 5
1057 19 18 6
1058 18 18 4
1059 26 25 7
1060 23 22 4
1061 24 23 5
1062 33 32 6
1063 22 22 6
1064 20 20 4
1065 16 15 5
1066 29 28 6
1067 30 30 6
1068 22 21 5
1069 27 27 5
1070 25 24 4
1071 24 23 5
1072 17 16 6
1073 12 11 5
1074 23 22 4
1075 18 17 5
1076 25 24 6
1077 22 22 4
1078 6 5 4
1079 22 21 5
1080 25 24 8
1081 22 22 4
1082 22 21 5
1083 17 17 5
1084 23 22 4
1085 28 27 7
1086 19 19 5
1087 17 16 4
1088 20 19 5
1089 23 22 6
1090 20 19 5
1091 15 14 6
1092 24 23 5
1093 15 15 5
1094 13 12 4
1095 18 17 5
1096 21 20 4
1097 18 17 5
1098 25 24 6
1099 18 18 4
1100 22 21 5
1101 17 16 6
1102 8 8 4
1103 16 15 5
1104 17 16 4
1105 18 17 5
1106 11 11 5
1107 11 11 5
1108 27 26 6
1109 16 16 4
1110 22 21 5
1111 19 19 5
1112 17 17 5
1113 13 13 5
1114 25 24 4
1115 24 23 5
1116 23 22 6
1117 20 20 4
1118 22 21 5
1119 13 12 4
1120 20 19 5
1121 11 11 5
1122 17 16 6
1123 10 10 4
1124 16 15 5
1125 19 18 6
1126 14 14 6
1127 14 14 4
1128 20 19 5
1129 13 12 4
1130 10 9 5
1131 23 22 6
1132 16 16 6
1133 28 28 6
1134 12 12 4
1135 14 13 5
1136 19 18 6
1137 16 16 4
1138 14 13 5
1139 23 22 4
1140 20 19 7
1141 11 11 5
1142 9 9 5
1143 23 22 6
1144 14 14 6
1145 12 12 4
1146 22 21 5
1147 27 27 5
1148 21 20 4
1149 16 15 7
1150 27 26 4
1151 16 15 5
1152 13 12 6
1153 12 12 4
1154 18 17 5
1155 19 18 8
1156 18 18 6
1157 14 14 4
1158 16 15 5
1159 17 16 6
1160 24 24 6
1161 12 12 6
1162 10 10 4
1163 24 23 5
1164 13 13 5
1165 19 18 4
1166 18 17 5
1167 17 16 6
1168 16 16 6
1169 14 14 4
1170 16 15 5
1171 15 15 5
1172 19 18 6
1173 20 20 6
1174 16 15 5
1175 13 12 6
1176 10 10 4
1177 12 11 5
1178 13 12 4
1179 16 15 7
1180 15 14 4
1181 14 13 5
1182 7 6 5
1183 7 6 5
1184 17 16 6
1185 18 18 8
1186 12 11 5
1187 13 12 4
1188 10 9 5
1189 17 16 4
1190 12 11 5
1191 5 5 5
1192 16 15 5
1193 11 11 5
1194 7 7 7
1195 12 12 4
1196 12 11 5
1197 13 13 5
1198 15 14 4
1199 12 11 5
1200 27 27 7
1201 13 12 4
1202 22 21 7
1203 9 8 4
1204 10 9 5
1205 13 13 5
1206 15 15 5
1207 15 14 8
1208 16 16 4
1209 6 5 4
1210 12 11 5
1211 13 12 6
1212 20 20 4
1213 16 15 7
1214 13 12 4
1215 14 13 7
1216 17 16 4
1217 12 11 5
1218 15 15 7
1219 9 8 4
1220 10 9 5
1221 11 10 4
1222 12 11 5
1223 13 13 5
1224 9 8 4
1225 12 11 5
1226 11 10 6
1227 16 16 4
1228 12 11 5
1229 21 21 7
1230 9 8 4
1231 14 13 5
1232 11 10 6
1233 10 9 5
1234 11 11 5
1235 7 6 5
1236 19 18 6
1237 16 16 4
1238 6 5 4
1239 10 9 5
1240 13 12 6
1241 10 10 6
1242 12 12 6
1243 12 11 5
1244 21 20 6
1245 8 8 4
1246 12 11 5
1247 17 16 8
1248 8 8 4
1249 10 9 5
1250 11 10 6
1251 10 10 6
1252 8 8 4
1253 16 15 5
1254 17 17 5
1255 13 12 4
1256 18 17 7
1257 13 12 4
1258 10 9 5
1259 13 13 5
1260 19 18 6
1261 12 12 6
1262 6 6 6
1263 11 10 6
1264 6 6 6
1265 17 16 6
1266 6 6 6
1267 15 14 6
1268 10 10 4
1269 24 23 7
1270 17 16 6
1271 12 12 4
1272 14 13 5
1273 11 10 6
1274 12 11 5
1275 9 8 4
1276 14 13 5
1277 19 18 6
1278 18 17 5
1279 11 11 5
1280 19 18 6
1281 14 14 6
1282 18 18 6
1283 6 5 4
1284 20 19 5
1285 13 13 5
1286 9 9 5
1287 11 10 4
1288 14 13 5
1289 11 11 5
1290 17 17 7
1291 11 10 4
1292 14 13 5
1293 19 18 6
1294 16 15 5
1295 13 12 6
1296 16 16 4
1297 12 11 5
1298 11 10 6
1299 10 10 4
1300 12 11 5
1301 9 8 4
1302 24 23 7
1303 9 8 4
1304 14 13 5
1305 21 20 6
1306 14 13 5
1307 9 8 4
1308 6 5 4
1309 18 17 5
1310 15 14 6
1311 12 12 4
1312 10 9 5
1313 11 11 5
1314 19 19 5
1315 19 19 5
1316 5 5 5
1317 14 13 5
1318 9 8 4
1319 12 11 5
1320 9 9 5
1321 11 10 4
1322 12 11 5
1323 33 33 7
1324 17 16 6
1325 8 8 4
1326 10 9 5
1327 15 15 5
1328 13 13 5
1329 15 14 4
1330 16 15 5
1331 17 16 6
1332 12 12 6
1333 14 14 6
1334 18 18 6
1335 20 20 6
1336 24 24 6
1337 10 10 4
1338 18 17 5
1339 13 12 6
1340 12 11 5
1341 19 19 5
1342 15 14 6
1343 10 9 5
1344 27 26 8
1345 6 5 4
1346 18 17 5
1347 15 14 4
1348 20 19 7
1349 11 11 5
1350 25 24 6
1351 16 15 5
1352 11 10 4
1353 22 21 7
1354 11 11 5
1355 21 20 6
1356 12 12 4
1357 10 9 5
1358 23 22 6
1359 36 36 4
1360 18 17 5
1361 19 19 5
1362 21 21 5
1363 23 22 4
1364 20 19 5
1365 23 23 7
1366 19 18 4
1367 18 17 5
1368 17 16 6
1369 22 22 4
1370 20 19 5
1371 21 20 6
1372 16 16 4
1373 12 11 5
1374 27 26 6
1375 22 22 6
1376 18 18 4
1377 28 27 5
1378 19 18 4
1379 14 13 5
1380 15 15 5
1381 15 14 6
1382 28 28 6
1383 10 10 4
1384 20 19 5
1385 13 13 5
1386 15 14 4
1387 20 19 5
1388 25 25 5
1389 19 18 6
1390 12 12 4
1391 22 21 5
1392 21 21 5
1393 31 30 6
1394 16 15 5
1395 11 10 4
1396 16 15 5
1397 17 17 5
1398 17 16 6
1399 18 17 5
1400 23 22 6
1401 18 18 4
1402 26 25 5
1403 13 13 5
1404 13 12 4
1405 18 17 7
1406 5 5 5
1407 20 19 5
1408 19 18 4
1409 18 17 5
1410 15 14 6
1411 14 14 4
1412 14 13 5
1413 13 12 4
1414 18 17 5
1415 21 20 6
1416 18 18 6
1417 14 14 6
1418 16 16 4
1419 16 15 5
1420 19 19 5
1421 27 26 4
1422 22 21 5
1423 19 18 6
1424 16 15 5
1425 21 20 6
1426 16 16 4
1427 10 9 5
1428 11 10 4
1429 14 13 5
1430 11 11 5
1431 13 12 6
1432 12 12 4
1433 14 13 5
1434 9 9 5
1435 9 9 5
1436 9 8 4
1437 14 13 5
1438 9 9 5
1439 17 16 4
1440 10 9 5
1441 11 10 4
1442 10 9 5
1443 11 10 4
1444 10 9 5
1445 11 11 5
1446 13 13 5
1447 11 11 5
1448 11 10 4
1449 28 27 7
1450 13 12 4
1451 14 13 5
1452 17 17 5
1453 17 16 6
1454 12 12 4
1455 10 9 5
1456 11 11 5
1457 13 12 8
1458 12 12 4
1459 14 13 7
1460 13 12 6
1461 8 8 4
1462 10 9 5
1463 11 10 6
1464 14 13 5
1465 17 16 4
1466 14 13 7
1467 11 10 4
1468 14 13 5
1469 9 8 4
1470 10 9 5
1471 31 31 5
1472 13 13 5
1473 15 15 5
1474 11 10 4
1475 10 9 5
1476 17 16 4
1477 14 13 5
1478 21 21 5
1479 11 11 5
1480 17 16 6
1481 20 19 5
1482 19 18 6
1483 10 10 4
1484 12 11 5
1485 15 14 6
1486 28 28 8
1487 12 12 4
1488 16 15 5
1489 19 18 6
1490 10 10 4
1491 26 25 7
1492 21 20 4
1493 12 11 5
1494 29 28 4
1495 14 13 5
1496 25 24 6
1497 10 9 5
1498 35 34 6
1499 24 24 4
1500 42 41 5
1501 27 26 6
1502 18 18 6
1503 14 14 4
1504 40 39 5
1505 15 14 4
1506 30 29 5
1507 17 17 5
1508 29 29 7
1509 15 15 5
1510 17 17 5
1511 21 20 4
1512 24 23 5
1513 29 28 6
1514 8 8 4
1515 18 17 5
1516 29 29 5
1517 31 31 5
1518 17 17 5
1519 21 20 4
1520 22 21 7
1521 19 19 5
1522 25 24 4
1523 22 21 5
1524 23 23 5
1525 19 19 5
1526 19 18 4
1527 22 21 5
1528 15 14 4
1529 18 17 5
1530 25 24 6
1531 16 16 4
1532 18 17 5
1533 27 27 5
1534 31 31 7
1535 21 20 6
1536 20 19 7
1537 23 23 5
1538 27 26 4
1539 24 23 5
1540 23 22 4
1541 20 19 5
1542 39 39 5
1543 37 36 4
1544 30 29 7
1545 29 29 5
1546 19 18 4
1547 16 15 5
1548 17 17 5
1549 23 22 4
1550 28 27 5
1551 17 17 5
1552 15 15 5
1553 21 20 4
1554 24 23 7
1555 19 19 5
1556 13 13 5
1557 13 12 4
1558 26 25 5
1559 21 20 4
1560 16 15 5
1561 25 24 4
1562 20 19 5
1563 15 14 4
1564 18 17 5
1565 29 28 4
1566 26 25 5
1567 23 22 6
1568 20 20 6
1569 18 18 4
1570 20 19 5
1571 23 22 6
1572 18 18 4
1573 6 5 4
1574 32 31 5
1575 19 18 4
1576 22 21 5
1577 13 12 4
1578 18 17 5
1579 17 16 4
1580 20 19 5
1581 21 20 4
1582 24 23 5
1583 25 24 6
1584 18 18 4
1585 18 17 5
1586 25 24 6
1587 30 30 6
1588 16 16 4
1589 10 9 5
1590 21 20 6
1591 26 26 6
1592 8 8 4
1593 20 19 5
1594 23 22 6
1595 16 15 5
1596 19 18 4
1597 34 33 7
1598 17 17 5
1599 13 12 4
1600 14 13 5
1601 7 6 5
1602 27 26 6
1603 14 14 4
1604 18 17 5
1605 15 14 4
1606 16 15 5
1607 17 17 5
1608 19 18 6
1609 20 20 6
1610 14 14 6
1611 12 12 4
1612 18 17 5
1613 15 14 4
1614 14 13 5
1615 13 13 5
1616 23 22 4
1617 20 19 5
1618 15 14 4
1619 14 13 5
1620 25 24 6
1621 14 14 4
1622 16 15 5
1623 11 10 4
1624 20 19 5
1625 11 10 4
1626 18 17 7
1627 11 10 4
1628 12 11 5
1629 23 23 7
1630 11 10 4
1631 22 21 5
1632 15 15 5
1633 13 13 5
1634 27 26 6
1635 16 15 5
1636 17 17 5
1637 11 10 4
1638 14 13 5
1639 13 12 4
1640 20 19 5
1641 15 14 4
1642 16 15 5
1643 31 30 8
1644 24 24 6
1645 30 30 6
1646 24 24 6
1647 14 14 4
1648 20 19 5
1649 29 28 4
1650 28 27 5
1651 23 23 5
1652 23 22 6
1653 34 34 6
1654 28 28 6
1655 20 20 4
1656 24 23 5
1657 19 19 5
1658 35 34 6
1659 32 32 4
1660 30 29 7
1661 29 28 6
1662 24 24 6
1663 22 22 6
1664 16 16 4
1665 26 25 5
1666 29 29 5
1667 23 22 4
1668 18 17 5
1669 27 27 5
1670 19 18 4
1671 14 13 5
1672 21 20 6
1673 18 17 5
1674 13 13 5
1675 13 13 5
1676 25 24 4
1677 20 19 5
1678 11 10 4
1679 16 15 5
1680 17 17 5
1681 13 12 6
1682 20 20 6
1683 14 13 5
1684 15 14 4
1685 12 11 5
1686 7 6 5
1687 21 20 6
1688 16 16 4
1689 12 11 5
1690 13 12 6
1691 14 14 6
1692 18 17 5
1693 19 18 6
1694 10 10 4
1695 14 13 5
1696 11 10 4
1697 20 19 7
1698 13 12 6
1699 16 16 6
1700 8 8 4
1701 14 13 5
1702 13 13 5
1703 15 14 4
1704 6 5 4
1705 6 5 4
1706 6 5 4
1707 12 11 5
1708 11 11 5
1709 15 15 5
1710 23 22 8
1711 18 18 6
1712 14 14 6
1713 20 20 6
1714 10 10 4
1715 12 11 5
1716 13 12 6
1717 8 8 4
1718 16 15 5
1719 11 10 6
1720 18 18 6
1721 20 20 4
1722 20 19 5
1723 17 16 6
1724 14 14 4
1725 14 13 5
1726 13 12 6
1727 20 20 4
1728 30 29 7
1729 19 18 4
1730 18 17 5
1731 17 16 4
1732 12 11 5
1733 19 19 5
1734 19 18 4
1735 14 13 5
1736 11 10 6
1737 10 10 4
1738 16 15 7
1739 13 12 6
1740 12 12 6
1741 18 18 6
1742 12 11 5
1743 11 10 4
1744 12 11 5
1745 7 6 5
1746 15 15 5
1747 17 16 6
1748 12 12 4
1749 18 17 5
1750 15 14 6
1751 14 13 5
1752 13 12 6
1753 12 11 5
1754 11 10 4
1755 16 15 5
1756 11 11 5
1757 7 6 5
1758 15 14 6
1759 14 13 5
1760 13 13 7
1761 17 17 5
1762 27 26 6
1763 18 18 4
1764 12 11 5
1765 13 12 6
1766 8 8 4
1767 12 11 5
1768 15 15 5
1769 15 14 4
1770 16 15 5
1771 19 19 7
1772 11 10 4
1773 14 13 5
1774 17 16 4
1775 18 17 7
1776 17 16 4
1777 16 15 5
1778 11 11 5
1779 21 20 4
1780 12 11 5
1781 23 22 4
1782 22 21 7
1783 17 16 6
1784 14 14 4
1785 12 11 5
1786 7 6 5
1787 11 10 4
1788 14 13 5
1789 11 10 6
1790 14 13 5
1791 11 10 6
1792 10 10 6
1793 6 6 6
1794 13 13 5
1795 13 12 4
1796 14 13 5
1797 13 13 5
1798 17 16 6
1799 12 11 5
1800 17 16 6
1801 28 27 5
1802 9 9 5
1803 15 15 5
1804 11 10 4
1805 10 9 5
1806 11 10 4
1807 12 11 5
1808 15 14 6
1809 22 22 6
1810 18 18 6
1811 16 16 6
1812 12 12 4
1813 28 27 7
1814 23 22 4
1815 24 23 5
1816 17 16 4
1817 8 7 6
1818 16 16 4
1819 14 13 5
1820 15 14 4
1821 20 19 5
1822 25 25 7
1823 21 20 4
1824 14 13 5
1825 11 10 4
1826 16 15 5
1827 11 10 4
1828 22 21 5
1829 13 13 5
1830 11 10 4
1831 12 11 5
1832 11 10 4
1833 16 15 5
1834 13 13 5
1835 21 21 5
1836 17 17 7
1837 23 22 4
1838 16 15 5
1839 13 12 4
1840 18 17 5
1841 23 22 8
1842 22 22 4
1843 26 25 5
1844 33 32 6
1845 38 37 5
1846 13 12 4
1847 20 19 5
1848 33 32 6
1849 26 25 5
1850 29 28 4
1851 30 29 5
1852 17 17 5
1853 21 21 5
1854 29 29 7
1855 31 30 6
1856 18 17 5
1857 23 22 4
1858 22 21 5
1859 31 31 5
1860 25 25 5
1861 33 33 7
1862 37 37 7
1863 27 27 7
1864 23 22 4
1865 22 21 5
1866 29 29 5
1867 35 34 8
1868 30 30 10
1869 22 22 6
1870 34 34 6
1871 32 31 7
1872 31 31 9
1873 39 39 9
1874 27 26 8
1875 46 45 9
1876 23 23 5
1877 31 31 7
1878 25 24 6
1879 28 28 6
1880 32 32 8
1881 34 33 7
1882 29 29 7
1883 39 38 6
1884 32 31 13
1885 49 48 10
1886 22 22 4
1887 52 51 13
1888 25 25 5
1889 27 26 6
1890 20 20 4
1891 36 35 7
1892 25 24 4
1893 32 31 5
1894 33 32 4
1895 20 19 7
1896 11 11 5
1897 45 44 6
1898 52 52 6
1899 22 22 6
1900 22 21 5
1901 27 27 5
1902 27 27 5
1903 29 28 4
1904 28 27 5
1905 35 35 5
1906 31 31 5
1907 23 23 5
1908 37 36 6
1909 24 24 6
1910 26 26 6
1911 40 39 9
1912 41 41 7
1913 43 43 9
1914 39 38 10
1915 32 31 5
1916 25 24 6
1917 20 20 8
1918 50 50 10
1919 28 28 6
1920 42 41 7
1921 25 25 5
1922 41 41 11
1923 33 32 8
1924 30 29 5
1925 27 27 5
1926 27 26 8
1927 40 39 9
1928 45 45 7
1929 25 25 5
1930 23 22 4
1931 20 19 5
1932 29 28 8
1933 32 32 6
1934 22 22 4
1935 30 29 5
1936 39 38 10
1937 28 28 8
1938 38 38 8
1939 42 42 8
1940 28 28 6
1941 16 16 4
1942 26 25 5
1943 23 23 7
1944 25 25 9
1945 27 26 6
1946 28 28 6
1947 32 31 5
1948 23 22 6
1949 22 22 6
1950 26 25 5
1951 27 26 6
1952 16 16 4
1953 20 19 5
1954 19 18 4
1955 20 19 5
1956 25 24 6
1957 18 18 4
1958 20 19 5
1959 29 28 6
1960 26 26 6
1961 18 17 5
1962 21 21 5
1963 25 25 5
1964 25 25 7
1965 21 20 4
1966 20 19 5
1967 19 18 4
1968 20 19 5
1969 23 22 6
1970 24 24 8
1971 16 16 4
1972 24 23 5
1973 29 28 4
1974 22 21 5
1975 23 22 4
1976 12 11 5
1977 19 18 4
1978 20 19 5
1979 31 30 6
1980 18 18 4
1981 16 15 5
1982 15 14 6
1983 14 13 5
1984 15 14 4
1985 10 9 5
1986 19 18 6
1987 22 22 8
1988 14 14 6
1989 22 22 6
1990 16 16 4
1991 14 13 5
1992 11 10 4
1993 20 19 5
1994 15 14 4
1995 22 21 5
1996 13 12 4
1997 18 17 5
1998 7 6 5
1999 21 20 6
2000 14 13 5
2001 11 11 5
2002 13 12 4
2003 16 15 5
2004 21 21 5
2005 9 9 5
2006 19 18 4
2007 18 17 5
2008 5 5 5
2009 16 15 5
2010 13 12 4
2011 20 19 5
2012 17 16 6
2013 14 13 5
2014 23 22 6
2015 24 24 4
2016 22 21 7
2017 17 17 5
2018 11 10 6
2019 14 14 4
2020 22 21 7
2021 19 18 4
2022 18 17 5
2023 15 14 6
2024 12 12 4
2025 14 13 5
2026 21 20 6
2027 12 12 4
2028 16 15 5
2029 13 12 4
2030 6 5 4
2031 6 5 4
2032 10 9 5
2033 19 18 8
2034 16 16 6
2035 18 18 6
2036 20 20 4
2037 14 13 5
2038 11 10 4
2039 16 15 7
2040 11 10 4
2041 12 11 5
2042 9 9 5
2043 17 16 6
2044 14 14 4
2045 14 13 5
2046 27 27 7
2047 13 12 6
2048 10 9 5
2049 9 8 4
2050 12 11 5
2051 11 10 4
2052 6 5 4
2053 8 7 6
2054 8 8 4
2055 16 15 7
2056 17 16 6
2057 22 22 4
2058 26 25 5
2059 23 23 7
2060 17 16 4
2061 14 13 5
2062 19 18 6
2063 18 17 5
2064 13 12 4
2065 12 11 5
2066 13 12 4
2067 14 13 5
2068 13 13 5
2069 11 11 5
2070 23 22 6
2071 22 22 6
2072 18 18 4
2073 24 23 5
2074 15 14 4
2075 10 9 5
2076 11 10 6
2077 12 12 4
2078 24 23 7
2079 11 10 4
2080 16 15 5
2081 11 11 7
2082 23 22 4
2083 26 25 5
2084 11 11 5
2085 7 6 5
2086 13 12 6
2087 16 15 7
2088 11 10 4
2089 12 11 5
2090 15 14 6
2091 10 10 4
2092 8 7 6
2093 16 16 4
2094 10 9 5
2095 9 9 5
2096 9 8 4
2097 8 7 6
2098 24 24 8
2099 18 18 4
2100 20 19 5
2101 7 6 5
2102 13 12 6
2103 16 15 5
2104 11 11 5
2105 7 6 5
2106 11 10 4
2107 18 17 7
2108 17 16 4
2109 12 11 5
2110 11 11 5
2111 9 8 4
2112 24 23 5
2113 19 18 4
2114 16 15 5
2115 13 12 6
2116 8 8 4
2117 14 13 5
2118 17 17 5
2119 17 16 6
2120 38 38 6
2121 26 26 6
2122 26 26 6
2123 18 18 4
2124 30 29 5
2125 21 20 4
2126 26 25 7
2127 23 22 6
2128 22 22 4
2129 22 21 5
2130 23 22 4
2131 20 19 5
2132 25 24 6
2133 26 26 6
2134 24 23 5
2135 29 28 4
2136 24 23 5
2137 31 30 4
2138 30 29 5
2139 45 45 5
2140 27 26 6
2141 24 24 4
2142 16 15 5
2143 19 18 4
2144 20 19 5
2145 21 20 6
2146 38 38 6
2147 26 26 4
2148 24 23 5
2149 19 18 4
2150 26 25 5
2151 23 23 7
2152 27 26 4
2153 20 19 5
2154 23 22 4
2155 20 19 5
2156 35 34 4
2157 18 17 5
2158 27 27 5
2159 17 16 4
2160 32 31 5
2161 19 18 6
2162 28 27 5
2163 21 21 5
2164 13 13 5
2165 17 17 5
2166 25 25 5
2167 21 20 4
2168 18 17 5
2169 21 20 4
2170 26 25 5
2171 27 26 6
2172 20 20 6
2173 26 26 6
2174 14 14 4
2175 26 25 5
2176 23 23 5
2177 29 28 6
2178 20 20 6
2179 32 31 9
2180 13 12 4
2181 32 31 7
2182 23 23 5
2183 25 24 6
2184 14 14 4
2185 12 11 5
2186 27 26 6
2187 20 19 5
2188 25 24 6
2189 20 20 4
2190 16 15 5
2191 21 20 8
2192 18 18 4
2193 32 31 5
2194 21 20 6
2195 28 28 4
2196 16 15 5
2197 19 18 4
2198 20 19 7
2199 15 14 4
2200 16 15 5
2201 23 22 4
2202 22 21 5
2203 5 5 5
2204 22 21 5
2205 15 15 5
2206 15 14 4
2207 20 19 5
2208 21 21 5
2209 13 12 6
2210 20 20 4
2211 16 15 5
2212 15 15 5
2213 19 18 4
2214 24 23 5
2215 13 12 4
2216 18 17 5
2217 37 36 6
2218 12 12 4
2219 20 19 5
2220 11 10 4
2221 22 21 5
2222 21 21 5
2223 17 17 5
2224 17 16 6
2225 12 12 4
2226 16 15 5
2227 19 18 4
2228 20 19 5
2229 23 23 5
2230 19 18 4
2231 12 11 5
2232 27 26 6
2233 14 13 5
2234 21 20 4
2235 14 13 5
2236 25 24 4
2237 26 25 7
2238 15 14 4
2239 10 9 5
2240 25 24 6
2241 12 11 5
2242 13 12 4
2243 20 19 5
2244 15 14 4
2245 12 11 5
2246 9 9 5
2247 19 18 6
2248 6 6 6
2249 13 12 6
2250 18 18 6
2251 10 10 4
2252 18 17 5
2253 13 13 5
2254 17 17 7
2255 13 12 4
2256 24 23 5
2257 13 12 4
2258 12 11 5
2259 15 15 5
2260 13 12 4
2261 14 13 5
2262 15 14 6
2263 18 18 8
2264 10 10 4
2265 12 11 5
2266 13 12 6
2267 10 10 4
2268 12 11 5
2269 17 17 5
2270 17 17 7
2271 7 6 5
2272 11 10 4
2273 6 5 4
2274 22 21 7
2275 9 9 5
2276 17 17 5
2277 13 12 4
2278 16 15 7
2279 13 13 5
2280 7 6 5
2281 15 14 4
2282 12 11 5
2283 11 10 6
2284 12 12 6
2285 18 17 5
2286 17 17 7
2287 15 15 7
2288 11 10 4
2289 10 9 5
2290 9 8 4
2291 12 11 5
2292 11 10 4
2293 6 5 4
2294 22 21 5
2295 17 17 5
2296 19 19 5
2297 9 9 5
2298 11 10 4
2299 8 7 6
2300 6 6 6
2301 9 8 4
2302 12 11 7
2303 13 13 5
2304 11 11 5
2305 19 18 6
2306 18 17 5
2307 15 14 4
2308 18 17 5
2309 21 21 5
2310 15 14 6
2311 8 8 4
2312 10 9 5
2313 15 14 4
2314 18 17 5
2315 11 11 5
2316 9 8 4
2317 12 11 7
2318 11 10 4
2319 14 13 5
2320 17 17 7
2321 13 12 4
2322 8 7 6
2323 18 18 6
2324 16 16 4
2325 6 5 4
2326 14 13 7
2327 7 6 5
2328 9 8 4
2329 10 9 5
2330 11 10 6
2331 12 11 5
2332 15 14 4
2333 18 17 7
2334 7 6 5
2335 9 8 4
2336 22 21 7
2337 13 13 5
2338 13 12 6
2339 10 10 4
2340 12 11 7
2341 13 12 6
2342 8 8 4
2343 14 13 5
2344 11 11 5
2345 13 13 5
2346 9 8 4
2347 6 5 4
2348 14 13 5
2349 15 14 6
2350 12 12 4
2351 14 13 5
2352 11 11 7
2353 9 9 5
2354 11 10 4
2355 10 9 5
2356 7 6 5
2357 15 14 6
2358 8 7 6
2359 10 10 4
2360 14 13 5
2361 15 14 4
2362 10 9 5
2363 7 6 5
2364 13 12 4
2365 10 9 5
2366 9 8 7
2367 13 12 6
2368 6 5 4
2369 14 13 5
2370 17 17 7
2371 13 12 4
2372 12 11 5
2373 13 13 5
2374 5 5 5
2375 8 7 6
2376 10 10 6
2377 12 12 4
2378 12 11 7
2379 9 8 4
2380 12 11 5
2381 11 10 6
2382 12 12 4
2383 12 11 5
2384 9 8 4
2385 14 13 5
2386 15 14 6
2387 10 9 5
2388 13 12 4
2389 6 5 4
2390 10 9 5
2391 13 12 6
2392 14 14 6
2393 16 15 5
2394 11 10 4
2395 14 13 5
2396 13 12 6
2397 6 6 6
2398 13 12 6
2399 10 10 4
2400 16 15 5
2401 13 12 8
2402 16 16 4
2403 16 15 5
2404 13 12 4
2405 14 13 5
2406 11 11 7
2407 11 10 4
2408 14 13 5
2409 13 12 4
2410 12 11 5
2411 17 16 6
2412 10 10 4
2413 20 19 5
2414 15 15 5
2415 11 10 4
2416 10 9 5
2417 13 12 6
2418 14 13 5
2419 21 20 4
2420 22 21 5
2421 13 13 5
2422 15 14 4
2423 30 29 5
2424 37 37 7
2425 29 28 4
2426 24 23 5
2427 23 22 4
2428 14 13 5
2429 19 18 4
2430 32 31 5
2431 15 14 4
2432 18 17 7
2433 15 14 4
2434 18 17 5
2435 35 34 8
2436 24 24 6
2437 38 38 8
2438 24 23 5
2439 25 24 6
2440 36 36 8
2441 34 33 5
2442 21 21 5
2443 29 28 10
2444 26 26 6
2445 32 32 4
2446 26 25 7
2447 25 24 4
2448 22 21 5
2449 39 38 8
2450 28 27 7
2451 23 23 5
2452 51 51 5
2453 33 33 5
2454 29 29 5
2455 27 26 4
2456 46 45 7
2457 33 32 4
2458 22 21 7
2459 37 36 8
2460 36 36 6
2461 34 34 4
2462 34 33 5
2463 31 31 7
2464 29 28 6
2465 26 26 6
2466 22 22 4
2467 26 25 5
2468 25 25 5
2469 29 28 4
2470 38 37 9
2471 19 18 6
2472 32 32 6
2473 18 17 5
2474 19 19 5
2475 19 19 5
2476 19 18 4
2477 28 27 7
2478 17 16 6
2479 30 29 5
2480 19 18 6
2481 20 20 6
2482 14 14 4
2483 20 19 5
2484 23 22 4
2485 32 31 7
2486 21 21 5
2487 23 22 4
2488 34 33 5
2489 17 17 7
2490 17 16 4
2491 26 25 7
2492 15 14 4
2493 18 17 5
2494 23 22 6
2495 22 22 6
2496 12 12 4
2497 16 15 5
2498 25 24 4
2499 16 15 7
2500 15 15 5
2501 17 16 4
2502 22 21 5
2503 15 14 6
2504 8 8 4
2505 10 9 5
2506 13 12 6
2507 16 16 4
2508 22 21 7
2509 21 20 4
2510 24 23 5
2511 23 22 6
2512 16 16 4
2513 16 15 5
2514 21 20 6
2515 16 15 5
2516 17 16 6
2517 16 16 4
2518 22 21 5
2519 13 12 4
2520 16 15 5
2521 11 10 4
2522 22 21 7
2523 9 8 4
2524 16 15 5
2525 11 10 4
2526 26 25 9
2527 11 10 4
2528 14 13 5
2529 23 22 4
2530 16 15 7
2531 21 20 4
2532 16 15 5
2533 11 10 4
2534 12 11 5
2535 17 16 4
2536 12 11 5
2537 21 20 6
2538 12 12 4
2539 14 13 5
2540 15 15 5
2541 17 17 7
2542 15 14 4
2543 26 25 5
2544 17 16 4
2545 14 13 5
2546 9 9 5
2547 15 14 6
2548 18 18 6
2549 18 17 5
2550 13 12 4
2551 20 19 5
2552 11 11 5
2553 21 21 5
2554 11 11 5
2555 21 20 6
2556 22 21 5
2557 21 20 4
2558 20 19 5
2559 19 19 5
2560 17 17 5
2561 21 20 4
2562 20 19 5
2563 29 28 6
2564 24 24 4
2565 18 17 5
2566 11 10 4
2567 14 13 5
2568 15 14 4
2569 30 29 5
2570 21 20 4
2571 22 21 7
2572 15 14 4
2573 18 17 5
2574 23 23 5
2575 25 24 4
2576 12 11 5
2577 31 30 4
2578 18 17 5
2579 27 27 5
2580 23 23 5
2581 17 16 4
2582 18 17 5
2583 19 18 4
2584 18 17 5
2585 21 20 4
2586 18 17 5
2587 19 18 4
2588 22 21 5
2589 21 20 6
2590 18 18 4
2591 16 15 5
2592 15 14 4
2593 22 21 5
2594 13 12 6
2595 20 20 4
2596 16 15 5
2597 17 17 5
2598 19 19 5
2599 21 20 6
2600 20 20 4
2601 16 15 5
2602 15 14 6
2603 20 19 5
2604 9 8 4
2605 14 13 5
2606 13 12 6
2607 14 13 5
2608 17 16 4
2609 12 11 5
2610 23 22 4
2611 20 19 5
2612 15 14 6
2613 12 11 5
2614 13 13 5
2615 15 14 4
2616 16 15 5
2617 11 10 6
2618 18 18 4
2619 22 21 5
2620 15 15 5
2621 19 18 6
2622 14 14 4
2623 14 13 5
2624 17 16 8
2625 10 10 4
2626 14 13 5
2627 11 10 4
2628 6 5 4
2629 22 21 5
2630 15 14 4
2631 18 17 5
2632 13 12 6
2633 16 15 5
2634 15 15 5
2635 25 24 6
2636 12 12 6
2637 12 12 4
2638 10 9 5
2639 21 20 6
2640 8 8 4
2641 14 13 5
2642 13 12 4
2643 14 13 5
2644 19 18 6
2645 12 11 5
2646 11 10 4
2647 10 9 5
2648 23 22 6
2649 10 10 4
2650 16 15 5
2651 11 10 6
2652 20 20 6
2653 14 13 5
2654 15 14 6
2655 10 10 4
2656 18 17 5
2657 13 13 5
2658 9 8 4
2659 16 15 7
2660 11 10 4
2661 24 23 5
2662 9 8 4
2663 10 9 5
2664 11 11 5
2665 11 11 5
2666 11 10 4
2667 12 11 5
2668 15 15 5
2669 15 14 4
2670 16 15 7
2671 13 12 4
2672 6 5 4
2673 6 5 4
2674 14 13 5
2675 7 6 5
2676 15 15 7
2677 13 13 5
2678 11 11 5
2679 11 10 4
2680 24 23 5
2681 17 17 5
2682 19 19 7
2683 17 16 6
2684 6 6 6
2685 17 16 6
2686 6 6 6
2687 21 20 6
2688 12 12 4
2689 16 15 5
2690 9 8 4
2691 10 9 5
2692 19 18 6
2693 12 12 4
2694 12 11 5
2695 13 13 5
2696 21 21 5
2697 21 20 6
2698 14 14 6
2699 12 12 6
2700 20 20 6
2701 18 18 6
2702 20 20 6
2703 18 18 6
2704 28 28 6
2705 14 13 5
2706 25 25 5
2707 23 23 5
2708 25 24 4
2709 18 17 5
2710 27 26 6
2711 18 18 4
2712 22 21 7
2713 27 27 5
2714 25 24 4
2715 30 29 7
2716 25 24 4
2717 28 27 7
2718 29 28 6
2719 16 16 4
2720 18 17 5
2721 27 26 6
2722 22 21 7
2723 21 20 4
2724 22 21 5
2725 31 30 8
2726 20 20 4
2727 28 27 5
2728 31 30 6
2729 26 26 6
2730 28 28 4
2731 28 27 7
2732 23 22 6
2733 28 28 6
2734 42 41 7
2735 25 25 5
2736 41 41 7
2737 21 20 6
2738 30 30 8
2739 30 29 5
2740 19 19 5
2741 19 18 6
2742 18 18 6
2743 20 20 4
2744 20 19 5
2745 25 24 6
2746 28 27 7
2747 25 25 7
2748 19 19 5
2749 13 12 4
2750 24 23 7
2751 35 34 10
2752 12 12 4
2753 18 17 5
2754 17 17 5
2755 31 31 5
2756 23 23 5
2757 21 20 6
2758 24 24 4
2759 32 31 5
2760 27 27 7
2761 19 18 6
2762 18 18 6
2763 24 24 6
2764 30 30 8
2765 16 15 5
2766 35 35 7
2767 31 31 5
2768 23 23 5
2769 25 24 6
2770 36 36 8
2771 36 36 10
2772 24 24 6
2773 26 25 7
2774 25 24 4
2775 36 35 7
2776 17 16 6
2777 36 36 8
2778 20 19 5
2779 23 22 6
2780 18 18 6
2781 26 26 8
2782 26 25 7
2783 35 34 6
2784 24 23 5
2785 23 22 6
2786 16 16 4
2787 24 23 7
2788 27 27 7
2789 25 25 7
2790 15 14 4
2791 12 11 5
2792 35 34 8
2793 18 18 6
2794 26 26 4
2795 24 23 5
2796 31 31 7
2797 35 35 7
2798 23 23 9
2799 17 17 5
2800 13 12 4
2801 16 15 5
2802 13 12 4
2803 12 11 5
2804 13 12 4
2805 28 27 7
2806 35 34 6
2807 18 17 5
2808 33 33 5
2809 25 24 6
2810 12 11 5
2811 35 34 8
2812 8 8 4
2813 26 25 5
2814 17 16 4
2815 20 19 5
2816 25 25 5
2817 9 9 5
2818 19 18 4
2819 16 15 5
2820 29 29 7
2821 13 12 4
2822 26 25 5
2823 9 8 4
2824 18 17 5
2825 17 16 4
2826 16 15 5
2827 17 16 4
2828 10 9 5
2829 9 8 4
2830 12 11 5
2831 15 15 5
2832 15 14 8
2833 10 10 4
2834 12 11 5
2835 13 12 4
2836 16 15 5
2837 9 8 4
2838 14 13 7
2839 15 14 4
2840 14 13 5
2841 17 17 5
2842 29 29 5
2843 17 17 5
2844 19 19 5
2845 15 14 6
2846 20 20 4
2847 14 13 5
2848 17 17 5
2849 11 10 4
2850 12 11 5
2851 11 10 4
2852 20 19 5
2853 33 32 8
2854 22 22 6
2855 20 19 5
2856 13 13 5
2857 15 14 6
2858 10 10 4
2859 16 15 5
2860 11 11 5
2861 13 12 6
2862 12 12 4
2863 14 13 5
2864 13 12 6
2865 10 10 4
2866 18 17 5
2867 15 15 5
2868 5 5 5
2869 26 25 7
2870 13 13 5
2871 21 20 6
2872 16 15 5
2873 9 8 4
2874 14 13 5
2875 17 16 4
2876 14 13 5
2877 9 9 5
2878 7 6 5
2879 19 18 6
2880 24 23 5
2881 9 9 5
2882 11 10 6
2883 6 6 6
2884 9 8 4
2885 20 19 5
2886 15 14 4
2887 16 15 5
2888 15 14 4
2889 30 29 5
2890 17 17 5
2891 23 23 7
2892 9 9 5
2893 15 14 4
2894 20 19 5
2895 15 15 5
2896 9 8 4
2897 14 13 5
2898 19 18 6
2899 16 16 4
2900 14 13 5
2901 17 16 4
2902 12 11 5
2903 17 17 5
2904 13 13 5
2905 17 16 4
2906 14 13 5
2907 11 10 4
2908 12 11 5
2909 17 16 4
2910 20 19 9
2911 23 22 6
2912 16 16 4
2913 16 15 5
2914 21 20 4
2915 14 13 5
2916 23 22 4
2917 16 15 5
2918 15 14 6
2919 18 18 6
2920 8 8 4
2921 12 11 5
2922 15 15 5
2923 13 12 6
2924 14 14 4
2925 22 21 5
2926 19 18 4
2927 18 17 5
2928 17 16 4
2929 10 9 5
2930 11 10 4
2931 14 13 7
2932 19 18 4
2933 18 17 5
2934 15 14 6
2935 12 12 6
2936 16 16 4
2937 14 13 5
2938 17 16 4
2939 18 17 7
2940 9 8 4
2941 16 15 7
2942 9 8 4
2943 16 15 5
2944 15 14 4
2945 20 19 7
2946 15 14 4
2947 14 13 5
2948 15 14 6
2949 10 10 4
2950 18 17 5
2951 29 28 4
2952 16 15 5
2953 19 19 5
2954 21 20 4
2955 16 15 5
2956 15 15 5
2957 21 20 6
2958 12 12 4
2959 24 23 5
2960 21 20 4
2961 16 15 5
2962 21 21 5
2963 23 22 4
2964 14 13 7
2965 25 25 7
2966 23 23 7
2967 27 26 6
2968 18 17 5
2969 21 21 5
2970 29 28 6
2971 26 25 5
2972 25 24 4
2973 18 17 5
2974 21 20 6
2975 20 20 4
2976 18 17 5
2977 17 16 6
2978 24 24 4
2979 20 19 5
2980 19 18 6
2981 14 13 5
2982 17 16 4
2983 14 13 5
2984 13 12 4
2985 20 19 5
2986 21 20 6
2987 20 20 6
2988 14 14 4
2989 18 17 5
2990 25 24 8
2991 18 18 4
2992 16 15 5
2993 21 21 5
2994 21 21 5
2995 29 29 5
2996 25 25 5
2997 23 23 5
2998 35 34 6
2999 22 22 6
3000 28 28 6
3001 14 14 6
3002 18 18 6
3003 26 26 6
3004 28 28 8
3005 24 24 4
3006 26 25 5
3007 25 25 5
3008 21 20 6
3009 20 20 6
3010 24 24 6
3011 14 14 6
3012 18 18 6
3013 26 26 6
3014 26 26 6
3015 16 16 6
3016 26 25 7
3017 13 13 7
3018 19 18 6
3019 32 32 4
3020 14 13 5
3021 19 18 4
3022 28 27 7
3023 17 17 5
3024 25 24 10
3025 16 16 4
3026 18 17 5
3027 23 23 7
3028 25 24 6
3029 26 26 6
3030 22 22 6
3031 24 23 5
3032 23 22 6
3033 28 27 5
3034 25 24 6
3035 18 18 6
3036 22 22 4
3037 22 21 7
3038 29 28 6
3039 28 28 6
3040 28 28 8
3041 24 24 4
3042 32 31 5
3043 25 25 5
3044 29 29 5
3045 25 24 6
3046 26 26 6
3047 24 24 8
3048 22 22 6
3049 14 13 5
3050 27 26 4
3051 28 27 7
3052 19 18 6
3053 14 13 5
3054 15 14 4
3055 16 15 5
3056 17 16 4
3057 24 23 5
3058 19 19 5
3059 19 19 5
3060 23 22 8
3061 12 12 4
3062 20 19 5
3063 19 18 4
3064 20 19 5
3065 13 13 5
3066 23 23 5
3067 13 12 4
3068 16 15 5
3069 19 18 4
3070 20 19 5
3071 23 22 4
3072 12 11 5
3073 15 15 5
3074 13 12 4
3075 24 23 5
3076 21 20 6
3077 20 19 5
3078 21 20 4
3079 18 17 5
3080 19 18 6
3081 20 19 5
3082 11 10 4
3083 22 21 5
3084 15 14 4
3085 14 13 5
3086 15 14 4
3087 16 15 7
3088 19 18 6
3089 28 28 6
3090 12 11 5
3091 13 12 4
3092 16 15 5
3093 11 10 4
3094 14 13 5
3095 17 16 6
3096 14 13 7
3097 17 16 6
3098 10 10 4
3099 14 13 5
3100 25 24 4
3101 14 13 5
3102 19 18 4
3103 20 19 5
3104 21 20 4
3105 12 11 5
3106 33 33 7
3107 19 18 6
3108 26 26 6
3109 20 19 5
3110 23 22 4
3111 16 15 5
3112 21 21 5
3113 29 29 7
3114 33 32 6
3115 24 23 7
3116 25 24 6
3117 28 28 6
3118 28 28 6
3119 42 41 9
3120 23 23 5
3121 19 18 6
3122 30 30 4
3123 28 27 5
3124 25 24 6
3125 28 28 4
3126 34 33 5
3127 31 31 5
3128 37 37 5
3129 25 25 5
3130 25 24 4
3131 30 29 5
3132 29 29 7
3133 11 11 5
3134 25 24 4
3135 26 25 7
3136 21 21 5
3137 23 23 5
3138 19 19 5
3139 19 18 4
3140 20 19 5
3141 23 23 7
3142 11 11 5
3143 17 16 4
3144 18 17 5
3145 15 15 5
3146 13 12 4
3147 16 15 5
3148 17 16 6
3149 12 11 5
3150 15 14 6
3151 12 12 4
3152 14 13 5
3153 11 11 5
3154 11 10 6
3155 8 8 4
3156 14 13 7
3157 15 14 6
3158 14 14 6
3159 10 10 4
3160 22 21 7
3161 13 13 5
3162 13 12 6
3163 14 14 6
3164 8 8 4
3165 10 9 5
3166 17 16 6
3167 20 19 5
3168 15 15 5
3169 11 11 5
3170 13 12 6
3171 8 8 4
3172 12 11 7
3173 15 14 6
3174 24 24 6
3175 20 19 5
3176 19 19 5
3177 9 8 4
3178 10 9 5
3179 11 10 4
3180 10 9 5
3181 15 14 4
3182 12 11 5
3183 11 11 5
3184 9 9 5
3185 11 10 6
3186 6 6 6
3187 15 14 6
3188 16 16 8
3189 14 14 6
3190 12 12 6
3191 16 16 6
3192 16 16 6
3193 8 8 4
3194 10 9 5
3195 15 15 5
3196 13 13 5
3197 7 7 7
3198 8 8 4
3199 10 9 5
3200 11 11 5
3201 13 12 6
3202 18 18 8
3203 14 13 5
3204 23 22 6
3205 12 12 4
3206 16 15 7
3207 7 6 5
3208 13 12 4
3209 12 11 5
3210 9 8 4
3211 12 11 5
3212 11 10 4
3213 6 5 4
3214 22 21 7
3215 23 22 4
3216 20 19 5
3217 19 19 5
3218 11 11 5
3219 15 15 5
3220 21 20 6
3221 16 16 6
3222 14 14 6
3223 8 8 4
3224 20 19 5
3225 7 7 7
3226 10 10 4
3227 10 9 5
3228 13 12 4
3229 20 19 5
3230 11 11 5
3231 11 10 4
3232 6 5 4
3233 14 13 7
3234 17 16 4
3235 18 17 5
3236 23 23 7
3237 17 16 6
3238 16 16 4
3239 16 15 7
3240 13 12 4
3241 14 13 5
3242 13 13 5
3243 11 10 4
3244 14 13 5
3245 15 14 6
3246 10 10 4
3247 16 15 5
3248 9 9 5
3249 11 10 4
3250 12 11 5
3251 17 17 5
3252 17 17 7
3253 17 17 5
3254 15 14 4
3255 16 15 5
3256 13 13 5
3257 9 9 5
3258 7 6 5
3259 11 10 6
3260 14 14 4
3261 18 17 7
3262 9 9 5
3263 17 16 4
3264 12 11 5
3265 21 20 8
3266 16 16 4
3267 6 5 4
3268 10 9 5
3269 13 13 7
3270 11 11 5
3271 9 9 5
3272 15 14 6
3273 14 14 6
3274 12 12 4
3275 22 21 5
3276 13 13 5
3277 19 18 4
3278 14 13 5
3279 21 20 6
3280 22 22 4
3281 24 23 5
3282 29 28 6
3283 20 19 5
3284 23 22 4
3285 20 19 5
3286 17 17 5
3287 13 12 4
3288 20 19 7
3289 17 16 4
3290 14 13 5
3291 15 14 4
3292 32 31 7
3293 15 14 4
3294 14 13 5
3295 17 16 8
3296 8 8 4
3297 22 21 5
3298 13 12 4
3299 30 29 7
3300 15 14 4
3301 20 19 5
3302 19 18 4
3303 20 19 5
3304 23 22 6
3305 16 15 5
3306 15 14 4
3307 22 21 5
3308 23 23 7
3309 21 20 4
3310 24 23 5
3311 15 14 4
3312 16 15 5
3313 29 28 6
3314 12 12 4
3315 18 17 5
3316 19 19 5
3317 17 16 4
3318 12 11 5
3319 11 10 4
3320 16 15 5
3321 19 19 5
3322 9 8 4
3323 18 17 7
3324 11 11 5
3325 15 15 5
3326 17 16 4
3327 12 11 5
3328 23 22 6
3329 12 12 4
3330 16 15 5
3331 15 14 6
3332 16 16 4
3333 16 15 5
3334 13 12 6
3335 24 23 7
3336 15 14 6
3337 14 14 4
3338 20 19 5
3339 15 14 4
3340 6 5 4
3341 10 9 5
3342 13 12 4
3343 10 9 5
3344 23 22 8
3345 14 14 4
3346 22 21 7
3347 13 12 6
3348 10 10 4
3349 14 13 5
3350 7 6 5
3351 19 18 8
3352 10 10 4
3353 20 19 5
3354 13 12 6
3355 10 10 6
3356 16 16 6
3357 16 16 4
3358 12 11 5
3359 15 15 7
3360 21 21 5
3361 11 11 5
3362 17 17 5
3363 17 16 6
3364 16 16 6
3365 14 14 4
3366 14 13 5
3367 15 14 4
3368 14 13 5
3369 13 12 6
3370 18 17 5
3371 13 12 4
3372 26 25 5
3373 15 14 6
3374 16 16 6
3375 18 18 4
3376 18 17 5
3377 15 14 6
3378 12 12 6
3379 22 22 6
3380 14 14 4
3381 20 19 7
3382 15 14 4
3383 16 15 5
3384 15 15 7
3385 7 6 5
3386 15 14 4
3387 14 13 5
3388 11 10 6
3389 16 16 4
3390 16 15 5
3391 13 13 5
3392 17 16 4
3393 12 11 5
3394 9 9 5
3395 9 8 4
3396 14 13 7
3397 13 12 4
3398 16 15 5
3399 11 10 4
3400 16 15 7
3401 17 16 6
3402 16 16 4
3403 16 15 5
3404 25 24 6
3405 10 9 5
3406 13 12 4
3407 12 11 5
3408 13 12 4
3409 16 15 7
3410 25 24 6
3411 8 8 4
3412 12 11 5
3413 11 10 4
3414 12 11 5
3415 9 9 5
3416 15 14 6
3417 12 12 4
3418 18 17 7
3419 13 12 4
3420 10 9 5
3421 13 12 4
3422 22 21 5
3423 15 14 6
3424 18 17 5
3425 11 11 5
3426 15 14 4
3427 18 17 5
3428 17 16 6
3429 18 17 5
3430 17 16 4
3431 10 9 5
3432 11 10 4
3433 30 29 5
3434 11 10 4
3435 12 11 5
3436 19 18 6
3437 16 15 5
3438 13 12 6
3439 8 8 4
3440 16 15 5
3441 15 14 4
3442 16 15 5
3443 19 18 6
3444 14 13 5
3445 17 17 5
3446 17 17 5
3447 17 16 8
3448 10 10 4
3449 12 11 5
3450 17 16 4
3451 12 11 5
3452 13 12 4
3453 14 13 5
3454 15 15 5
3455 15 15 7
3456 9 8 4
3457 14 13 5
3458 17 16 6
3459 8 8 4
3460 10 9 5
3461 11 11 5
3462 7 7 7
3463 10 10 4
3464 18 17 5
3465 15 14 6
3466 6 6 6
3467 21 20 6
3468 6 5 4
3469 22 21 5
3470 17 17 5
3471 5 5 5
3472 12 11 5
3473 13 12 6
3474 12 12 4
3475 12 11 5
3476 15 14 4
3477 20 19 7
3478 11 11 5
3479 11 10 4
3480 10 9 5
3481 23 22 6
3482 28 27 5
3483 21 20 6
3484 18 18 4
3485 14 13 5
3486 13 12 4
3487 20 19 5
3488 13 13 5
3489 19 18 6
3490 14 14 6
3491 18 17 5
3492 25 25 5
3493 9 8 4
3494 14 13 7
3495 15 14 4
3496 10 9 5
3497 11 10 4
3498 16 15 5
3499 25 25 5
3500 37 36 6
3501 12 12 6
3502 12 12 4
3503 24 23 5
3504 19 18 4
3505 20 19 5
3506 17 17 5
3507 13 13 5
3508 19 18 4
3509 18 17 5
3510 19 19 5
3511 13 13 5
3512 13 13 5
3513 7 6 5
3514 15 14 4
3515 20 19 5
3516 23 22 6
3517 24 23 5
3518 19 19 5
3519 13 12 4
3520 16 15 5
3521 13 12 6
3522 22 22 6
3523 24 23 5
3524 25 25 5
3525 23 22 6
3526 26 26 4
3527 28 27 7
3528 17 16 6
3529 14 14 4
3530 16 15 5
3531 27 26 4
3532 48 47 7
3533 21 21 5
3534 21 20 6
3535 22 21 5
3536 19 18 6
3537 10 10 4
3538 22 21 5
3539 17 16 4
3540 22 21 5
3541 17 17 5
3542 27 26 6
3543 28 27 5
3544 25 24 4
3545 24 23 5
3546 13 12 4
3547 24 23 7
3548 15 14 6
3549 18 18 4
3550 18 17 5
3551 19 19 5
3552 17 17 5
3553 35 34 6
3554 16 15 5
3555 21 20 6
3556 22 22 4
3557 26 25 7
3558 21 21 5
3559 29 28 4
3560 32 31 5
3561 33 32 6
3562 22 22 6
3563 34 33 5
3564 25 25 5
3565 41 40 8
3566 32 31 9
3567 19 18 6
3568 44 44 8
3569 52 52 12
3570 42 41 7
3571 23 23 7
3572 25 25 5
3573 35 34 10
3574 26 26 4
3575 32 31 5
3576 27 27 5
3577 25 25 5
3578 33 32 6
3579 20 19 5
3580 43 42 8
3581 34 33 5
3582 19 19 5
3583 21 21 5
3584 27 27 5
3585 23 22 4
3586 28 27 5
3587 23 22 6
3588 18 18 4
3589 22 21 5
3590 21 20 4
3591 22 21 5
3592 13 12 4
3593 28 27 7
3594 17 16 4
3595 16 15 5
3596 19 18 4
3597 24 23 5
3598 17 17 5
3599 15 14 6
3600 24 23 5
3601 19 19 5
3602 19 18 4
3603 16 15 5
3604 13 12 6
3605 10 10 4
3606 28 27 7
3607 13 12 4
3608 14 13 5
3609 19 19 5
3610 23 22 6
3611 18 18 6
3612 14 14 6
3613 14 14 4
3614 18 17 7
3615 15 14 4
3616 14 13 5
3617 11 10 6
3618 12 12 4
3619 10 9 5
3620 9 9 5
3621 17 16 4
3622 20 19 7
3623 11 11 5
3624 13 12 6
3625 14 14 6
3626 12 12 4
3627 12 11 5
3628 17 16 6
3629 10 10 4
3630 14 13 5
3631 13 12 4
3632 20 19 5
3633 15 14 6
3634 22 21 5
3635 15 15 5
3636 17 16 4
3637 16 15 5
3638 11 11 5
3639 13 12 6
3640 20 20 6
3641 10 9 5
3642 13 12 4
3643 18 17 5
3644 19 18 4
3645 12 11 5
3646 19 18 4
3647 6 5 4
3648 10 9 5
3649 17 16 4
3650 22 21 5
3651 9 9 5
3652 29 28 8
3653 22 22 4
3654 24 23 5
3655 37 37 7
3656 37 36 6
3657 28 28 4
3658 20 19 5
3659 19 18 6
3660 20 19 5
3661 23 22 4
3662 24 23 5
3663 19 18 4
3664 24 23 5
3665 11 11 5
3666 19 18 4
3667 34 33 5
3668 21 21 5
3669 15 15 5
3670 25 24 4
3671 30 29 5
3672 17 17 5
3673 13 12 4
3674 22 21 5
3675 19 19 5
3676 33 32 4
3677 20 19 5
3678 29 29 7
3679 27 26 4
3680 14 13 5
3681 21 21 5
3682 11 10 4
3683 18 17 5
3684 9 8 4
3685 20 19 5
3686 15 14 6
3687 16 16 6
3688 26 26 6
3689 20 20 6
3690 14 14 6
3691 22 22 4
3692 22 21 5
3693 21 21 5
3694 9 8 4
3695 16 15 5
3696 15 15 5
3697 23 23 5
3698 17 16 4
3699 20 19 5
3700 15 14 6
3701 20 20 4
3702 14 13 5
3703 21 20 4
3704 22 21 5
3705 13 12 4
3706 12 11 5
3707 19 18 8
3708 14 14 4
3709 26 25 7
3710 21 20 6
3711 10 10 4
3712 18 17 5
3713 19 18 4
3714 14 13 5
3715 9 8 4
3716 14 13 5
3717 13 12 6
3718 16 15 5
3719 17 17 5
3720 11 11 5
3721 19 18 6
3722 10 10 6
3723 16 16 6
3724 14 14 4
3725 18 17 5
3726 15 15 5
3727 7 6 5
3728 23 22 8
3729 24 24 4
3730 6 5 4
3731 18 17 5
3732 13 13 5
3733 23 22 6
3734 12 11 5
3735 13 12 6
3736 8 8 4
3737 12 11 5
3738 13 12 6
3739 10 9 5
3740 11 10 4
3741 14 13 5
3742 9 9 5
3743 9 8 4
3744 14 13 5
3745 15 15 5
3746 23 22 8
3747 8 8 4
3748 12 11 5
3749 11 10 4
3750 10 9 5
3751 13 12 4
3752 12 11 5
3753 9 9 5
3754 11 10 6
3755 8 8 4
3756 18 17 7
3757 13 12 6
3758 12 12 4
3759 12 11 5
3760 11 10 6
3761 14 14 4
3762 12 11 5
3763 19 18 6
3764 16 15 5
3765 15 15 7
3766 15 14 4
3767 12 11 5
3768 9 9 5
3769 19 18 8
3770 6 6 6
3771 13 12 4
3772 14 13 5
3773 7 6 5
3774 11 11 5
3775 13 13 5
3776 19 18 8
3777 16 15 5
3778 15 15 7
3779 11 10 6
3780 6 6 6
3781 9 8 4
3782 10 9 5
3783 13 12 4
3784 20 19 5
3785 9 9 5
3786 23 22 6
3787 22 22 6
3788 24 23 5
3789 13 12 6
3790 10 9 5
3791 17 16 4
3792 12 11 5
3793 19 18 6
3794 12 11 5
3795 9 9 5
3796 17 16 6
3797 22 21 5
3798 19 18 6
3799 6 6 6
3800 13 13 5
3801 11 10 4
3802 12 11 5
3803 11 11 5
3804 15 14 4
3805 14 13 7
3806 13 12 6
3807 10 9 5
3808 17 16 4
3809 18 17 5
3810 9 9 5
3811 13 12 6
3812 6 6 6
3813 13 12 4
3814 18 17 5
3815 13 13 5
3816 9 9 5
3817 13 12 4
3818 22 21 7
3819 15 14 4
3820 10 9 5
3821 11 11 5
3822 13 12 6
3823 12 12 4
3824 20 19 5
3825 25 24 6
3826 12 12 4
3827 16 15 5
3828 9 8 4
3829 6 5 4
3830 18 17 5
3831 13 13 5
3832 21 20 6
3833 18 18 4
3834 16 15 5
3835 15 15 5
3836 13 13 5
3837 17 16 4
3838 22 21 5
3839 9 8 4
3840 18 17 5
3841 15 14 6
3842 16 16 4
3843 16 15 5
3844 17 16 4
3845 20 19 5
3846 15 15 5
3847 17 16 4
3848 16 15 5
3849 11 10 4
3850 20 19 5
3851 17 16 4
3852 18 17 5
3853 17 17 5
3854 31 30 6
3855 36 35 5
3856 27 26 6
3857 24 24 4
3858 24 23 7
3859 23 22 4
3860 26 25 5
3861 21 20 4
3862 12 11 5
3863 21 21 5
3864 27 27 9
3865 23 22 4
3866 22 21 5
3867 33 32 6
3868 12 12 4
3869 32 31 7
3870 15 14 4
3871 16 15 5
3872 15 15 5
3873 21 20 4
3874 24 23 5
3875 23 23 7
3876 15 14 4
3877 16 15 5
3878 15 14 4
3879 22 21 5
3880 21 20 6
3881 22 21 5
3882 17 17 5
3883 29 28 8
3884 20 19 5
3885 31 30 6
3886 22 21 5
3887 15 15 5
3888 23 22 6
3889 20 20 4
3890 20 19 5
3891 19 19 7
3892 19 18 6
3893 12 12 4
3894 22 21 5
3895 17 16 6
3896 20 20 6
3897 18 17 5
3898 19 18 6
3899 10 10 4
3900 20 19 5
3901 11 11 5
3902 11 10 4
3903 14 13 5
3904 11 11 5
3905 17 16 4
3906 14 13 5
3907 21 21 7
3908 17 16 6
3909 20 20 4
3910 14 13 5
3911 25 24 6
3912 8 8 4
3913 6 5 4
3914 16 15 5
3915 15 14 8
3916 12 12 4
3917 10 9 5
3918 13 12 6
3919 20 20 6
3920 18 18 4
3921 10 9 5
3922 25 24 6
3923 8 8 4
3924 8 7 6
3925 26 26 6
3926 24 23 5
3927 17 16 4
3928 14 13 5
3929 17 16 6
3930 14 14 6
3931 22 22 4
3932 14 13 5
3933 17 16 4
3934 20 19 5
3935 15 15 5
3936 11 11 5
3937 17 16 6
3938 16 16 6
3939 12 12 4
3940 24 23 7
3941 17 16 4
3942 18 17 7
3943 17 16 6
3944 14 13 5
3945 11 10 4
3946 18 17 5
3947 15 14 4
3948 14 13 5
3949 15 14 8
3950 12 12 4
3951 12 11 5
3952 15 14 4
3953 16 15 5
3954 13 12 4
3955 14 13 5
3956 13 12 4
3957 12 11 5
3958 19 18 4
3959 14 13 7
3960 17 16 6
3961 14 13 5
3962 9 9 5
3963 15 14 4
3964 20 19 5
3965 21 20 6
3966 20 19 5
3967 19 18 6
3968 20 20 4
3969 24 23 5
3970 13 13 5
3971 15 15 5
3972 17 17 7
3973 13 12 4
3974 12 11 5
3975 15 14 4
3976 26 25 5
3977 11 11 5
3978 15 15 5
3979 13 12 6
3980 18 18 6
3981 10 10 6
3982 10 10 6
3983 6 5 4
3984 10 9 5
3985 13 12 6
3986 10 9 5
3987 13 12 6
3988 20 20 4
3989 16 15 5
3990 23 23 5
3991 15 14 6
3992 12 11 5
3993 19 18 6
3994 26 26 4
3995 22 21 7
3996 17 16 6
3997 22 22 6
3998 12 12 4
3999 20 19 5
4000 9 9 5
4001 7 6 5
4002 13 12 4
4003 10 9 5
4004 13 12 4
4005 14 13 7
4006 7 6 5
4007 19 18 6
4008 14 14 6
4009 8 8 4
4010 14 13 7
4011 15 14 4
4012 8 7 6
4013 12 12 6
4014 14 14 6
4015 6 5 4
4016 10 9 5
4017 15 14 4
4018 12 11 5
4019 17 16 8
4020 14 14 6
4021 18 18 6
4022 14 14 6
4023 10 9 5
4024 7 6 5
4025 11 11 5
4026 7 6 5
4027 19 18 6
4028 8 8 4
4029 10 9 5
4030 19 18 8
4031 12 12 6
4032 8 8 4
4033 14 13 5
4034 11 11 5
4035 9 9 5
4036 15 14 6
4037 22 21 5
4038 15 15 5
4039 15 14 6
4040 6 5 4
4041 10 9 5
4042 15 14 6
4043 10 9 5
4044 13 12 6
4045 18 17 7
4046 11 10 4
4047 18 17 7
4048 11 11 5
4049 13 12 4
4050 14 13 7
4051 9 8 4
4052 12 11 5
4053 13 12 4
4054 16 15 5
4055 9 8 4
4056 12 11 5
4057 9 8 4
4058 14 13 7
4059 11 10 4
4060 12 11 5
4061 13 12 4
4062 6 5 4
4063 8 7 6
4064 16 16 4
4065 14 13 7
4066 9 9 5
4067 11 10 6
4068 10 9 5
4069 13 12 6
4070 12 12 6
4071 10 10 4
4072 12 11 5
4073 15 14 4
4074 12 11 5
4075 13 13 5
4076 15 14 6
4077 14 14 4
4078 16 15 5
4079 21 21 7
4080 17 16 4
4081 12 11 5
4082 19 18 4
4083 14 13 5
4084 17 16 4
4085 22 21 5
4086 23 23 5
4087 39 38 8
4088 40 40 6
4089 22 21 5
4090 33 33 5
4091 13 12 4
4092 18 17 5
4093 27 26 6
4094 10 10 4
4095 16 15 5
4096 17 16 6
4097 20 20 4
4098 26 25 5
4099 25 25 5
4100 21 21 5
4101 23 22 4
4102 26 25 5
4103 21 20 4
4104 28 27 5
4105 33 32 8
4106 38 37 5
4107 25 24 4
4108 38 37 5
4109 21 21 5
4110 17 16 4
4111 26 25 5
4112 31 30 6
4113 18 18 4
4114 24 23 5
4115 17 16 6
4116 24 23 7
4117 25 24 6
4118 16 16 6
4119 16 16 4
4120 22 21 5
4121 25 24 4
4122 18 17 5
4123 25 25 5
4124 23 23 5
4125 19 19 5
4126 15 14 4
4127 12 11 5
4128 17 16 6
4129 22 22 4
4130 22 21 5
4131 27 26 6
4132 20 19 5
4133 33 33 7
4134 37 36 6
4135 20 20 4
4136 36 35 5
4137 15 14 4
4138 22 21 5
4139 31 30 6
4140 40 39 5
4141 25 25 5
4142 17 16 6
4143 18 18 4
4144 18 17 5
4145 15 15 5
4146 33 32 6
4147 26 26 6
4148 18 18 4
4149 22 21 7
4150 37 36 4
4151 22 21 5
4152 25 24 4
4153 12 11 5
4154 13 13 5
4155 27 26 4
4156 34 33 7
4157 33 32 6
4158 24 24 6
4159 12 11 5
4160 27 26 6
4161 34 34 6
4162 16 16 6
4163 18 18 4
4164 20 19 5
4165 21 20 6
4166 26 26 8
4167 20 20 8
4168 14 14 4
4169 18 17 5
4170 23 22 6
4171 22 22 4
4172 22 21 5
4173 17 16 4
4174 18 17 7
4175 25 24 6
4176 16 16 4
4177 18 17 5
4178 27 26 6
4179 20 19 5
4180 21 20 4
4181 16 15 5
4182 35 34 8
4183 26 26 6
4184 14 14 4
4185 24 23 5
4186 29 28 6
4187 24 24 8
4188 10 9 5
4189 27 26 4
4190 34 33 5
4191 15 14 4
4192 18 17 5
4193 21 21 5
4194 23 22 6
4195 16 16 4
4196 22 21 5
4197 23 23 7
4198 21 20 4
4199 24 23 5
4200 21 20 6
4201 18 18 4
4202 28 27 5
4203 21 21 5
4204 25 24 6
4205 10 10 4
4206 20 19 5
4207 19 18 4
4208 22 21 7
4209 17 16 4
4210 30 29 5
4211 19 18 6
4212 18 18 6
4213 22 22 8
4214 14 14 4
4215 20 19 5
4216 15 14 6
4217 6 6 6
4218 13 13 5
4219 13 12 4
4220 14 13 5
4221 11 10 4
4222 24 23 5
4223 17 16 4
4224 16 15 5
4225 13 13 5
4226 19 18 6
4227 12 12 4
4228 26 25 7
4229 15 14 4
4230 20 19 5
4231 19 18 6
4232 14 14 4
4233 14 13 5
4234 11 10 6
4235 12 12 6
4236 8 8 4
4237 14 13 5
4238 17 16 6
4239 20 20 6
4240 14 14 4
4241 18 17 5
4242 11 11 5
4243 11 11 5
4244 5 5 5
4245 16 15 5
4246 9 8 4
4247 18 17 5
4248 13 13 5
4249 7 6 5
4250 13 13 5
4251 13 12 6
4252 6 6 6
4253 15 14 4
4254 18 17 7
4255 15 14 4
4256 6 5 4
4257 16 15 5
4258 13 13 5
4259 15 14 4
4260 14 13 5
4261 11 11 5
4262 15 14 4
4263 14 13 5
4264 11 11 5
4265 15 14 4
4266 10 9 5
4267 9 8 4
4268 14 13 5
4269 13 13 5
4270 13 12 6
4271 10 10 6
4272 16 16 6
4273 14 13 5
4274 9 8 4
4275 6 5 4
4276 16 15 5
4277 13 12 6
4278 14 13 5
4279 13 12 4
4280 14 13 5
4281 13 12 6
4282 12 12 6
4283 12 12 4
4284 10 9 5
4285 13 12 6
4286 14 14 6
4287 14 13 7
4288 5 5 5
4289 12 11 5
4290 13 13 5
4291 11 11 5
4292 13 12 4
4293 12 11 5
4294 19 18 4
4295 12 11 5
4296 15 15 5
4297 11 10 6
4298 16 16 6
4299 10 10 6
4300 8 8 4
4301 10 9 5
4302 11 10 4
4303 14 13 7
4304 15 14 6
4305 22 21 5
4306 9 9 5
4307 9 8 4
4308 16 15 5
4309 23 23 7
4310 13 12 6
4311 8 8 4
4312 14 13 5
4313 13 12 4
4314 12 11 5
4315 9 9 5
4316 13 12 6
4317 16 16 6
4318 6 6 6
4319 13 12 6
4320 14 14 6
4321 12 12 6
4322 14 14 4
4323 14 13 7
4324 13 12 4
4325 10 9 5
4326 13 12 4
4327 18 17 5
4328 13 12 6
4329 10 10 4
4330 12 11 5
4331 13 13 5
4332 11 10 6
4333 14 13 5
4334 13 13 5
4335 11 10 4
4336 10 9 5
4337 9 8 4
4338 10 9 5
4339 13 12 6
4340 14 13 5
4341 15 14 6
4342 10 10 4
4343 16 15 5
4344 15 14 6
4345 6 6 6
4346 13 12 4
4347 6 5 4
4348 10 9 5
4349 15 14 6
4350 10 10 4
4351 14 13 5
4352 7 6 5
4353 13 12 6
4354 8 8 4
4355 20 19 5
4356 19 18 4
4357 12 11 5
4358 11 10 4
4359 18 17 7
4360 27 26 6
4361 10 10 4
4362 20 19 5
4363 15 14 6
4364 22 22 4
4365 10 9 5
4366 21 20 6
4367 22 22 8
4368 18 18 4
4369 24 23 7
4370 17 16 6
4371 14 14 6
4372 24 24 4
4373 16 15 5
4374 25 24 6
4375 16 16 6
4376 10 10 4
4377 22 21 5
4378 27 26 4
4379 44 43 7
4380 21 21 5
4381 31 30 4
4382 24 23 5
4383 25 24 4
4384 26 25 5
4385 23 22 4
4386 32 31 5
4387 39 38 6
4388 36 36 8
4389 32 32 8
4390 46 46 14
4391 32 32 4
4392 48 47 11
4393 29 28 6
4394 24 23 5
4395 21 20 4
4396 52 51 9
4397 21 20 6
4398 18 18 6
4399 20 19 5
4400 29 28 8
4401 12 11 5
4402 25 24 6
4403 14 14 6
4404 24 24 6
4405 18 18 4
4406 30 29 9
4407 27 26 4
4408 18 17 5
4409 23 22 8
4410 16 16 6
4411 28 28 8
4412 22 21 7
4413 27 27 5
4414 21 21 5
4415 19 19 5
4416 19 19 5
4417 23 22 6
4418 24 24 6
4419 12 11 5
4420 21 20 4
4421 26 25 5
4422 15 14 4
4423 38 37 5
4424 33 33 5
4425 21 20 6
4426 24 24 6
4427 28 28 6
4428 16 16 4
4429 24 23 5
4430 37 36 8
4431 26 26 6
4432 20 20 4
4433 22 21 7
4434 19 18 6
4435 32 32 6
4436 30 30 6
4437 20 19 7
4438 19 18 6
4439 16 16 4
4440 16 15 5
4441 27 26 6
4442 26 26 6
4443 24 24 8
4444 16 16 6
4445 24 24 4
4446 14 13 5
4447 23 23 5
4448 25 25 5
4449 23 23 5
4450 21 20 6
4451 18 18 4
4452 20 19 5
4453 13 12 6
4454 30 30 8
4455 14 14 4
4456 28 27 5
4457 19 18 6
4458 12 12 4
4459 36 35 11
4460 17 16 4
4461 20 19 5
4462 27 26 6
4463 26 25 7
4464 17 16 6
4465 26 25 7
4466 25 25 7
4467 19 18 6
4468 32 32 4
4469 40 39 9
4470 19 18 4
4471 32 31 5
4472 15 14 4
4473 26 25 7
4474 27 26 6
4475 20 19 5
4476 23 23 7
4477 25 25 5
4478 27 26 4
4479 14 13 5
4480 37 37 9
4481 25 24 4
4482 28 27 5
4483 25 25 5
4484 25 24 6
4485 20 20 4
4486 22 21 5
4487 17 17 5
4488 25 24 4
4489 24 23 5
4490 17 17 5
4491 13 12 4
4492 36 35 7
4493 21 20 6
4494 26 26 6
4495 24 24 4
4496 14 13 5
4497 17 16 4
4498 20 19 7
4499 31 30 6
4500 22 22 6
4501 16 16 6
4502 24 24 4
4503 20 19 5
4504 13 13 5
4505 21 20 4
4506 16 15 5
4507 15 14 6
4508 26 25 5
4509 17 16 4
4510 16 15 5
4511 33 33 7
4512 21 20 4
4513 26 25 7
4514 13 13 5
4515 23 22 6
4516 30 30 4
4517 14 13 5
4518 15 14 4
4519 12 11 5
4520 31 30 8
4521 20 20 4
4522 22 21 5
4523 19 18 4
4524 24 23 5
4525 19 18 4
4526 16 15 5
4527 19 19 5
4528 15 14 4
4529 18 17 5
4530 15 15 5
4531 19 18 6
4532 12 12 4
4533 18 17 5
4534 23 23 5
4535 9 8 4
4536 20 19 5
4537 11 11 5
4538 9 9 5
4539 13 12 6
4540 10 10 4
4541 16 15 5
4542 11 11 5
4543 9 8 4
4544 12 11 5
4545 15 15 5
4546 13 13 5
4547 11 11 5
4548 23 23 5
4549 13 12 4
4550 20 19 5
4551 13 13 5
4552 13 12 6
4553 18 17 5
4554 17 16 4
4555 14 13 5
4556 15 15 5
4557 17 16 4
4558 12 11 5
4559 13 12 4
4560 16 15 5
4561 17 16 8
4562 12 12 4
4563 24 23 5
4564 13 13 5
4565 11 11 5
4566 21 20 6
4567 8 8 4
4568 12 11 5
4569 11 10 4
4570 14 13 5
4571 13 13 5
4572 15 14 4
4573 6 5 4
4574 10 9 5
4575 15 14 6
4576 12 12 4
4577 20 19 5
4578 5 5 5
4579 10 9 5
4580 19 18 8
4581 16 16 4
4582 6 5 4
4583 20 19 5
4584 9 9 5
4585 17 16 4
4586 12 11 5
4587 19 18 4
4588 22 21 5
4589 11 10 4
4590 22 21 7
4591 17 16 4
4592 18 17 5
4593 21 20 6
4594 26 26 6
4595 40 40 4
4596 36 35 5
4597 31 31 5
4598 17 17 5
4599 25 24 6
4600 32 32 8
4601 36 36 6
4602 34 34 4
4603 42 41 5
4604 33 33 5
4605 45 45 7
4606 37 37 7
4607 33 32 4
4608 30 29 5
4609 19 18 4
4610 38 37 5
4611 39 39 9
4612 27 26 6
4613 24 23 5
4614 27 26 6
4615 30 30 6
4616 32 32 6
4617 32 32 6
4618 26 26 6
4619 20 19 5
4620 27 27 5
4621 29 28 6
4622 16 16 4
4623 34 33 5
4624 33 33 9
4625 29 28 6
4626 12 12 4
4627 14 13 5
4628 15 15 5
4629 17 16 4
4630 30 29 7
4631 29 29 5
4632 25 24 10
4633 28 28 6
4634 38 37 5
4635 23 23 5
4636 15 14 4
4637 18 17 5
4638 13 12 4
4639 16 15 5
4640 19 18 4
4641 12 11 5
4642 25 24 6
4643 22 22 6
4644 18 18 4
4645 18 17 5
4646 9 9 5
4647 15 14 4
4648 18 17 5
4649 13 13 5
4650 19 19 5
4651 11 10 4
4652 20 19 5
4653 19 19 5
4654 17 16 4
4655 12 11 5
4656 15 14 6
4657 14 14 4
4658 12 11 5
4659 23 22 6
4660 16 15 5
4661 17 17 5
4662 17 17 5
4663 15 15 5
4664 13 12 4
4665 18 17 5
4666 17 16 6
4667 12 12 4
4668 16 15 5
4669 7 6 5
4670 11 11 5
4671 17 16 4
4672 12 11 5
4673 23 22 4
4674 14 13 5
4675 17 17 5
4676 11 10 4
4677 16 15 5
4678 21 20 6
4679 24 23 5
4680 19 18 4
4681 16 15 5
4682 17 17 5
4683 13 12 4
4684 18 17 5
4685 17 16 4
4686 10 9 5
4687 29 28 6
4688 36 35 7
4689 19 18 6
4690 34 34 6
4691 32 32 6
4692 20 20 4
4693 14 13 5
4694 29 28 6
4695 18 18 6
4696 24 23 5
4697 17 17 5
4698 19 18 6
4699 28 28 4
4700 20 19 5
4701 21 21 5
4702 35 34 8
4703 18 18 4
4704 28 27 5
4705 15 14 4
4706 24 23 5
4707 23 23 5
4708 25 25 5
4709 23 22 6
4710 44 44 6
4711 24 24 4
4712 24 23 5
4713 35 35 7
4714 19 18 4
4715 28 27 5
4716 25 24 6
4717 24 24 4
4718 20 19 5
4719 29 28 6
4720 32 31 5
4721 31 30 6
4722 22 22 4
4723 30 29 5
4724 27 27 5
4725 21 21 5
4726 33 33 5
4727 25 25 5
4728 25 25 7
4729 25 24 6
4730 18 18 4
4731 26 25 5
4732 35 35 5
4733 21 21 7
4734 25 24 4
4735 30 29 7
4736 37 36 6
4737 34 34 6
4738 26 26 6
4739 36 36 6
4740 50 49 11
4741 31 31 7
4742 35 35 7
4743 27 27 9
4744 51 50 12
4745 30 30 4
4746 32 31 7
4747 21 21 7
4748 29 28 6
4749 30 30 4
4750 28 27 7
4751 35 35 5
4752 27 26 4
4753 40 39 9
4754 25 24 6
4755 20 20 4
4756 28 27 7
4757 27 26 8
4758 22 22 6
4759 32 31 7
4760 33 32 8
4761 28 28 6
4762 30 30 8
4763 20 20 4
4764 28 27 9
4765 31 31 5
4766 25 24 6
4767 24 24 6
4768 30 30 6
4769 32 32 6
4770 16 16 4
4771 38 37 5
4772 17 16 4
4773 32 31 5
4774 39 38 6
4775 38 38 8
4776 32 31 7
4777 47 46 4
4778 36 35 7
4779 29 29 7
4780 29 28 6
4781 22 21 5
4782 25 25 5
4783 29 28 6
4784 22 22 6
4785 28 27 5
4786 27 26 6
4787 22 21 5
4788 23 23 5
4789 23 22 4
4790 30 29 7
4791 25 25 5
4792 25 25 5
4793 21 21 7
4794 37 36 6
4795 14 14 4
4796 16 15 5
4797 21 20 4
4798 16 15 5
4799 13 12 4
4800 26 25 5
4801 25 25 5
4802 11 10 4
4803 16 15 5
4804 21 20 4
4805 14 13 5
4806 21 20 6
4807 22 22 6
4808 12 12 4
4809 18 17 5
4810 13 12 4
4811 22 21 7
4812 25 24 6
4813 18 17 5
4814 15 14 4
4815 14 13 5
4816 15 15 5
4817 25 24 6
4818 20 20 4
4819 24 23 5
4820 19 18 4
4821 18 17 5
4822 21 21 5
4823 23 22 4
4824 20 19 5
4825 19 18 4
4826 12 11 5
4827 17 17 7
4828 21 20 4
4829 14 13 5
4830 11 10 4
4831 36 35 7
4832 21 21 5
4833 25 25 5
4834 21 20 4
4835 24 23 5
4836 19 18 4
4837 18 17 5
4838 15 14 4
4839 20 19 5
4840 25 24 6
4841 16 16 4
4842 20 19 5
4843 17 17 5
4844 15 14 4
4845 20 19 5
4846 23 23 5
4847 23 23 5
4848 19 18 4
4849 18 17 5
4850 19 18 4
4851 22 21 5
4852 11 11 5
4853 11 10 4
4854 22 21 5
4855 11 11 5
4856 19 19 5
4857 15 14 4
4858 12 11 5
4859 13 12 4
4860 22 21 7
4861 11 10 4
4862 16 15 5
4863 15 14 6
4864 8 8 4
4865 12 11 5
4866 11 10 6
4867 12 12 4
4868 12 11 5
4869 21 20 4
4870 10 9 5
4871 15 15 5
4872 13 12 6
4873 12 11 5
4874 21 21 5
4875 21 20 6
4876 14 14 4
4877 20 19 7
4878 11 10 4
4879 12 11 5
4880 13 13 5
4881 19 19 7
4882 11 10 4
4883 6 5 4
4884 14 13 5
4885 13 12 6
4886 24 24 8
4887 10 10 4
4888 14 13 5
4889 11 10 6
4890 16 16 6
4891 16 16 6
4892 16 15 5
4893 13 12 4
4894 12 11 5
4895 11 10 4
4896 16 15 5
4897 13 12 6
4898 20 20 6
4899 12 11 5
4900 9 8 4
4901 14 13 5
4902 13 12 6
4903 10 10 4
4904 12 11 5
4905 11 10 4
4906 12 11 5
4907 15 14 4
4908 10 9 5
4909 13 12 6
4910 10 10 6
4911 14 13 5
4912 11 10 4
4913 18 17 5
4914 17 16 6
4915 18 18 6
4916 12 12 4
4917 12 11 5
4918 11 11 5
4919 11 10 6
4920 16 16 4
4921 12 11 5
4922 19 18 4
4923 16 15 7
4924 11 10 4
4925 10 9 5
4926 13 12 6
4927 8 8 4
4928 10 9 5
4929 11 10 4
4930 18 17 7
4931 13 13 5
4932 13 13 5
4933 11 10 6
4934 10 10 6
4935 12 12 6
4936 14 14 6
4937 12 11 5
4938 11 10 4
4939 10 9 5
4940 17 16 6
4941 14 13 5
4942 15 15 5
4943 13 12 4
4944 14 13 5
4945 11 11 5
4946 9 8 4
4947 14 13 7
4948 7 6 5
4949 15 14 6
4950 16 15 5
4951 15 14 6
4952 14 13 5
4953 27 26 6
4954 12 11 5
4955 13 12 6
4956 12 12 4
4957 14 13 5
4958 9 8 4
4959 14 13 5
4960 15 14 4
4961 14 13 7
4962 11 10 6
4963 6 6 6
4964 17 16 4
4965 14 13 5
4966 9 8 7
4967 11 10 4
4968 10 9 5
4969 17 16 4
4970 16 15 5
4971 9 9 5
4972 11 11 5
4973 15 14 6
4974 14 14 4
4975 14 13 5
4976 17 16 8
4977 6 6 6
4978 19 18 6
4979 14 14 6
4980 20 20 6
4981 32 32 4
4982 22 21 5
4983 15 15 5
4984 27 27 5
4985 15 14 4
4986 18 17 5
4987 15 15 5
4988 15 14 4
4989 16 15 5
4990 17 16 4
4991 36 35 9
4992 19 18 4
4993 24 23 5
4994 23 22 4
4995 14 13 5
4996 17 16 4
4997 18 17 5
4998 27 26 6
4999 16 16 8
