0 14 13 5
1 15 14 4
2 10 9 5
3 17 17 7
4 13 13 5
5 11 10 6
6 6 6 6
7 31 30 6
8 20 20 6
9 6 5 4
10 12 11 5
11 11 11 5
12 13 13 5
13 11 11 5
14 17 17 5
15 11 11 5
16 13 13 5
17 13 12 6
18 12 12 6
19 10 10 6
20 10 10 4
21 10 9 5
22 15 15 5
23 15 15 7
24 7 6 5
25 15 14 4
26 10 9 5
27 15 14 6
28 26 25 5
29 21 20 6
30 10 10 6
31 16 16 6
32 16 16 4
33 12 11 5
34 17 17 5
35 15 14 4
36 34 33 5
37 23 22 6
38 18 18 4
39 20 19 5
40 19 18 4
41 40 39 5
42 25 24 4
43 24 23 5
44 13 12 4
45 24 23 5
46 21 21 5
47 19 18 6
48 10 10 4
49 18 17 5
50 21 20 4
51 22 21 5
52 13 12 6
53 22 22 4
54 18 17 5
55 13 13 5
56 9 9 5
57 25 24 4
58 18 17 5
59 31 30 6
60 20 20 4
61 14 13 5
62 25 24 6
63 24 24 4
64 18 17 5
65 19 18 4
66 12 11 5
67 19 18 4
68 18 17 5
69 13 12 4
70 18 17 5
71 25 24 6
72 26 25 7
73 17 16 6
74 30 29 11
75 19 18 6
76 16 16 4
77 16 15 5
78 21 20 6
79 14 14 4
80 18 17 5
81 13 13 5
82 19 19 5
83 19 18 6
84 12 12 4
85 12 11 5
86 15 15 5
87 17 16 6
88 12 12 6
89 20 19 9
90 13 13 7
91 15 14 4
92 16 15 5
93 11 11 5
94 25 24 4
95 10 9 5
96 19 18 6
97 24 24 8
98 18 18 6
99 26 25 11
100 21 20 6
101 10 10 4
102 16 15 5
103 7 7 7
104 18 18 8
105 14 14 4
106 14 13 5
107 25 24 8
108 10 9 5
109 21 20 8
110 16 16 8
111 16 15 5
112 13 13 7
113 21 20 10
114 10 10 4
115 14 13 5
116 17 16 6
117 14 14 4
118 10 9 5
119 11 11 5
120 9 8 4
121 18 17 5
122 13 13 5
123 17 17 5
124 21 21 9
125 25 24 6
126 6 6 6
127 15 14 6
128 10 10 4
129 18 17 5
130 11 11 5
131 25 25 7
132 19 18 6
133 20 20 6
134 8 8 4
135 10 9 5
136 13 12 6
137 22 22 10
138 6 6 6
139 19 18 6
140 12 12 4
141 12 11 5
142 13 13 5
143 23 22 4
144 10 9 5
145 31 31 9
146 11 10 6
147 12 12 6
148 10 10 4
149 22 21 7
150 13 12 6
151 14 14 6
152 22 21 7
153 17 16 6
154 12 11 5
155 15 14 6
156 12 12 4
157 16 15 9
158 23 22 8
159 12 12 6
160 14 14 6
161 8 8 4
162 14 13 7
163 11 10 4
164 16 15 7
165 15 14 4
166 20 19 5
167 17 17 7
168 13 12 6
169 16 16 6
170 14 13 5
171 17 17 7
172 5 5 5
173 14 13 7
174 13 13 5
175 11 11 5
176 31 30 8
177 12 11 5
178 19 18 6
179 8 8 4
180 20 19 5
181 9 9 5
182 23 22 6
183 14 13 5
184 17 16 6
185 8 8 4
186 12 11 5
187 15 14 8
188 14 14 6
189 10 10 6
190 14 13 5
191 13 13 7
192 13 13 7
193 11 10 6
194 10 9 5
195 13 13 5
196 17 16 4
197 14 13 5
198 13 12 6
199 12 11 7
200 19 18 6
201 10 9 5
202 23 23 7
203 15 15 5
204 13 13 5
205 11 10 4
206 10 9 5
207 11 10 4
208 16 15 5
209 11 11 7
210 23 22 8
211 6 6 6
212 21 20 8
213 20 20 6
214 16 16 6
215 14 13 5
216 23 22 6
217 14 14 6
218 14 13 5
219 13 12 4
220 26 25 7
221 11 10 4
222 16 15 5
223 21 20 4
224 18 17 5
225 13 13 5
226 9 8 4
227 28 27 5
228 13 12 4
229 14 13 7
230 19 18 8
231 16 16 6
232 18 17 7
233 11 10 4
234 14 13 5
235 15 15 5
236 15 15 7
237 13 12 4
238 14 13 7
239 9 8 4
240 16 15 7
241 19 18 6
242 18 18 6
243 10 9 5
244 17 16 6
245 6 6 6
246 11 10 6
247 12 12 8
248 12 12 6
249 6 6 6
250 17 16 6
251 6 6 6
252 7 7 7
253 18 18 6
254 10 9 5
255 11 11 7
256 19 19 7
257 13 13 5
258 11 11 5
259 15 14 8
260 8 8 4
261 20 19 9
262 9 8 4
263 16 15 7
264 13 12 6
265 10 10 6
266 6 6 6
267 13 12 8
268 10 9 5
269 13 12 6
270 6 5 4
271 10 9 5
272 13 13 9
273 11 10 6
274 16 15 7
275 11 10 6
276 10 10 4
277 18 17 7
278 11 10 6
279 12 12 6
280 14 13 7
281 13 13 5
282 7 7 7
283 10 10 6
284 10 10 6
285 14 14 8
286 6 6 6
287 13 12 8
288 6 6 6
289 11 10 6
290 16 15 5
291 13 13 7
292 13 13 5
293 11 10 4
294 14 13 7
295 11 11 5
296 11 11 5
297 13 13 7
298 15 14 8
299 16 16 6
300 20 20 6
301 10 10 4
302 6 5 4
303 12 11 5
304 21 20 8
305 12 12 4
306 18 17 7
307 11 11 5
308 13 12 6
309 12 11 5
310 13 13 5
311 15 15 7
312 7 6 5
313 23 22 8
314 14 14 6
315 14 14 6
316 6 6 6
317 15 14 6
318 10 9 5
319 13 12 6
320 18 18 4
321 12 11 5
322 5 5 5
323 20 19 5
324 13 13 5
325 9 9 5
326 19 18 6
327 6 6 6
328 13 12 6
329 18 17 7
330 15 14 8
331 22 22 4
332 14 13 5
333 9 9 5
334 13 12 4
335 6 5 4
336 14 13 7
337 13 12 4
338 16 15 5
339 21 20 6
340 20 19 7
341 9 8 4
342 14 13 5
343 5 5 5
344 10 9 5
345 11 11 7
346 17 16 6
347 20 19 5
348 19 18 4
349 10 9 5
350 13 13 5
351 9 8 4
352 12 11 5
353 11 11 5
354 29 28 4
355 18 17 5
356 17 17 5
357 7 6 5
358 13 12 4
359 12 11 5
360 33 32 6
361 22 21 5
362 25 24 4
363 20 19 5
364 15 14 6
365 10 10 4
366 16 15 5
367 11 10 4
368 20 19 5
369 25 24 4
370 28 27 5
371 11 10 4
372 16 15 5
373 23 22 4
374 16 15 5
375 13 12 4
376 18 17 5
377 19 18 6
378 22 22 4
379 18 17 5
380 15 14 4
381 14 13 5
382 19 18 6
383 22 21 5
384 17 17 7
385 15 14 4
386 18 17 7
387 15 14 4
388 18 17 5
389 17 16 4
390 12 11 5
391 19 18 6
392 28 27 7
393 17 16 4
394 18 17 5
395 19 19 5
396 17 17 5
397 15 15 5
398 17 17 5
399 17 16 6
400 26 26 12
401 18 18 4
402 12 11 5
403 29 29 5
404 25 25 9
405 21 20 8
406 22 21 7
407 19 19 11
408 19 19 5
409 11 11 5
410 19 18 6
411 18 18 4
412 14 13 5
413 13 12 4
414 18 17 7
415 17 16 6
416 20 19 5
417 13 12 6
418 14 14 6
419 20 19 7
420 25 25 5
421 11 11 5
422 23 23 7
423 19 18 6
424 18 17 7
425 11 11 5
426 13 12 6
427 24 23 7
428 17 17 5
429 33 32 10
430 16 16 6
431 26 25 11
432 13 13 5
433 13 12 4
434 22 21 7
435 21 20 6
436 16 16 8
437 28 28 12
438 16 16 6
439 22 22 8
440 18 18 6
441 20 19 5
442 17 17 5
443 15 14 4
444 12 11 7
445 21 20 8
446 12 12 4
447 22 21 5
448 15 15 5
449 15 15 5
450 9 8 4
451 14 13 7
452 11 10 4
453 16 15 5
454 13 13 5
455 17 17 5
456 11 11 5
457 17 16 6
458 14 14 4
459 14 13 7
460 19 18 4
461 20 19 5
462 11 11 5
463 13 12 6
464 16 16 6
465 12 12 6
466 18 18 6
467 22 22 8
468 10 10 4
469 14 13 5
470 15 14 4
471 12 11 7
472 7 6 5
473 13 13 5
474 15 15 5
475 19 19 5
476 9 8 4
477 14 13 7
478 21 20 8
479 12 12 6
480 10 10 4
481 10 9 5
482 11 11 5
483 19 18 10
484 12 12 4
485 12 11 5
486 11 11 5
487 11 11 5
488 9 9 5
489 15 14 6
490 8 8 4
491 14 13 5
492 13 13 5
493 9 8 4
494 16 15 5
495 23 23 7
496 11 10 6
497 14 14 4
498 12 11 5
499 13 12 4
500 24 23 5
501 19 18 4
502 20 19 5
503 15 15 5
504 15 15 5
505 15 15 7
506 27 26 6
507 12 12 4
508 18 17 5
509 9 8 4
510 14 13 5
511 23 22 10
512 24 24 6
513 12 11 5
514 13 12 4
515 16 15 5
516 15 14 6
517 14 13 5
518 11 11 5
519 19 18 6
520 16 15 5
521 11 11 5
522 17 16 8
523 12 12 4
524 18 17 7
525 19 18 4
526 14 13 5
527 11 10 4
528 22 21 7
529 9 9 5
530 17 16 6
531 12 11 7
532 13 12 4
533 18 17 7
534 11 10 6
535 8 8 4
536 6 5 4
537 16 15 5
538 13 12 6
539 10 9 5
540 11 10 6
541 8 8 4
542 20 19 5
543 9 9 5
544 23 22 6
545 10 10 4
546 12 11 5
547 11 11 5
548 11 10 6
549 12 11 7
550 11 11 5
551 11 10 6
552 14 14 8
553 10 10 6
554 10 10 6
555 10 9 5
556 17 16 8
557 10 10 6
558 16 16 6
559 12 12 6
560 6 6 6
561 11 10 4
562 16 15 7
563 11 10 4
564 12 11 5
565 13 13 7
566 11 10 4
567 16 15 5
568 9 9 5
569 9 9 5
570 15 15 7
571 7 6 5
572 17 17 7
573 15 14 6
574 6 6 6
575 11 11 5
576 15 15 9
577 15 14 6
578 14 13 5
579 13 12 6
580 10 9 5
581 19 19 5
582 11 10 6
583 18 18 6
584 10 10 4
585 14 13 5
586 17 16 6
587 12 11 5
588 11 11 5
589 15 15 7
590 15 14 6
591 16 16 4
592 16 15 5
593 23 22 6
594 10 10 6
595 22 22 6
596 6 6 6
597 15 14 6
598 12 12 6
599 14 14 4
600 18 17 5
601 17 17 5
602 15 14 4
603 20 19 5
604 19 19 5
605 15 14 6
606 10 10 4
607 16 15 5
608 15 15 5
609 19 18 4
610 14 13 5
611 19 18 4
612 18 17 5
613 21 20 6
614 12 12 4
615 12 11 5
616 13 12 4
617 18 17 5
618 11 11 5
619 11 10 4
620 16 15 5
621 17 16 6
622 10 9 5
623 25 24 8
624 16 16 4
625 22 21 5
626 19 19 5
627 9 8 4
628 26 25 5
629 11 10 4
630 18 17 5
631 13 13 5
632 11 10 4
633 16 15 5
634 19 18 4
635 24 23 7
636 43 42 6
637 20 20 4
638 12 11 5
639 17 16 4
640 24 23 5
641 29 28 6
642 20 20 4
643 28 27 5
644 23 23 5
645 21 21 7
646 15 15 5
647 23 23 5
648 31 30 10
649 10 10 6
650 28 28 6
651 14 14 4
652 32 31 11
653 19 19 7
654 13 12 4
655 14 13 5
656 19 19 5
657 25 24 6
658 22 22 6
659 20 20 8
660 14 13 7
661 15 14 4
662 22 21 5
663 15 14 4
664 20 19 7
665 15 14 4
666 24 23 7
667 15 14 4
668 30 29 5
669 17 16 6
670 28 28 8
671 22 21 5
672 41 41 9
673 15 14 4
674 18 17 5
675 15 15 5
676 19 18 4
677 6 5 4
678 34 33 5
679 15 15 5
680 15 14 4
681 18 17 5
682 15 14 4
683 14 13 5
684 19 18 4
685 16 15 5
686 17 16 4
687 18 17 5
688 11 11 5
689 15 14 4
690 12 11 5
691 21 20 6
692 18 18 6
693 16 16 4
694 12 11 5
695 15 14 4
696 12 11 5
697 17 16 4
698 16 15 5
699 11 11 5
700 11 11 5
701 27 27 7
702 15 15 5
703 11 11 5
704 11 10 4
705 18 17 9
706 19 18 4
707 16 15 5
708 9 8 4
709 16 15 7
710 11 11 7
711 13 12 6
712 14 13 7
713 13 12 6
714 12 12 6
715 12 12 6
716 20 19 5
717 25 24 6
718 22 21 5
719 15 15 5
720 13 12 4
721 12 11 7
722 11 11 5
723 27 26 6
724 16 16 4
725 22 21 5
726 11 10 4
727 20 19 7
728 19 18 10
729 14 14 6
730 18 18 6
731 14 14 6
732 12 12 6
733 14 14 6
734 12 12 4
735 16 15 7
736 11 10 4
737 12 11 5
738 11 11 5
739 21 21 9
740 19 19 5
741 17 17 5
742 23 23 9
743 13 13 5
744 11 11 5
745 15 15 7
746 13 13 5
747 17 16 6
748 14 13 5
749 15 15 5
750 15 14 4
751 14 13 7
752 11 11 5
753 13 12 4
754 12 11 5
755 13 13 7
756 15 14 6
757 14 14 6
758 12 12 6
759 12 11 7
760 11 10 6
761 12 11 5
762 13 13 7
763 13 12 4
764 12 11 7
765 17 16 8
766 10 10 6
767 18 18 6
768 16 16 6
769 14 14 6
770 14 13 7
771 13 12 6
772 24 24 6
773 10 9 5
774 15 14 6
775 8 8 4
776 16 15 5
777 9 9 5
778 19 18 8
779 10 10 6
780 18 18 6
781 14 13 5
782 13 12 6
783 12 12 6
784 10 10 6
785 6 5 4
786 14 13 7
787 19 18 8
788 16 16 6
789 8 7 6
790 8 8 4
791 10 9 5
792 11 11 7
793 13 12 8
794 14 14 6
795 14 14 6
796 12 12 8
797 12 12 6
798 6 5 4
799 12 11 7
800 9 9 5
801 13 12 6
802 12 12 4
803 12 11 7
804 21 20 8
805 14 13 5
806 9 8 4
807 8 7 6
808 12 11 5
809 17 17 5
810 9 9 5
811 17 17 5
812 11 11 5
813 7 6 5
814 13 13 7
815 5 5 5
816 16 15 9
817 11 10 4
818 10 9 5
819 9 9 5
820 7 7 7
821 14 14 6
822 20 20 4
823 8 7 6
824 12 12 4
825 12 11 5
826 17 16 6
827 12 12 4
828 14 13 5
829 15 14 6
830 10 10 4
831 16 15 7
832 15 14 8
833 6 6 6
834 7 6 5
835 13 12 6
836 16 15 5
837 7 7 7
838 14 14 6
839 10 9 5
840 13 12 8
841 14 13 5
842 17 16 6
843 6 6 6
844 17 16 6
845 16 16 4
846 10 9 5
847 9 9 5
848 13 13 7
849 13 12 6
850 18 17 5
851 17 16 6
852 20 20 6
853 18 18 6
854 10 9 5
855 13 13 5
856 13 12 6
857 10 9 5
858 15 14 8
859 10 10 4
860 6 5 4
861 12 11 5
862 17 17 7
863 11 11 7
864 5 5 5
865 12 11 5
866 9 9 5
867 17 17 5
868 17 17 7
869 17 16 4
870 12 11 5
871 17 16 4
872 12 11 5
873 9 9 5
874 15 14 6
875 14 13 7
876 7 6 5
877 15 14 6
878 8 7 6
879 14 14 6
880 14 13 5
881 15 14 6
882 14 13 5
883 19 19 5
884 21 20 6
885 20 20 4
886 16 15 5
887 11 10 4
888 12 11 5
889 27 26 4
890 26 25 5
891 19 18 4
892 30 29 5
893 23 22 4
894 12 11 5
895 15 14 4
896 50 49 5
897 27 27 5
898 15 14 4
899 18 17 5
900 21 20 4
901 16 15 5
902 23 22 4
903 18 17 5
904 17 16 4
905 22 21 5
906 15 14 4
907 18 17 5
908 29 28 4
909 16 15 5
910 11 11 5
911 27 26 4
912 16 15 5
913 13 13 5
914 15 14 4
915 10 9 5
916 19 18 6
917 14 14 4
918 14 13 5
919 11 11 5
920 17 16 4
921 18 17 5
922 33 32 10
923 14 13 5
924 19 19 5
925 11 10 4
926 24 23 5
927 27 27 5
928 17 16 6
929 22 21 7
930 17 16 4
931 20 19 5
932 11 10 4
933 16 15 5
934 11 10 4
935 14 13 5
936 19 19 5
937 23 22 6
938 22 22 4
939 14 13 5
940 17 17 7
941 19 19 7
942 17 17 5
943 11 10 4
944 14 13 5
945 13 12 4
946 20 19 5
947 17 17 5
948 11 10 4
949 14 13 7
950 19 18 6
951 14 14 4
952 18 17 5
953 15 15 5
954 19 19 5
955 21 21 5
956 15 15 5
957 19 19 7
958 23 22 6
959 18 18 6
960 16 16 6
961 12 11 5
962 9 9 5
963 15 15 5
964 17 17 9
965 13 13 5
966 15 14 8
967 22 22 6
968 14 14 6
969 30 30 6
970 14 14 4
971 24 23 5
972 21 20 6
973 28 27 5
974 19 19 9
975 11 10 4
976 28 27 9
977 19 18 8
978 18 17 7
979 27 26 8
980 24 24 10
981 18 17 5
982 11 11 5
983 13 12 4
984 28 27 5
985 17 16 6
986 18 17 5
987 15 14 4
988 14 13 5
989 21 20 6
990 16 16 4
991 28 27 7
992 23 23 11
993 17 16 4
994 18 17 5
995 17 16 6
996 12 12 4
997 16 15 5
998 11 10 6
999 12 12 6
1000 6 6 6
1001 15 14 6
1002 14 13 5
1003 15 14 4
1004 14 13 5
1005 15 14 6
1006 12 11 5
1007 19 19 5
1008 11 10 4
1009 16 15 5
1010 9 9 5
1011 17 17 5
1012 13 13 5
1013 15 15 7
1014 11 10 6
1015 22 22 6
1016 20 19 5
1017 11 11 5
1018 7 6 5
1019 17 16 6
1020 18 18 4
1021 14 13 5
1022 11 10 4
1023 14 13 5
1024 29 28 4
1025 24 23 5
1026 11 10 4
1027 22 21 5
1028 11 11 5
1029 19 18 6
1030 12 12 6
1031 12 11 5
1032 15 14 4
1033 18 17 5
1034 21 20 4
1035 26 25 9
1036 21 21 5
1037 11 11 5
1038 19 19 5
1039 13 12 4
1040 20 19 5
1041 11 10 4
1042 14 13 5
1043 21 20 4
1044 18 17 5
1045 15 14 4
1046 12 11 5
1047 27 26 8
1048 18 18 6
1049 12 12 4
1050 14 13 5
1051 13 13 5
1052 17 17 7
1053 11 10 6
1054 18 18 6
1055 8 8 4
1056 22 21 9
1057 17 16 6
1058 8 8 4
1059 16 15 7
1060 13 12 4
1061 10 9 5
1062 21 21 11
1063 11 10 4
1064 12 11 5
1065 7 6 5
1066 15 15 5
1067 9 9 5
1068 17 17 7
1069 15 15 7
1070 11 10 6
1071 12 11 5
1072 17 16 6
1073 8 8 4
1074 14 13 7
1075 11 10 6
1076 14 14 6
1077 12 12 6
1078 20 19 5
1079 11 10 4
1080 14 13 5
1081 9 9 5
1082 13 12 6
1083 16 15 5
1084 15 14 6
1085 10 9 5
1086 9 8 4
1087 12 11 5
1088 17 16 6
1089 16 16 8
1090 12 12 6
1091 8 8 8
1092 11 10 4
1093 14 13 5
1094 15 15 5
1095 7 6 5
1096 13 13 7
1097 11 10 4
1098 12 11 5
1099 5 5 5
1100 14 13 9
1101 15 14 4
1102 16 15 5
1103 15 14 8
1104 12 12 4
1105 12 11 5
1106 11 11 7
1107 15 15 5
1108 17 16 8
1109 10 9 5
1110 13 12 6
1111 12 12 4
1112 12 11 7
1113 11 10 4
1114 14 13 7
1115 9 8 4
1116 12 11 7
1117 9 9 5
1118 11 11 5
1119 15 15 7
1120 21 20 6
1121 10 9 5
1122 11 11 5
1123 13 12 6
1124 14 14 6
1125 12 12 6
1126 10 9 5
1127 19 18 4
1128 14 13 5
1129 11 11 5
1130 7 7 7
1131 12 12 6
1132 18 17 5
1133 13 13 5
1134 11 11 5
1135 7 7 7
1136 16 16 6
1137 14 14 6
1138 14 13 5
1139 15 15 7
1140 15 14 4
1141 20 19 5
1142 15 14 6
1143 16 15 5
1144 15 15 5
1145 15 15 5
1146 5 5 5
1147 16 15 7
1148 5 5 5
1149 12 11 5
1150 11 11 5
1151 15 15 7
1152 21 20 6
1153 16 16 4
1154 14 13 5
1155 11 10 4
1156 12 11 5
1157 17 16 6
1158 12 11 5
1159 23 23 5
1160 13 12 4
1161 12 11 5
1162 13 12 4
1163 16 15 7
1164 11 10 4
1165 12 11 7
1166 11 10 6
1167 20 20 4
1168 12 11 5
1169 13 13 5
1170 15 14 6
1171 12 12 8
1172 6 6 6
1173 27 26 4
1174 22 21 5
1175 25 24 4
1176 14 13 5
1177 19 18 6
1178 8 8 4
1179 12 11 5
1180 11 10 4
1181 16 15 5
1182 19 19 5
1183 13 13 5
1184 7 6 5
1185 13 12 6
1186 12 11 5
1187 19 19 5
1188 9 9 5
1189 25 24 6
1190 28 28 4
1191 26 25 5
1192 13 12 4
1193 16 15 5
1194 21 21 5
1195 23 23 5
1196 17 16 4
1197 22 21 5
1198 11 10 4
1199 14 13 5
1200 11 10 4
1201 24 23 5
1202 19 18 4
1203 20 19 5
1204 9 8 4
1205 14 13 5
1206 13 13 5
1207 15 14 6
1208 14 14 4
1209 16 15 5
1210 17 16 4
1211 16 15 7
1212 17 16 6
1213 14 14 4
1214 20 19 5
1215 23 22 6
1216 10 10 4
1217 30 29 5
1218 21 21 7
1219 17 16 6
1220 6 5 4
1221 16 15 5
1222 13 12 4
1223 22 21 7
1224 29 28 4
1225 10 9 5
1226 11 10 4
1227 18 17 5
1228 13 12 4
1229 14 13 5
1230 19 19 5
1231 13 12 4
1232 18 17 5
1233 11 10 6
1234 12 12 6
1235 28 28 4
1236 20 19 5
1237 31 30 4
1238 28 27 5
1239 21 20 4
1240 14 13 5
1241 21 20 4
1242 30 29 5
1243 21 20 4
1244 34 33 5
1245 31 30 4
1246 24 23 5
1247 17 16 4
1248 40 39 5
1249 27 26 4
1250 26 25 5
1251 29 28 6
1252 40 39 5
1253 31 30 4
1254 34 33 7
1255 15 15 5
1256 25 24 4
1257 30 29 5
1258 29 29 5
1259 13 13 5
1260 23 23 7
1261 15 15 5
1262 15 14 6
1263 18 17 7
1264 23 23 5
1265 19 18 4
1266 22 21 5
1267 19 19 5
1268 23 22 8
1269 18 17 5
1270 19 18 4
1271 22 21 5
1272 23 23 5
1273 21 20 4
1274 14 13 5
1275 15 15 5
1276 25 24 8
1277 20 19 5
1278 13 13 5
1279 17 16 6
1280 8 8 4
1281 12 11 5
1282 25 24 4
1283 20 19 7
1284 19 18 6
1285 14 14 4
1286 18 17 5
1287 19 19 5
1288 13 12 6
1289 16 16 6
1290 16 16 6
1291 18 18 4
1292 14 13 5
1293 15 15 5
1294 23 22 10
1295 6 6 6
1296 17 16 4
1297 12 11 7
1298 15 14 6
1299 18 18 6
1300 24 23 5
1301 11 11 5
1302 17 16 6
1303 18 18 6
1304 16 15 5
1305 19 19 5
1306 11 11 7
1307 17 16 4
1308 22 21 7
1309 9 9 5
1310 21 20 6
1311 12 12 4
1312 20 19 5
1313 19 19 7
1314 17 16 4
1315 18 17 5
1316 9 9 5
1317 17 16 8
1318 16 15 5
1319 13 13 7
1320 21 20 4
1321 16 15 7
1322 15 15 7
1323 25 25 9
1324 19 18 6
1325 10 10 4
1326 20 19 5
1327 15 14 6
1328 20 19 9
1329 11 10 4
1330 18 17 9
1331 7 6 5
1332 11 11 5
1333 9 8 4
1334 18 17 5
1335 15 15 5
1336 11 10 6
1337 14 14 6
1338 10 10 6
1339 16 15 5
1340 11 11 5
1341 11 10 4
1342 10 9 5
1343 9 9 5
1344 11 11 7
1345 15 14 6
1346 12 11 5
1347 13 13 7
1348 13 12 4
1349 22 21 7
1350 11 10 6
1351 12 12 6
1352 20 20 6
1353 28 27 7
1354 15 15 5
1355 17 16 6
1356 12 12 6
1357 10 10 4
1358 18 17 7
1359 13 13 5
1360 11 10 4
1361 24 23 5
1362 11 10 4
1363 18 17 7
1364 15 15 7
1365 13 12 4
1366 12 11 5
1367 13 13 7
1368 11 11 5
1369 11 11 5
1370 13 12 6
1371 14 14 6
1372 14 13 5
1373 15 15 5
1374 15 15 5
1375 13 12 6
1376 8 8 4
1377 12 11 5
1378 9 9 5
1379 13 13 5
1380 9 9 5
1381 17 17 5
1382 11 11 5
1383 9 8 4
1384 12 11 7
1385 11 10 6
1386 14 14 4
1387 22 21 11
1388 7 6 5
1389 15 14 6
1390 12 12 6
1391 14 14 6
1392 18 17 9
1393 13 12 6
1394 10 9 5
1395 13 13 7
1396 13 13 5
1397 19 18 8
1398 10 10 4
1399 18 17 5
1400 17 16 6
1401 16 15 7
1402 7 6 5
1403 21 20 8
1404 6 6 6
1405 15 15 5
1406 11 10 4
1407 18 17 5
1408 15 15 7
1409 11 10 6
1410 10 9 5
1411 13 12 6
1412 12 11 5
1413 19 18 8
1414 10 9 5
1415 13 13 5
1416 9 8 4
1417 12 11 7
1418 17 16 8
1419 6 6 6
1420 17 16 6
1421 10 9 5
1422 13 13 7
1423 19 18 6
1424 10 10 4
1425 10 9 5
1426 15 15 5
1427 11 10 4
1428 18 17 7
1429 11 10 6
1430 16 16 6
1431 6 5 4
1432 14 13 5
1433 11 10 4
1434 16 15 7
1435 15 15 5
1436 13 13 5
1437 13 12 4
1438 20 19 5
1439 13 13 5
1440 13 12 8
1441 12 12 6
1442 14 14 6
1443 14 14 6
1444 20 20 8
1445 14 13 5
1446 17 16 4
1447 14 13 5
1448 9 9 5
1449 9 8 4
1450 14 13 7
1451 9 8 4
1452 16 15 5
1453 11 10 4
1454 16 15 5
1455 9 9 5
1456 13 12 4
1457 6 5 4
1458 16 15 9
1459 15 15 5
1460 19 19 5
1461 5 5 5
1462 16 15 5
1463 5 5 5
1464 14 13 5
1465 13 12 6
1466 16 16 6
1467 20 20 6
1468 12 11 5
1469 7 7 7
1470 12 12 6
1471 12 12 4
1472 16 15 7
1473 19 18 4
1474 24 23 7
1475 13 12 4
1476 14 13 5
1477 7 6 5
1478 13 12 6
1479 22 21 7
1480 25 24 6
1481 18 18 6
1482 20 20 6
1483 12 12 4
1484 18 17 5
1485 15 14 6
1486 12 11 5
1487 17 16 4
1488 36 35 5
1489 21 20 4
1490 16 15 5
1491 13 12 4
1492 18 17 5
1493 9 8 4
1494 24 23 5
1495 31 30 4
1496 24 23 5
1497 19 18 4
1498 14 13 5
1499 9 9 5
1500 17 16 4
1501 12 11 5
1502 23 22 4
1503 14 13 5
1504 11 11 5
1505 11 11 5
1506 15 14 6
1507 24 24 8
1508 12 12 4
1509 22 21 5
1510 19 18 4
1511 20 19 5
1512 9 8 4
1513 14 13 5
1514 15 14 4
1515 18 17 5
1516 13 12 4
1517 10 9 5
1518 27 26 4
1519 12 11 5
1520 17 17 7
1521 11 11 5
1522 13 12 4
1523 14 13 5
1524 13 13 5
1525 17 16 6
1526 24 24 6
1527 12 12 6
1528 14 14 6
1529 14 13 5
1530 13 12 6
1531 18 17 5
1532 9 9 5
1533 21 20 8
1534 14 13 5
1535 19 19 9
1536 13 12 4
1537 12 11 5
1538 23 22 6
1539 14 14 4
1540 16 15 5
1541 21 20 8
1542 14 14 6
1543 12 12 6
1544 14 14 4
1545 18 17 5
1546 15 15 7
1547 13 12 6
1548 6 6 6
1549 17 16 4
1550 22 21 7
1551 25 24 6
1552 12 12 4
1553 18 17 5
1554 11 11 5
1555 21 20 6
1556 16 16 6
1557 16 16 6
1558 10 10 6
1559 20 20 4
1560 18 17 5
1561 17 16 6
1562 10 10 4
1563 28 27 9
1564 9 8 4
1565 24 23 5
1566 19 19 5
1567 19 19 7
1568 21 20 8
1569 16 16 6
1570 18 18 6
1571 22 21 5
1572 17 16 4
1573 16 15 5
1574 23 22 8
1575 18 18 6
1576 16 16 4
1577 10 9 5
1578 23 22 6
1579 16 16 6
1580 10 9 5
1581 17 16 6
1582 24 24 6
1583 18 17 7
1584 23 22 4
1585 12 11 5
1586 21 20 6
1587 6 5 4
1588 16 15 7
1589 21 20 12
1590 16 16 4
1591 12 11 5
1592 13 12 6
1593 6 5 4
1594 16 15 5
1595 21 20 6
1596 24 23 11
1597 19 18 10
1598 16 16 6
1599 18 17 7
1600 17 17 5
1601 13 12 6
1602 20 20 4
1603 22 21 7
1604 21 20 4
1605 20 19 5
1606 23 22 4
1607 12 11 5
1608 11 10 6
1609 16 16 4
1610 12 11 5
1611 11 11 5
1612 31 30 8
1613 10 9 5
1614 15 14 4
1615 10 9 5
1616 9 9 5
1617 13 13 5
1618 17 16 10
1619 20 20 4
1620 18 17 5
1621 7 6 5
1622 13 12 6
1623 20 19 7
1624 19 18 6
1625 14 14 4
1626 12 11 5
1627 13 13 5
1628 9 9 5
1629 9 9 5
1630 11 10 4
1631 14 13 7
1632 29 29 5
1633 15 14 4
1634 10 9 5
1635 17 16 4
1636 18 17 7
1637 15 14 4
1638 10 9 5
1639 11 10 4
1640 8 7 6
1641 20 20 8
1642 26 26 6
1643 14 14 4
1644 12 11 5
1645 13 13 5
1646 17 17 7
1647 13 12 6
1648 16 15 5
1649 21 20 8
1650 16 15 5
1651 21 20 6
1652 12 12 4
1653 12 11 5
1654 13 12 4
1655 14 13 5
1656 11 10 6
1657 12 12 6
1658 18 17 5
1659 31 31 5
1660 17 16 6
1661 12 12 4
1662 6 5 4
1663 18 17 7
1664 13 12 6
1665 12 11 5
1666 9 9 5
1667 15 15 5
1668 17 17 5
1669 21 20 6
1670 14 13 5
1671 13 12 6
1672 16 16 6
1673 10 10 4
1674 22 21 7
1675 13 12 4
1676 24 23 9
1677 9 8 4
1678 14 13 5
1679 13 12 4
1680 18 17 7
1681 15 14 4
1682 18 17 5
1683 13 13 5
1684 17 16 8
1685 10 10 4
1686 14 13 5
1687 13 13 5
1688 17 16 4
1689 12 11 5
1690 15 14 4
1691 10 9 5
1692 11 10 6
1693 16 15 5
1694 9 9 5
1695 11 11 5
1696 11 10 6
1697 10 10 6
1698 10 9 5
1699 7 6 5
1700 11 11 7
1701 21 20 8
1702 12 12 6
1703 12 11 5
1704 13 12 8
1705 10 9 5
1706 17 17 5
1707 5 5 5
1708 6 5 4
1709 12 11 7
1710 13 12 6
1711 12 12 4
1712 12 11 5
1713 7 6 5
1714 7 6 5
1715 13 13 7
1716 13 12 4
1717 14 13 5
1718 11 11 5
1719 17 16 4
1720 10 9 5
1721 17 17 7
1722 7 6 5
1723 11 11 7
1724 11 11 5
1725 13 12 4
1726 24 23 5
1727 15 15 5
1728 17 16 8
1729 14 14 6
1730 10 10 6
1731 12 12 6
1732 6 6 6
1733 21 20 8
1734 12 12 6
1735 12 12 6
1736 12 11 5
1737 17 16 6
1738 12 12 6
1739 14 14 6
1740 6 5 4
1741 18 17 7
1742 15 14 6
1743 18 17 5
1744 13 13 5
1745 15 14 6
1746 14 14 6
1747 8 8 4
1748 8 7 6
1749 12 12 6
1750 14 14 6
1751 18 17 5
1752 15 14 4
1753 14 13 7
1754 11 11 7
1755 9 8 4
1756 16 15 5
1757 15 14 6
1758 12 11 7
1759 9 9 5
1760 15 14 6
1761 22 22 8
1762 8 8 4
1763 12 11 5
1764 9 8 7
1765 19 18 6
1766 12 11 5
1767 17 16 6
1768 16 15 5
1769 17 16 4
1770 12 11 5
1771 9 9 5
1772 5 5 5
1773 16 15 5
1774 19 18 6
1775 44 44 4
1776 14 13 5
1777 13 12 4
1778 14 13 5
1779 11 11 5
1780 13 13 5
1781 15 15 5
1782 33 32 4
1783 20 19 5
1784 25 24 4
1785 14 13 5
1786 23 22 4
1787 14 13 5
1788 27 27 5
1789 21 21 5
1790 17 16 4
1791 14 13 5
1792 17 16 4
1793 18 17 7
1794 23 23 5
1795 11 11 5
1796 15 14 4
1797 14 13 5
1798 25 24 8
1799 14 14 6
1800 16 16 6
1801 8 8 4
1802 14 13 5
1803 13 13 5
1804 19 19 5
1805 15 14 4
1806 20 19 5
1807 7 6 5
1808 19 18 8
1809 18 18 4
1810 14 13 5
1811 11 11 5
1812 27 26 10
1813 8 8 4
1814 18 17 7
1815 13 12 4
1816 14 13 5
1817 9 9 5
1818 15 14 8
1819 10 9 5
1820 13 13 7
1821 13 12 4
1822 16 15 7
1823 17 17 7
1824 9 9 5
1825 11 11 5
1826 15 14 6
1827 8 8 4
1828 18 17 7
1829 23 22 4
1830 18 17 5
1831 25 25 7
1832 19 18 6
1833 22 22 8
1834 14 14 4
1835 20 19 5
1836 11 10 6
1837 10 10 6
1838 28 28 6
1839 20 19 7
1840 17 16 8
1841 12 12 6
1842 20 20 8
1843 10 10 4
1844 22 21 5
1845 15 14 4
1846 14 13 5
1847 15 14 6
1848 20 20 6
1849 16 15 5
1850 27 26 6
1851 30 29 9
1852 21 20 4
1853 6 5 4
1854 10 9 5
1855 19 18 6
1856 16 16 6
1857 20 20 6
1858 20 20 6
1859 18 18 4
1860 20 19 5
1861 15 14 4
1862 14 13 5
1863 13 12 4
1864 16 15 5
1865 27 26 6
1866 16 15 5
1867 13 13 5
1868 17 17 5
1869 11 10 6
1870 10 10 6
1871 8 8 4
1872 18 17 7
1873 15 15 5
1874 15 14 6
1875 16 16 4
1876 10 9 5
1877 11 10 6
1878 12 12 4
1879 14 13 7
1880 13 12 6
1881 18 17 5
1882 23 22 6
1883 20 20 8
1884 12 11 5
1885 19 18 6
1886 12 12 4
1887 28 27 7
1888 13 12 6
1889 22 22 8
1890 16 16 6
1891 16 15 5
1892 17 16 4
1893 12 11 5
1894 13 12 4
1895 18 17 5
1896 11 10 4
1897 18 17 7
1898 5 5 5
1899 16 15 7
1900 9 8 4
1901 16 15 7
1902 27 26 8
1903 8 8 4
1904 18 17 7
1905 13 13 7
1906 19 19 5
1907 15 15 5
1908 17 16 6
1909 20 19 5
1910 11 10 4
1911 16 15 9
1912 7 6 5
1913 11 10 4
1914 20 19 9
1915 19 18 4
1916 10 9 5
1917 9 8 4
1918 16 15 7
1919 11 10 4
1920 16 15 7
1921 15 15 5
1922 7 6 5
1923 17 17 5
1924 15 14 8
1925 8 8 4
1926 18 17 7
1927 5 5 5
1928 12 11 5
1929 7 7 7
1930 14 14 10
1931 14 14 6
1932 14 14 6
1933 8 8 4
1934 14 13 7
1935 7 6 5
1936 15 14 8
1937 10 10 6
1938 18 18 6
1939 8 8 4
1940 12 11 7
1941 9 9 5
1942 11 11 5
1943 7 6 5
1944 13 13 7
1945 7 6 5
1946 19 19 5
1947 7 6 5
1948 17 16 6
1949 14 13 5
1950 9 9 5
1951 13 12 8
1952 8 8 4
1953 16 15 9
1954 13 12 6
1955 14 13 5
1956 15 15 7
1957 11 11 5
1958 13 12 6
1959 14 14 8
1960 6 5 4
1961 12 11 7
1962 9 9 5
1963 11 10 6
1964 10 10 6
1965 18 18 4
1966 12 11 5
1967 15 14 8
1968 6 6 6
1969 13 12 6
1970 6 6 6
1971 13 12 8
1972 6 5 4
1973 22 21 9
1974 13 12 4
1975 14 13 5
1976 11 10 6
1977 16 15 7
1978 9 8 7
1979 17 16 6
1980 18 18 6
1981 12 12 4
1982 20 19 7
1983 11 10 4
1984 8 7 6
1985 14 14 6
1986 14 14 4
1987 12 11 5
1988 13 13 7
1989 15 14 8
1990 6 6 6
1991 13 12 4
1992 12 11 7
1993 11 10 6
1994 16 15 7
1995 17 16 6
1996 10 10 4
1997 16 15 5
1998 15 14 4
1999 10 9 5
2000 11 10 6
2001 16 16 6
2002 6 6 6
2003 19 18 8
2004 20 20 4
2005 14 13 5
2006 7 6 5
2007 13 12 8
2008 6 6 6
2009 11 10 6
2010 8 8 4
2011 30 29 5
2012 11 11 5
2013 7 6 5
2014 11 11 5
2015 11 10 4
2016 14 13 7
2017 11 11 5
2018 17 16 8
2019 12 12 4
2020 16 15 7
2021 9 8 4
2022 12 11 7
2023 11 10 4
2024 12 11 7
2025 13 12 6
2026 6 5 4
2027 12 11 5
2028 15 14 6
2029 6 5 4
2030 22 21 7
2031 13 13 5
2032 13 12 6
2033 18 18 8
2034 12 12 4
2035 14 13 5
2036 27 26 6
2037 18 18 4
2038 12 11 5
2039 13 12 4
2040 16 15 5
2041 9 9 5
2042 13 13 5
2043 25 25 5
2044 39 38 4
2045 18 17 5
2046 17 16 4
2047 16 15 5
2048 25 24 4
2049 24 23 5
2050 23 22 4
2051 26 25 5
2052 13 12 4
2053 20 19 5
2054 15 14 4
2055 18 17 5
2056 11 10 4
2057 24 23 7
2058 13 12 6
2059 30 30 10
2060 28 27 5
2061 13 13 5
2062 13 12 4
2063 10 9 5
2064 13 12 6
2065 12 12 4
2066 30 29 5
2067 17 16 4
2068 20 19 5
2069 9 9 5
2070 23 22 6
2071 14 13 7
2072 11 10 6
2073 14 13 5
2074 27 27 11
2075 17 16 6
2076 16 15 7
2077 17 16 4
2078 20 19 5
2079 13 13 5
2080 19 18 4
2081 20 19 5
2082 19 18 6
2083 16 15 5
2084 13 12 6
2085 22 22 8
2086 16 16 6
2087 16 16 6
2088 14 14 6
2089 14 13 5
2090 13 12 4
2091 36 35 7
2092 15 15 7
2093 9 8 4
2094 12 11 5
2095 11 10 4
2096 22 21 9
2097 21 21 7
2098 15 15 5
2099 17 16 6
2100 10 10 6
2101 10 9 5
2102 11 11 5
2103 17 17 7
2104 19 18 6
2105 14 14 6
2106 14 14 6
2107 10 10 4
2108 12 11 7
2109 13 13 5
2110 21 21 7
2111 13 13 5
2112 11 10 6
2113 18 18 4
2114 12 11 5
2115 17 16 8
2116 18 18 6
2117 22 21 9
2118 5 5 5
2119 14 13 5
2120 11 11 7
2121 15 14 6
2122 14 13 7
2123 15 14 6
2124 12 12 6
2125 16 15 5
2126 11 11 5
2127 13 12 4
2128 24 23 7
2129 13 13 5
2130 19 19 5
2131 11 11 5
2132 15 14 6
2133 20 20 6
2134 10 10 4
2135 14 13 7
2136 9 9 5
2137 13 13 5
2138 15 14 4
2139 18 17 5
2140 13 12 6
2141 14 14 6
2142 12 11 7
2143 11 10 6
2144 14 13 7
2145 15 14 4
2146 18 17 5
2147 15 15 5
2148 9 9 5
2149 9 8 4
2150 20 19 9
2151 11 11 5
2152 15 14 6
2153 22 22 6
2154 24 23 7
2155 17 16 6
2156 14 14 4
2157 14 13 5
2158 13 13 5
2159 11 11 5
2160 15 15 7
2161 15 14 6
2162 12 12 6
2163 26 25 7
2164 21 20 6
2165 10 10 4
2166 18 17 5
2167 17 16 6
2168 16 16 8
2169 12 11 5
2170 19 18 4
2171 14 13 5
2172 15 15 5
2173 15 15 5
2174 21 21 7
2175 9 8 4
2176 16 15 5
2177 13 13 5
2178 17 16 6
2179 22 21 7
2180 9 9 5
2181 19 18 8
2182 14 13 5
2183 17 17 5
2184 17 17 5
2185 9 9 5
2186 7 6 5
2187 19 18 6
2188 10 9 5
2189 15 15 5
2190 15 15 7
2191 15 14 6
2192 10 10 4
2193 16 15 5
2194 11 11 5
2195 25 24 6
2196 24 24 6
2197 14 14 6
2198 6 6 6
2199 15 14 6
2200 6 5 4
2201 12 11 5
2202 9 9 5
2203 21 20 6
2204 18 17 7
2205 17 17 5
2206 11 11 5
2207 13 13 5
2208 15 15 7
2209 11 10 6
2210 10 10 4
2211 18 17 9
2212 19 18 6
2213 14 13 7
2214 5 5 5
2215 16 15 5
2216 7 7 7
2217 6 6 6
2218 15 14 8
2219 16 16 4
2220 20 19 5
2221 17 16 6
2222 12 12 6
2223 18 17 5
2224 13 13 5
2225 23 23 9
2226 17 16 4
2227 12 11 5
2228 7 6 5
2229 27 26 6
2230 12 12 6
2231 22 22 6
2232 8 8 4
2233 18 17 5
2234 25 25 5
2235 9 9 5
2236 15 14 4
2237 14 13 5
2238 13 12 6
2239 16 15 5
2240 23 22 6
2241 22 22 6
2242 12 12 4
2243 10 9 5
2244 15 14 4
2245 14 13 7
2246 15 15 5
2247 15 15 5
2248 11 11 5
2249 11 11 5
2250 17 17 7
2251 15 15 5
2252 11 10 4
2253 12 11 5
2254 15 15 7
2255 13 13 5
2256 11 11 5
2257 13 13 5
2258 11 11 5
2259 19 19 5
2260 17 17 7
2261 9 9 5
2262 11 10 4
2263 8 7 6
2264 16 15 5
2265 11 11 7
2266 21 20 8
2267 12 11 5
2268 17 17 7
2269 5 5 5
2270 12 11 5
2271 11 11 5
2272 17 16 6
2273 14 13 7
2274 21 20 6
2275 8 8 4
2276 18 17 7
2277 13 13 5
2278 17 17 5
2279 11 10 4
2280 12 11 5
2281 13 13 5
2282 17 16 4
2283 22 21 5
2284 13 12 6
2285 10 10 6
2286 14 14 6
2287 14 13 7
2288 17 16 6
2289 20 19 5
2290 13 13 7
2291 21 20 6
2292 16 16 6
2293 12 11 5
2294 13 13 7
2295 11 10 6
2296 16 15 7
2297 15 15 7
2298 11 11 5
2299 15 14 4
2300 20 19 9
2301 7 6 5
2302 15 14 8
2303 6 6 6
2304 15 15 7
2305 11 10 4
2306 18 17 5
2307 13 13 5
2308 5 5 5
2309 10 9 5
2310 9 9 5
2311 13 13 7
2312 15 14 6
2313 14 14 8
2314 16 16 6
2315 8 7 6
2316 12 12 6
2317 6 5 4
2318 10 9 5
2319 11 11 7
2320 15 14 8
2321 6 6 6
2322 19 18 6
2323 14 13 7
2324 11 10 6
2325 6 6 6
2326 7 6 5
2327 11 10 6
2328 30 29 9
2329 21 20 6
2330 12 12 4
2331 18 17 5
2332 9 9 5
2333 9 9 5
2334 13 12 6
2335 14 14 6
2336 12 11 5
2337 15 14 6
2338 18 18 4
2339 12 11 5
2340 7 7 7
2341 12 11 5
2342 9 8 4
2343 22 21 7
2344 21 20 4
2345 12 11 5
2346 13 12 4
2347 20 19 5
2348 7 6 5
2349 13 13 7
2350 19 18 6
2351 26 26 6
2352 20 19 5
2353 11 10 4
2354 10 9 5
2355 15 14 6
2356 16 16 6
2357 12 12 8
2358 16 16 6
2359 16 15 5
2360 11 11 5
2361 15 14 6
2362 16 16 8
2363 10 10 6
2364 8 8 4
2365 22 21 5
2366 9 8 4
2367 24 23 5
2368 19 18 4
2369 16 15 5
2370 9 9 5
2371 15 14 6
2372 18 17 5
2373 21 20 4
2374 12 11 5
2375 9 9 5
2376 25 24 4
2377 28 27 5
2378 11 11 5
2379 17 17 5
2380 19 19 5
2381 11 10 4
2382 10 9 5
2383 13 12 4
2384 20 19 7
2385 19 18 4
2386 16 15 5
2387 15 15 5
2388 15 14 4
2389 18 17 5
2390 11 10 4
2391 14 13 5
2392 25 24 4
2393 14 13 7
2394 13 12 6
2395 14 13 5
2396 11 10 6
2397 12 11 5
2398 25 24 6
2399 18 17 5
2400 13 12 4
2401 6 5 4
2402 18 17 5
2403 13 13 5
2404 15 14 6
2405 36 36 4
2406 20 19 5
2407 13 13 5
2408 11 10 4
2409 22 21 5
2410 13 13 5
2411 13 13 5
2412 21 20 4
2413 16 15 5
2414 15 14 4
2415 12 11 5
2416 17 17 7
2417 27 27 7
2418 17 16 6
2419 10 10 4
2420 34 33 5
2421 29 28 4
2422 24 23 5
2423 23 22 4
2424 18 17 5
2425 13 12 4
2426 26 25 5
2427 31 30 4
2428 30 29 7
2429 29 29 5
2430 21 21 5
2431 19 18 4
2432 18 17 5
2433 41 40 6
2434 36 35 5
2435 39 38 8
2436 24 23 5
2437 49 48 6
2438 32 32 8
2439 16 15 5
2440 23 22 4
2441 16 15 5
2442 29 28 6
2443 20 20 4
2444 14 13 5
2445 33 32 6
2446 30 30 10
2447 28 28 4
2448 30 29 7
2449 19 18 6
2450 34 34 8
2451 22 22 6
2452 18 18 4
2453 16 15 5
2454 21 20 6
2455 32 32 10
2456 10 10 4
2457 26 25 5
2458 17 16 6
2459 22 21 5
2460 23 23 9
2461 31 31 11
2462 29 29 9
2463 23 22 6
2464 12 11 5
2465 17 16 6
2466 18 18 4
2467 36 35 7
2468 17 16 6
2469 20 20 6
2470 20 19 7
2471 33 32 8
2472 20 20 6
2473 26 25 7
2474 23 23 5
2475 19 19 7
2476 23 23 5
2477 19 19 5
2478 21 20 4
2479 20 19 5
2480 9 8 4
2481 12 11 5
2482 11 11 5
2483 13 12 4
2484 14 13 5
2485 15 15 7
2486 19 18 4
2487 26 25 9
2488 11 10 4
2489 20 19 7
2490 15 14 4
2491 14 13 5
2492 13 13 5
2493 15 15 5
2494 17 16 6
2495 10 10 6
2496 22 22 8
2497 28 27 11
2498 25 25 9
2499 15 15 7
2500 23 23 7
2501 15 14 4
2502 12 11 5
2503 13 13 5
2504 17 16 6
2505 20 20 6
2506 24 24 4
2507 24 23 7
2508 11 11 5
2509 13 13 5
2510 9 9 5
2511 13 12 6
2512 10 10 6
2513 20 20 4
2514 22 21 7
2515 13 12 4
2516 22 21 9
2517 19 18 6
2518 18 17 5
2519 17 17 7
2520 9 8 4
2521 20 19 7
2522 19 18 8
2523 12 12 6
2524 20 20 6
2525 24 24 6
2526 14 14 6
2527 16 15 5
2528 17 17 5
2529 15 14 4
2530 12 11 5
2531 15 15 5
2532 11 11 5
2533 15 14 6
2534 10 10 4
2535 14 13 7
2536 19 19 5
2537 9 9 5
2538 13 13 7
2539 19 18 6
2540 18 17 5
2541 11 10 4
2542 12 11 5
2543 15 15 9
2544 11 10 6
2545 10 9 5
2546 13 13 5
2547 19 18 6
2548 12 12 6
2549 12 12 6
2550 22 22 8
2551 14 14 6
2552 12 12 6
2553 14 13 5
2554 13 12 4
2555 10 9 5
2556 19 18 6
2557 6 6 6
2558 21 20 8
2559 14 13 5
2560 11 10 4
2561 6 5 4
2562 12 11 5
2563 13 12 6
2564 16 15 7
2565 9 8 4
2566 14 13 5
2567 13 13 7
2568 17 16 8
2569 10 9 5
2570 15 14 6
2571 16 16 4
2572 14 13 7
2573 11 10 6
2574 20 19 7
2575 15 14 6
2576 10 10 4
2577 12 11 5
2578 19 18 6
2579 10 10 6
2580 14 13 5
2581 9 9 5
2582 15 14 4
2583 10 9 5
2584 17 16 6
2585 12 12 4
2586 22 21 5
2587 11 11 5
2588 17 16 4
2589 18 17 5
2590 15 14 6
2591 8 8 4
2592 14 13 7
2593 7 6 5
2594 15 14 8
2595 14 14 4
2596 18 17 5
2597 19 19 5
2598 9 8 4
2599 12 11 5
2600 13 13 5
2601 15 15 5
2602 15 15 5
2603 13 12 4
2604 14 13 7
2605 17 16 4
2606 10 9 5
2607 11 10 4
2608 10 9 5
2609 15 15 5
2610 19 19 7
2611 15 15 5
2612 9 8 4
2613 16 15 5
2614 13 12 4
2615 14 13 7
2616 15 14 4
2617 16 15 5
2618 13 13 5
2619 15 15 7
2620 17 16 4
2621 14 13 5
2622 9 9 5
2623 11 10 6
2624 12 11 5
2625 13 12 6
2626 6 6 6
2627 13 13 9
2628 9 8 4
2629 14 13 5
2630 11 11 7
2631 13 12 4
2632 12 11 5
2633 11 10 4
2634 6 5 4
2635 14 13 5
2636 13 13 7
2637 11 10 6
2638 16 16 8
2639 16 16 4
2640 10 9 5
2641 11 10 4
2642 22 21 5
2643 11 11 5
2644 11 11 7
2645 9 9 5
2646 13 12 6
2647 12 12 6
2648 12 11 7
2649 11 10 4
2650 12 11 5
2651 15 15 7
2652 15 14 6
2653 16 15 7
2654 9 8 4
2655 20 19 5
2656 13 12 4
2657 18 17 7
2658 17 16 6
2659 18 18 6
2660 10 9 5
2661 11 10 6
2662 18 18 6
2663 20 20 4
2664 16 15 5
2665 15 14 4
2666 16 15 5
2667 11 10 4
2668 24 23 5
2669 15 14 4
2670 18 17 5
2671 11 10 4
2672 12 11 5
2673 17 16 4
2674 24 23 5
2675 37 36 6
2676 22 21 7
2677 25 24 4
2678 20 19 5
2679 17 17 5
2680 15 14 4
2681 10 9 5
2682 13 13 5
2683 13 13 5
2684 19 18 4
2685 12 11 5
2686 15 14 8
2687 12 11 5
2688 13 12 6
2689 16 15 5
2690 11 11 5
2691 7 6 5
2692 21 20 8
2693 14 14 6
2694 12 12 6
2695 14 13 5
2696 9 9 5
2697 5 5 5
2698 20 19 5
2699 13 13 5
2700 11 11 5
2701 13 12 4
2702 12 11 5
2703 15 15 5
2704 11 11 7
2705 11 11 5
2706 17 16 6
2707 12 12 4
2708 12 11 7
2709 7 6 5
2710 17 17 7
2711 29 28 6
2712 20 19 5
2713 15 15 5
2714 19 18 6
2715 14 13 5
2716 25 24 4
2717 14 13 5
2718 13 12 6
2719 10 10 6
2720 16 16 6
2721 8 8 4
2722 16 15 7
2723 17 16 6
2724 16 16 6
2725 20 19 5
2726 15 14 4
2727 10 9 5
2728 15 14 6
2729 14 14 6
2730 20 20 6
2731 14 13 5
2732 19 18 4
2733 10 9 5
2734 11 11 5
2735 11 11 5
2736 19 19 5
2737 19 19 5
2738 21 20 6
2739 10 10 4
2740 22 21 5
2741 11 11 5
2742 23 22 6
2743 10 10 4
2744 16 15 5
2745 15 14 4
2746 28 27 5
2747 15 14 4
2748 12 11 5
2749 23 22 4
2750 18 17 7
2751 9 9 5
2752 15 14 6
2753 14 14 6
2754 22 22 6
2755 22 22 6
2756 22 21 5
2757 13 12 4
2758 20 19 5
2759 17 16 4
2760 16 15 5
2761 17 16 4
2762 20 19 5
2763 17 16 6
2764 10 10 4
2765 16 15 5
2766 13 12 4
2767 14 13 7
2768 17 16 8
2769 10 10 6
2770 14 13 5
2771 17 16 8
2772 16 16 6
2773 12 11 5
2774 13 12 6
2775 14 13 5
2776 17 17 5
2777 11 11 5
2778 21 21 7
2779 9 9 5
2780 13 13 7
2781 15 15 7
2782 19 19 7
2783 9 8 4
2784 16 15 7
2785 23 22 8
2786 10 10 6
2787 14 13 5
2788 11 10 6
2789 14 13 7
2790 7 6 5
2791 25 24 8
2792 6 6 6
2793 19 18 6
2794 16 16 8
2795 12 12 8
2796 8 8 4
2797 16 15 7
2798 11 10 6
2799 14 13 5
2800 13 13 5
2801 17 17 7
2802 11 10 4
2803 12 11 5
2804 13 13 5
2805 13 13 7
2806 13 13 7
2807 11 11 5
2808 13 13 5
2809 19 19 9
2810 9 8 4
2811 12 11 5
2812 9 9 5
2813 13 13 5
2814 5 5 5
2815 12 11 5
2816 13 13 7
2817 11 11 5
2818 11 11 7
2819 11 10 6
2820 12 11 5
2821 17 17 7
2822 13 13 5
2823 15 15 5
2824 21 20 4
2825 20 19 5
2826 9 9 5
2827 9 9 5
2828 5 5 5
2829 14 13 9
2830 7 6 5
2831 19 18 6
2832 8 8 4
2833 16 15 7
2834 11 11 5
2835 11 10 4
2836 16 15 5
2837 7 7 7
2838 12 12 6
2839 14 14 8
2840 10 10 6
2841 16 15 5
2842 17 17 7
2843 11 10 4
2844 10 9 5
2845 21 20 6
2846 10 9 5
2847 17 16 6
2848 6 5 4
2849 18 17 5
2850 15 15 5
2851 19 19 5
2852 11 11 7
2853 11 10 4
2854 12 11 5
2855 13 12 6
2856 18 18 10
2857 18 18 6
2858 20 20 6
2859 10 10 6
2860 14 14 4
2861 12 11 5
2862 11 11 7
2863 19 19 7
2864 9 9 5
2865 7 6 5
2866 19 18 8
2867 12 12 6
2868 18 18 4
2869 10 9 5
2870 19 18 6
2871 12 12 6
2872 14 14 6
2873 12 11 5
2874 15 14 6
2875 22 21 5
2876 11 11 7
2877 11 10 6
2878 18 18 6
2879 8 7 6
2880 16 16 8
2881 12 11 5
2882 11 11 5
2883 11 11 5
2884 19 18 8
2885 10 9 5
2886 19 19 9
2887 15 14 6
2888 14 14 6
2889 14 14 8
2890 12 12 4
2891 24 23 5
2892 19 19 5
2893 17 17 5
2894 11 10 6
2895 10 10 4
2896 12 11 7
2897 11 10 6
2898 10 10 6
2899 10 9 5
2900 15 14 6
2901 12 12 6
2902 20 19 7
2903 9 9 5
2904 13 12 6
2905 14 13 5
2906 15 15 5
2907 13 13 7
2908 13 12 6
2909 6 6 6
2910 23 22 6
2911 10 10 4
2912 12 11 5
2913 13 12 6
2914 12 11 5
2915 17 17 5
2916 9 9 5
2917 13 13 5
2918 15 14 6
2919 18 18 4
2920 6 5 4
2921 12 11 5
2922 13 12 4
2923 12 11 7
2924 19 18 8
2925 14 14 4
2926 16 15 5
2927 23 22 6
2928 16 16 6
2929 14 14 4
2930 12 11 7
2931 11 11 5
2932 13 12 6
2933 10 10 6
2934 18 18 6
2935 10 10 4
2936 12 11 7
2937 13 12 6
2938 12 12 6
2939 12 12 6
2940 6 6 6
2941 13 12 6
2942 12 12 4
2943 28 27 7
2944 13 12 4
2945 14 13 5
2946 9 8 4
2947 14 13 7
2948 11 10 4
2949 16 15 5
2950 21 20 6
2951 14 14 4
2952 12 11 5
2953 17 16 6
2954 10 10 6
2955 10 10 4
2956 14 13 5
2957 23 22 6
2958 14 13 5
2959 11 10 4
2960 10 9 5
2961 13 12 4
2962 14 13 7
2963 17 16 6
2964 18 18 4
2965 16 15 5
2966 13 12 4
2967 16 15 5
2968 13 13 5
2969 15 14 4
2970 14 13 5
2971 21 20 4
2972 12 11 5
2973 25 24 4
2974 16 15 5
2975 23 22 4
2976 14 13 5
2977 13 12 4
2978 16 15 5
2979 11 10 4
2980 18 17 5
2981 27 26 6
2982 16 16 4
2983 16 15 5
2984 13 12 4
2985 16 15 5
2986 19 19 5
2987 19 18 4
2988 16 15 5
2989 17 17 5
2990 15 14 4
2991 18 17 5
2992 13 12 4
2993 10 9 5
2994 19 18 4
2995 18 17 5
2996 13 12 6
2997 14 14 6
2998 30 30 6
2999 18 17 5
3000 13 13 5
3001 11 10 4
3002 14 13 7
3003 7 6 5
3004 13 12 6
3005 20 20 6
3006 28 27 11
3007 17 16 8
3008 12 11 5
3009 19 18 4
3010 10 9 5
3011 29 28 10
3012 18 18 8
3013 28 27 13
3014 25 24 6
3015 16 16 4
3016 28 27 9
3017 11 10 4
3018 12 11 5
3019 15 15 5
3020 21 20 4
3021 10 9 5
3022 21 20 6
3023 14 14 6
3024 18 18 6
3025 12 12 4
3026 26 25 7
3027 19 18 6
3028 30 29 7
3029 15 14 6
3030 14 13 7
3031 11 10 6
3032 14 14 4
3033 14 13 5
3034 11 11 5
3035 21 20 4
3036 16 15 5
3037 11 10 4
3038 12 11 5
3039 9 8 4
3040 12 11 7
3041 17 16 4
3042 24 23 5
3043 11 11 5
3044 19 18 6
3045 18 17 7
3046 11 10 6
3047 10 10 6
3048 16 16 6
3049 16 16 6
3050 12 11 7
3051 11 10 4
3052 18 17 7
3053 11 10 4
3054 6 5 4
3055 18 17 5
3056 5 5 5
3057 16 15 5
3058 13 13 7
3059 17 16 6
3060 20 19 7
3061 17 16 6
3062 6 6 6
3063 15 14 4
3064 14 13 5
3065 9 9 5
3066 7 6 5
3067 11 10 6
3068 8 8 4
3069 14 13 9
3070 17 16 4
3071 14 13 7
3072 15 14 4
3073 12 11 5
3074 15 14 6
3075 16 15 7
3076 11 10 4
3077 14 13 7
3078 11 10 4
3079 18 17 5
3080 11 11 5
3081 17 17 5
3082 13 12 4
3083 12 11 7
3084 5 5 5
3085 16 15 5
3086 7 7 7
3087 12 12 6
3088 10 10 4
3089 18 17 5
3090 17 16 6
3091 16 15 5
3092 13 13 5
3093 11 11 5
3094 11 10 6
3095 14 14 8
3096 6 6 6
3097 13 12 6
3098 14 14 6
3099 10 10 4
3100 10 9 5
3101 11 11 7
3102 9 9 5
3103 7 6 5
3104 13 12 6
3105 10 9 5
3106 17 17 5
3107 13 13 7
3108 13 13 7
3109 11 10 6
3110 6 5 4
3111 10 9 5
3112 11 11 7
3113 9 9 5
3114 15 14 6
3115 14 14 6
3116 8 8 4
3117 10 9 5
3118 11 10 6
3119 10 10 6
3120 10 10 6
3121 10 9 5
3122 21 21 5
3123 21 21 5
3124 11 11 5
3125 5 5 5
3126 18 17 9
3127 9 8 4
3128 12 11 5
3129 13 13 5
3130 11 10 6
3131 8 8 4
3132 12 11 5
3133 11 11 5
3134 17 17 9
3135 5 5 5
3136 10 9 5
3137 13 13 7
3138 15 14 6
3139 22 22 4
3140 16 15 5
3141 11 10 4
3142 18 17 7
3143 11 10 6
3144 12 12 6
3145 10 10 4
3146 10 9 5
3147 17 17 5
3148 11 11 7
3149 13 12 6
3150 10 10 6
3151 14 14 6
3152 16 15 5
3153 9 9 5
3154 13 12 4
3155 6 5 4
3156 16 15 5
3157 15 15 5
3158 15 14 6
3159 8 8 8
3160 17 16 6
3161 10 10 6
3162 14 14 6
3163 6 6 6
3164 13 12 4
3165 10 9 5
3166 15 14 6
3167 14 14 6
3168 16 16 6
3169 10 9 5
3170 11 10 6
3171 12 12 6
3172 8 8 4
3173 10 9 5
3174 15 14 8
3175 10 10 6
3176 10 10 6
3177 6 6 6
3178 11 10 6
3179 12 11 7
3180 11 10 6
3181 10 10 4
3182 14 13 5
3183 9 9 5
3184 11 10 4
3185 14 13 7
3186 15 15 7
3187 9 8 7
3188 11 10 6
3189 16 16 6
3190 24 23 5
3191 23 23 5
3192 19 18 4
3193 14 13 5
3194 17 16 6
3195 6 6 6
3196 7 6 5
3197 11 10 6
3198 6 6 6
3199 13 12 6
3200 14 13 5
3201 11 11 5
3202 17 17 7
3203 13 12 4
3204 6 5 4
3205 10 9 5
3206 17 16 6
3207 18 17 7
3208 29 28 4
3209 24 23 5
3210 15 14 6
3211 12 12 4
3212 10 9 5
3213 11 10 4
3214 10 9 5
3215 17 17 5
3216 27 27 5
3217 25 24 4
3218 16 15 5
3219 13 13 5
3220 9 8 4
3221 16 15 5
3222 29 29 5
3223 19 18 6
3224 28 28 4
3225 18 17 5
3226 9 9 5
3227 17 16 4
3228 14 13 5
3229 47 46 4
3230 34 33 5
3231 25 24 4
3232 16 15 5
3233 21 20 4
3234 18 17 5
3235 31 30 6
3236 20 20 4
3237 16 15 5
3238 19 18 4
3239 22 21 5
3240 13 13 5
3241 35 34 4
3242 20 19 5
3243 21 21 5
3244 19 18 6
3245 20 20 6
3246 18 17 5
3247 17 16 4
3248 14 13 5
3249 21 20 4
3250 18 17 5
3251 21 21 5
3252 15 14 4
3253 24 23 5
3254 23 22 6
3255 26 26 6
3256 10 10 4
3257 12 11 5
3258 19 18 6
3259 18 18 6
3260 30 30 8
3261 28 28 6
3262 18 18 6
3263 14 13 5
3264 9 9 5
3265 15 14 6
3266 26 26 6
3267 38 38 12
3268 22 22 8
3269 12 12 4
3270 24 23 7
3271 25 24 4
3272 32 31 5
3273 39 39 5
3274 25 25 5
3275 33 32 6
3276 32 31 5
3277 27 27 5
3278 19 19 5
3279 33 32 8
3280 26 26 4
3281 20 19 5
3282 17 16 4
3283 28 27 9
3284 23 22 4
3285 20 19 5
3286 17 17 5
3287 29 28 10
3288 30 29 5
3289 17 16 6
3290 28 28 6
3291 34 34 8
3292 24 23 9
3293 31 30 6
3294 16 15 5
3295 15 15 5
3296 19 19 5
3297 21 21 7
3298 17 17 5
3299 31 30 8
3300 18 18 6
3301 22 21 5
3302 27 27 5
3303 17 16 6
3304 16 16 4
3305 16 15 5
3306 13 12 4
3307 12 11 5
3308 17 16 6
3309 12 12 6
3310 20 20 4
3311 14 13 7
3312 21 20 6
3313 24 23 5
3314 17 16 6
3315 26 26 6
3316 22 22 4
3317 12 11 5
3318 21 20 8
3319 14 14 4
3320 18 17 5
3321 21 20 4
3322 16 15 7
3323 19 18 4
3324 18 17 5
3325 25 24 4
3326 16 15 5
3327 13 12 6
3328 18 18 4
3329 16 15 5
3330 23 22 4
3331 14 13 5
3332 19 18 4
3333 20 19 5
3334 35 34 8
3335 14 14 4
3336 24 23 7
3337 15 15 5
3338 19 18 4
3339 16 15 5
3340 29 28 6
3341 10 10 4
3342 18 17 5
3343 25 24 4
3344 18 17 5
3345 17 16 4
3346 16 15 5
3347 19 19 5
3348 23 22 6
3349 16 16 4
3350 22 21 5
3351 21 21 5
3352 15 15 5
3353 19 19 5
3354 19 18 6
3355 22 22 6
3356 12 12 4
3357 22 21 5
3358 25 24 4
3359 20 19 5
3360 19 18 4
3361 20 19 5
3362 13 12 4
3363 14 13 5
3364 25 25 5
3365 27 26 4
3366 24 23 5
3367 19 18 4
3368 32 31 5
3369 21 21 5
3370 25 25 5
3371 29 28 4
3372 30 29 5
3373 15 14 4
3374 18 17 5
3375 29 28 6
3376 38 38 8
3377 20 20 6
3378 24 23 5
3379 45 44 6
3380 26 26 4
3381 24 23 5
3382 23 23 7
3383 27 26 4
3384 16 15 5
3385 41 40 8
3386 24 24 4
3387 24 23 5
3388 19 18 6
3389 20 20 6
3390 22 21 5
3391 11 10 4
3392 38 37 7
3393 19 18 4
3394 30 29 5
3395 17 17 5
3396 21 21 5
3397 21 20 4
3398 24 23 5
3399 17 17 5
3400 23 22 6
3401 18 17 5
3402 17 17 5
3403 11 10 4
3404 28 27 5
3405 21 21 5
3406 35 35 7
3407 25 25 5
3408 21 21 7
3409 23 22 4
3410 14 13 5
3411 13 13 5
3412 15 14 6
3413 20 20 6
3414 22 21 5
3415 21 21 5
3416 11 11 5
3417 19 18 6
3418 32 31 5
3419 19 19 5
3420 39 39 5
3421 23 23 7
3422 17 16 6
3423 16 16 4
3424 20 19 5
3425 33 32 4
3426 26 25 5
3427 25 24 6
3428 30 30 4
3429 20 19 5
3430 23 22 4
3431 40 39 5
3432 13 13 5
3433 31 30 4
3434 22 21 5
3435 19 18 6
3436 14 14 4
3437 28 27 5
3438 23 22 4
3439 22 21 5
3440 19 18 6
3441 22 22 4
3442 18 17 5
3443 17 16 6
3444 26 26 6
3445 26 26 6
3446 20 20 4
3447 14 13 5
3448 19 18 4
3449 28 27 5
3450 23 22 4
3451 34 33 7
3452 23 22 4
3453 24 23 5
3454 23 22 4
3455 20 19 5
3456 27 26 6
3457 22 22 4
3458 22 21 5
3459 31 30 4
3460 30 29 5
3461 23 22 6
3462 20 19 5
3463 17 16 6
3464 18 18 4
3465 30 29 5
3466 19 18 4
3467 38 37 5
3468 35 34 6
3469 28 28 4
3470 30 29 5
3471 29 28 4
3472 24 23 5
3473 37 37 5
3474 35 35 5
3475 27 26 4
3476 22 21 5
3477 25 24 4
3478 22 21 5
3479 27 27 5
3480 35 35 5
3481 21 20 4
3482 30 29 5
3483 21 20 6
3484 26 26 4
3485 14 13 5
3486 17 16 4
3487 20 19 5
3488 21 20 6
3489 32 32 4
3490 20 19 5
3491 9 8 4
3492 16 15 5
3493 25 25 5
3494 21 21 5
3495 15 14 4
3496 12 11 5
3497 13 13 5
3498 13 12 4
3499 12 11 5
3500 17 16 6
3501 10 10 4
3502 22 21 5
3503 17 16 6
3504 18 18 6
3505 14 14 4
3506 24 23 5
3507 11 10 6
3508 20 20 6
3509 6 6 6
3510 9 9 5
3511 13 13 5
3512 15 14 6
3513 8 8 4
3514 18 17 5
3515 21 21 5
3516 15 15 5
3517 23 22 4
3518 20 19 5
3519 13 12 4
3520 14 13 5
3521 9 9 5
3522 19 19 7
3523 15 14 8
3524 18 18 4
3525 12 11 5
3526 19 18 4
3527 20 19 7
3528 13 13 5
3529 17 16 6
3530 18 17 5
3531 19 19 5
3532 17 17 5
3533 11 11 5
3534 17 17 5
3535 9 8 4
3536 24 23 7
3537 11 10 4
3538 20 19 7
3539 17 16 6
3540 18 18 6
3541 18 18 4
3542 10 9 5
3543 17 17 5
3544 9 8 4
3545 24 23 5
3546 19 19 5
3547 13 13 5
3548 9 8 4
3549 16 15 5
3550 17 16 6
3551 16 16 4
3552 24 23 7
3553 21 20 4
3554 16 15 5
3555 19 19 5
3556 13 12 4
3557 18 17 5
3558 7 7 7
3559 10 10 4
3560 22 21 5
3561 21 20 4
3562 20 19 5
3563 15 14 6
3564 20 19 5
3565 9 8 4
3566 8 7 6
3567 18 18 6
3568 24 24 6
3569 24 24 6
3570 12 11 5
3571 35 34 6
3572 26 26 4
3573 16 15 5
3574 13 12 4
3575 18 17 5
3576 25 24 6
3577 24 24 4
3578 14 13 5
3579 19 18 4
3580 16 15 5
3581 23 22 4
3582 26 25 5
3583 19 18 4
3584 18 17 5
3585 23 22 4
3586 24 23 5
3587 19 18 4
3588 36 35 5
3589 19 18 4
3590 26 25 5
3591 19 18 4
3592 24 23 5
3593 19 19 5
3594 23 23 5
3595 23 22 4
3596 18 17 5
3597 11 10 4
3598 18 17 5
3599 15 14 4
3600 22 21 5
3601 27 26 6
3602 24 23 11
3603 15 14 4
3604 20 19 5
3605 25 25 5
3606 21 20 6
3607 24 24 8
3608 30 30 6
3609 20 19 5
3610 19 19 5
3611 15 15 5
3612 19 18 4
3613 24 23 7
3614 13 13 5
3615 17 17 5
3616 17 17 5
3617 19 18 6
3618 20 20 4
3619 28 27 7
3620 15 15 5
3621 21 21 5
3622 21 21 5
3623 9 8 4
3624 18 17 5
3625 13 12 4
3626 18 17 5
3627 11 10 4
3628 28 27 7
3629 15 15 5
3630 27 26 4
3631 16 15 5
3632 25 24 4
3633 18 17 5
3634 27 26 6
3635 8 8 4
3636 36 35 9
3637 15 14 4
3638 18 17 5
3639 15 15 5
3640 21 20 6
3641 16 15 5
3642 15 14 6
3643 26 26 6
3644 14 14 6
3645 22 21 7
3646 17 17 5
3647 19 18 8
3648 18 17 5
3649 11 11 5
3650 17 16 6
3651 18 18 10
3652 12 11 5
3653 17 17 5
3654 15 14 6
3655 12 12 4
3656 12 11 5
3657 17 16 4
3658 16 15 5
3659 21 21 5
3660 17 16 4
3661 14 13 5
3662 13 12 4
3663 12 11 5
3664 15 14 6
3665 16 15 5
3666 15 15 5
3667 17 16 6
3668 10 10 6
3669 10 10 4
3670 6 5 4
3671 16 15 5
3672 11 11 5
3673 17 17 7
3674 15 15 5
3675 21 20 6
3676 20 20 4
3677 16 15 5
3678 23 22 6
3679 20 20 6
3680 14 14 6
3681 18 18 4
3682 10 9 5
3683 19 19 5
3684 11 10 6
3685 16 16 6
3686 10 10 6
3687 16 16 6
3688 18 18 4
3689 18 17 7
3690 15 14 4
3691 18 17 5
3692 19 18 6
3693 10 10 4
3694 18 17 7
3695 25 24 6
3696 22 22 4
3697 16 15 5
3698 11 11 5
3699 9 8 4
3700 20 19 5
3701 17 16 6
3702 16 16 6
3703 20 20 6
3704 8 8 4
3705 14 13 7
3706 15 14 4
3707 12 11 5
3708 15 15 5
3709 19 18 4
3710 20 19 5
3711 7 6 5
3712 17 16 6
3713 10 9 5
3714 11 10 4
3715 6 5 4
3716 16 15 7
3717 13 12 6
3718 16 16 6
3719 14 14 6
3720 16 15 5
3721 17 16 6
3722 12 12 4
3723 12 11 5
3724 11 11 5
3725 9 9 5
3726 13 12 4
3727 8 7 6
3728 14 13 7
3729 9 9 5
3730 13 12 4
3731 18 17 5
3732 11 11 5
3733 13 13 5
3734 21 20 6
3735 14 14 6
3736 12 12 6
3737 12 12 6
3738 14 13 5
3739 15 15 5
3740 17 17 5
3741 17 16 4
3742 22 21 5
3743 13 12 4
3744 16 15 7
3745 13 12 4
3746 16 15 5
3747 7 6 5
3748 19 18 6
3749 16 16 6
3750 20 19 7
3751 15 14 4
3752 24 23 5
3753 13 12 4
3754 14 13 5
3755 11 10 4
3756 14 13 7
3757 17 16 6
3758 18 18 4
3759 10 9 5
3760 25 24 6
3761 12 12 6
3762 20 19 5
3763 19 18 4
3764 26 25 5
3765 17 17 5
3766 13 12 6
3767 20 19 5
3768 19 18 6
3769 18 17 5
3770 11 10 6
3771 10 9 5
3772 13 13 5
3773 11 11 5
3774 11 10 6
3775 14 13 5
3776 13 12 6
3777 14 14 6
3778 22 22 8
3779 14 13 5
3780 11 10 4
3781 14 13 5
3782 11 11 5
3783 21 20 6
3784 18 17 5
3785 17 16 4
3786 14 13 5
3787 13 13 5
3788 13 12 4
3789 10 9 5
3790 17 16 4
3791 20 19 5
3792 13 12 4
3793 12 11 5
3794 15 15 5
3795 15 14 6
3796 10 10 6
3797 20 20 6
3798 24 24 4
3799 18 17 5
3800 23 22 6
3801 12 12 4
3802 14 13 5
3803 19 18 4
3804 20 19 5
3805 15 14 4
3806 12 11 5
3807 15 14 4
3808 14 13 5
3809 23 22 4
3810 20 19 5
3811 15 14 6
3812 18 18 4
3813 10 9 5
3814 9 8 4
3815 24 23 5
3816 17 16 4
3817 16 15 5
3818 19 18 6
3819 16 16 4
3820 16 15 5
3821 27 26 6
3822 22 22 4
3823 18 17 5
3824 13 13 5
3825 33 32 4
3826 20 19 5
3827 19 18 4
3828 24 23 5
3829 15 14 6
3830 18 18 6
3831 28 28 4
3832 38 37 5
3833 25 24 6
3834 14 14 4
3835 30 29 5
3836 21 21 5
3837 17 16 4
3838 26 25 5
3839 15 14 4
3840 20 19 5
3841 17 16 4
3842 28 27 7
3843 15 14 4
3844 34 33 7
3845 25 25 5
3846 35 34 4
3847 24 23 5
3848 25 24 4
3849 14 13 5
3850 15 14 4
3851 34 33 5
3852 35 34 6
3853 20 20 4
3854 22 21 5
3855 23 22 4
3856 26 25 5
3857 21 20 4
3858 26 25 5
3859 13 12 4
3860 26 25 5
3861 33 33 9
3862 17 16 4
3863 16 15 5
3864 27 27 5
3865 23 23 7
3866 35 34 8
3867 14 14 6
3868 28 28 8
3869 18 17 5
3870 23 22 6
3871 18 18 8
3872 16 16 4
3873 16 15 5
3874 37 37 7
3875 27 27 11
3876 15 14 4
3877 12 11 5
3878 57 56 12
3879 26 26 4
3880 18 17 5
3881 15 14 4
3882 18 17 5
3883 13 12 6
3884 8 8 4
3885 24 23 7
3886 29 28 8
3887 26 26 10
3888 20 19 5
3889 31 31 9
3890 11 11 5
3891 19 19 5
3892 15 15 5
3893 17 17 5
3894 27 27 11
3895 21 20 8
3896 8 8 4
3897 26 25 9
3898 17 17 5
3899 13 13 5
3900 13 13 5
3901 15 15 5
3902 11 11 5
3903 25 25 7
3904 15 14 6
3905 16 16 8
3906 14 14 4
3907 26 25 5
3908 15 15 7
3909 15 14 8
3910 20 20 10
3911 24 23 9
3912 15 14 6
3913 18 18 8
3914 14 14 6
3915 26 26 8
3916 12 11 5
3917 19 18 6
3918 12 12 6
3919 20 19 7
3920 17 16 6
3921 10 10 4
3922 14 13 7
3923 9 8 4
3924 18 17 7
3925 25 24 8
3926 20 19 5
3927 13 12 4
3928 10 9 5
3929 19 19 7
3930 19 18 6
3931 18 18 8
3932 18 18 6
3933 16 16 6
3934 16 15 5
3935 13 13 5
3936 7 6 5
3937 19 18 6
3938 18 18 4
3939 10 9 5
3940 13 12 6
3941 10 9 5
3942 13 12 4
3943 12 11 7
3944 13 12 6
3945 18 18 6
3946 12 11 5
3947 15 14 4
3948 26 25 9
3949 13 12 6
3950 20 20 6
3951 10 9 5
3952 17 17 7
3953 11 11 5
3954 11 10 4
3955 8 7 6
3956 14 14 4
3957 16 15 5
3958 15 14 6
3959 16 16 6
3960 18 18 6
3961 20 19 7
3962 15 14 6
3963 12 12 4
3964 14 13 5
3965 13 13 5
3966 17 16 4
3967 16 15 5
3968 13 13 5
3969 11 11 5
3970 13 12 4
3971 24 23 5
3972 13 12 4
3973 18 17 5
3974 21 21 5
3975 17 17 5
3976 27 27 9
3977 13 12 6
3978 32 31 7
3979 21 20 6
3980 16 16 6
3981 14 14 4
3982 18 17 5
3983 15 14 4
3984 10 9 5
3985 11 11 5
3986 21 20 8
3987 16 16 6
3988 22 21 5
3989 15 15 5
3990 19 19 5
3991 11 10 4
3992 14 13 5
3993 13 12 6
3994 12 12 6
3995 18 18 4
3996 16 15 5
3997 11 11 5
3998 21 21 5
3999 15 15 5
4000 17 17 5
4001 11 10 4
4002 16 15 5
4003 19 19 5
4004 19 19 5
4005 11 11 5
4006 19 19 7
4007 9 9 5
4008 25 24 4
4009 18 17 5
4010 13 13 5
4011 13 12 6
4012 14 14 4
4013 12 11 5
4014 21 20 6
4015 14 14 4
4016 18 17 5
4017 17 16 4
4018 16 15 5
4019 17 16 6
4020 14 13 5
4021 13 13 5
4022 27 27 5
4023 9 8 4
4024 18 17 5
4025 19 19 7
4026 13 12 6
4027 18 18 4
4028 16 15 7
4029 15 15 5
4030 11 10 4
4031 16 15 5
4032 7 6 5
4033 11 10 6
4034 16 16 4
4035 18 17 5
4036 21 21 5
4037 13 12 4
4038 20 19 5
4039 15 14 4
4040 24 23 7
4041 13 12 4
4042 14 13 5
4043 13 13 5
4044 11 11 5
4045 23 22 6
4046 18 18 8
4047 16 16 6
4048 16 16 6
4049 20 19 5
4050 19 19 5
4051 23 22 6
4052 16 16 6
4053 16 16 4
4054 16 15 7
4055 15 14 4
4056 8 7 6
4057 16 16 6
4058 10 9 5
4059 13 12 4
4060 10 9 5
4061 11 11 7
4062 21 20 8
4063 10 9 5
4064 9 9 5
4065 17 17 7
4066 21 20 6
4067 10 10 6
4068 14 14 6
4069 18 18 6
4070 6 6 6
4071 11 11 5
4072 7 6 5
4073 13 12 6
4074 14 13 7
4075 11 11 5
4076 17 17 7
4077 11 10 4
4078 16 15 5
4079 15 15 5
4080 11 11 5
4081 27 27 9
4082 13 12 6
4083 14 14 6
4084 12 11 5
4085 11 11 7
4086 13 13 5
4087 19 19 7
4088 11 11 5
4089 9 8 4
4090 14 13 7
4091 7 6 5
4092 11 11 5
4093 25 25 9
4094 15 15 5
4095 15 15 7
4096 15 14 4
4097 14 13 5
4098 13 13 5
4099 9 9 5
4100 11 11 5
4101 7 7 7
4102 16 16 8
4103 14 13 5
4104 9 9 5
4105 11 10 4
4106 12 11 5
4107 5 5 5
4108 18 17 7
4109 9 8 4
4110 24 23 7
4111 13 12 6
4112 10 9 5
4113 11 10 4
4114 10 9 5
4115 5 5 5
4116 22 21 9
4117 9 8 4
4118 16 15 5
4119 15 15 7
4120 15 15 7
4121 17 16 6
4122 12 12 6
4123 14 13 5
4124 17 16 8
4125 10 9 5
4126 13 12 6
4127 14 13 5
4128 15 15 9
4129 7 6 5
4130 19 18 6
4131 6 6 6
4132 17 16 4
4133 14 13 5
4134 21 21 9
4135 9 8 4
4136 12 11 5
4137 15 14 6
4138 14 13 7
4139 11 10 4
4140 10 9 5
4141 11 10 6
4142 20 20 8
4143 12 12 6
4144 20 19 5
4145 13 12 8
4146 14 14 4
4147 16 15 7
4148 11 10 6
4149 16 15 5
4150 11 11 5
4151 17 17 5
4152 13 12 4
4153 16 15 5
4154 9 9 5
4155 23 23 7
4156 7 7 7
4157 16 16 6
4158 14 14 8
4159 16 16 6
4160 16 15 5
4161 13 12 6
4162 8 8 4
4163 12 11 5
4164 15 14 6
4165 10 10 4
4166 14 13 5
4167 9 9 5
4168 13 12 6
4169 12 12 6
4170 6 5 4
4171 22 21 5
4172 13 12 4
4173 14 13 5
4174 15 15 5
4175 13 13 5
4176 11 10 4
4177 16 15 7
4178 5 5 5
4179 14 13 7
4180 13 13 5
4181 11 11 5
4182 19 18 4
4183 10 9 5
4184 15 15 5
4185 13 12 6
4186 6 5 4
4187 16 15 7
4188 15 14 4
4189 20 19 5
4190 15 15 5
4191 19 18 4
4192 10 9 5
4193 11 10 6
4194 8 8 4
4195 14 13 7
4196 27 26 4
4197 34 33 5
4198 13 12 4
4199 12 11 5
4200 11 10 4
4201 12 11 5
4202 17 16 4
4203 34 33 5
4204 29 28 4
4205 22 21 5
4206 9 8 4
4207 12 11 5
4208 25 24 6
4209 14 14 4
4210 38 37 5
4211 21 20 4
4212 16 15 5
4213 17 16 6
4214 34 33 5
4215 9 8 4
4216 14 13 5
4217 15 14 4
4218 20 19 5
4219 23 22 6
4220 28 27 11
4221 25 24 4
4222 20 19 5
4223 19 19 5
4224 27 26 6
4225 26 25 7
4226 23 22 6
4227 34 34 10
4228 22 22 6
4229 22 21 9
4230 29 28 6
4231 16 16 6
4232 30 30 8
4233 40 39 7
4234 29 29 9
4235 15 15 7
4236 19 18 6
4237 24 24 4
4238 26 25 13
4239 27 26 8
4240 22 22 10
4241 20 20 6
4242 28 27 5
4243 17 17 5
4244 13 12 4
4245 28 27 9
4246 21 21 5
4247 29 29 9
4248 17 17 5
4249 11 10 4
4250 22 21 5
4251 17 16 6
4252 20 20 6
4253 12 12 6
4254 22 22 6
4255 24 23 11
4256 15 14 6
4257 14 14 4
4258 18 17 5
4259 17 16 6
4260 12 12 6
4261 18 18 6
4262 32 31 9
4263 25 24 10
4264 22 21 5
4265 29 29 5
4266 19 19 5
4267 17 16 8
4268 24 23 9
4269 21 21 5
4270 21 20 4
4271 18 17 5
4272 23 22 6
4273 26 26 8
4274 24 23 7
4275 21 21 9
4276 27 26 10
4277 26 26 6
4278 42 41 13
4279 27 26 6
4280 20 19 5
4281 23 22 4
4282 28 27 7
4283 21 20 6
4284 22 21 5
4285 19 18 6
4286 26 26 6
4287 16 15 5
4288 21 21 7
4289 25 25 7
4290 25 25 7
4291 29 28 6
4292 32 31 11
4293 13 12 6
4294 22 21 5
4295 19 18 8
4296 20 20 6
4297 24 23 9
4298 11 11 5
4299 9 8 4
4300 38 37 9
4301 11 11 5
4302 13 13 5
4303 17 17 5
4304 19 18 6
4305 14 14 4
4306 10 9 5
4307 11 10 4
4308 20 19 5
4309 17 16 4
4310 14 13 5
4311 15 14 6
4312 14 14 4
4313 12 11 5
4314 19 18 6
4315 10 10 6
4316 10 10 6
4317 12 12 4
4318 18 17 5
4319 19 19 5
4320 5 5 5
4321 18 17 7
4322 11 10 4
4323 14 13 7
4324 15 14 4
4325 16 15 5
4326 11 10 4
4327 18 17 5
4328 11 10 6
4329 14 14 6
4330 6 6 6
4331 19 19 7
4332 25 24 4
4333 20 19 5
4334 13 13 5
4335 13 13 5
4336 15 15 7
4337 9 8 4
4338 6 5 4
4339 16 15 5
4340 13 12 6
4341 20 20 6
4342 14 14 4
4343 16 15 5
4344 13 12 6
4345 16 16 4
4346 18 17 5
4347 17 16 6
4348 16 16 6
4349 12 11 7
4350 13 12 6
4351 18 18 4
4352 16 15 5
4353 17 17 7
4354 13 12 4
4355 22 21 7
4356 11 10 6
4357 16 16 4
4358 12 11 5
4359 19 18 6
4360 20 20 4
4361 28 27 5
4362 15 14 4
4363 20 19 5
4364 7 6 5
4365 15 15 5
4366 11 11 5
4367 21 20 6
4368 10 9 5
4369 11 10 6
4370 22 22 6
4371 20 20 4
4372 14 13 5
4373 13 12 4
4374 10 9 5
4375 19 18 4
4376 6 5 4
4377 16 15 7
4378 17 16 4
4379 18 17 7
4380 5 5 5
4381 20 19 5
4382 17 16 6
4383 14 14 6
4384 6 6 6
4385 13 12 4
4386 14 13 5
4387 13 13 5
4388 13 12 6
4389 12 12 6
4390 18 18 6
4391 10 9 5
4392 15 15 5
4393 15 14 6
4394 14 14 6
4395 12 11 5
4396 15 14 4
4397 16 15 5
4398 9 9 5
4399 15 14 4
4400 22 21 7
4401 11 10 4
4402 12 11 5
4403 11 11 7
4404 11 10 4
4405 6 5 4
4406 10 9 5
4407 25 24 8
4408 12 12 4
4409 12 11 5
4410 13 12 4
4411 6 5 4
4412 18 17 7
4413 7 6 5
4414 15 14 6
4415 14 13 5
4416 17 16 6
4417 14 13 5
4418 17 17 5
4419 7 6 5
4420 11 10 6
4421 8 8 4
4422 22 21 5
4423 15 14 4
4424 24 23 7
4425 11 10 4
4426 10 9 5
4427 15 15 5
4428 17 16 6
4429 12 12 4
4430 10 9 5
4431 13 13 5
4432 15 14 6
4433 14 13 5
4434 21 20 6
4435 10 9 5
4436 19 18 8
4437 16 16 4
4438 14 13 5
4439 7 6 5
4440 13 12 6
4441 14 14 6
4442 20 20 4
4443 20 19 7
4444 15 14 6
4445 8 8 4
4446 22 21 5
4447 11 11 5
4448 13 12 6
4449 10 9 5
4450 11 10 4
4451 14 13 5
4452 9 9 5
4453 13 13 5
4454 17 17 5
4455 15 14 4
4456 16 15 5
4457 11 10 4
4458 16 15 5
4459 9 9 5
4460 25 24 6
4461 12 11 5
4462 15 14 4
4463 10 9 5
4464 13 12 8
4465 18 18 6
4466 22 22 6
4467 12 11 5
4468 11 11 5
4469 23 22 6
4470 16 16 6
4471 18 18 6
4472 18 18 6
4473 20 19 5
4474 13 12 6
4475 16 16 4
4476 14 13 5
4477 15 14 6
4478 18 18 6
4479 26 26 4
4480 22 21 5
4481 19 18 4
4482 18 17 5
4483 17 16 4
4484 26 25 7
4485 17 16 4
4486 14 13 5
4487 17 16 4
4488 22 21 5
4489 15 14 4
4490 18 17 5
4491 27 27 5
4492 47 46 4
4493 28 27 5
4494 15 14 4
4495 20 19 5
4496 21 20 4
4497 22 21 5
4498 37 36 4
4499 34 33 7
4500 19 18 4
4501 18 17 5
4502 25 24 4
4503 20 19 7
4504 23 22 4
4505 24 23 5
4506 15 14 4
4507 20 19 5
4508 25 24 4
4509 22 21 5
4510 15 14 4
4511 24 23 5
4512 25 24 4
4513 14 13 5
4514 17 16 6
4515 18 18 6
4516 16 16 4
4517 20 19 5
4518 27 27 7
4519 21 20 6
4520 14 13 5
4521 35 35 7
4522 25 25 9
4523 21 20 6
4524 36 36 4
4525 20 19 5
4526 23 22 6
4527 20 19 7
4528 19 18 8
4529 20 20 4
4530 20 19 5
4531 19 18 6
4532 22 22 6
4533 30 30 6
4534 24 23 5
4535 49 48 10
4536 20 20 4
4537 16 15 5
4538 9 8 4
4539 20 19 5
4540 19 19 5
4541 23 22 4
4542 32 31 5
4543 23 23 5
4544 15 14 4
4545 16 15 7
4546 17 16 4
4547 20 19 5
4548 31 30 6
4549 26 25 7
4550 19 18 6
4551 20 20 6
4552 22 21 5
4553 29 28 4
4554 26 25 5
4555 25 24 6
4556 32 32 10
4557 20 20 8
4558 18 18 4
4559 18 17 7
4560 15 15 5
4561 19 18 8
4562 28 28 14
4563 16 16 6
4564 28 28 4
4565 14 13 5
4566 37 37 11
4567 17 16 6
4568 32 32 8
4569 16 16 4
4570 16 15 7
4571 13 12 4
4572 24 23 9
4573 13 12 6
4574 20 20 6
4575 14 14 4
4576 42 41 13
4577 31 30 10
4578 16 16 6
4579 14 14 4
4580 16 15 5
4581 13 12 6
4582 16 15 5
4583 15 14 4
4584 22 21 5
4585 13 12 4
4586 28 27 7
4587 7 6 5
4588 19 18 6
4589 18 18 6
4590 18 17 7
4591 11 10 4
4592 24 23 5
4593 21 20 6
4594 14 14 4
4595 12 11 5
4596 19 19 7
4597 17 16 4
4598 24 23 7
4599 25 25 5
4600 17 16 4
4601 18 17 5
4602 13 12 6
4603 6 6 6
4604 19 18 8
4605 10 10 6
4606 28 28 6
4607 10 10 6
4608 18 18 8
4609 16 16 6
4610 12 12 4
4611 12 11 5
4612 15 15 7
4613 11 10 4
4614 14 13 5
4615 19 19 5
4616 15 15 5
4617 11 11 5
4618 19 18 6
4619 12 12 6
4620 26 26 10
4621 10 10 4
4622 18 17 5
4623 11 11 5
4624 15 15 5
4625 9 9 5
4626 13 13 7
4627 15 14 8
4628 6 6 6
4629 13 12 6
4630 12 11 7
4631 19 18 6
4632 8 8 4
4633 12 11 5
4634 11 11 5
4635 15 14 6
4636 12 11 5
4637 19 18 6
4638 14 14 4
4639 28 27 9
4640 15 14 4
4641 22 21 7
4642 17 16 4
4643 18 17 5
4644 5 5 5
4645 12 11 5
4646 15 14 6
4647 12 12 4
4648 12 11 5
4649 15 14 6
4650 22 22 6
4651 12 11 5
4652 11 11 5
4653 15 14 8
4654 12 12 6
4655 12 12 4
4656 14 13 5
4657 13 12 6
4658 12 12 6
4659 14 14 6
4660 20 20 8
4661 12 11 5
4662 15 15 7
4663 11 10 6
4664 10 10 4
4665 20 19 7
4666 13 13 5
4667 19 18 6
4668 14 14 8
4669 16 15 5
4670 5 5 5
4671 14 13 7
4672 15 14 6
4673 16 16 6
4674 10 10 6
4675 12 11 5
4676 7 6 5
4677 19 18 6
4678 14 13 7
4679 15 15 7
4680 13 12 6
4681 6 6 6
4682 13 12 6
4683 12 11 5
4684 15 15 5
4685 17 17 9
4686 9 9 5
4687 23 22 4
4688 14 13 5
4689 13 12 4
4690 22 21 5
4691 17 16 6
4692 10 10 6
4693 10 10 6
4694 16 16 6
4695 20 19 5
4696 17 17 5
4697 5 5 5
4698 24 23 7
4699 21 20 8
4700 12 11 5
4701 9 8 4
4702 16 15 5
4703 9 9 5
4704 13 12 6
4705 12 11 5
4706 17 17 7
4707 11 10 6
4708 10 10 4
4709 12 11 5
4710 25 24 8
4711 8 8 4
4712 20 19 5
4713 23 22 6
4714 20 20 8
4715 14 14 4
4716 18 17 5
4717 9 8 4
4718 6 5 4
4719 14 13 5
4720 11 11 5
4721 15 15 5
4722 13 12 6
4723 16 15 5
4724 15 14 4
4725 14 13 5
4726 13 12 4
4727 18 17 5
4728 13 13 5
4729 13 12 6
4730 10 10 6
4731 12 12 4
4732 12 11 7
4733 9 8 4
4734 10 9 5
4735 17 16 6
4736 22 22 6
4737 6 6 6
4738 13 12 6
4739 8 8 4
4740 8 7 6
4741 16 16 6
4742 16 15 5
4743 13 12 6
4744 6 6 6
4745 17 16 4
4746 14 13 7
4747 15 14 6
4748 6 6 6
4749 25 24 8
4750 14 13 5
4751 15 14 6
4752 14 14 4
4753 12 11 7
4754 9 8 4
4755 12 11 7
4756 7 6 5
4757 13 13 5
4758 13 12 6
4759 16 15 7
4760 9 9 5
4761 15 14 6
4762 8 8 4
4763 12 11 5
4764 13 13 7
4765 15 14 6
4766 8 8 4
4767 14 13 5
4768 11 10 6
4769 6 6 6
4770 17 16 8
4771 14 14 6
4772 14 14 4
4773 18 17 9
4774 9 8 4
4775 14 13 5
4776 13 13 5
4777 11 11 5
4778 21 20 10
4779 14 14 6
4780 10 9 5
4781 13 12 4
4782 16 15 5
4783 13 13 5
4784 11 11 5
4785 17 16 6
4786 14 14 6
4787 18 17 5
4788 15 15 7
4789 17 16 6
4790 18 18 6
4791 6 6 6
4792 17 16 6
4793 6 6 6
4794 11 10 6
4795 10 10 4
4796 14 13 7
4797 15 14 6
4798 12 11 5
4799 5 5 5
4800 16 15 7
4801 11 10 4
4802 18 17 5
4803 21 21 5
4804 13 12 6
4805 14 14 6
4806 16 16 6
4807 10 10 4
4808 10 9 5
4809 17 16 6
4810 8 8 4
4811 6 5 4
4812 14 13 7
4813 11 10 6
4814 10 9 5
4815 9 8 4
4816 16 15 5
4817 17 17 7
4818 23 22 8
4819 18 18 6
4820 10 10 6
4821 8 8 4
4822 16 15 7
4823 11 10 6
4824 14 14 8
4825 8 8 4
4826 14 13 5
4827 13 12 6
4828 12 12 6
4829 16 15 7
4830 7 6 5
4831 9 8 4
4832 14 13 7
4833 13 12 6
4834 10 9 5
4835 9 9 5
4836 11 11 5
4837 21 21 7
4838 13 12 6
4839 20 19 7
4840 15 14 4
4841 18 17 5
4842 13 12 6
4843 18 17 7
4844 11 10 4
4845 12 11 5
4846 15 14 8
4847 16 16 6
4848 20 19 5
4849 11 11 5
4850 17 16 4
4851 12 11 5
4852 13 13 5
4853 13 12 6
4854 24 24 6
4855 18 18 4
4856 12 11 5
4857 17 16 6
4858 28 28 4
4859 16 15 5
4860 27 26 4
4861 14 13 5
4862 9 8 4
4863 24 23 5
4864 17 16 4
4865 18 17 5
4866 13 12 4
4867 14 13 5
4868 19 19 7
4869 19 18 8
4870 16 16 4
4871 12 11 5
4872 7 6 5
4873 21 20 8
4874 26 26 4
4875 10 9 5
4876 15 14 6
4877 16 15 5
4878 17 16 6
4879 18 18 6
4880 18 17 5
4881 21 20 8
4882 18 18 8
4883 14 13 5
4884 11 11 5
4885 13 12 6
4886 10 10 4
4887 18 17 7
4888 9 8 4
4889 12 11 5
4890 13 12 6
4891 12 12 4
4892 14 13 5
4893 17 17 5
4894 17 16 6
4895 10 10 4
4896 26 25 5
4897 11 11 5
4898 15 14 6
4899 6 6 6
4900 17 16 4
4901 14 13 5
4902 13 12 6
4903 14 13 5
4904 19 19 5
4905 13 12 4
4906 14 13 5
4907 11 10 6
4908 14 14 6
4909 14 14 6
4910 20 20 8
4911 20 20 4
4912 20 19 5
4913 11 10 4
4914 14 13 5
4915 17 17 5
4916 15 15 5
4917 17 17 5
4918 15 14 4
4919 16 15 5
4920 9 8 4
4921 12 11 5
4922 9 9 5
4923 5 5 5
4924 18 17 7
4925 13 12 4
4926 12 11 5
4927 9 9 5
4928 7 6 5
4929 13 13 7
4930 11 11 5
4931 13 13 5
4932 19 18 6
4933 10 10 4
4934 10 9 5
4935 13 12 6
4936 8 8 4
4937 18 17 7
4938 17 16 8
4939 20 19 5
4940 13 12 4
4941 12 11 5
4942 13 13 5
4943 13 12 6
4944 12 12 6
4945 10 10 6
4946 12 12 4
4947 18 17 5
4948 9 8 4
4949 16 15 5
4950 19 19 5
4951 11 10 4
4952 12 11 5
4953 13 12 4
4954 20 19 5
4955 17 16 6
4956 8 8 4
4957 14 13 5
4958 13 13 5
4959 19 19 7
4960 11 10 4
4961 18 17 5
4962 15 14 6
4963 12 12 6
4964 6 6 6
4965 19 18 4
4966 12 11 5
4967 15 14 6
4968 10 10 6
4969 18 18 6
4970 10 10 4
4971 14 13 5
4972 7 6 5
4973 13 13 5
4974 19 19 5
4975 17 16 6
4976 12 12 4
4977 22 21 5
4978 9 8 4
4979 12 11 5
4980 11 11 5
4981 17 16 6
4982 16 16 6
4983 16 16 4
4984 16 15 5
4985 13 13 5
4986 7 6 5
4987 15 14 6
4988 14 13 5
4989 11 10 4
4990 6 5 4
4991 22 21 9
4992 7 6 5
4993 15 14 4
4994 22 21 9
4995 11 10 6
4996 12 12 4
4997 18 17 5
4998 7 7 7
4999 12 11 7
