0 30 29 5
1 17 17 7
2 15 14 6
3 6 6 6
4 13 12 6
5 16 16 6
6 14 14 6
7 16 16 4
8 32 31 7
9 25 25 5
10 23 23 9
11 25 24 6
12 18 17 5
13 15 14 8
14 10 10 6
15 24 24 6
16 20 19 5
17 23 23 5
18 9 8 4
19 12 11 7
20 13 12 4
21 16 15 5
22 17 16 6
23 14 14 4
24 22 21 5
25 25 24 6
26 20 20 4
27 16 15 5
28 21 20 6
29 24 24 6
30 12 12 4
31 16 15 5
32 21 20 6
33 22 22 6
34 12 12 4
35 12 11 5
36 13 12 4
37 16 15 5
38 11 10 4
39 24 23 5
40 19 18 6
41 28 28 6
42 22 22 6
43 18 17 5
44 19 18 4
45 34 33 7
46 53 52 8
47 32 32 4
48 28 27 5
49 17 17 5
50 21 21 7
51 29 28 6
52 34 33 5
53 35 35 7
54 25 24 4
55 26 25 7
56 25 24 4
57 28 27 5
58 39 39 9
59 29 28 4
60 22 21 5
61 15 15 5
62 25 25 7
63 21 20 6
64 14 14 4
65 30 29 7
66 25 24 6
67 30 29 5
68 21 21 7
69 41 40 8
70 22 22 4
71 26 25 5
72 25 25 5
73 21 21 5
74 23 23 5
75 13 12 6
76 20 20 4
77 34 33 7
78 29 28 6
79 30 29 7
80 25 24 6
81 30 29 5
82 29 29 7
83 17 16 4
84 38 37 7
85 35 35 7
86 31 31 5
87 31 31 7
88 29 28 6
89 38 38 8
90 32 32 6
91 26 26 6
92 16 15 5
93 31 31 7
94 17 16 8
95 36 36 8
96 24 23 5
97 19 18 6
98 36 35 7
99 13 13 5
100 27 27 7
101 27 27 5
102 37 37 5
103 27 27 7
104 29 28 8
105 36 36 10
106 22 22 4
107 18 17 5
108 31 30 6
109 20 19 5
110 21 21 7
111 33 32 6
112 24 23 5
113 19 19 5
114 37 37 9
115 17 16 6
116 12 12 6
117 34 34 6
118 12 11 5
119 17 16 4
120 28 27 9
121 23 22 6
122 28 27 5
123 15 15 7
124 23 22 4
125 14 13 5
126 17 16 4
127 28 27 7
128 13 13 5
129 29 29 9
130 25 24 6
131 24 24 4
132 30 29 5
133 25 25 7
134 27 26 10
135 26 25 9
136 25 24 8
137 28 27 7
138 21 21 5
139 27 27 5
140 25 25 7
141 25 24 8
142 34 34 6
143 24 23 5
144 23 23 7
145 21 20 4
146 32 31 7
147 33 32 6
148 18 17 5
149 27 27 9
150 23 22 4
151 18 17 5
152 23 23 7
153 25 25 5
154 17 16 4
155 20 19 5
156 21 21 5
157 17 17 7
158 23 23 5
159 25 24 6
160 16 16 6
161 18 17 7
162 23 22 6
163 26 26 8
164 20 20 4
165 22 21 5
166 17 17 7
167 19 18 4
168 18 17 5
169 25 25 7
170 15 14 4
171 12 11 5
172 15 14 6
173 14 14 4
174 36 35 9
175 23 22 6
176 16 16 4
177 12 11 5
178 17 17 7
179 21 20 8
180 22 22 8
181 8 8 4
182 14 13 5
183 37 37 11
184 13 12 6
185 26 25 7
186 17 16 4
187 20 19 7
188 15 14 6
189 24 24 8
190 16 15 5
191 13 12 4
192 16 15 5
193 19 18 6
194 10 10 4
195 14 13 5
196 21 20 6
197 30 30 8
198 26 26 8
199 18 17 5
200 19 18 6
201 6 6 6
202 13 12 4
203 24 23 7
204 15 14 4
205 12 11 5
206 17 16 6
207 12 12 6
208 16 16 6
209 28 27 7
210 15 15 5
211 11 11 5
212 15 14 4
213 22 21 7
214 15 14 6
215 16 16 6
216 14 13 5
217 17 16 6
218 26 26 6
219 24 23 5
220 17 16 6
221 16 15 5
222 11 10 4
223 10 9 5
224 11 10 4
225 22 21 7
226 7 6 5
227 21 21 7
228 21 21 7
229 19 18 6
230 16 15 5
231 15 15 5
232 31 30 8
233 14 13 5
234 25 24 6
235 8 8 4
236 14 13 5
237 19 18 4
238 10 9 5
239 15 14 6
240 10 10 6
241 12 11 5
242 11 10 4
243 18 17 5
244 13 13 5
245 9 9 5
246 11 11 5
247 23 22 8
248 16 16 4
249 28 27 7
250 21 20 8
251 16 16 4
252 12 11 5
253 11 11 5
254 21 21 5
255 13 12 4
256 24 23 5
257 23 23 5
258 21 21 5
259 21 21 7
260 15 14 8
261 14 14 6
262 12 12 4
263 20 19 7
264 29 28 6
265 18 17 5
266 19 19 5
267 11 11 5
268 19 19 5
269 17 16 6
270 10 10 4
271 12 11 5
272 17 16 6
273 16 16 8
274 18 18 8
275 22 22 6
276 16 16 6
277 26 25 7
278 13 13 5
279 35 34 10
280 20 19 5
281 29 29 7
282 19 18 6
283 18 18 6
284 20 19 7
285 21 20 6
286 8 8 4
287 36 35 9
288 17 17 7
289 21 20 6
290 14 14 6
291 34 33 7
292 19 19 5
293 15 15 5
294 15 15 5
295 23 22 6
296 28 27 9
297 17 16 6
298 22 21 5
299 17 17 5
300 11 11 5
301 17 16 6
302 16 15 5
303 29 28 6
304 20 20 6
305 24 24 6
306 12 12 6
307 26 26 6
308 18 17 5
309 29 28 6
310 16 16 4
311 14 13 5
312 13 12 6
313 20 20 6
314 18 17 7
315 23 23 5
316 27 26 8
317 22 21 7
318 15 15 5
319 11 10 4
320 12 11 5
321 21 21 5
322 21 21 7
323 15 14 6
324 24 24 6
325 16 16 4
326 18 17 7
327 23 22 6
328 14 13 5
329 13 13 5
330 31 30 6
331 22 22 8
332 26 26 4
333 20 19 5
334 15 14 6
335 6 6 6
336 15 14 4
337 18 17 5
338 19 19 5
339 29 28 6
340 26 25 7
341 9 8 4
342 12 11 5
343 17 16 6
344 12 12 6
345 16 15 5
346 21 20 6
347 34 34 8
348 14 14 4
349 10 9 5
350 19 18 6
351 14 13 5
352 11 11 5
353 19 19 5
354 17 16 6
355 26 26 8
356 20 20 6
357 16 15 5
358 11 11 5
359 19 18 6
360 12 11 5
361 27 27 7
362 19 18 6
363 24 24 4
364 24 23 7
365 19 18 6
366 26 25 5
367 15 14 4
368 22 21 5
369 21 20 4
370 28 27 7
371 11 10 4
372 18 17 5
373 11 10 4
374 16 15 5
375 21 20 4
376 18 17 7
377 23 22 6
378 24 24 4
379 28 27 9
380 9 8 4
381 18 17 5
382 29 29 7
383 15 14 4
384 22 21 7
385 25 24 6
386 20 19 7
387 41 40 6
388 36 35 7
389 31 31 7
390 35 35 7
391 19 18 6
392 22 21 7
393 17 16 6
394 26 26 6
395 26 26 6
396 28 28 6
397 14 13 5
398 13 13 5
399 17 16 6
400 16 16 6
401 28 28 6
402 24 24 6
403 32 32 6
404 18 18 6
405 12 11 5
406 25 24 4
407 22 21 7
408 27 26 6
409 22 22 6
410 18 18 4
411 16 15 7
412 23 23 5
413 13 13 5
414 35 34 6
415 32 31 5
416 35 35 7
417 17 16 6
418 20 20 6
419 30 29 5
420 31 31 5
421 19 19 5
422 9 9 5
423 21 20 6
424 22 22 6
425 28 27 5
426 45 44 8
427 24 24 4
428 20 19 5
429 17 17 7
430 23 23 5
431 23 22 4
432 40 39 9
433 33 32 4
434 26 25 7
435 13 12 4
436 34 33 7
437 17 16 6
438 32 32 8
439 40 39 5
440 35 35 5
441 35 34 6
442 34 33 7
443 37 36 8
444 36 35 5
445 41 40 8
446 28 27 5
447 35 35 7
448 29 28 6
449 38 37 5
450 17 17 5
451 27 27 5
452 23 23 5
453 51 51 5
454 37 37 5
455 53 53 9
456 53 52 10
457 30 30 8
458 34 34 4
459 36 35 7
460 49 49 5
461 53 52 10
462 30 29 5
463 37 37 7
464 29 28 4
465 40 39 7
466 53 53 7
467 53 53 7
468 39 38 8
469 44 43 7
470 47 46 8
471 46 46 4
472 46 45 7
473 37 37 7
474 47 47 7
475 25 24 4
476 44 43 7
477 49 49 7
478 29 28 6
479 56 55 7
480 43 42 8
481 56 56 6
482 44 44 6
483 46 45 7
484 53 53 7
485 39 39 5
486 47 47 9
487 43 42 10
488 46 46 6
489 44 44 8
490 50 49 7
491 37 36 8
492 50 50 8
493 36 36 6
494 50 50 6
495 40 39 5
496 41 40 6
497 42 41 9
498 37 37 5
499 37 36 8
