0 22 21 5
1 11 11 5
2 13 12 4
3 28 27 7
4 17 16 6
5 20 20 8
6 18 18 4
7 14 13 5
8 19 19 5
9 21 21 7
10 13 13 5
11 13 12 6
12 6 6 6
13 9 8 4
14 14 13 5
15 17 16 8
16 12 12 4
17 24 23 7
18 13 12 6
19 14 13 5
20 17 16 6
21 12 12 6
22 16 15 5
23 15 14 6
24 8 8 4
25 12 11 5
26 15 14 6
27 10 9 5
28 9 8 4
29 18 17 7
30 13 13 5
31 13 12 4
32 10 9 5
33 9 8 4
34 14 13 7
35 13 12 6
36 12 12 4
37 8 7 6
38 22 22 8
39 14 14 4
40 12 11 5
41 15 15 7
42 17 16 8
43 8 8 4
44 12 11 5
45 11 10 4
46 14 13 5
47 11 11 5
48 25 24 6
49 12 11 5
50 17 17 5
51 23 22 6
52 6 6 6
53 15 15 7
54 7 6 5
55 9 8 4
56 14 13 5
57 17 17 5
58 27 26 6
59 18 17 5
60 23 22 6
61 14 14 4
62 16 15 5
63 33 33 5
64 31 30 6
65 36 36 6
66 24 24 6
67 16 15 5
68 15 14 6
69 22 22 6
70 18 17 5
71 19 18 4
72 26 25 5
73 21 20 4
74 12 11 5
75 19 19 5
76 15 15 5
77 25 24 6
78 24 23 5
79 15 15 5
80 21 20 6
81 10 10 4
82 30 29 7
83 25 25 7
84 21 20 4
85 24 23 5
86 41 41 7
87 37 36 8
88 14 14 4
89 20 19 5
90 27 26 6
91 36 35 5
92 21 21 5
93 33 33 5
94 27 26 6
95 20 20 4
96 24 23 7
97 23 23 5
98 21 20 4
99 20 19 5
100 23 22 4
101 22 21 5
102 29 29 5
103 21 21 5
104 17 17 5
105 13 12 4
106 18 17 5
107 25 24 4
108 20 19 5
109 19 19 5
110 17 16 4
111 28 27 7
112 19 18 4
113 22 21 7
114 31 30 6
115 20 20 6
116 24 23 7
117 31 30 6
118 24 23 7
119 29 28 8
120 14 13 5
121 17 17 5
122 19 18 6
123 34 34 6
124 22 22 6
125 28 27 5
126 23 23 5
127 37 36 8
128 28 28 6
129 18 18 6
130 16 16 6
131 22 22 6
132 20 20 8
133 18 18 6
134 26 25 5
135 29 29 5
136 17 16 4
137 16 15 5
138 25 24 6
139 20 20 4
140 18 17 5
141 27 26 6
142 22 22 6
143 32 32 6
144 22 21 7
145 27 26 8
146 14 14 6
147 20 19 5
148 19 19 5
149 19 18 4
150 30 29 7
151 27 26 6
152 24 24 6
153 26 26 6
154 18 18 6
155 30 30 4
156 18 17 5
157 25 25 5
158 19 18 6
159 28 28 6
160 24 24 6
161 18 18 4
162 32 31 7
163 29 28 4
164 22 21 5
165 17 16 6
166 18 17 5
167 19 18 4
168 30 29 5
169 27 27 7
170 21 20 6
171 24 24 6
172 24 24 6
173 22 22 6
174 30 30 6
175 20 20 6
176 24 23 5
177 35 34 4
178 32 31 9
179 29 28 4
180 28 27 7
181 27 26 6
182 22 22 4
183 28 27 5
184 27 26 6
185 30 30 6
186 32 31 5
187 27 26 4
188 26 25 5
189 21 21 5
190 29 29 5
191 25 25 5
192 13 13 5
193 17 17 7
194 17 16 4
195 20 19 7
196 23 22 6
197 20 19 5
198 25 25 5
199 25 25 5
200 13 13 5
201 21 20 4
202 24 23 5
203 23 23 5
204 19 18 6
205 20 20 4
206 28 27 7
207 17 16 4
208 38 37 7
209 23 22 4
210 20 19 5
211 19 19 5
212 29 28 6
213 40 40 6
214 22 21 7
215 23 22 6
216 20 20 6
217 28 28 4
218 24 23 7
219 15 15 5
220 21 20 4
221 18 17 5
222 21 20 6
223 26 25 5
224 25 24 6
225 20 20 4
226 30 29 5
227 35 34 8
228 18 18 4
229 26 25 5
230 25 25 5
231 27 27 5
232 15 15 5
233 19 18 4
234 20 19 5
235 33 32 6
236 26 25 5
237 27 27 7
238 17 16 6
239 24 24 6
240 24 24 6
241 24 24 6
242 16 16 4
243 34 33 5
244 15 14 6
245 8 8 4
246 16 15 5
247 15 15 5
248 23 22 4
249 18 17 5
250 11 11 5
251 9 8 4
252 12 11 5
253 13 12 4
254 14 13 5
255 11 10 6
256 8 8 4
257 16 15 5
258 13 12 4
259 18 17 5
260 19 18 6
261 10 10 4
262 16 15 5
263 9 8 4
264 22 21 7
265 9 9 5
266 21 20 6
267 20 20 4
268 20 19 5
269 27 27 5
270 17 17 5
271 19 19 5
272 17 17 5
273 15 14 4
274 12 11 5
275 19 18 6
276 20 19 5
277 23 22 6
278 14 14 4
279 20 19 5
280 21 21 5
281 15 15 5
282 15 14 6
283 40 40 6
284 22 22 6
285 18 17 5
286 23 23 5
287 15 14 4
288 14 13 5
289 17 16 6
290 20 20 6
291 20 20 4
292 28 27 5
293 9 9 5
294 19 18 4
295 16 15 5
296 21 21 5
297 41 40 8
298 30 30 4
299 22 21 5
300 31 30 4
301 52 51 7
302 25 24 6
303 28 28 6
304 32 31 5
305 33 33 5
306 43 43 7
307 41 40 6
308 42 41 5
309 35 34 6
310 36 36 8
311 36 36 6
312 16 16 4
313 42 41 9
314 31 30 8
315 22 22 6
316 36 36 10
317 20 20 6
318 24 23 5
319 21 21 5
320 43 43 5
321 35 35 5
322 45 45 9
323 53 52 10
324 40 40 8
325 18 18 6
326 32 32 8
327 28 28 6
328 34 34 6
329 30 30 6
330 24 23 5
331 21 21 5
332 25 25 5
333 21 20 4
334 12 11 5
335 13 12 6
336 16 15 5
337 23 22 4
338 16 15 5
339 19 18 6
340 32 31 5
341 21 21 5
342 9 9 5
343 15 15 5
344 19 19 5
345 27 26 6
346 16 16 4
347 20 19 5
348 25 24 6
349 18 17 5
350 25 24 6
351 16 15 5
352 15 15 5
353 9 9 5
354 15 15 5
355 17 17 5
356 23 22 4
357 14 13 5
358 11 10 4
359 22 21 5
360 21 21 5
361 13 13 5
362 11 10 4
363 22 21 5
364 19 18 6
365 20 19 7
366 15 14 4
367 28 27 7
368 15 14 4
369 26 25 5
370 13 12 4
371 24 23 7
372 15 15 5
373 19 18 4
374 20 19 5
375 19 19 7
376 19 18 6
377 10 10 4
378 18 17 5
379 17 16 4
380 30 29 7
381 15 15 5
382 11 11 5
383 15 14 4
384 20 19 5
385 13 13 5
386 25 24 4
387 14 13 5
388 19 18 6
389 18 18 6
390 20 20 8
391 12 12 4
392 12 11 5
393 15 14 4
394 16 15 5
395 21 21 5
396 21 20 6
397 20 20 4
398 16 15 5
399 9 8 4
400 10 9 5
401 19 19 7
402 11 10 4
403 16 15 5
404 11 11 5
405 11 11 5
406 5 5 5
407 10 9 5
408 11 10 4
409 28 27 9
410 9 8 4
411 10 9 5
412 11 10 6
413 12 11 5
414 17 16 6
415 20 19 5
416 17 17 5
417 15 15 5
418 11 10 4
419 14 13 5
420 9 9 5
421 13 12 4
422 12 11 5
423 15 14 6
424 12 12 6
425 18 18 4
426 12 11 5
427 11 11 5
428 15 14 6
429 18 17 7
430 15 15 5
431 13 12 6
432 22 22 6
433 34 34 10
434 22 22 4
435 26 25 5
436 17 16 6
437 8 8 4
438 16 15 7
439 15 14 4
440 16 15 5
441 13 13 5
442 21 20 4
443 24 23 7
444 17 16 4
445 12 11 5
446 9 8 4
447 18 17 5
448 11 11 5
449 11 10 6
450 18 18 6
451 10 10 4
452 18 17 5
453 11 10 6
454 16 16 6
455 18 18 6
456 18 18 6
457 14 14 6
458 16 16 6
459 18 17 5
460 13 12 4
461 10 9 5
462 11 10 6
463 18 18 6
464 10 10 6
465 12 12 4
466 12 11 5
467 13 13 5
468 9 8 4
469 8 7 6
470 8 8 4
471 14 13 5
472 9 9 5
473 17 16 6
474 20 20 6
475 26 26 4
476 16 15 7
477 11 11 5
478 7 6 5
479 13 12 4
480 18 17 5
481 9 9 5
482 9 8 4
483 10 9 5
484 7 6 5
485 11 10 6
486 12 11 5
487 17 16 6
488 14 14 4
489 18 17 7
490 9 9 5
491 11 11 5
492 15 14 6
493 12 12 4
494 10 9 5
495 21 20 6
496 8 8 4
497 10 9 5
498 15 15 5
499 9 8 4
