0 22 21 5
1 11 11 5
2 13 12 4
3 28 27 7
4 15 15 5
5 21 20 8
6 18 18 4
7 14 13 5
8 19 18 4
9 22 21 7
10 13 13 5
11 13 12 6
12 6 6 6
13 9 8 4
14 14 13 5
15 15 15 7
16 13 13 5
17 25 24 8
18 12 12 6
19 14 14 6
20 16 16 6
21 12 12 6
22 16 16 6
23 14 13 5
24 9 8 4
25 12 11 5
26 15 14 6
27 8 8 4
28 10 9 5
29 17 17 7
30 15 14 6
31 12 12 4
32 10 9 5
33 9 8 4
34 14 13 7
35 11 10 4
36 14 13 5
37 5 5 5
38 22 21 7
39 17 16 6
40 12 11 5
41 15 15 7
42 15 14 6
43 8 8 4
44 12 11 5
45 11 11 5
46 13 12 4
47 12 11 5
48 27 27 9
49 11 10 4
50 18 17 5
51 23 22 6
52 6 6 6
53 15 15 7
54 7 6 5
55 11 10 6
56 14 14 6
57 16 16 4
58 26 25 5
59 17 16 4
60 24 23 7
61 15 14 4
62 16 15 5
63 35 34 6
64 30 30 6
65 36 35 5
66 25 25 7
67 15 14 4
68 14 13 5
69 21 21 5
70 17 17 5
71 21 20 6
72 26 26 6
73 20 20 4
74 12 11 5
75 19 18 4
76 18 17 7
77 25 24 6
78 22 22 4
79 18 17 7
80 19 19 5
81 11 11 5
82 31 30 8
83 22 22 4
84 24 23 7
85 23 23 5
86 39 39 5
87 35 35 7
88 15 15 5
89 19 18 4
90 28 27 7
91 37 36 6
92 22 22 6
93 32 32 4
94 26 25 5
95 21 21 5
96 21 21 5
97 23 23 5
98 21 21 5
99 19 18 4
100 24 23 5
101 21 21 5
102 31 30 6
103 22 22 6
104 16 16 4
105 14 13 5
106 17 16 4
107 26 25 5
108 21 20 6
109 20 19 5
110 17 17 5
111 27 26 6
112 18 18 4
113 22 21 7
114 35 34 10
115 18 18 4
116 22 21 5
117 31 31 7
118 25 24 8
119 28 28 8
120 14 14 6
121 18 17 5
122 17 16 4
123 34 33 5
124 21 21 5
125 27 27 5
126 27 26 8
127 34 34 6
128 28 27 5
129 19 19 7
130 15 14 4
131 24 23 7
132 21 20 8
133 18 18 6
134 24 24 4
135 32 31 7
136 17 16 4
137 16 15 5
138 25 24 6
139 22 21 5
140 17 17 5
141 27 26 6
142 22 22 6
143 32 32 6
144 20 20 6
145 26 26 8
146 14 14 6
147 20 19 5
148 23 22 8
149 20 20 6
150 28 28 6
151 26 25 5
152 23 23 5
153 25 24 4
154 18 17 5
155 33 32 6
156 16 16 4
157 26 25 5
158 17 17 5
159 27 26 4
160 26 25 7
161 19 19 5
162 31 31 7
163 29 28 4
164 24 23 7
165 15 14 4
166 18 17 5
167 19 18 4
168 32 31 7
169 25 24 4
170 20 19 5
171 23 23 5
172 23 23 5
173 21 21 5
174 31 30 6
175 20 20 6
176 24 23 5
177 37 36 6
178 32 32 10
179 28 28 4
180 26 25 5
181 25 25 5
182 23 22 4
183 30 29 7
184 25 24 4
185 32 31 7
186 31 30 4
187 30 29 7
188 25 24 4
189 22 21 5
190 31 30 6
191 26 25 5
192 13 13 5
193 17 17 7
194 19 18 6
195 18 18 6
196 24 23 7
197 19 18 4
198 28 27 7
199 25 25 5
200 13 12 4
201 22 21 5
202 23 23 5
203 23 23 5
204 19 18 6
205 20 20 4
206 28 27 7
207 17 17 5
208 37 36 6
209 24 23 5
210 21 20 6
211 18 18 4
212 28 27 5
213 43 42 8
214 20 20 6
215 22 22 6
216 18 18 4
217 30 29 5
218 25 24 8
219 14 14 4
220 22 21 5
221 17 17 5
222 21 20 6
223 26 25 5
224 23 23 5
225 23 22 6
226 30 30 6
227 32 31 5
228 21 21 7
229 25 24 4
230 26 25 5
231 27 26 4
232 16 15 5
233 19 19 5
234 19 19 5
235 33 32 6
236 26 25 5
237 25 25 5
238 17 17 7
239 25 24 6
240 24 24 6
241 22 22 4
242 18 17 5
243 35 34 6
244 12 12 4
245 10 9 5
246 15 15 5
247 15 15 5
248 23 22 4
249 18 17 5
250 11 11 5
251 9 8 4
252 12 11 5
253 13 13 5
254 13 12 4
255 10 9 5
256 9 8 4
257 16 15 5
258 15 14 6
259 16 16 4
260 18 17 5
261 11 10 4
262 16 15 5
263 9 9 5
264 23 22 8
265 8 8 4
266 22 21 7
267 23 23 7
268 19 18 4
269 28 27 5
270 17 17 5
271 19 19 5
272 17 17 5
273 15 14 4
274 12 11 5
275 19 18 6
276 20 19 5
277 23 22 6
278 14 14 4
279 20 19 5
280 23 23 7
281 15 14 4
282 14 13 5
283 39 39 5
284 23 23 7
285 17 17 5
286 23 22 4
287 16 15 5
288 13 13 5
289 15 15 5
290 19 18 4
291 22 21 5
292 27 27 5
293 9 9 5
294 21 20 6
295 14 14 4
296 22 21 5
297 41 40 8
298 30 30 4
299 22 21 5
300 33 32 6
301 50 49 5
302 25 24 6
303 30 30 8
304 32 32 6
305 34 33 5
306 41 41 5
307 41 41 7
308 43 43 7
309 35 34 6
310 34 33 5
311 37 36 6
312 18 18 6
313 40 39 7
314 29 29 7
315 23 22 6
316 36 36 10
317 20 20 6
318 24 23 5
319 21 21 5
320 43 43 5
321 37 37 7
322 43 42 6
323 52 51 9
324 39 39 7
325 17 17 5
326 33 32 8
327 26 26 4
328 36 35 7
329 31 30 6
330 26 25 7
331 21 20 4
332 26 25 5
333 21 21 5
334 11 11 5
335 13 12 6
336 14 14 4
337 24 23 5
338 17 16 6
339 16 16 4
340 32 31 5
341 23 23 7
342 9 8 4
343 16 15 5
344 21 20 6
345 26 26 6
346 16 16 4
347 20 19 5
348 23 23 5
349 17 17 5
350 25 24 6
351 16 16 6
352 16 15 5
353 11 10 6
354 16 16 6
355 18 18 6
356 22 22 4
357 14 13 5
358 11 10 4
359 22 21 5
360 21 20 4
361 14 13 5
362 13 13 7
363 21 20 4
364 18 17 5
365 21 20 8
366 14 14 4
367 28 27 7
368 15 14 4
369 26 25 5
370 13 12 4
371 22 21 5
372 15 15 5
373 19 18 4
374 20 19 5
375 21 20 8
376 16 16 4
377 12 11 5
378 17 16 4
379 18 17 5
380 31 30 8
381 16 15 5
382 11 11 5
383 15 14 4
384 20 19 5
385 15 14 6
386 24 24 4
387 14 13 5
388 19 18 6
389 18 17 5
390 19 18 6
391 14 13 5
392 11 10 4
393 16 15 5
394 17 16 6
395 20 20 4
396 20 19 5
397 21 21 5
398 15 15 5
399 11 10 6
400 8 8 4
401 20 19 7
402 11 11 5
403 15 14 4
404 12 11 5
405 13 12 6
406 6 5 4
407 10 9 5
408 11 10 4
409 28 27 9
410 9 8 4
411 10 9 5
412 11 10 6
413 12 12 6
414 14 14 4
415 22 21 7
416 19 18 6
417 14 14 4
418 12 11 5
419 15 14 6
420 8 8 4
421 14 13 5
422 13 12 6
423 14 14 6
424 12 12 6
425 18 18 4
426 14 13 7
427 11 10 4
428 14 13 5
429 15 15 5
430 17 17 7
431 11 10 4
432 24 23 7
433 35 34 10
434 22 22 4
435 26 25 5
436 15 14 4
437 10 9 5
438 15 14 6
439 16 15 5
440 15 14 4
441 14 13 5
442 21 21 5
443 23 23 7
444 17 17 5
445 11 10 4
446 10 9 5
447 19 18 6
448 10 10 4
449 10 9 5
450 17 17 5
451 11 11 5
452 17 16 4
453 10 9 5
454 15 15 5
455 19 19 7
456 19 18 6
457 12 12 4
458 18 17 7
459 17 17 5
460 13 12 4
461 10 9 5
462 9 8 4
463 18 17 5
464 9 9 5
465 13 13 5
466 13 12 6
467 14 14 6
468 8 8 4
469 6 5 4
470 10 9 5
471 15 15 7
472 9 8 4
473 16 15 5
474 19 18 4
475 30 29 7
476 13 12 4
477 12 11 5
478 7 7 7
479 12 12 4
480 18 17 5
481 9 9 5
482 9 8 4
483 10 9 5
484 7 7 7
485 8 8 4
486 12 11 5
487 15 15 5
488 15 15 5
489 17 16 6
490 10 9 5
491 11 11 5
492 13 13 5
493 13 13 5
494 11 10 6
495 18 18 4
496 10 9 5
497 9 9 5
498 17 16 6
499 10 9 5
