0 22 21 5
1 11 10 4
2 14 13 5
3 27 26 6
4 16 16 6
5 18 17 5
6 19 18 4
7 14 13 5
8 19 19 5
9 19 19 5
10 13 12 4
11 12 11 5
12 7 6 5
13 9 8 4
14 16 15 7
15 13 13 5
16 13 13 5
17 25 24 8
18 10 10 4
19 14 13 5
20 17 16 6
21 10 10 4
22 18 17 7
23 15 14 6
24 8 8 4
25 12 11 5
26 13 13 5
27 9 9 5
28 11 10 6
29 16 16 6
30 16 15 7
31 15 14 6
32 8 8 4
33 10 9 5
34 13 12 6
35 14 13 7
36 13 12 4
37 6 5 4
38 22 21 7
39 15 14 4
40 12 11 5
41 13 12 4
42 14 13 5
43 11 10 6
44 12 12 6
45 12 12 6
46 14 14 6
47 12 12 6
48 22 22 4
49 12 11 5
50 17 16 4
51 22 21 5
52 7 6 5
53 13 13 5
54 5 5 5
55 10 9 5
56 13 13 5
57 17 17 5
58 27 26 6
59 20 19 7
60 23 22 6
61 14 14 4
62 16 15 5
63 33 32 4
64 30 29 5
65 35 34 4
66 24 23 5
67 15 14 4
68 14 13 5
69 23 23 7
70 17 16 4
71 20 19 5
72 25 24 4
73 22 21 5
74 11 11 5
75 21 20 6
76 16 15 5
77 27 27 9
78 25 24 6
79 16 15 5
80 19 19 5
81 11 10 4
82 28 27 5
83 23 22 4
84 22 21 5
85 25 24 6
86 40 40 6
87 34 34 6
88 14 14 4
89 20 19 5
90 25 25 5
91 35 34 4
92 22 21 5
93 37 36 8
94 26 26 6
95 22 21 5
96 21 20 4
97 24 23 5
98 23 22 6
99 20 20 6
100 22 22 4
101 22 21 5
102 31 30 6
103 22 22 6
104 16 16 4
105 14 13 5
106 17 16 4
107 26 25 5
108 19 19 5
109 21 20 6
110 16 16 4
111 26 25 5
112 19 18 4
113 20 19 5
114 31 30 6
115 20 20 6
116 22 22 6
117 28 28 4
118 24 23 7
119 27 26 6
120 12 12 4
121 18 17 5
122 17 17 5
123 33 33 5
124 23 22 6
125 28 28 6
126 24 23 5
127 33 33 5
128 29 29 7
129 19 18 6
130 16 16 6
131 24 23 7
132 23 22 10
133 18 17 5
134 25 25 5
135 29 28 4
136 18 17 5
137 15 14 4
138 24 23 5
139 23 22 6
140 16 16 4
141 28 27 7
142 23 23 7
143 31 30 4
144 22 21 7
145 23 22 4
146 16 15 7
147 21 21 7
148 19 18 4
149 20 19 5
150 29 29 7
151 25 24 4
152 26 25 7
153 25 25 5
154 17 17 5
155 33 32 6
156 18 18 6
157 26 26 6
158 20 19 7
159 29 28 6
160 22 22 4
161 20 19 5
162 31 30 6
163 30 30 6
164 20 20 4
165 16 15 5
166 17 17 5
167 19 19 5
168 31 30 6
169 24 24 4
170 20 19 5
171 23 23 5
172 23 23 5
173 21 20 4
174 32 31 7
175 21 21 7
176 23 23 5
177 35 34 4
178 30 29 7
179 29 29 5
180 25 24 4
181 28 27 7
182 23 22 4
183 30 29 7
184 27 26 6
185 28 28 4
186 34 33 7
187 27 27 5
188 27 27 7
189 21 20 4
190 30 29 5
191 25 25 5
192 13 13 5
193 17 16 6
194 16 16 4
195 20 19 7
196 25 25 9
197 19 19 5
198 25 24 4
199 26 25 5
