0 22 21 5
1 11 11 5
2 13 12 4
3 28 27 7
4 17 16 6
5 20 20 8
6 18 18 4
7 14 13 5
8 19 19 5
9 21 21 7
10 13 13 5
11 13 12 6
12 6 6 6
13 9 8 4
14 14 13 5
15 17 16 8
16 12 12 4
17 24 23 7
18 13 12 6
19 14 13 5
20 17 16 6
21 12 12 6
22 16 15 5
23 15 14 6
24 8 8 4
25 12 11 5
26 15 14 6
27 10 9 5
28 9 8 4
29 18 17 7
30 13 13 5
31 13 12 4
32 10 9 5
33 9 8 4
34 14 13 7
35 13 12 6
36 12 12 4
37 8 7 6
38 22 22 8
39 14 14 4
40 12 11 5
41 15 15 7
42 17 16 8
43 8 8 4
44 12 11 5
45 11 10 4
46 14 13 5
47 11 11 5
48 25 24 6
49 12 11 5
50 17 17 5
51 23 22 6
52 6 6 6
53 15 15 7
54 7 6 5
55 9 8 4
56 14 13 5
57 17 17 5
58 27 26 6
59 18 17 5
60 23 22 6
61 14 14 4
62 16 15 5
63 33 33 5
64 31 30 6
65 36 36 6
66 24 24 6
67 16 15 5
68 15 14 6
69 22 22 6
70 18 17 5
71 19 18 4
72 26 25 5
73 21 20 4
74 12 11 5
75 19 19 5
76 15 15 5
77 25 24 6
78 24 23 5
79 15 15 5
80 21 20 6
81 10 10 4
82 30 29 7
83 25 25 7
84 21 20 4
85 24 23 5
86 41 41 7
87 37 36 8
88 14 14 4
89 20 19 5
90 27 26 6
91 36 35 5
92 21 21 5
93 33 33 5
94 27 26 6
95 20 20 4
96 24 23 7
97 23 23 5
98 21 20 4
99 20 19 5
100 23 22 4
101 22 21 5
102 29 29 5
103 21 21 5
104 17 17 5
105 13 12 4
106 18 17 5
107 25 24 4
108 20 19 5
109 19 19 5
110 17 16 4
111 28 27 7
112 19 18 4
113 22 21 7
114 31 30 6
115 20 20 6
116 24 23 7
117 31 30 6
118 24 23 7
119 29 28 8
120 14 13 5
121 17 17 5
122 19 18 6
123 34 34 6
124 22 22 6
125 28 27 5
126 23 23 5
127 37 36 8
128 28 28 6
129 18 18 6
130 16 16 6
131 22 22 6
132 20 20 8
133 18 18 6
134 26 25 5
135 29 29 5
136 17 16 4
137 16 15 5
138 25 24 6
139 20 20 4
140 18 17 5
141 27 26 6
142 22 22 6
143 32 32 6
144 22 21 7
145 27 26 8
146 14 14 6
147 20 19 5
148 19 19 5
149 19 18 4
150 30 29 7
151 27 26 6
152 24 24 6
153 26 26 6
154 18 18 6
155 30 30 4
156 18 17 5
157 25 25 5
158 19 18 6
159 28 28 6
160 24 24 6
161 18 18 4
162 32 31 7
163 29 28 4
164 22 21 5
165 17 16 6
166 18 17 5
167 19 18 4
168 30 29 5
169 27 27 7
170 21 20 6
171 24 24 6
172 24 24 6
173 22 22 6
174 30 30 6
175 20 20 6
176 24 23 5
177 35 34 4
178 32 31 9
179 29 28 4
180 28 27 7
181 27 26 6
182 22 22 4
183 28 27 5
184 27 26 6
185 30 30 6
186 32 31 5
187 27 26 4
188 26 25 5
189 21 21 5
190 29 29 5
191 25 25 5
192 13 13 5
193 17 17 7
194 17 16 4
195 20 19 7
196 23 22 6
197 20 19 5
198 25 25 5
199 25 25 5
200 13 13 5
201 21 20 4
202 24 23 5
203 23 23 5
204 19 18 6
205 20 20 4
206 28 27 7
207 17 16 4
208 38 37 7
209 23 22 4
210 20 19 5
211 19 19 5
212 29 28 6
213 40 40 6
214 22 21 7
215 23 22 6
216 20 20 6
217 28 28 4
218 24 23 7
219 15 15 5
220 21 20 4
221 18 17 5
222 21 20 6
223 26 25 5
224 25 24 6
225 20 20 4
226 30 29 5
227 35 34 8
228 18 18 4
229 26 25 5
230 25 25 5
231 27 27 5
232 15 15 5
233 19 18 4
234 20 19 5
235 33 32 6
236 26 25 5
237 27 27 7
238 17 16 6
239 24 24 6
240 24 24 6
241 24 24 6
242 16 16 4
243 34 33 5
244 15 14 6
245 8 8 4
246 16 15 5
247 15 15 5
248 23 22 4
249 18 17 5
250 11 11 5
251 9 8 4
252 12 11 5
253 13 12 4
254 14 13 5
255 11 10 6
256 8 8 4
257 16 15 5
258 13 12 4
259 18 17 5
260 19 18 6
261 10 10 4
262 16 15 5
263 9 8 4
264 22 21 7
265 9 9 5
266 21 20 6
267 20 20 4
268 20 19 5
269 27 27 5
270 17 17 5
271 19 19 5
272 17 17 5
273 15 14 4
274 12 11 5
275 19 18 6
276 20 19 5
277 23 22 6
278 14 14 4
279 20 19 5
280 21 21 5
281 15 15 5
282 15 14 6
283 40 40 6
284 22 22 6
285 18 17 5
286 23 23 5
287 15 14 4
288 14 13 5
289 17 16 6
290 20 20 6
291 20 20 4
292 28 27 5
293 9 9 5
294 19 18 4
295 16 15 5
296 21 21 5
297 41 40 8
298 30 30 4
299 22 21 5
300 31 30 4
301 52 51 7
302 25 24 6
303 28 28 6
304 32 31 5
305 33 33 5
306 43 43 7
307 41 40 6
308 42 41 5
309 35 34 6
310 36 36 8
311 36 36 6
312 16 16 4
313 42 41 9
314 31 30 8
315 22 22 6
316 36 36 10
317 20 20 6
318 24 23 5
319 21 21 5
320 43 43 5
321 35 35 5
322 45 45 9
323 53 52 10
324 40 40 8
325 18 18 6
326 32 32 8
327 28 28 6
328 34 34 6
329 30 30 6
330 24 23 5
331 21 21 5
332 25 25 5
333 21 20 4
334 12 11 5
335 13 12 6
336 16 15 5
337 23 22 4
338 16 15 5
339 19 18 6
340 32 31 5
341 21 21 5
342 9 9 5
343 15 15 5
344 19 19 5
345 27 26 6
346 16 16 4
347 20 19 5
348 25 24 6
349 18 17 5
350 25 24 6
351 16 15 5
352 15 15 5
353 9 9 5
354 15 15 5
355 17 17 5
356 23 22 4
357 14 13 5
358 11 10 4
359 22 21 5
360 21 21 5
361 13 13 5
362 11 10 4
363 22 21 5
364 19 18 6
365 20 19 7
366 15 14 4
367 28 27 7
368 15 14 4
369 26 25 5
370 13 12 4
371 24 23 7
372 15 15 5
373 19 18 4
374 20 19 5
375 19 19 7
376 19 18 6
377 10 10 4
378 18 17 5
379 17 16 4
380 30 29 7
381 15 15 5
382 11 11 5
383 15 14 4
384 20 19 5
385 13 13 5
386 25 24 4
387 14 13 5
388 19 18 6
389 18 18 6
390 20 20 8
391 12 12 4
392 12 11 5
393 15 14 4
394 16 15 5
395 21 21 5
396 21 20 6
397 20 20 4
398 16 15 5
399 9 8 4
400 10 9 5
401 19 19 7
402 11 10 4
403 16 15 5
404 11 11 5
405 11 11 5
406 5 5 5
407 10 9 5
408 11 10 4
409 28 27 9
410 9 8 4
411 10 9 5
412 11 10 6
413 12 11 5
414 17 16 6
415 20 19 5
416 17 17 5
417 15 15 5
418 11 10 4
419 14 13 5
420 9 9 5
421 13 12 4
422 12 11 5
423 15 14 6
424 12 12 6
425 18 18 4
426 12 11 5
427 11 11 5
428 15 14 6
429 18 17 7
430 15 15 5
431 13 12 6
432 22 22 6
433 34 34 10
434 22 22 4
435 26 25 5
436 17 16 6
437 8 8 4
438 16 15 7
439 15 14 4
440 16 15 5
441 13 13 5
442 21 20 4
443 24 23 7
444 17 16 4
445 12 11 5
446 9 8 4
447 18 17 5
448 11 11 5
449 11 10 6
450 18 18 6
451 10 10 4
452 18 17 5
453 11 10 6
454 16 16 6
455 18 18 6
456 18 18 6
457 14 14 6
458 16 16 6
459 18 17 5
460 13 12 4
461 10 9 5
462 11 10 6
463 18 18 6
464 10 10 6
465 12 12 4
466 12 11 5
467 13 13 5
468 9 8 4
469 8 7 6
470 8 8 4
471 14 13 5
472 9 9 5
473 17 16 6
474 20 20 6
475 26 26 4
476 16 15 7
477 11 11 5
478 7 6 5
479 13 12 4
480 18 17 5
481 9 9 5
482 9 8 4
483 10 9 5
484 7 6 5
485 11 10 6
486 12 11 5
487 17 16 6
488 14 14 4
489 18 17 7
490 9 9 5
491 11 11 5
492 15 14 6
493 12 12 4
494 10 9 5
495 21 20 6
496 8 8 4
497 10 9 5
498 15 15 5
499 9 8 4
500 12 11 5
501 13 13 5
502 15 15 5
503 11 10 6
504 12 12 4
505 18 17 5
506 9 9 5
507 19 18 8
508 8 8 4
509 16 15 5
510 13 12 4
511 16 15 5
512 13 13 5
513 17 17 5
514 13 13 7
515 13 13 5
516 15 14 6
517 16 15 5
518 19 19 5
519 15 15 5
520 9 8 4
521 10 9 5
522 17 16 6
523 10 10 4
524 12 11 5
525 13 12 6
526 10 10 4
527 14 13 5
528 13 12 6
529 6 6 6
530 11 10 4
531 12 11 7
532 13 12 4
533 20 19 7
534 9 9 5
535 9 8 4
536 10 9 5
537 15 14 6
538 20 20 6
539 34 34 8
540 22 22 6
541 16 16 6
542 16 16 4
543 10 9 5
544 9 8 4
545 12 11 5
546 5 5 5
547 18 17 5
548 19 18 6
549 26 25 7
550 23 22 6
551 20 20 4
552 20 19 5
553 13 13 5
554 11 10 4
555 12 11 5
556 13 12 6
557 6 6 6
558 17 17 7
559 15 14 4
560 20 19 5
561 23 23 5
562 13 12 4
563 22 21 5
564 19 19 5
565 15 14 4
566 20 19 5
567 11 10 6
568 6 6 6
569 23 22 6
570 14 13 5
571 13 12 4
572 28 27 5
573 15 14 6
574 14 13 5
575 13 12 4
576 20 19 5
577 23 22 6
578 16 16 4
579 10 9 5
580 27 26 6
581 22 22 4
582 16 15 5
583 25 24 6
584 20 20 8
585 18 18 4
586 20 19 5
587 23 23 5
588 29 29 5
589 23 23 5
590 35 35 7
591 35 34 4
592 22 21 5
593 23 23 5
594 31 30 4
595 18 17 5
596 23 22 6
597 48 47 7
598 37 37 7
599 21 20 4
600 22 21 5
601 23 22 6
602 24 24 4
603 30 29 7
604 37 36 6
605 38 38 8
606 38 37 7
607 45 44 12
608 22 21 5
609 27 26 6
610 34 33 5
611 21 21 5
612 35 35 7
613 27 26 4
614 34 33 7
615 27 27 5
616 27 27 5
617 15 14 4
618 32 31 5
619 31 31 7
620 31 30 8
621 26 26 8
622 38 37 7
623 33 33 9
624 29 28 8
625 32 32 10
626 20 20 4
627 28 27 5
628 23 23 7
629 37 37 5
630 53 52 12
631 28 27 5
632 23 22 6
633 20 19 5
634 27 26 8
635 36 35 7
636 23 23 9
637 27 27 7
638 31 30 6
639 32 31 7
640 33 32 10
641 22 22 6
642 20 20 6
643 28 27 5
644 29 29 9
645 29 28 10
646 30 29 9
647 39 39 7
648 31 30 6
649 22 22 4
650 22 21 5
651 39 38 10
652 20 20 4
653 24 23 7
654 41 41 9
655 21 21 5
656 23 22 6
657 22 22 6
658 36 36 8
659 36 36 8
660 24 23 9
661 35 34 6
662 36 35 7
663 39 39 7
664 35 35 7
665 37 36 10
666 32 32 8
667 24 23 5
668 33 33 5
669 43 43 7
670 29 29 7
671 13 13 5
672 17 16 4
673 36 35 5
674 27 27 9
675 41 41 13
676 31 30 6
677 40 40 6
678 24 23 5
679 29 29 5
680 29 29 5
681 17 16 4
682 26 25 5
683 27 27 5
684 23 22 4
685 26 25 5
686 31 31 5
687 17 16 6
688 30 30 6
689 28 27 7
690 17 16 4
691 28 27 7
692 15 14 4
693 22 21 5
694 33 32 8
695 26 26 6
696 22 21 5
697 31 30 6
698 18 18 6
699 20 19 5
700 27 26 6
701 16 16 6
702 12 12 4
703 16 15 5
704 29 29 5
705 19 19 5
706 11 11 5
707 13 12 4
708 20 19 5
709 19 18 6
710 16 16 6
711 20 20 6
712 18 17 5
713 19 19 5
714 19 19 7
715 21 20 4
716 24 23 7
717 25 24 6
718 12 12 4
719 10 9 5
720 15 14 4
721 16 15 5
722 17 16 4
723 10 9 5
724 9 8 4
725 16 15 5
726 13 12 6
727 18 18 4
728 18 17 5
729 23 22 6
730 16 15 5
731 21 21 5
732 13 12 4
733 16 15 5
734 13 12 6
735 18 17 5
736 15 14 4
737 18 17 7
738 19 19 5
739 17 17 5
740 23 22 4
741 20 19 5
742 13 12 4
743 24 23 7
744 19 18 4
745 20 19 5
746 15 14 6
747 12 11 5
748 19 19 5
749 13 12 4
750 26 25 5
751 15 15 5
752 13 12 4
753 26 25 5
754 15 15 5
755 15 14 4
756 28 27 7
757 13 13 5
758 11 10 4
759 16 15 5
760 21 20 6
761 18 18 6
762 10 10 4
763 20 19 5
764 13 12 6
765 14 14 6
766 10 10 6
767 8 8 4
768 14 13 5
769 13 13 5
770 13 12 6
771 16 16 6
772 24 23 5
773 17 17 5
774 25 25 7
775 21 20 6
776 18 18 4
777 18 17 5
778 13 13 5
779 9 9 5
780 11 10 4
781 14 13 5
782 11 11 5
783 11 11 5
784 13 12 4
785 30 29 7
786 17 17 7
787 11 10 4
788 16 15 5
789 27 26 4
790 10 9 5
791 13 12 4
792 18 17 7
793 15 14 6
794 16 15 5
795 31 31 5
796 13 13 5
797 27 26 6
798 28 28 4
799 34 33 5
800 27 27 5
801 13 12 4
802 10 9 5
803 11 10 4
804 12 11 5
805 17 16 4
806 18 17 5
807 23 22 4
808 16 15 5
809 23 23 5
810 23 22 4
811 12 11 5
812 11 11 5
813 15 14 6
814 14 14 6
815 18 18 4
816 16 15 5
817 27 27 7
818 11 11 5
819 17 17 5
820 19 18 6
821 10 10 4
822 18 17 5
823 27 27 5
824 17 16 6
825 12 11 5
826 27 26 6
827 20 19 5
828 19 18 6
829 12 12 6
830 22 22 6
831 6 6 6
832 11 10 4
833 18 17 5
834 13 12 4
835 12 11 5
836 15 15 7
837 9 8 4
838 14 13 5
839 19 18 6
840 14 13 5
841 13 12 4
842 16 15 7
843 21 20 8
844 20 20 4
845 18 17 5
846 21 20 4
847 16 15 5
848 19 19 7
849 21 20 6
850 22 22 6
851 24 24 6
852 6 5 4
853 24 23 5
854 9 9 5
855 9 9 5
856 17 16 4
857 20 19 5
858 19 19 5
859 9 9 5
860 15 14 4
861 12 11 5
862 15 15 5
863 11 11 5
864 11 10 4
865 14 13 5
866 9 8 4
867 12 11 7
868 25 24 4
869 12 11 5
870 21 21 7
871 21 20 6
872 12 12 4
873 10 9 5
874 19 18 6
875 12 11 5
876 9 8 4
877 14 13 5
878 15 14 4
879 22 21 7
880 11 10 6
881 16 16 6
882 14 13 7
883 17 16 6
884 14 14 6
885 14 14 4
886 16 15 5
887 15 14 4
888 12 11 5
889 7 6 5
890 17 17 5
891 11 10 6
892 14 14 6
893 14 14 6
894 12 11 5
895 13 12 4
896 16 15 7
897 17 17 5
898 17 17 5
899 17 17 7
900 15 14 6
901 18 18 4
902 26 25 7
903 13 12 4
904 12 11 5
905 11 11 5
906 11 11 5
907 9 9 5
908 11 10 6
909 14 14 4
910 12 11 5
911 17 16 6
912 12 11 5
913 9 9 5
914 7 6 5
915 15 14 6
916 12 11 5
917 13 12 6
918 12 11 5
919 13 12 4
920 20 19 5
921 21 20 8
922 8 8 4
923 12 11 5
924 9 9 5
925 11 10 4
926 6 5 4
927 10 9 5
928 11 11 7
929 17 16 4
930 16 15 5
931 23 23 5
932 13 12 6
933 18 17 5
934 13 13 5
935 17 17 5
936 21 20 6
937 14 14 6
938 10 9 5
939 13 12 4
940 20 19 5
941 9 8 4
942 14 13 7
943 11 11 5
944 13 12 4
945 12 11 5
946 29 28 6
947 22 21 5
948 21 20 6
949 18 18 4
950 16 15 5
951 17 17 5
952 5 5 5
953 12 11 5
954 11 10 4
955 10 9 5
956 19 18 6
957 12 12 4
958 14 13 7
959 13 12 6
960 14 14 6
961 18 18 6
962 12 12 4
963 18 17 7
964 13 13 5
965 17 16 6
966 20 19 5
967 15 14 6
968 18 17 7
969 15 15 5
970 15 14 6
971 14 14 6
972 18 18 6
973 12 11 5
974 13 13 5
975 11 10 4
976 10 9 5
977 13 12 4
978 28 27 7
979 23 22 4
980 10 9 5
981 25 24 4
982 20 19 5
983 11 10 4
984 28 27 7
985 19 19 5
986 19 18 4
987 18 17 5
988 13 12 4
989 20 19 5
990 25 25 5
991 33 33 5
992 25 24 4
993 18 17 5
994 23 23 5
995 37 36 8
996 30 30 4
997 26 25 5
998 53 52 12
999 24 24 6
1000 26 26 6
1001 40 39 7
1002 29 28 8
1003 28 28 6
1004 26 25 5
1005 21 20 4
1006 26 25 5
1007 27 26 6
1008 36 36 4
1009 28 27 7
1010 23 22 4
1011 28 27 7
1012 27 26 4
1013 30 29 5
1014 25 24 8
1015 34 34 6
1016 28 27 7
1017 27 26 6
1018 30 30 6
1019 36 36 6
1020 20 20 4
1021 36 35 7
1022 19 19 5
1023 29 29 7
1024 25 24 6
1025 40 39 15
1026 23 22 4
1027 22 21 5
1028 25 24 4
1029 26 25 5
1030 13 13 5
1031 15 14 6
1032 12 12 4
1033 18 17 5
1034 21 20 4
1035 22 21 5
1036 25 25 5
1037 23 22 4
1038 24 23 5
1039 29 29 5
1040 25 25 11
1041 35 35 13
1042 35 34 8
1043 26 26 6
1044 30 30 4
1045 22 21 5
1046 19 18 4
1047 12 11 5
1048 29 28 6
1049 18 17 5
1050 13 13 5
1051 19 19 5
1052 23 22 6
1053 12 12 4
1054 32 31 5
1055 37 36 6
1056 24 24 6
1057 18 18 6
1058 18 18 4
1059 24 23 5
1060 23 23 5
1061 25 25 7
1062 33 32 6
1063 20 20 4
1064 22 21 5
1065 15 15 5
1066 29 29 7
1067 29 28 4
1068 22 21 5
1069 27 27 5
1070 27 26 6
1071 26 25 7
1072 17 16 6
1073 10 10 4
1074 24 23 5
1075 17 17 5
1076 23 23 5
1077 23 22 4
1078 6 5 4
1079 22 21 5
1080 23 22 6
1081 26 25 7
1082 21 20 4
1083 20 19 7
1084 25 24 6
1085 26 26 6
1086 20 20 6
1087 16 16 4
1088 22 21 7
1089 23 22 6
1090 20 19 5
1091 15 14 6
1092 22 22 4
1093 16 15 5
1094 13 12 4
1095 20 19 7
1096 21 20 4
1097 18 17 5
1098 23 22 4
1099 20 19 5
1100 21 20 4
1101 16 15 5
1102 9 8 4
1103 16 15 5
1104 19 18 6
1105 18 17 5
1106 11 11 5
1107 11 11 5
1108 27 26 6
1109 18 18 6
1110 20 20 4
1111 22 21 7
1112 19 18 6
1113 12 12 4
1114 26 25 5
1115 23 22 4
1116 22 21 5
1117 21 20 4
1118 22 21 5
1119 13 13 5
1120 19 19 5
1121 11 10 4
1122 16 15 5
1123 11 11 5
1124 15 15 5
1125 19 18 6
1126 12 12 4
1127 16 15 5
1128 21 20 6
1129 12 12 4
1130 10 9 5
1131 21 20 4
1132 16 15 5
1133 29 28 6
1134 14 13 5
1135 13 12 4
1136 18 17 5
1137 19 19 7
1138 13 13 5
1139 23 23 5
1140 17 17 5
1141 11 10 4
1142 10 9 5
1143 25 24 8
1144 12 12 4
1145 14 13 5
1146 25 24 8
1147 26 26 4
1148 24 23 7
1149 13 12 4
1150 28 27 5
1151 15 15 5
1152 11 10 4
1153 14 13 5
1154 19 19 7
1155 15 14 4
1156 18 17 5
1157 17 16 6
1158 14 14 4
1159 16 15 5
1160 25 24 6
1161 12 11 5
1162 11 10 4
1163 24 23 5
1164 13 13 5
1165 19 18 4
1166 18 17 5
1167 17 16 6
1168 16 16 6
1169 16 15 5
1170 15 14 4
1171 16 15 5
1172 17 16 4
1173 20 19 5
1174 17 17 7
1175 11 10 4
1176 12 11 5
1177 11 11 5
1178 13 12 4
1179 14 13 5
1180 15 15 5
1181 13 12 4
1182 8 7 6
1183 6 6 6
1184 17 16 6
1185 18 18 8
1186 10 10 4
1187 14 13 5
1188 11 10 6
1189 18 18 6
1190 12 11 5
1191 9 8 7
1192 15 14 4
1193 14 13 7
1194 5 5 5
1195 14 13 5
1196 11 10 4
1197 14 13 5
1198 17 16 6
1199 12 11 5
1200 27 27 7
1201 15 14 6
1202 20 20 6
1203 10 10 6
1204 8 8 4
1205 14 13 5
1206 15 15 5
1207 11 11 5
1208 17 17 5
1209 5 5 5
1210 12 11 5
1211 13 12 6
1212 24 23 7
1213 13 13 5
1214 13 12 4
1215 12 11 5
1216 17 17 5
1217 13 13 7
1218 13 12 4
1219 10 9 5
1220 11 10 6
1221 12 12 6
1222 12 11 5
1223 15 14 6
1224 10 10 6
1225 10 10 4
1226 10 9 5
1227 17 17 5
1228 11 11 5
1229 21 20 6
1230 10 10 6
1231 14 13 5
1232 11 10 6
1233 8 8 4
1234 12 11 5
1235 5 5 5
1236 18 17 5
1237 17 17 5
1238 5 5 5
1239 10 9 5
1240 11 10 4
1241 10 9 5
1242 15 14 8
1243 12 11 5
1244 21 20 6
1245 8 8 4
1246 12 11 5
1247 13 13 5
1248 9 9 5
1249 11 10 6
1250 10 10 6
1251 10 10 6
1252 8 8 4
1253 16 15 5
1254 17 17 5
1255 15 14 6
1256 16 16 6
1257 14 13 5
1258 9 9 5
1259 15 14 6
1260 16 16 4
1261 14 13 7
1262 5 5 5
1263 10 9 5
1264 7 6 5
1265 17 16 6
1266 6 6 6
1267 15 14 6
1268 12 11 5
1269 21 21 5
1270 17 16 6
1271 14 13 5
1272 13 13 5
1273 11 10 6
1274 12 12 6
1275 10 10 6
1276 14 14 6
1277 18 18 6
1278 18 18 6
1279 12 11 5
1280 17 17 5
1281 15 15 7
1282 17 16 4
1283 8 7 6
1284 20 20 6
1285 14 14 6
1286 8 8 4
1287 12 11 5
1288 13 13 5
1289 13 12 6
1290 16 16 6
1291 12 11 5
1292 15 14 6
1293 18 18 6
1294 16 16 6
1295 12 11 5
1296 17 16 4
1297 12 11 5
1298 9 8 4
1299 12 11 5
1300 11 10 4
1301 10 9 5
1302 23 22 6
1303 10 9 5
1304 15 14 6
1305 20 20 6
1306 12 12 4
1307 10 9 5
1308 7 6 5
1309 17 16 4
1310 16 15 7
1311 13 13 5
1312 9 9 5
1313 11 10 4
1314 20 19 5
1315 21 21 7
1316 7 6 5
1317 15 14 6
1318 10 10 6
1319 10 10 4
1320 10 9 5
1321 11 10 4
1322 12 11 5
1323 33 32 6
1324 16 15 5
1325 9 9 5
1326 11 10 6
1327 16 16 6
1328 14 14 6
1329 16 16 6
1330 16 15 5
1331 15 14 4
1332 12 11 5
1333 15 14 6
1334 18 17 5
1335 21 21 7
1336 25 24 6
1337 10 10 4
1338 18 17 5
1339 13 13 7
1340 11 11 5
1341 21 20 6
1342 12 12 4
1343 10 9 5
1344 27 26 8
1345 6 5 4
1346 18 17 5
1347 15 15 5
1348 21 20 8
1349 10 10 4
1350 24 23 5
1351 15 15 5
1352 11 10 4
1353 22 21 7
1354 11 11 5
1355 19 19 5
1356 13 13 5
1357 9 8 4
1358 24 23 7
1359 39 38 6
1360 16 16 4
1361 20 19 5
1362 21 20 4
1363 24 23 5
1364 19 18 4
1365 22 21 5
1366 21 20 6
1367 18 17 5
1368 15 15 5
1369 23 22 4
1370 20 19 5
1371 21 20 6
1372 16 16 4
1373 12 11 5
1374 27 26 6
1375 22 22 6
1376 18 18 4
1377 28 27 5
1378 21 20 6
1379 12 12 4
1380 16 15 5
1381 15 14 6
1382 28 28 6
1383 12 11 5
1384 23 22 8
1385 14 13 5
1386 15 14 4
1387 20 19 5
1388 25 25 5
1389 19 18 6
1390 14 13 5
1391 21 20 4
1392 22 21 5
1393 31 30 6
1394 18 17 7
1395 13 12 6
1396 14 14 4
1397 18 17 5
1398 15 15 5
1399 17 17 5
1400 21 21 5
1401 19 19 5
1402 27 26 6
1403 12 12 4
1404 14 13 5
1405 17 16 6
1406 6 6 6
1407 19 18 4
1408 22 21 7
1409 17 17 5
1410 15 14 6
1411 16 16 6
1412 12 12 4
1413 14 13 5
1414 17 16 4
1415 20 19 5
1416 17 17 5
1417 13 12 4
1418 20 19 7
1419 17 16 6
1420 18 18 4
1421 28 27 5
1422 21 21 5
1423 17 16 4
1424 16 15 5
1425 23 22 8
1426 16 16 4
1427 10 9 5
1428 11 10 4
1429 16 15 7
1430 11 10 4
1431 12 11 5
1432 15 14 6
1433 14 14 6
1434 8 8 4
1435 10 9 5
1436 9 9 5
1437 13 12 4
1438 10 9 5
1439 17 17 5
1440 9 9 5
1441 11 10 4
1442 10 9 5
1443 11 11 5
1444 9 8 4
1445 12 11 5
1446 15 14 6
1447 12 12 6
1448 10 10 4
1449 28 27 7
1450 13 12 4
1451 16 15 7
1452 17 16 4
1453 18 17 7
1454 13 12 4
1455 10 9 5
1456 13 12 6
1457 10 9 5
1458 13 13 5
1459 11 11 5
1460 13 13 7
1461 9 8 4
1462 10 9 5
1463 9 8 4
1464 14 13 5
1465 19 18 6
1466 12 11 5
1467 11 11 5
1468 13 12 4
1469 10 9 5
1470 11 10 6
1471 34 33 7
1472 15 14 6
1473 14 14 4
1474 12 11 5
1475 9 9 5
1476 19 18 6
1477 14 14 6
1478 22 22 6
1479 10 10 4
1480 18 17 7
1481 19 18 4
1482 18 17 5
1483 11 11 5
1484 11 11 5
1485 13 12 4
1486 28 27 7
1487 17 16 8
1488 14 14 4
1489 18 17 5
1490 13 12 6
1491 24 23 5
1492 21 21 5
1493 11 10 4
1494 30 29 5
1495 13 13 5
1496 23 23 5
1497 9 8 4
1498 36 35 7
1499 25 24 4
1500 42 41 5
1501 25 25 5
1502 17 16 4
1503 18 17 7
1504 39 38 4
1505 20 19 9
1506 29 28 4
1507 18 17 5
1508 29 29 7
1509 17 16 6
1510 16 16 4
1511 22 21 5
1512 23 23 5
1513 27 26 4
1514 10 9 5
1515 17 16 4
1516 30 29 5
1517 31 31 5
1518 17 17 5
1519 23 22 6
1520 20 20 6
1521 20 19 5
1522 27 26 6
1523 20 20 4
1524 24 23 5
1525 19 19 5
1526 21 21 7
1527 21 20 4
1528 16 15 5
1529 19 18 6
1530 24 24 6
1531 18 17 5
1532 19 18 6
1533 28 27 5
1534 35 34 10
1535 22 22 8
1536 20 20 8
1537 24 24 6
1538 26 26 4
1539 24 23 5
1540 23 22 4
1541 20 19 5
1542 39 39 5
1543 37 36 4
1544 30 29 7
1545 31 30 6
1546 18 18 4
1547 16 15 5
1548 17 17 5
1549 23 23 5
1550 29 28 6
1551 16 16 4
1552 16 15 5
1553 21 21 5
1554 25 24 8
1555 20 19 5
1556 13 12 4
1557 14 13 5
1558 25 24 4
1559 22 21 5
1560 15 14 4
1561 26 25 5
1562 21 21 7
1563 15 14 4
1564 18 17 5
1565 29 28 4
1566 28 27 7
1567 21 21 5
1568 19 18 4
1569 20 19 5
1570 21 20 6
1571 26 25 9
1572 19 19 5
1573 5 5 5
1574 32 31 5
1575 19 18 4
1576 22 21 5
1577 13 12 4
1578 18 17 5
1579 17 17 5
1580 19 18 4
1581 22 21 5
1582 23 23 5
1583 25 24 6
1584 18 18 4
1585 18 17 5
1586 25 24 6
1587 30 30 6
1588 18 17 5
1589 9 9 5
1590 21 20 6
1591 26 25 5
1592 9 8 4
1593 20 19 5
1594 23 22 6
1595 16 16 6
1596 20 20 6
1597 32 32 6
1598 18 17 5
1599 13 13 5
1600 13 12 4
1601 6 5 4
1602 28 27 7
1603 17 16 6
1604 16 16 4
1605 16 15 5
1606 15 15 5
1607 17 17 5
1608 19 18 6
1609 22 21 7
1610 13 12 4
1611 14 13 5
1612 17 16 4
1613 16 15 5
1614 15 14 6
1615 12 12 4
1616 24 23 5
1617 21 21 7
1618 15 14 4
1619 14 13 5
1620 23 22 4
1621 16 15 5
1622 15 15 5
1623 11 10 4
1624 20 19 5
1625 13 12 6
1626 16 16 6
1627 12 11 5
1628 11 11 5
1629 23 23 7
1630 11 10 4
1631 24 23 7
1632 17 16 6
1633 14 13 5
1634 29 28 8
1635 16 16 6
1636 18 18 6
1637 10 10 4
1638 14 13 5
1639 15 14 6
1640 20 20 6
1641 14 14 4
1642 16 15 5
1643 31 30 8
1644 24 23 5
1645 29 29 5
1646 25 24 6
1647 16 16 6
1648 18 18 4
1649 30 29 5
1650 27 27 5
1651 23 23 5
1652 21 20 4
1653 34 33 5
1654 27 27 5
1655 21 21 5
1656 23 23 5
1657 19 19 5
1658 35 35 7
1659 35 34 6
1660 30 29 7
1661 29 28 6
1662 24 24 6
1663 22 22 6
1664 16 16 4
1665 28 27 7
1666 29 29 5
1667 25 25 7
1668 19 18 6
1669 26 26 4
1670 20 19 5
1671 13 13 5
1672 23 22 8
1673 18 18 6
1674 14 14 6
1675 12 12 4
1676 26 25 5
1677 19 18 4
1678 14 13 7
1679 15 14 4
1680 20 19 7
1681 11 10 4
1682 22 21 7
1683 13 13 5
1684 15 14 4
1685 12 11 5
1686 7 6 5
1687 21 20 6
1688 18 18 6
1689 12 11 5
1690 11 11 5
1691 13 12 4
1692 18 17 5
1693 19 18 6
1694 12 11 5
1695 15 14 6
1696 10 10 4
1697 18 17 5
1698 13 13 7
1699 17 16 6
1700 8 8 4
1701 14 13 5
1702 13 13 5
1703 15 14 4
1704 6 5 4
1705 6 5 4
1706 6 5 4
1707 14 13 7
1708 11 10 4
1709 18 17 7
1710 21 20 6
1711 18 17 5
1712 15 15 7
1713 19 18 4
1714 12 11 5
1715 13 12 6
1716 12 12 6
1717 8 8 4
1718 16 15 5
1719 11 11 7
1720 17 16 4
1721 22 21 5
1722 19 19 5
1723 15 15 5
1724 15 15 5
1725 13 12 4
1726 12 11 5
1727 23 23 7
1728 29 28 6
1729 20 19 5
1730 19 18 6
1731 18 17 5
1732 11 10 4
1733 22 21 7
1734 19 18 4
1735 14 13 5
1736 11 10 6
1737 10 10 4
1738 16 15 7
1739 13 12 6
1740 12 12 6
1741 18 18 6
1742 12 11 5
1743 13 12 6
1744 10 10 4
1745 8 7 6
1746 16 16 6
1747 14 14 4
1748 14 13 5
1749 19 18 6
1750 14 14 6
1751 12 12 4
1752 14 13 7
1753 11 10 4
1754 12 11 5
1755 15 15 5
1756 13 12 6
1757 6 6 6
1758 15 14 6
1759 14 13 5
1760 13 13 7
1761 19 18 6
1762 26 25 5
1763 21 20 6
1764 12 12 6
1765 12 12 6
1766 8 8 4
1767 12 11 5
1768 15 14 4
1769 18 17 7
1770 15 15 5
1771 17 17 5
1772 13 13 7
1773 13 12 4
1774 18 17 5
1775 15 14 4
1776 20 19 7
1777 17 16 6
1778 10 10 4
1779 22 21 5
1780 11 11 5
1781 23 23 5
1782 21 21 7
1783 15 15 5
1784 19 18 8
1785 10 10 4
1786 6 5 4
1787 12 11 5
1788 13 12 4
1789 10 9 5
1790 17 16 8
1791 8 8 4
1792 12 11 7
1793 7 6 5
1794 15 14 6
1795 12 12 4
1796 14 13 5
1797 13 13 5
1798 17 16 6
1799 12 11 5
1800 17 17 7
1801 29 28 6
1802 8 8 4
1803 16 15 5
1804 13 12 6
1805 8 8 4
1806 12 11 5
1807 13 12 6
1808 14 14 6
1809 20 20 4
1810 20 19 7
1811 17 16 6
1812 14 13 5
1813 27 26 6
1814 24 23 5
1815 23 23 5
1816 17 16 4
1817 6 5 4
1818 18 17 5
1819 13 12 4
1820 16 15 5
1821 21 21 7
1822 23 22 4
1823 22 21 5
1824 13 12 4
1825 12 11 5
1826 17 16 6
1827 10 10 4
1828 22 21 5
1829 13 13 5
1830 11 10 4
1831 12 11 5
1832 13 12 6
1833 16 16 6
1834 12 12 4
1835 22 21 5
1836 17 16 6
1837 24 23 5
1838 15 15 5
1839 15 14 6
1840 16 16 4
1841 20 19 5
1842 23 22 4
1843 28 27 7
1844 33 33 7
1845 37 36 4
1846 14 13 5
1847 21 20 6
1848 32 32 6
1849 26 25 5
1850 29 29 5
1851 29 29 5
1852 17 17 5
1853 21 21 5
1854 29 29 7
1855 31 30 6
1856 18 17 5
1857 23 22 4
1858 22 21 5
1859 33 32 6
1860 26 26 6
1861 32 31 5
1862 37 37 7
1863 29 29 9
1864 25 25 7
1865 23 22 6
1866 28 28 4
1867 34 33 7
1868 27 27 7
1869 23 23 7
1870 39 38 10
1871 30 29 5
1872 31 31 9
1873 41 41 11
1874 23 22 4
1875 50 49 13
1876 23 22 4
1877 32 31 7
1878 23 22 4
1879 28 27 5
1880 33 32 8
1881 32 32 6
1882 30 29 7
1883 45 44 12
1884 30 30 12
1885 44 44 6
1886 24 23 5
1887 53 52 14
1888 26 25 5
1889 27 26 6
1890 20 20 4
1891 34 33 5
1892 25 25 5
1893 31 31 5
1894 35 34 6
1895 18 17 5
1896 13 12 6
1897 44 44 6
1898 52 52 6
1899 22 21 5
1900 23 22 6
1901 32 32 10
1902 28 27 5
1903 29 28 4
1904 28 27 5
1905 35 35 5
1906 31 31 5
1907 23 23 5
1908 39 39 9
1909 25 25 7
1910 25 25 5
1911 41 41 11
1912 49 48 14
1913 42 42 8
1914 34 34 6
1915 32 32 6
1916 24 24 6
1917 20 19 7
1918 51 50 10
1919 30 29 7
1920 43 42 8
1921 26 25 5
1922 41 41 11
1923 37 36 12
1924 30 29 5
1925 29 28 6
1926 30 30 12
1927 40 40 10
1928 46 45 7
1929 25 25 5
1930 25 24 6
1931 20 19 5
1932 25 25 5
1933 33 33 7
1934 23 22 4
1935 30 29 5
1936 41 40 12
1937 26 26 6
1938 38 37 7
1939 41 40 6
1940 28 27 5
1941 17 17 5
1942 25 25 5
1943 21 21 5
1944 23 23 7
1945 29 28 8
1946 28 27 5
1947 31 31 5
1948 23 22 6
1949 24 24 8
1950 26 26 6
1951 26 26 6
1952 16 16 4
1953 20 19 5
1954 19 18 4
1955 20 19 5
1956 23 22 4
1957 22 21 7
1958 19 18 4
1959 28 27 5
1960 25 25 5
1961 17 17 5
1962 21 21 5
1963 27 27 7
1964 25 24 6
1965 20 20 4
1966 20 19 5
1967 19 18 4
1968 20 19 5
1969 25 24 8
1970 22 22 6
1971 18 18 6
1972 22 22 4
1973 30 29 5
1974 21 20 4
1975 24 23 5
1976 11 10 4
1977 20 19 5
1978 19 19 5
1979 31 30 6
1980 20 19 5
1981 15 15 5
1982 13 12 4
1983 14 13 5
1984 17 16 6
1985 8 8 4
1986 18 17 5
1987 19 19 5
1988 13 13 5
1989 23 22 6
1990 18 18 6
1991 12 12 4
1992 12 11 5
1993 19 19 5
1994 15 15 5
1995 21 21 5
1996 13 12 4
1997 20 19 7
1998 5 5 5
1999 20 19 5
2000 13 13 5
2001 11 10 4
2002 14 13 5
2003 17 17 7
2004 23 22 6
2005 8 8 4
2006 20 19 5
2007 19 18 6
2008 6 6 6
2009 17 16 6
2010 12 12 4
2011 20 19 5
2012 17 16 6
2013 14 13 5
2014 23 22 6
2015 26 26 6
2016 22 21 7
2017 17 16 4
2018 10 9 5
2019 15 15 5
2020 21 20 6
2021 18 18 4
2022 18 17 5
2023 13 13 5
2024 13 13 5
2025 13 12 4
2026 20 19 5
2027 13 13 5
2028 15 14 4
2029 14 13 5
2030 7 6 5
2031 7 7 7
2032 10 10 6
2033 14 14 4
2034 18 17 7
2035 19 18 6
2036 22 21 5
2037 13 13 5
2038 11 10 4
2039 14 13 5
2040 11 11 5
2041 11 11 5
2042 11 10 6
2043 16 16 6
2044 14 14 4
2045 14 13 5
2046 29 28 8
2047 12 12 6
2048 8 8 4
2049 10 9 5
2050 11 10 4
2051 12 11 5
2052 7 7 7
2053 6 6 6
2054 9 9 5
2055 15 14 6
2056 16 16 6
2057 26 25 7
2058 27 26 6
2059 22 22 6
2060 18 17 5
2061 13 13 5
2062 19 18 6
2063 18 17 5
2064 13 13 5
2065 11 10 4
2066 14 13 5
2067 15 14 6
2068 12 12 4
2069 12 11 5
2070 21 21 5
2071 23 23 7
2072 21 20 6
2073 24 24 6
2074 16 16 6
2075 8 8 4
2076 10 9 5
2077 13 12 4
2078 24 23 7
2079 11 11 5
2080 19 18 8
2081 8 8 4
2082 26 25 7
2083 27 26 6
2084 12 11 5
2085 7 6 5
2086 13 12 6
2087 14 14 6
2088 12 12 6
2089 10 10 4
2090 16 15 7
2091 11 10 4
2092 6 5 4
2093 20 19 7
2094 9 9 5
2095 9 8 4
2096 10 9 5
2097 5 5 5
2098 22 21 5
2099 21 21 7
2100 19 18 4
2101 6 5 4
2102 12 11 5
2103 15 14 4
2104 12 11 5
2105 5 5 5
2106 14 13 7
2107 15 15 5
2108 19 18 6
2109 12 12 6
2110 10 10 4
2111 10 9 5
2112 25 24 6
2113 20 20 6
2114 16 15 5
2115 11 11 5
2116 9 8 4
2117 14 13 5
2118 17 16 4
2119 18 17 7
2120 41 40 8
2121 26 25 5
2122 29 28 8
2123 20 19 5
2124 29 28 4
2125 22 21 5
2126 25 24 6
2127 22 21 5
2128 23 23 5
2129 21 20 4
2130 24 23 5
2131 19 19 5
2132 25 24 6
2133 28 28 8
2134 22 22 4
2135 30 29 5
2136 25 24 6
2137 30 30 4
2138 30 29 5
2139 45 45 5
2140 25 25 5
2141 25 25 5
2142 17 16 6
2143 20 19 5
2144 19 18 4
2145 22 21 7
2146 39 38 6
2147 26 26 4
2148 24 23 5
2149 21 20 6
2150 24 24 4
2151 22 21 5
2152 27 27 5
2153 19 19 5
2154 23 22 4
2155 20 19 5
2156 37 36 6
2157 16 16 4
2158 28 27 5
2159 17 17 5
2160 33 32 6
2161 18 17 5
2162 27 26 4
2163 22 21 5
2164 13 13 5
2165 17 16 4
2166 28 27 7
2167 23 22 6
2168 18 18 6
2169 22 22 6
2170 24 24 4
2171 28 27 7
2172 21 20 6
2173 26 26 6
2174 16 16 6
2175 26 26 6
2176 24 23 5
2177 29 28 6
2178 20 19 5
2179 31 31 9
2180 13 12 4
2181 32 31 7
2182 23 23 5
2183 23 22 4
2184 18 17 7
2185 11 10 4
2186 26 25 5
2187 19 19 5
2188 23 23 5
2189 21 20 4
2190 16 15 5
2191 17 17 5
2192 19 19 5
2193 31 31 5
2194 19 19 5
2195 31 30 6
2196 14 14 4
2197 20 19 5
2198 17 17 5
2199 15 14 4
2200 16 15 5
2201 23 23 5
2202 23 22 6
2203 6 5 4
2204 22 21 5
2205 15 15 5
2206 15 14 4
2207 20 19 5
2208 23 22 6
2209 12 12 6
2210 22 22 6
2211 14 14 4
2212 16 15 5
2213 19 18 4
2214 24 23 5
2215 13 12 4
2216 18 17 5
2217 37 36 6
2218 14 13 5
2219 19 18 4
2220 12 11 5
2221 23 22 6
2222 22 22 6
2223 16 16 4
2224 16 15 5
2225 15 14 6
2226 14 14 4
2227 22 21 7
2228 19 18 4
2229 24 23 5
2230 19 19 5
2231 11 10 4
2232 26 25 5
2233 13 13 5
2234 23 23 7
2235 13 12 4
2236 26 25 5
2237 23 23 5
2238 15 15 5
2239 9 8 4
2240 24 23 5
2241 11 11 5
2242 13 12 4
2243 20 19 5
2244 15 15 5
2245 11 10 4
2246 10 9 5
2247 19 19 7
2248 5 5 5
2249 14 13 7
2250 19 18 6
2251 12 12 6
2252 16 16 4
2253 14 13 5
2254 17 16 6
2255 12 12 4
2256 24 23 5
2257 13 13 5
2258 11 10 4
2259 16 15 5
2260 13 12 4
2261 14 13 5
2262 15 14 6
2263 16 15 5
2264 11 11 5
2265 11 11 5
2266 13 12 6
2267 12 11 5
2268 11 11 5
2269 21 20 8
2270 14 14 4
2271 6 5 4
2272 12 11 5
2273 7 6 5
2274 21 21 7
2275 9 9 5
2276 19 18 6
2277 14 14 6
2278 16 16 8
2279 12 12 4
2280 6 5 4
2281 16 15 5
2282 11 10 4
2283 10 9 5
2284 11 11 5
2285 21 21 9
2286 15 15 5
2287 15 15 7
2288 13 12 6
2289 8 8 4
2290 10 9 5
2291 11 10 4
2292 12 11 5
2293 7 6 5
2294 21 21 5
2295 17 17 5
2296 21 20 6
2297 8 8 4
2298 12 11 5
2299 7 6 5
2300 7 6 5
2301 9 8 4
2302 12 11 7
2303 13 13 5
2304 11 11 5
2305 21 20 8
2306 16 16 4
2307 16 15 5
2308 21 20 8
2309 20 20 4
2310 14 13 5
2311 11 10 6
2312 8 8 4
2313 16 15 5
2314 19 18 6
2315 10 10 4
2316 10 9 5
2317 9 9 5
2318 11 11 5
2319 13 12 4
2320 18 17 7
2321 13 13 5
2322 5 5 5
2323 18 17 5
2324 17 17 5
2325 7 6 5
2326 13 13 7
2327 7 6 5
2328 9 8 4
2329 10 9 5
2330 11 10 6
2331 12 11 5
2332 17 16 6
2333 16 16 6
2334 6 5 4
2335 10 9 5
2336 21 20 6
2337 14 13 5
2338 13 12 6
2339 12 11 5
2340 9 9 5
2341 11 10 4
2342 10 9 5
2343 17 16 8
2344 10 10 4
2345 14 13 5
2346 11 10 6
2347 6 6 6
2348 13 12 4
2349 14 13 5
2350 13 13 5
2351 13 13 5
2352 11 11 7
2353 9 8 4
2354 12 11 5
2355 11 11 7
2356 7 6 5
2357 15 14 6
2358 6 6 6
2359 13 12 6
2360 12 12 4
2361 16 15 5
2362 9 8 4
2363 6 5 4
2364 14 13 5
2365 11 10 6
2366 6 6 6
2367 17 16 10
2368 6 6 6
2369 13 12 4
2370 18 17 7
2371 15 14 6
2372 10 10 4
2373 16 15 7
2374 7 6 5
2375 7 7 7
2376 8 8 4
2377 14 13 5
2378 9 9 5
2379 9 8 4
2380 12 11 5
2381 11 10 6
2382 12 12 4
2383 12 11 5
2384 11 10 6
2385 12 12 4
2386 16 15 7
2387 9 8 4
2388 14 13 5
2389 5 5 5
2390 10 9 5
2391 13 13 7
2392 15 14 6
2393 16 16 6
2394 12 12 6
2395 14 13 5
2396 13 12 6
2397 6 6 6
2398 11 10 4
2399 12 11 5
2400 15 14 4
2401 10 9 5
2402 17 17 5
2403 15 15 5
2404 13 13 5
2405 13 12 4
2406 10 9 5
2407 11 11 5
2408 13 13 5
2409 13 12 4
2410 14 13 7
2411 15 14 4
2412 14 13 7
2413 19 18 4
2414 16 15 5
2415 11 11 5
2416 9 8 4
2417 12 11 5
2418 15 14 6
2419 22 21 5
2420 23 22 6
2421 12 12 4
2422 16 15 5
2423 31 30 6
2424 36 35 5
2425 29 29 5
2426 23 23 5
2427 23 23 5
2428 13 12 4
2429 20 19 5
2430 33 33 7
2431 15 14 4
2432 16 15 5
2433 17 16 6
2434 16 16 4
2435 34 33 7
2436 25 25 7
2437 37 36 6
2438 24 24 6
2439 24 24 6
2440 38 38 10
2441 34 34 6
2442 20 20 4
2443 26 25 7
2444 27 26 6
2445 34 33 5
2446 25 25 7
2447 25 24 4
2448 24 23 7
2449 41 40 10
2450 26 26 6
2451 26 25 7
2452 53 52 6
2453 34 33 5
2454 29 28 4
2455 28 27 5
2456 45 44 6
2457 36 35 7
2458 21 20 6
2459 34 33 5
2460 39 39 9
2461 37 37 7
2462 33 32 4
2463 32 31 7
2464 29 28 6
2465 26 26 6
2466 24 24 6
2467 26 26 6
2468 26 25 5
2469 31 30 6
2470 36 36 8
2471 20 19 7
2472 31 30 4
2473 20 19 7
2474 21 20 6
2475 18 18 4
2476 20 19 5
2477 29 29 9
2478 15 14 4
2479 30 29 5
2480 17 17 5
2481 21 20 6
2482 14 14 4
2483 20 19 5
2484 25 24 6
2485 30 30 6
2486 24 23 7
2487 23 23 5
2488 35 34 6
2489 14 14 4
2490 18 17 5
2491 23 23 5
2492 15 15 5
2493 17 17 5
2494 21 21 5
2495 21 21 5
2496 13 12 4
2497 16 15 5
2498 27 26 6
2499 14 13 5
2500 15 15 5
2501 19 18 6
2502 20 20 4
2503 14 13 5
2504 11 10 6
2505 8 8 4
2506 12 11 5
2507 17 17 5
2508 19 19 5
2509 23 22 6
2510 24 24 6
2511 22 21 5
2512 17 16 4
2513 16 15 5
2514 21 20 6
2515 16 15 5
2516 17 16 6
2517 16 16 4
2518 22 21 5
2519 13 13 5
2520 17 16 6
2521 10 10 4
2522 20 19 5
2523 11 10 6
2524 16 16 6
2525 12 12 6
2526 22 22 6
2527 14 13 7
2528 13 12 4
2529 24 23 5
2530 13 13 5
2531 23 22 6
2532 14 14 4
2533 12 11 5
2534 13 12 6
2535 18 18 6
2536 10 10 4
2537 22 21 7
2538 15 14 6
2539 12 12 4
2540 18 17 7
2541 17 16 6
2542 14 14 4
2543 26 25 5
2544 17 17 5
2545 13 12 4
2546 10 9 5
2547 15 14 6
2548 18 18 6
2549 18 18 6
2550 14 14 6
2551 20 20 6
2552 10 10 4
2553 24 23 7
2554 11 11 5
2555 21 20 6
2556 20 20 4
2557 22 21 5
2558 19 19 5
2559 19 19 5
2560 17 17 5
2561 21 20 4
2562 20 19 5
2563 27 26 4
2564 26 25 5
2565 17 17 5
2566 11 10 4
2567 14 13 5
2568 17 16 6
2569 28 28 4
2570 22 21 5
2571 19 19 5
2572 15 15 5
2573 19 18 6
2574 22 22 4
2575 26 25 5
2576 11 10 4
2577 32 31 5
2578 17 17 5
2579 27 27 5
2580 23 23 5
2581 17 17 5
2582 17 16 4
2583 20 19 5
2584 17 16 4
2585 22 21 5
2586 17 17 5
2587 19 18 4
2588 22 21 5
2589 19 19 5
2590 19 19 5
2591 15 15 5
2592 17 16 6
2593 20 20 4
2594 12 11 5
2595 23 22 6
2596 18 18 8
2597 16 16 4
2598 20 19 5
2599 19 19 5
2600 23 22 6
2601 16 15 5
2602 13 13 5
2603 21 20 6
2604 10 9 5
2605 13 12 4
2606 12 11 5
2607 13 12 4
2608 18 17 5
2609 11 11 5
2610 25 24 6
2611 20 20 6
2612 14 13 5
2613 11 11 5
2614 15 14 6
2615 14 14 4
2616 16 15 5
2617 9 8 4
2618 24 23 9
2619 23 22 6
2620 14 14 4
2621 18 17 5
2622 15 14 4
2623 14 13 5
2624 15 14 6
2625 12 12 6
2626 12 12 4
2627 12 11 5
2628 7 6 5
2629 23 22 6
2630 16 16 6
2631 18 18 6
2632 12 11 5
2633 15 14 4
2634 16 15 5
2635 25 25 7
2636 11 10 4
2637 14 13 5
2638 9 9 5
2639 21 20 6
2640 10 9 5
2641 15 14 6
2642 14 14 6
2643 12 12 4
2644 18 17 5
2645 11 11 5
2646 13 12 6
2647 8 8 4
2648 24 23 7
2649 11 10 4
2650 16 15 5
2651 11 11 7
2652 19 19 5
2653 13 12 4
2654 14 13 5
2655 13 13 7
2656 17 16 4
2657 14 13 5
2658 11 10 6
2659 14 14 6
2660 12 11 5
2661 25 24 6
2662 12 11 7
2663 9 8 4
2664 12 11 5
2665 11 10 4
2666 12 11 5
2667 13 12 6
2668 14 14 4
2669 16 15 5
2670 15 15 7
2671 15 14 6
2672 6 6 6
2673 5 5 5
2674 14 13 5
2675 7 6 5
2676 15 14 6
2677 14 13 5
2678 13 12 6
2679 10 10 4
2680 26 25 7
2681 21 20 8
2682 16 16 4
2683 18 17 7
2684 7 6 5
2685 17 16 6
2686 6 6 6
2687 21 20 6
2688 14 14 6
2689 14 14 4
2690 10 9 5
2691 9 9 5
2692 19 18 6
2693 14 13 5
2694 11 10 4
2695 14 13 5
2696 23 23 7
2697 19 18 4
2698 14 13 5
2699 13 12 6
2700 20 20 6
2701 18 18 6
2702 20 20 6
2703 18 17 5
2704 29 28 6
2705 14 14 6
2706 26 25 5
2707 23 23 5
2708 27 26 6
2709 18 17 5
2710 25 25 5
2711 19 19 5
2712 19 19 5
2713 27 27 5
2714 27 27 7
2715 29 28 6
2716 26 26 6
2717 28 28 8
2718 28 28 6
2719 18 18 6
2720 18 17 5
2721 27 27 7
2722 21 20 6
2723 22 21 5
2724 21 20 4
2725 30 29 7
2726 21 21 5
2727 29 28 6
2728 30 30 6
2729 26 26 6
2730 30 30 6
2731 28 27 7
2732 23 22 6
2733 30 29 7
2734 43 42 8
2735 26 26 6
2736 44 44 10
2737 18 18 4
2738 28 27 5
2739 29 29 5
2740 19 19 5
2741 21 20 8
2742 18 17 5
2743 21 20 4
2744 20 19 5
2745 29 28 10
2746 26 26 6
2747 24 24 6
2748 20 20 6
2749 12 12 4
2750 28 27 11
2751 31 30 6
2752 14 13 5
2753 17 17 5
2754 19 18 6
2755 32 31 5
2756 23 23 5
2757 23 22 8
2758 24 24 4
2759 32 31 5
2760 29 28 8
2761 18 18 6
2762 16 16 4
2763 24 23 5
2764 31 30 8
2765 16 15 5
2766 39 38 10
2767 34 34 8
2768 22 22 4
2769 24 23 5
2770 37 36 8
2771 34 33 7
2772 23 23 5
2773 29 28 10
2774 24 24 4
2775 34 33 5
2776 15 15 5
2777 37 36 8
2778 20 19 5
2779 23 22 6
2780 18 18 6
2781 28 28 10
2782 26 26 8
2783 34 34 6
2784 24 23 5
2785 21 21 5
2786 17 17 5
2787 25 24 8
2788 28 28 8
2789 26 25 7
2790 15 14 4
2791 12 11 5
2792 35 34 8
2793 20 19 7
2794 27 26 4
2795 24 23 5
2796 31 30 6
2797 42 41 13
2798 21 21 7
2799 17 16 4
2800 14 13 5
2801 15 15 5
2802 13 12 4
2803 12 11 5
2804 13 12 4
2805 26 25 5
2806 35 35 7
2807 17 17 5
2808 35 34 6
2809 26 25 7
2810 11 10 4
2811 34 33 7
2812 9 9 5
2813 27 26 6
2814 18 18 6
2815 18 18 4
2816 28 27 7
2817 9 8 4
2818 20 19 5
2819 15 14 4
2820 28 27 5
2821 13 12 4
2822 26 25 5
2823 11 10 6
2824 16 16 4
2825 18 17 5
2826 15 14 4
2827 18 17 5
2828 9 8 4
2829 10 9 5
2830 13 12 6
2831 14 14 4
2832 12 11 5
2833 11 11 5
2834 11 10 4
2835 14 13 5
2836 15 14 4
2837 10 9 5
2838 13 12 6
2839 18 17 7
2840 15 14 6
2841 18 18 6
2842 30 29 5
2843 17 16 4
2844 20 19 5
2845 13 13 5
2846 23 22 6
2847 14 14 6
2848 18 18 6
2849 10 10 4
2850 12 11 5
2851 11 11 5
2852 21 20 6
2853 30 30 6
2854 22 22 6
2855 22 21 7
2856 13 12 4
2857 14 13 5
2858 11 11 5
2859 15 15 5
2860 11 10 4
2861 12 11 5
2862 15 14 6
2863 12 12 4
2864 12 11 5
2865 13 13 7
2866 17 16 4
2867 18 17 7
2868 7 6 5
2869 25 24 6
2870 16 16 8
2871 20 20 6
2872 14 14 4
2873 10 9 5
2874 13 12 4
2875 18 17 5
2876 13 13 5
2877 9 9 5
2878 7 6 5
2879 19 19 7
2880 23 22 4
2881 10 9 5
2882 9 9 5
2883 5 5 5
2884 10 9 5
2885 19 19 5
2886 15 14 4
2887 16 15 5
2888 15 14 4
2889 32 31 7
2890 19 18 6
2891 22 22 6
2892 8 8 4
2893 18 17 7
2894 19 19 5
2895 15 14 4
2896 10 9 5
2897 15 14 6
2898 16 16 4
2899 18 17 5
2900 13 13 5
2901 19 18 6
2902 12 11 5
2903 19 18 6
2904 12 12 4
2905 18 17 5
2906 15 14 6
2907 10 10 4
2908 12 11 5
2909 17 16 4
2910 18 17 7
2911 21 21 5
2912 19 19 7
2913 15 14 4
2914 22 21 5
2915 13 12 4
2916 24 23 5
2917 15 15 5
2918 13 12 4
2919 18 17 5
2920 9 8 4
2921 12 11 5
2922 15 15 5
2923 13 12 6
2924 14 14 4
2925 22 21 5
2926 21 20 6
2927 16 16 4
2928 18 17 5
2929 9 8 4
2930 12 11 5
2931 11 11 5
2932 19 19 5
2933 19 19 7
2934 15 14 6
2935 12 11 5
2936 17 16 4
2937 14 13 5
2938 17 16 4
2939 16 15 5
2940 9 9 5
2941 13 13 5
2942 9 9 5
2943 15 15 5
2944 15 14 4
2945 20 19 7
2946 15 14 4
2947 14 13 5
2948 13 13 5
2949 11 11 5
2950 17 16 4
2951 32 31 7
2952 15 14 4
2953 20 19 5
2954 23 22 6
2955 14 14 4
2956 16 15 5
2957 21 20 6
2958 12 12 4
2959 24 23 5
2960 21 20 4
2961 16 15 5
2962 21 21 5
2963 23 23 5
2964 13 13 7
2965 27 26 8
2966 24 23 7
2967 29 29 9
2968 17 17 5
2969 21 21 5
2970 31 30 8
2971 26 26 6
2972 24 24 4
2973 18 17 5
2974 19 18 4
2975 22 21 5
2976 19 18 6
2977 16 16 6
2978 26 26 6
2979 18 18 4
2980 20 19 7
2981 13 12 4
2982 18 17 5
2983 15 14 6
2984 12 12 4
2985 20 19 5
2986 21 20 6
2987 20 19 5
2988 15 15 5
2989 19 18 6
2990 22 22 6
2991 20 20 6
2992 16 16 6
2993 22 21 5
2994 21 21 5
2995 29 29 5
2996 25 25 5
2997 23 23 5
2998 35 34 6
2999 24 23 7
3000 27 27 5
3001 13 13 5
3002 17 17 5
3003 27 27 7
3004 25 25 5
3005 25 25 5
3006 25 25 5
3007 27 26 6
3008 18 18 4
3009 22 21 7
3010 23 22 4
3011 14 13 5
3012 19 18 6
3013 24 24 4
3014 26 25 5
3015 15 15 5
3016 27 26 8
3017 12 11 5
3018 17 17 5
3019 33 33 5
3020 13 13 5
3021 19 18 4
3022 28 27 7
3023 17 17 5
3024 25 24 10
3025 18 17 5
3026 19 18 6
3027 22 22 6
3028 26 26 8
3029 26 26 6
3030 22 22 6
3031 24 23 5
3032 21 21 5
3033 31 30 8
3034 24 23 5
3035 17 17 5
3036 23 23 5
3037 21 21 7
3038 27 26 4
3039 28 27 5
3040 27 27 7
3041 27 26 6
3042 34 34 8
3043 26 26 6
3044 32 32 8
3045 22 22 4
3046 26 25 5
3047 23 23 7
3048 23 23 7
3049 13 12 4
3050 28 27 5
3051 29 28 8
3052 18 17 5
3053 13 13 5
3054 17 16 6
3055 14 14 4
3056 18 17 5
3057 23 23 5
3058 19 19 5
3059 21 20 6
3060 24 23 9
3061 13 12 4
3062 20 19 5
3063 19 19 5
3064 19 19 5
3065 13 13 5
3066 23 23 5
3067 13 12 4
3068 16 15 5
3069 21 20 6
3070 18 18 4
3071 24 23 5
3072 11 10 4
3073 16 15 5
3074 13 13 5
3075 23 22 4
3076 20 19 5
3077 19 19 5
3078 21 20 4
3079 20 19 7
3080 17 17 5
3081 19 19 5
3082 11 10 4
3083 22 21 5
3084 15 14 4
3085 14 13 5
3086 17 16 6
3087 12 12 4
3088 20 19 7
3089 27 27 5
3090 11 10 4
3091 14 13 5
3092 15 14 4
3093 14 13 7
3094 13 12 4
3095 18 17 7
3096 13 12 6
3097 16 15 5
3098 13 12 6
3099 12 12 4
3100 26 25 5
3101 13 13 5
3102 19 18 4
3103 20 19 5
3104 21 21 5
3105 11 11 5
3106 31 31 5
3107 17 17 5
3108 27 26 6
3109 20 19 5
3110 25 24 6
3111 16 16 6
3112 22 22 6
3113 28 28 6
3114 34 33 7
3115 25 24 8
3116 24 24 6
3117 26 26 4
3118 30 29 7
3119 39 39 7
3120 23 23 5
3121 19 18 6
3122 32 31 5
3123 27 26 4
3124 24 23 5
3125 31 31 7
3126 33 33 5
3127 31 31 5
3128 37 37 5
3129 25 24 4
3130 28 27 7
3131 31 30 6
3132 30 29 7
3133 11 10 4
3134 26 25 5
3135 23 23 5
3136 21 21 5
3137 25 24 6
3138 20 19 5
3139 23 22 8
3140 18 18 4
3141 22 21 5
3142 11 11 5
3143 19 18 6
3144 18 18 6
3145 16 15 5
3146 13 12 4
3147 16 15 5
3148 17 16 6
3149 12 11 5
3150 15 14 6
3151 12 12 4
3152 14 13 5
3153 11 11 5
3154 9 9 5
3155 9 8 4
3156 12 11 5
3157 13 13 5
3158 13 13 5
3159 11 11 5
3160 21 20 6
3161 14 13 5
3162 11 11 5
3163 13 13 5
3164 9 9 5
3165 9 8 4
3166 18 17 7
3167 21 20 6
3168 16 15 5
3169 11 10 4
3170 12 11 5
3171 9 9 5
3172 11 10 6
3173 14 14 6
3174 26 25 7
3175 21 20 6
3176 20 19 5
3177 9 8 4
3178 10 9 5
3179 11 10 4
3180 10 9 5
3181 17 16 6
3182 12 12 6
3183 12 12 6
3184 10 10 6
3185 8 8 4
3186 6 5 4
3187 18 17 9
3188 13 12 4
3189 16 15 7
3190 13 12 6
3191 16 16 6
3192 18 17 7
3193 9 8 4
3194 10 9 5
3195 17 16 6
3196 14 13 5
3197 5 5 5
3198 10 9 5
3199 11 10 6
3200 10 10 4
3201 14 13 7
3202 17 17 7
3203 15 14 6
3204 22 21 5
3205 15 14 6
3206 14 14 6
3207 8 7 6
3208 12 12 4
3209 12 11 5
3210 9 8 4
3211 12 11 5
3212 11 10 4
3213 6 5 4
3214 22 21 7
3215 25 24 6
3216 20 20 6
3217 22 21 7
3218 11 10 4
3219 16 15 5
3220 21 20 6
3221 16 16 6
3222 14 14 6
3223 10 9 5
3224 19 19 5
3225 7 6 5
3226 11 10 4
3227 10 9 5
3228 13 13 5
3229 21 20 6
3230 10 10 4
3231 12 11 5
3232 7 6 5
3233 13 12 6
3234 18 17 5
3235 19 18 6
3236 22 21 5
3237 17 17 7
3238 17 16 4
3239 16 15 7
3240 15 14 6
3241 14 13 5
3242 13 13 5
3243 11 10 4
3244 14 13 5
3245 13 13 5
3246 13 12 6
3247 16 16 6
3248 10 10 6
3249 12 12 6
3250 10 10 4
3251 20 19 7
3252 17 16 6
3253 18 17 5
3254 15 14 4
3255 16 15 5
3256 13 13 5
3257 11 10 6
3258 6 5 4
3259 10 9 5
3260 15 15 5
3261 15 15 5
3262 9 8 4
3263 20 19 7
3264 11 10 4
3265 20 19 7
3266 17 16 4
3267 6 5 4
3268 12 11 7
3269 13 12 6
3270 12 12 6
3271 12 11 7
3272 15 14 6
3273 14 13 5
3274 13 12 4
3275 24 23 7
3276 13 12 4
3277 20 19 5
3278 13 12 4
3279 20 19 5
3280 23 23 5
3281 23 23 5
3282 27 27 5
3283 21 20 6
3284 22 22 4
3285 20 19 5
3286 17 16 4
3287 16 15 7
3288 17 17 5
3289 17 17 5
3290 13 13 5
3291 15 14 4
3292 30 29 5
3293 15 15 5
3294 13 12 4
3295 14 13 5
3296 9 9 5
3297 23 22 6
3298 12 12 4
3299 30 29 7
3300 15 15 5
3301 21 20 6
3302 18 18 4
3303 20 19 5
3304 21 21 5
3305 15 15 5
3306 17 16 6
3307 22 22 6
3308 22 22 6
3309 22 21 5
3310 23 22 4
3311 16 15 5
3312 15 14 4
3313 28 27 5
3314 13 12 4
3315 18 17 5
3316 19 19 5
3317 17 16 4
3318 12 11 5
3319 11 10 4
3320 18 17 7
3321 21 20 6
3322 10 9 5
3323 17 16 6
3324 12 12 6
3325 16 16 6
3326 16 16 4
3327 12 11 5
3328 23 22 6
3329 14 14 6
3330 16 16 6
3331 12 12 4
3332 18 17 5
3333 17 17 7
3334 11 10 4
3335 24 23 7
3336 13 12 4
3337 16 15 5
3338 19 18 4
3339 16 15 5
3340 5 5 5
3341 10 9 5
3342 15 14 6
3343 10 10 6
3344 22 22 8
3345 16 16 6
3346 20 20 6
3347 12 11 5
3348 11 10 4
3349 14 13 5
3350 7 7 7
3351 16 16 6
3352 12 11 5
3353 19 19 5
3354 11 11 5
3355 9 9 5
3356 17 16 6
3357 18 18 6
3358 12 12 6
3359 16 16 8
3360 22 22 6
3361 12 12 6
3362 18 18 6
3363 14 14 4
3364 16 15 5
3365 15 15 5
3366 13 12 4
3367 16 15 5
3368 15 15 7
3369 11 10 4
3370 20 19 7
3371 13 13 5
3372 25 24 4
3373 14 13 5
3374 15 14 4
3375 20 19 5
3376 17 16 4
3377 14 13 5
3378 13 12 6
3379 22 21 5
3380 17 16 6
3381 20 20 8
3382 14 14 4
3383 18 17 7
3384 15 14 6
3385 6 5 4
3386 16 15 5
3387 13 13 5
3388 11 10 6
3389 16 16 4
3390 16 15 5
3391 13 13 5
3392 17 16 4
3393 12 11 5
3394 9 8 4
3395 10 9 5
3396 13 12 6
3397 14 14 6
3398 14 14 4
3399 12 11 5
3400 15 14 6
3401 16 15 5
3402 19 18 6
3403 16 16 6
3404 24 23 5
3405 9 9 5
3406 15 14 6
3407 12 12 6
3408 12 12 4
3409 14 13 5
3410 25 24 6
3411 10 10 6
3412 12 12 6
3413 10 10 4
3414 12 11 5
3415 11 10 6
3416 16 16 8
3417 12 12 4
3418 16 15 5
3419 13 12 4
3420 10 9 5
3421 15 14 6
3422 22 21 5
3423 15 15 7
3424 17 16 4
3425 12 11 5
3426 15 14 4
3427 18 17 5
3428 17 16 6
3429 18 17 5
3430 17 16 4
3431 10 9 5
3432 11 10 4
3433 30 29 5
3434 11 11 5
3435 11 10 4
3436 22 21 9
3437 15 14 4
3438 12 11 5
3439 9 8 4
3440 16 15 5
3441 15 14 4
3442 16 15 5
3443 21 20 8
3444 12 12 4
3445 18 17 5
3446 19 18 6
3447 14 13 5
3448 13 13 7
3449 11 10 4
3450 18 17 5
3451 11 11 5
3452 13 12 4
3453 14 13 5
3454 17 17 7
3455 13 13 5
3456 9 8 4
3457 16 15 7
3458 17 16 6
3459 8 8 4
3460 10 9 5
3461 13 12 6
3462 6 6 6
3463 11 10 4
3464 20 19 7
3465 13 12 4
3466 8 7 6
3467 20 20 6
3468 6 5 4
3469 22 21 5
3470 19 18 6
3471 6 5 4
3472 12 11 5
3473 11 10 4
3474 14 13 5
3475 11 11 5
3476 15 15 5
3477 17 17 5
3478 11 10 4
3479 12 11 5
3480 11 10 6
3481 24 24 8
3482 26 26 4
3483 20 19 5
3484 19 18 4
3485 16 15 7
3486 13 13 5
3487 19 18 4
3488 14 13 5
3489 19 18 6
3490 14 14 6
3491 18 17 5
3492 25 25 5
3493 9 8 4
3494 12 11 5
3495 15 15 5
3496 9 8 4
3497 12 11 5
3498 15 15 5
3499 27 26 6
3500 36 35 5
3501 11 10 4
3502 14 13 5
3503 23 23 5
3504 19 18 4
3505 20 19 5
3506 17 17 5
3507 13 12 4
3508 20 19 5
3509 21 20 8
3510 18 18 4
3511 14 13 5
3512 15 14 6
3513 6 6 6
3514 15 15 5
3515 19 18 4
3516 22 21 5
3517 23 23 5
3518 19 19 5
3519 13 12 4
3520 16 15 5
3521 13 12 6
3522 22 22 6
3523 22 22 4
3524 26 25 5
3525 23 22 6
3526 28 28 6
3527 26 26 6
3528 18 18 8
3529 14 14 4
3530 16 15 5
3531 29 28 6
3532 46 46 6
3533 22 21 5
3534 21 21 7
3535 21 21 5
3536 17 17 5
3537 11 10 4
3538 22 21 5
3539 19 18 6
3540 20 20 4
3541 20 19 7
3542 27 26 6
3543 26 26 4
3544 26 25 5
3545 23 22 4
3546 14 13 5
3547 23 22 6
3548 14 13 5
3549 21 20 6
3550 18 18 6
3551 20 19 5
3552 17 17 5
3553 35 34 6
3554 14 14 4
3555 20 19 5
3556 23 23 5
3557 25 24 6
3558 22 21 5
3559 29 29 5
3560 33 33 7
3561 31 30 4
3562 22 21 5
3563 37 36 8
3564 28 27 7
3565 41 40 8
3566 28 28 6
3567 20 20 8
3568 42 42 6
3569 50 50 10
3570 42 41 7
3571 23 23 7
3572 27 26 6
3573 32 32 8
3574 28 28 6
3575 32 32 6
3576 28 28 6
3577 26 25 5
3578 33 32 6
3579 18 18 4
3580 44 43 9
3581 33 33 5
3582 21 21 7
3583 23 22 6
3584 28 28 6
3585 24 23 5
3586 29 28 6
3587 22 22 6
3588 18 18 4
3589 22 21 5
3590 21 20 4
3591 22 21 5
3592 15 14 6
3593 26 26 6
3594 16 16 4
3595 16 15 5
3596 19 19 5
3597 23 22 4
3598 18 17 5
3599 15 14 6
3600 24 24 6
3601 20 19 5
3602 19 18 4
3603 16 15 5
3604 11 10 4
3605 12 11 5
3606 27 26 6
3607 12 12 4
3608 14 13 5
3609 21 21 7
3610 21 21 5
3611 19 18 6
3612 14 14 6
3613 16 15 5
3614 17 16 6
3615 16 15 5
3616 13 13 5
3617 11 10 6
3618 12 12 4
3619 10 9 5
3620 9 8 4
3621 20 19 7
3622 19 18 6
3623 10 10 4
3624 14 13 7
3625 13 12 4
3626 14 13 5
3627 11 10 4
3628 18 17 7
3629 11 11 5
3630 13 12 4
3631 14 13 5
3632 19 19 5
3633 15 14 6
3634 24 23 7
3635 15 14 4
3636 18 17 5
3637 15 14 4
3638 12 11 5
3639 11 11 5
3640 19 19 5
3641 9 9 5
3642 13 13 5
3643 17 17 5
3644 19 18 4
3645 12 11 5
3646 19 18 4
3647 6 5 4
3648 10 9 5
3649 19 18 6
3650 22 22 6
3651 8 8 4
3652 30 29 9
3653 25 24 6
3654 22 22 4
3655 38 37 7
3656 35 34 4
3657 30 29 5
3658 19 19 5
3659 17 16 4
3660 20 19 5
3661 25 24 6
3662 22 22 4
3663 20 19 5
3664 25 24 6
3665 12 11 5
3666 19 18 4
3667 34 33 5
3668 23 22 6
3669 16 15 5
3670 25 25 5
3671 29 29 5
3672 17 17 5
3673 13 12 4
3674 22 21 5
3675 21 20 6
3676 34 34 6
3677 20 20 6
3678 28 28 6
3679 28 27 5
3680 13 12 4
3681 22 21 5
3682 11 10 4
3683 18 17 5
3684 9 8 4
3685 20 19 5
3686 15 14 6
3687 16 15 5
3688 27 27 7
3689 19 18 4
3690 14 13 5
3691 23 23 5
3692 21 21 5
3693 21 21 5
3694 9 9 5
3695 17 16 6
3696 16 15 5
3697 23 23 5
3698 17 17 5
3699 21 20 6
3700 12 12 4
3701 22 21 5
3702 13 13 5
3703 21 21 5
3704 21 21 5
3705 13 13 5
3706 11 11 5
3707 17 16 6
3708 14 14 4
3709 26 25 7
3710 19 19 5
3711 11 11 5
3712 19 18 6
3713 20 20 6
3714 12 12 4
3715 10 9 5
3716 15 14 6
3717 12 12 6
3718 14 14 4
3719 18 17 5
3720 11 11 5
3721 21 20 8
3722 10 10 6
3723 14 14 4
3724 18 17 7
3725 19 18 6
3726 16 16 6
3727 6 6 6
3728 19 18 4
3729 28 27 7
3730 7 6 5
3731 19 18 6
3732 14 13 5
3733 21 20 4
3734 12 11 5
3735 15 14 8
3736 8 8 4
3737 12 11 5
3738 11 10 4
3739 10 9 5
3740 11 10 4
3741 14 13 5
3742 9 9 5
3743 9 9 5
3744 13 13 5
3745 15 15 5
3746 21 20 6
3747 8 8 4
3748 12 11 5
3749 11 11 5
3750 11 10 6
3751 12 12 4
3752 12 11 5
3753 9 9 5
3754 11 10 6
3755 10 10 6
3756 16 16 6
3757 12 11 5
3758 13 13 5
3759 11 10 4
3760 10 9 5
3761 15 15 5
3762 11 11 5
3763 19 18 6
3764 18 17 7
3765 13 12 4
3766 16 15 5
3767 11 11 5
3768 11 10 6
3769 16 15 5
3770 5 5 5
3771 14 13 5
3772 15 14 6
3773 6 5 4
3774 12 11 5
3775 13 12 4
3776 18 17 7
3777 17 16 6
3778 14 14 6
3779 12 12 8
3780 6 6 6
3781 11 10 6
3782 10 9 5
3783 13 12 4
3784 20 19 5
3785 9 8 4
3786 22 21 5
3787 21 21 5
3788 27 26 8
3789 12 12 6
3790 10 10 6
3791 16 16 4
3792 12 11 5
3793 19 18 6
3794 12 12 6
3795 8 8 4
3796 18 17 7
3797 21 21 5
3798 17 16 4
3799 8 7 6
3800 14 14 6
3801 10 10 4
3802 14 13 7
3803 11 10 4
3804 18 17 7
3805 11 10 4
3806 12 11 5
3807 9 8 4
3808 18 17 5
3809 17 17 5
3810 9 9 5
3811 11 11 5
3812 7 6 5
3813 15 14 6
3814 18 18 6
3815 14 13 5
3816 9 9 5
3817 13 13 5
3818 19 19 5
3819 15 15 5
3820 9 9 5
3821 11 11 5
3822 11 10 4
3823 14 13 5
3824 19 19 5
3825 25 24 6
3826 14 13 5
3827 15 14 4
3828 10 9 5
3829 7 6 5
3830 19 18 6
3831 12 12 4
3832 20 19 5
3833 19 19 5
3834 17 16 6
3835 14 14 4
3836 14 13 5
3837 17 16 4
3838 22 21 5
3839 9 8 4
3840 18 17 5
3841 15 14 6
3842 16 16 4
3843 16 15 5
3844 17 16 4
3845 20 19 5
3846 15 15 5
3847 17 16 4
3848 16 15 5
3849 11 10 4
3850 20 19 5
3851 17 16 4
3852 18 17 5
3853 17 16 4
3854 32 31 7
3855 35 35 5
3856 25 25 5
3857 27 27 7
3858 25 24 8
3859 24 24 6
3860 26 26 6
3861 20 20 4
3862 12 11 5
3863 23 22 6
3864 26 25 7
3865 23 23 5
3866 21 20 4
3867 32 31 5
3868 13 13 5
3869 31 30 6
3870 16 15 5
3871 15 14 4
3872 16 15 5
3873 21 21 5
3874 25 25 7
3875 21 20 4
3876 16 15 5
3877 17 16 6
3878 14 14 4
3879 22 21 5
3880 23 22 8
3881 20 20 4
3882 18 17 5
3883 29 28 8
3884 20 19 5
3885 31 30 6
3886 22 21 5
3887 17 16 6
3888 20 20 4
3889 22 21 5
3890 19 19 5
3891 19 18 6
3892 18 17 5
3893 15 14 6
3894 20 20 4
3895 16 15 5
3896 21 21 7
3897 19 18 6
3898 18 17 5
3899 11 11 5
3900 19 19 5
3901 11 11 5
3902 11 10 4
3903 14 13 5
3904 11 10 4
3905 18 17 5
3906 15 14 6
3907 22 21 7
3908 17 16 6
3909 22 22 6
3910 12 12 4
3911 26 25 7
3912 9 8 4
3913 6 5 4
3914 16 15 5
3915 13 12 6
3916 12 12 4
3917 10 9 5
3918 11 11 5
3919 21 21 7
3920 19 18 4
3921 10 9 5
3922 23 23 5
3923 9 8 4
3924 6 5 4
3925 28 27 7
3926 23 22 4
3927 18 17 5
3928 13 12 4
3929 18 17 7
3930 13 12 4
3931 24 23 5
3932 13 12 4
3933 18 17 5
3934 21 21 7
3935 15 15 5
3936 11 10 4
3937 16 15 5
3938 17 16 6
3939 14 13 5
3940 25 24 8
3941 16 16 4
3942 16 15 5
3943 17 17 7
3944 13 12 4
3945 12 11 5
3946 17 16 4
3947 16 15 5
3948 13 13 5
3949 15 14 8
3950 12 12 4
3951 12 11 5
3952 15 14 4
3953 16 15 5
3954 13 12 4
3955 14 13 5
3956 13 12 4
3957 12 11 5
3958 21 20 6
3959 12 11 5
3960 15 15 5
3961 15 14 6
3962 10 9 5
3963 15 14 4
3964 22 21 7
3965 19 19 5
3966 19 19 5
3967 17 16 4
3968 22 21 5
3969 25 24 6
3970 14 13 5
3971 17 16 6
3972 18 17 7
3973 13 12 4
3974 12 11 5
3975 15 14 4
3976 26 25 5
3977 11 11 5
3978 15 15 5
3979 13 12 6
3980 16 16 4
3981 12 11 7
3982 11 10 6
3983 6 6 6
3984 9 8 4
3985 12 11 5
3986 9 9 5
3987 11 11 5
3988 21 21 5
3989 17 16 6
3990 24 23 5
3991 15 15 7
3992 11 10 4
3993 18 17 5
3994 27 27 5
3995 19 19 5
3996 17 16 6
3997 22 21 5
3998 13 13 5
3999 21 20 6
4000 10 9 5
4001 7 6 5
4002 13 12 4
4003 10 9 5
4004 13 13 5
4005 13 12 6
4006 6 6 6
4007 19 19 7
4008 15 14 6
4009 8 8 4
4010 12 11 5
4011 17 17 7
4012 7 6 5
4013 11 11 5
4014 15 15 7
4015 7 6 5
4016 9 8 4
4017 16 15 5
4018 11 10 4
4019 16 15 7
4020 13 13 5
4021 17 17 5
4022 15 14 6
4023 10 9 5
4024 7 6 5
4025 13 12 6
4026 6 5 4
4027 18 17 5
4028 9 9 5
4029 11 10 6
4030 16 16 6
4031 12 11 5
4032 9 9 5
4033 15 14 6
4034 12 12 6
4035 10 9 5
4036 17 16 8
4037 20 20 4
4038 16 15 5
4039 15 15 7
4040 7 6 5
4041 9 8 4
4042 14 13 5
4043 9 9 5
4044 11 11 5
4045 17 17 7
4046 13 12 6
4047 16 16 6
4048 12 11 5
4049 15 14 6
4050 10 10 4
4051 10 9 5
4052 11 11 5
4053 15 14 6
4054 14 14 4
4055 10 9 5
4056 13 12 6
4057 8 8 4
4058 12 11 5
4059 13 12 6
4060 10 10 4
4061 14 13 5
4062 7 6 5
4063 5 5 5
4064 18 17 5
4065 15 14 8
4066 10 9 5
4067 11 10 6
4068 10 9 5
4069 11 11 5
4070 11 11 5
4071 11 11 5
4072 11 10 4
4073 16 15 5
4074 13 12 6
4075 14 13 5
4076 13 12 4
4077 16 15 5
4078 15 15 5
4079 19 19 5
4080 17 17 5
4081 13 12 6
4082 18 18 4
4083 14 13 5
4084 17 17 5
4085 21 21 5
4086 23 22 4
4087 38 37 7
4088 39 39 5
4089 23 23 7
4090 35 34 6
4091 12 12 4
4092 18 17 5
4093 25 24 4
4094 12 11 5
4095 15 14 4
4096 18 17 7
4097 23 22 6
4098 24 24 4
4099 26 25 5
4100 21 20 4
4101 24 23 5
4102 27 26 6
4103 22 22 6
4104 26 26 4
4105 32 31 7
4106 37 36 4
4107 26 25 5
4108 37 37 5
4109 21 21 5
4110 17 16 4
4111 26 25 5
4112 29 29 5
4113 19 19 5
4114 23 23 5
4115 17 16 6
4116 22 22 6
4117 22 22 4
4118 16 15 5
4119 17 16 4
4120 22 21 5
4121 29 28 8
4122 16 16 4
4123 26 25 5
4124 25 24 6
4125 20 19 5
4126 17 16 6
4127 12 11 5
4128 15 14 4
4129 24 23 5
4130 23 22 6
4131 26 26 6
4132 18 18 4
4133 34 33 7
4134 35 35 5
4135 21 21 5
4136 35 34 4
4137 16 15 5
4138 21 20 4
4139 32 31 7
4140 39 39 5
4141 25 25 5
4142 17 16 6
4143 18 18 4
4144 18 17 5
4145 15 15 5
4146 33 32 6
4147 26 26 6
4148 20 19 5
4149 21 20 6
4150 38 37 5
4151 23 22 6
4152 26 26 6
4153 10 10 4
4154 14 13 5
4155 29 28 6
4156 34 34 8
4157 32 32 6
4158 24 24 6
4159 12 12 6
4160 26 25 5
4161 35 34 6
4162 16 16 6
4163 18 18 4
4164 20 19 5
4165 21 20 6
4166 24 23 5
4167 19 18 6
4168 16 15 5
4169 17 17 5
4170 23 22 6
4171 22 22 4
4172 22 21 5
4173 19 18 6
4174 18 18 8
4175 22 22 4
4176 18 17 5
4177 19 18 6
4178 24 24 4
4179 20 19 5
4180 21 21 5
4181 15 15 5
4182 33 32 6
4183 26 25 5
4184 15 14 4
4185 24 23 5
4186 27 26 4
4187 24 23 7
4188 9 8 4
4189 28 27 5
4190 35 35 7
4191 17 16 6
4192 16 16 4
4193 22 21 5
4194 21 20 4
4195 18 17 5
4196 21 21 5
4197 23 22 6
4198 22 22 6
4199 22 22 4
4200 20 19 5
4201 21 20 6
4202 26 26 4
4203 22 21 5
4204 25 24 6
4205 10 10 4
4206 20 19 5
4207 21 20 6
4208 20 20 6
4209 18 17 5
4210 31 31 7
4211 17 16 4
4212 20 19 7
4213 21 20 6
4214 16 15 5
4215 19 18 4
4216 16 15 7
4217 7 6 5
4218 13 12 4
4219 14 13 5
4220 13 12 4
4221 12 11 5
4222 23 22 4
4223 18 17 5
4224 17 16 6
4225 12 12 4
4226 18 17 5
4227 13 12 4
4228 26 25 7
4229 17 16 6
4230 20 20 6
4231 18 18 6
4232 16 16 6
4233 14 14 6
4234 10 10 6
4235 10 10 4
4236 10 9 5
4237 13 12 4
4238 16 15 5
4239 21 20 6
4240 16 16 6
4241 18 18 6
4242 12 12 6
4243 12 11 5
4244 7 7 7
4245 16 16 6
4246 10 10 6
4247 16 16 4
4248 14 13 5
4249 5 5 5
4250 14 13 5
4251 11 11 5
4252 7 6 5
4253 15 14 4
4254 16 15 5
4255 15 15 5
4256 5 5 5
4257 16 15 5
4258 13 13 5
4259 15 15 5
4260 13 13 5
4261 11 10 4
4262 16 15 5
4263 13 13 5
4264 13 12 6
4265 16 16 6
4266 8 8 4
4267 10 9 5
4268 13 12 4
4269 14 13 5
4270 11 11 5
4271 9 8 4
4272 20 19 9
4273 13 12 4
4274 10 9 5
4275 7 6 5
4276 17 16 6
4277 14 14 8
4278 12 12 4
4279 14 13 5
4280 13 12 4
4281 12 11 5
4282 13 13 7
4283 13 12 4
4284 10 9 5
4285 11 10 4
4286 16 15 7
4287 13 12 6
4288 6 6 6
4289 13 13 7
4290 13 12 4
4291 12 11 5
4292 13 12 4
4293 12 11 5
4294 21 20 6
4295 12 12 6
4296 16 15 5
4297 11 10 6
4298 16 16 6
4299 10 9 5
4300 9 8 4
4301 10 9 5
4302 11 11 5
4303 11 11 5
4304 15 15 7
4305 23 22 6
4306 8 8 4
4307 10 9 5
4308 17 16 6
4309 24 23 7
4310 11 10 4
4311 10 9 5
4312 13 13 5
4313 13 12 4
4314 12 11 5
4315 11 10 6
4316 12 11 5
4317 15 14 4
4318 10 9 8
4319 12 12 6
4320 14 14 6
4321 10 10 4
4322 16 15 5
4323 11 11 5
4324 13 13 5
4325 11 10 6
4326 14 14 6
4327 18 18 6
4328 12 11 5
4329 11 10 4
4330 12 11 5
4331 13 12 4
4332 12 11 7
4333 13 13 5
4334 13 12 4
4335 12 11 5
4336 9 9 5
4337 11 10 6
4338 10 9 5
4339 13 13 7
4340 13 12 4
4341 14 13 5
4342 11 11 5
4343 17 16 6
4344 12 12 4
4345 8 7 6
4346 12 12 4
4347 6 5 4
4348 10 9 5
4349 13 12 4
4350 12 11 5
4351 13 13 5
4352 7 6 5
4353 13 12 6
4354 8 8 4
4355 20 19 5
4356 19 18 4
4357 12 11 5
4358 13 12 6
4359 16 16 6
4360 24 24 4
4361 14 13 7
4362 21 20 6
4363 14 13 5
4364 23 22 4
4365 10 9 5
4366 21 20 6
4367 20 19 5
4368 21 20 6
4369 24 23 7
4370 15 14 4
4371 14 13 5
4372 25 25 5
4373 15 15 5
4374 25 24 6
4375 16 15 5
4376 11 10 4
4377 22 21 5
4378 27 26 4
4379 42 41 5
4380 23 23 7
4381 31 30 4
4382 24 23 5
4383 25 24 4
4384 26 25 5
4385 23 23 5
4386 31 30 4
4387 38 37 5
4388 35 34 6
4389 34 33 9
4390 47 46 14
4391 32 32 4
4392 46 45 9
4393 27 27 5
4394 23 23 5
4395 23 22 6
4396 54 54 12
4397 20 19 5
4398 19 18 6
4399 20 20 6
4400 28 28 8
4401 10 10 4
4402 26 25 7
4403 13 13 5
4404 25 24 6
4405 18 18 4
4406 28 27 7
4407 27 26 4
4408 18 17 5
4409 23 22 8
4410 16 15 5
4411 31 30 10
4412 18 18 4
4413 28 27 5
4414 23 23 7
4415 19 19 5
4416 21 20 6
4417 20 20 4
4418 24 23 5
4419 11 11 5
4420 21 20 4
4421 26 25 5
4422 15 15 5
4423 39 38 6
4424 34 34 6
4425 20 19 5
4426 25 24 6
4427 28 27 5
4428 17 16 4
4429 24 23 5
4430 37 36 8
4431 24 24 4
4432 22 21 5
4433 19 19 5
4434 17 17 5
4435 35 34 8
4436 30 30 6
4437 18 17 5
4438 19 19 7
4439 19 18 6
4440 14 14 4
4441 28 27 7
4442 25 25 5
4443 23 22 6
4444 16 16 6
4445 24 24 4
4446 14 13 5
4447 23 23 5
4448 25 25 5
4449 23 23 5
4450 19 19 5
4451 23 22 8
4452 20 20 6
4453 10 10 4
4454 28 27 5
4455 15 15 5
4456 29 28 6
4457 18 18 6
4458 14 14 6
4459 36 36 12
4460 16 16 4
4461 20 19 5
4462 27 26 6
4463 24 24 6
4464 18 17 7
4465 25 24 6
4466 26 26 8
4467 16 16 4
4468 36 35 7
4469 37 36 6
4470 20 19 5
4471 31 31 5
4472 17 16 6
4473 22 22 4
4474 28 27 7
4475 21 21 7
4476 23 22 6
4477 24 24 4
4478 28 27 5
4479 13 12 4
4480 34 33 5
4481 27 26 6
4482 30 29 7
4483 25 24 4
4484 24 23 5
4485 23 22 6
4486 20 20 4
4487 18 17 5
4488 27 26 6
4489 24 24 6
4490 18 18 6
4491 12 12 4
4492 34 33 5
4493 19 19 5
4494 25 25 5
4495 25 25 5
4496 13 12 4
4497 18 17 5
4498 19 18 6
4499 30 29 5
4500 23 23 7
4501 15 14 4
4502 26 25 5
4503 19 18 4
4504 14 13 5
4505 21 21 5
4506 15 15 5
4507 15 14 6
4508 26 26 6
4509 18 17 5
4510 15 14 4
4511 32 31 5
4512 23 23 7
4513 25 24 6
4514 14 14 6
4515 20 20 4
4516 32 31 5
4517 13 13 5
4518 15 14 4
4519 12 11 5
4520 27 27 5
4521 23 23 7
4522 21 20 4
4523 20 19 5
4524 23 22 4
4525 20 19 5
4526 17 16 6
4527 20 20 6
4528 16 15 5
4529 19 18 6
4530 16 16 6
4531 18 17 5
4532 13 13 5
4533 17 16 4
4534 24 23 5
4535 9 9 5
4536 19 19 5
4537 11 11 5
4538 9 9 5
4539 13 12 6
4540 10 10 4
4541 18 17 7
4542 11 10 4
4543 10 9 5
4544 13 12 6
4545 16 16 6
4546 14 13 5
4547 11 11 5
4548 23 22 4
4549 14 13 5
4550 21 20 6
4551 14 13 5
4552 11 10 4
4553 18 17 5
4554 17 16 4
4555 14 13 5
4556 15 15 5
4557 17 17 5
4558 11 11 5
4559 13 12 4
4560 16 15 5
4561 15 14 6
4562 16 15 7
4563 23 22 4
4564 16 15 7
4565 11 11 5
4566 19 18 4
4567 10 9 5
4568 11 10 4
4569 12 11 5
4570 13 13 5
4571 13 13 5
4572 15 14 4
4573 8 7 6
4574 8 8 4
4575 14 13 5
4576 15 14 6
4577 20 20 6
4578 6 6 6
4579 9 9 5
4580 17 16 6
4581 18 18 6
4582 6 5 4
4583 20 19 5
4584 9 8 4
4585 18 17 5
4586 11 11 5
4587 19 18 4
4588 22 21 5
4589 13 12 6
4590 20 20 6
4591 16 16 4
4592 18 17 5
4593 21 20 6
4594 26 25 5
4595 43 42 6
4596 36 35 5
4597 31 30 4
4598 18 17 5
4599 25 24 6
4600 32 31 7
4601 35 35 5
4602 35 35 5
4603 43 43 7
4604 35 34 6
4605 46 46 8
4606 38 37 7
4607 33 32 4
4608 30 29 5
4609 19 18 4
4610 38 37 5
4611 39 39 9
4612 29 28 8
4613 24 23 5
4614 27 26 6
4615 30 29 5
4616 31 31 5
4617 31 31 5
4618 27 27 7
4619 21 20 6
4620 28 27 5
4621 29 29 7
4622 19 18 6
4623 34 34 6
4624 30 29 5
4625 29 28 6
4626 14 13 5
4627 15 14 6
4628 16 16 6
4629 18 17 5
4630 27 26 4
4631 32 31 7
4632 23 22 8
4633 30 29 7
4634 39 38 6
4635 24 23 5
4636 15 15 5
4637 17 17 5
4638 13 13 5
4639 17 16 6
4640 20 19 5
4641 11 10 4
4642 24 23 5
4643 21 21 5
4644 19 19 5
4645 19 18 6
4646 10 10 6
4647 14 14 4
4648 18 17 5
4649 13 13 5
4650 19 19 5
4651 11 11 5
4652 19 19 5
4653 19 19 5
4654 19 18 6
4655 12 11 5
4656 13 13 5
4657 15 14 4
4658 12 11 5
4659 23 22 6
4660 16 15 5
4661 19 18 6
4662 16 16 4
4663 16 15 5
4664 13 13 5
4665 17 16 4
4666 16 15 5
4667 13 13 5
4668 15 15 5
4669 7 6 5
4670 11 10 4
4671 18 17 5
4672 11 11 5
4673 25 24 6
4674 16 15 7
4675 17 16 4
4676 12 11 5
4677 17 16 6
4678 20 19 5
4679 23 23 5
4680 19 18 4
4681 16 15 5
4682 17 17 5
4683 13 12 4
4684 18 17 5
4685 17 16 4
4686 10 9 5
4687 29 28 6
4688 36 35 7
4689 17 17 5
4690 35 35 7
4691 33 32 6
4692 22 22 6
4693 12 12 4
4694 28 27 5
4695 17 17 5
4696 23 23 5
4697 17 16 4
4698 20 19 7
4699 29 28 4
4700 22 21 7
4701 23 22 6
4702 34 34 8
4703 18 18 4
4704 30 29 7
4705 15 14 4
4706 24 23 5
4707 23 23 5
4708 25 25 5
4709 21 20 4
4710 46 45 7
4711 25 24 4
4712 24 23 5
4713 33 33 5
4714 19 18 4
4715 28 27 5
4716 25 24 6
4717 26 25 5
4718 21 20 6
4719 26 26 4
4720 32 31 5
4721 31 30 6
4722 24 24 6
4723 30 30 6
4724 28 28 6
4725 22 22 6
4726 34 34 6
4727 24 24 4
4728 24 23 5
4729 23 23 5
4730 19 18 4
4731 26 25 5
4732 35 35 5
4733 19 19 5
4734 27 26 6
4735 28 27 5
4736 39 38 8
4737 34 34 6
4738 28 27 7
4739 37 37 7
4740 49 48 10
4741 32 31 7
4742 37 37 9
4743 25 25 7
4744 49 48 10
4745 32 31 5
4746 31 30 6
4747 20 20 6
4748 30 29 7
4749 33 32 6
4750 26 26 6
4751 36 36 6
4752 28 27 5
4753 37 37 7
4754 25 24 6
4755 20 20 4
4756 26 25 5
4757 27 27 9
4758 23 22 6
4759 30 30 6
4760 34 33 9
4761 27 27 5
4762 29 29 7
4763 23 22 6
4764 26 26 8
4765 34 34 8
4766 22 22 4
4767 24 23 5
4768 29 29 5
4769 31 31 5
4770 17 17 5
4771 37 37 5
4772 17 16 4
4773 32 31 5
4774 39 39 7
4775 39 38 8
4776 32 32 8
4777 48 47 5
4778 35 35 7
4779 29 28 6
4780 28 28 6
4781 22 21 5
4782 25 25 5
4783 29 29 7
4784 21 21 5
4785 29 28 6
4786 28 28 8
4787 22 21 5
4788 23 23 5
4789 23 23 5
4790 29 28 6
4791 26 26 6
4792 26 25 5
4793 19 19 5
4794 35 35 5
4795 15 15 5
4796 17 16 6
4797 24 24 8
4798 16 16 6
4799 12 12 4
4800 26 25 5
4801 25 25 5
4802 11 11 5
4803 15 14 4
4804 22 21 5
4805 13 13 5
4806 19 18 4
4807 22 21 5
4808 13 12 4
4809 20 19 7
4810 15 14 6
4811 18 18 4
4812 24 23 5
4813 17 17 5
4814 15 14 4
4815 14 13 5
4816 15 15 5
4817 25 24 6
4818 20 20 4
4819 24 23 5
4820 21 20 6
4821 16 16 4
4822 22 21 5
4823 23 22 4
4824 20 19 5
4825 19 19 5
4826 13 12 6
4827 16 16 6
4828 22 21 5
4829 17 16 8
4830 12 11 5
4831 35 34 6
4832 22 22 6
4833 28 27 7
4834 21 21 5
4835 23 22 4
4836 20 19 5
4837 17 16 4
4838 16 15 5
4839 19 18 4
4840 24 23 5
4841 17 16 4
4842 22 21 7
4843 17 16 4
4844 16 15 5
4845 19 19 5
4846 25 24 6
4847 22 22 4
4848 20 19 5
4849 17 16 4
4850 20 19 5
4851 21 21 5
4852 11 10 4
4853 12 11 5
4854 21 20 4
4855 12 11 5
4856 21 20 6
4857 14 14 4
4858 12 11 5
4859 13 13 5
4860 19 18 4
4861 14 13 7
4862 15 14 4
4863 14 13 5
4864 9 9 5
4865 13 12 6
4866 10 9 5
4867 13 13 5
4868 11 10 4
4869 22 21 5
4870 9 8 4
4871 16 15 5
4872 13 12 6
4873 14 14 8
4874 20 20 4
4875 20 19 5
4876 15 15 5
4877 19 19 7
4878 11 11 5
4879 13 12 6
4880 14 14 6
4881 18 18 6
4882 10 10 4
4883 6 5 4
4884 16 15 7
4885 11 11 5
4886 25 24 8
4887 12 12 6
4888 12 12 4
4889 10 9 5
4890 15 15 5
4891 19 18 8
4892 14 14 4
4893 14 13 5
4894 11 11 5
4895 11 10 4
4896 16 15 5
4897 11 10 4
4898 20 19 5
4899 11 11 5
4900 9 9 5
4901 13 12 4
4902 12 11 5
4903 13 12 6
4904 12 12 6
4905 12 12 6
4906 10 10 4
4907 16 15 5
4908 9 8 4
4909 14 13 7
4910 9 9 5
4911 13 12 4
4912 12 11 5
4913 17 17 5
4914 15 15 5
4915 17 17 5
4916 13 12 4
4917 14 13 7
4918 13 12 6
4919 8 8 4
4920 18 17 5
4921 11 10 4
4922 22 21 7
4923 13 12 4
4924 14 13 7
4925 11 10 6
4926 12 12 6
4927 8 8 4
4928 10 9 5
4929 11 10 4
4930 18 17 7
4931 13 12 4
4932 16 15 7
4933 9 8 4
4934 10 9 5
4935 13 12 6
4936 16 15 7
4937 11 11 5
4938 11 10 4
4939 10 9 5
4940 17 16 6
4941 14 13 5
4942 17 16 6
4943 12 12 4
4944 16 15 7
4945 13 12 6
4946 10 9 5
4947 13 12 6
4948 6 5 4
4949 14 13 5
4950 17 16 6
4951 14 13 5
4952 15 14 6
4953 26 25 5
4954 11 11 5
4955 11 11 5
4956 13 13 5
4957 13 12 4
4958 10 9 5
4959 13 13 5
4960 15 15 5
4961 13 12 6
4962 8 8 4
4963 6 5 4
4964 20 19 7
4965 13 12 4
4966 6 5 4
4967 14 13 7
4968 11 10 6
4969 18 18 6
4970 14 14 4
4971 10 9 5
4972 13 12 6
4973 14 14 6
4974 16 16 6
4975 14 13 5
4976 15 14 6
4977 8 7 6
4978 18 18 6
4979 14 14 6
4980 18 18 4
4981 38 37 9
4982 21 20 4
4983 16 15 5
4984 27 27 5
4985 15 15 5
4986 17 16 4
4987 16 15 5
4988 17 16 6
4989 14 14 4
4990 18 17 5
4991 33 32 6
4992 20 19 5
4993 23 22 4
4994 24 23 5
4995 13 13 5
4996 17 17 5
4997 17 16 4
4998 28 27 7
4999 15 14 6
5000 32 31 5
5001 19 18 6
5002 16 16 6
5003 30 30 6
5004 20 20 4
5005 24 23 5
5006 27 26 6
5007 18 18 6
5008 16 16 6
5009 12 11 5
5010 21 20 4
5011 20 19 5
5012 21 20 4
5013 26 25 5
5014 19 19 5
5015 17 17 5
5016 23 23 7
5017 25 25 5
5018 33 33 5
5019 21 20 6
5020 32 31 5
5021 23 23 5
5022 27 26 4
5023 18 17 5
5024 29 28 6
5025 28 27 7
5026 29 28 6
5027 16 16 4
5028 16 15 5
5029 29 28 4
5030 18 17 5
5031 29 28 6
5032 22 22 8
5033 18 18 4
5034 30 29 7
5035 27 27 5
5036 21 21 5
5037 23 22 6
5038 18 17 5
5039 21 20 4
5040 34 33 9
5041 23 22 6
5042 12 12 4
5043 18 17 5
5044 23 22 4
5045 26 25 7
5046 19 19 5
5047 13 12 4
5048 20 19 5
5049 17 16 4
5050 12 11 5
5051 29 28 6
5052 18 17 5
5053 31 30 4
5054 26 25 7
5055 23 22 6
5056 16 16 6
5057 16 16 4
5058 28 27 5
5059 17 17 5
5060 17 16 4
5061 22 21 7
5062 13 12 4
5063 18 17 5
5064 17 16 4
5065 20 19 5
5066 23 23 5
5067 31 31 7
5068 27 26 6
5069 18 18 6
5070 16 16 6
5071 18 18 4
5072 20 19 5
5073 25 25 7
5074 15 14 4
5075 12 11 5
5076 19 18 6
5077 10 10 4
5078 12 11 5
5079 21 20 6
5080 12 12 6
5081 18 18 4
5082 10 9 5
5083 25 24 6
5084 16 15 5
5085 15 14 6
5086 6 6 6
5087 13 12 4
5088 18 17 7
5089 15 14 6
5090 8 8 4
5091 20 19 7
5092 15 14 4
5093 16 15 7
5094 19 18 4
5095 12 11 5
5096 17 16 6
5097 8 7 6
5098 6 6 6
5099 7 6 5
5100 7 6 5
5101 15 14 6
5102 22 22 8
5103 14 14 6
5104 18 18 4
5105 18 17 7
5106 7 6 5
5107 9 9 5
5108 11 10 4
5109 16 15 7
5110 13 12 6
5111 10 10 4
5112 24 23 7
5113 13 12 4
5114 10 9 5
5115 11 11 5
5116 9 9 5
5117 11 10 4
5118 10 9 5
5119 21 20 4
5120 14 13 5
5121 13 12 6
5122 14 14 4
5123 12 11 5
5124 17 16 6
5125 16 15 5
5126 23 22 8
5127 12 11 5
5128 25 24 6
5129 14 14 4
5130 22 21 5
5131 19 19 5
5132 13 13 5
5133 17 16 6
5134 14 14 6
5135 20 19 5
5136 25 24 6
5137 16 15 5
5138 13 12 4
5139 14 13 5
5140 15 14 6
5141 10 10 4
5142 16 15 5
5143 17 17 5
5144 13 12 4
5145 22 21 7
5146 15 14 4
5147 24 23 5
5148 11 10 6
5149 20 20 4
5150 18 17 7
5151 15 14 4
5152 10 9 5
5153 13 12 6
5154 26 26 6
5155 12 12 4
5156 16 15 5
5157 11 10 4
5158 10 9 5
5159 15 15 5
5160 11 10 4
5161 6 5 4
5162 12 11 7
5163 9 8 4
5164 10 9 5
5165 11 10 4
5166 16 15 5
5167 23 22 8
5168 18 18 4
5169 6 5 4
5170 10 9 5
5171 11 11 5
5172 7 7 7
5173 16 16 6
5174 22 21 7
5175 7 6 5
5176 15 14 6
5177 10 10 4
5178 14 13 5
5179 13 12 4
5180 10 9 5
5181 13 12 4
5182 18 17 5
5183 19 18 8
5184 6 6 6
5185 13 13 5
5186 9 8 4
5187 16 15 7
5188 15 14 6
5189 8 8 4
5190 16 15 5
5191 11 10 4
5192 18 17 5
5193 11 10 4
5194 20 19 5
5195 11 11 5
5196 9 8 4
5197 14 13 7
5198 17 16 6
5199 12 11 5
5200 13 12 6
5201 16 15 5
5202 13 13 5
5203 11 11 5
5204 21 21 7
5205 15 15 5
5206 13 13 5
5207 15 15 5
5208 11 11 5
5209 17 17 5
5210 11 11 5
5211 9 9 5
5212 15 14 6
5213 10 10 4
5214 12 11 5
5215 9 8 4
5216 16 15 7
5217 17 16 6
5218 12 11 5
5219 13 12 6
5220 8 8 4
5221 6 5 4
5222 10 9 5
5223 7 6 5
5224 7 6 5
5225 11 10 6
5226 12 11 5
5227 11 11 7
5228 11 10 4
5229 18 17 5
5230 11 11 5
5231 9 9 5
5232 15 15 7
5233 7 6 5
5234 11 10 4
5235 10 9 5
5236 19 18 6
5237 16 16 6
5238 16 15 5
5239 7 6 5
5240 13 12 6
5241 10 9 5
5242 7 6 5
5243 15 15 5
5244 11 11 5
5245 15 14 6
5246 6 6 6
5247 15 14 6
5248 18 18 6
5249 12 11 5
5250 19 19 5
5251 21 20 6
5252 10 10 6
5253 14 14 4
5254 18 17 5
5255 15 15 5
5256 11 11 5
5257 15 14 6
5258 10 10 4
5259 18 17 7
5260 17 17 5
5261 15 14 4
5262 14 13 5
5263 31 31 7
5264 13 12 4
5265 18 17 5
5266 13 12 6
5267 14 14 6
5268 16 16 6
5269 8 8 4
5270 14 13 5
5271 21 20 6
5272 16 16 6
5273 22 22 6
5274 16 16 6
5275 14 14 4
5276 14 13 5
5277 21 21 7
5278 29 28 6
5279 20 20 4
5280 20 19 5
5281 13 13 5
5282 13 12 6
5283 18 18 6
5284 18 17 5
5285 13 12 4
5286 34 33 7
5287 17 16 6
5288 24 23 7
5289 23 22 6
5290 34 34 6
5291 14 14 4
5292 24 23 5
5293 35 34 6
5294 22 22 4
5295 24 23 5
5296 19 18 6
5297 18 17 5
5298 25 24 6
5299 20 19 5
5300 25 24 6
5301 24 24 6
5302 32 32 10
5303 28 27 9
5304 15 15 5
5305 41 41 9
5306 29 29 5
5307 25 25 5
5308 13 13 5
5309 37 36 8
5310 22 21 5
5311 19 19 5
5312 17 17 5
5313 35 35 7
5314 33 32 6
5315 30 30 8
5316 16 16 4
5317 32 31 7
5318 15 14 4
5319 26 25 7
5320 19 19 5
5321 31 30 6
5322 28 28 4
5323 30 29 9
5324 21 21 5
5325 23 22 6
5326 24 24 6
5327 30 30 6
5328 20 20 6
5329 28 27 7
5330 17 17 5
5331 15 14 6
5332 44 44 14
5333 16 15 7
5334 29 28 6
5335 26 26 6
5336 22 22 8
5337 16 15 7
5338 31 30 4
5339 16 15 7
5340 11 11 5
5341 25 24 8
5342 20 20 4
5343 28 27 9
5344 29 29 7
5345 23 22 6
5346 22 22 4
5347 38 37 9
5348 15 14 6
5349 24 23 5
5350 17 17 5
5351 25 24 6
5352 18 17 5
5353 21 21 5
5354 17 16 4
5355 20 19 5
5356 15 15 5
5357 23 22 4
5358 18 17 5
5359 31 30 6
5360 22 21 5
5361 31 30 8
5362 22 22 6
5363 20 20 4
5364 30 29 5
5365 21 21 5
5366 17 17 5
5367 5 5 5
5368 18 17 5
5369 17 16 4
5370 18 17 5
5371 15 14 6
5372 16 16 4
5373 18 17 7
5374 15 14 4
5375 18 17 5
5376 11 11 5
5377 9 9 5
5378 9 8 4
5379 22 21 7
5380 11 11 5
5381 15 15 5
5382 11 11 5
5383 21 20 6
5384 14 13 5
5385 7 6 5
5386 11 10 6
5387 16 16 6
5388 18 18 6
5389 12 11 5
5390 17 16 6
5391 14 13 5
5392 9 8 4
5393 16 15 5
5394 15 14 8
5395 14 14 6
5396 18 18 6
5397 18 18 4
5398 12 11 5
5399 13 12 4
5400 16 15 5
5401 11 10 4
5402 26 25 5
5403 15 14 4
5404 20 19 5
5405 29 28 6
5406 12 11 5
5407 25 24 6
5408 36 36 6
5409 20 19 5
5410 11 10 4
5411 26 25 5
5412 13 13 5
5413 9 9 5
5414 9 8 4
5415 20 19 5
5416 19 19 7
5417 11 10 4
5418 12 11 5
5419 19 19 5
5420 15 15 5
5421 23 22 4
5422 20 19 5
5423 17 17 5
5424 13 13 5
5425 11 10 4
5426 16 15 5
5427 13 12 4
5428 14 13 7
5429 9 8 4
5430 28 27 5
5431 15 15 5
5432 13 12 4
5433 16 15 5
5434 19 18 6
5435 14 14 6
5436 18 18 4
5437 14 13 5
5438 15 14 4
5439 18 17 5
5440 17 16 6
5441 12 11 5
5442 13 13 5
5443 15 14 4
5444 24 23 5
5445 15 15 5
5446 21 20 6
5447 14 14 4
5448 18 17 5
5449 15 14 4
5450 18 17 7
5451 23 22 6
5452 12 11 5
5453 19 18 4
5454 18 17 5
5455 25 24 4
5456 20 19 5
5457 13 12 4
5458 30 29 5
5459 21 21 5
5460 25 25 7
5461 31 30 4
5462 26 25 7
5463 27 26 4
5464 30 29 5
5465 21 21 5
5466 15 15 5
5467 21 21 5
5468 31 31 5
5469 19 19 5
5470 25 24 4
5471 16 15 5
5472 21 21 5
5473 27 26 4
5474 16 15 5
5475 23 22 6
5476 12 12 6
5477 18 18 6
5478 24 24 6
5479 26 26 6
5480 18 18 4
5481 18 17 5
5482 13 13 5
5483 19 18 6
5484 12 12 4
5485 14 13 5
5486 19 19 5
5487 11 11 7
5488 11 10 4
5489 20 19 5
5490 11 10 4
5491 10 9 5
5492 15 14 6
5493 18 18 8
5494 8 8 4
5495 12 11 5
5496 9 8 4
5497 12 11 5
5498 17 17 5
5499 17 17 7
5500 11 10 4
5501 20 19 9
5502 13 12 4
5503 14 13 5
5504 15 14 4
5505 14 13 5
5506 11 10 6
5507 18 18 8
5508 16 16 8
5509 14 14 4
5510 10 9 5
5511 13 12 6
5512 6 6 6
5513 13 12 6
5514 8 8 4
5515 14 13 5
5516 13 12 4
5517 18 17 5
5518 5 5 5
5519 14 13 5
5520 15 14 4
5521 12 11 5
5522 29 29 7
5523 21 20 6
5524 12 12 4
5525 12 11 5
5526 17 17 5
5527 11 11 5
5528 5 5 5
5529 10 9 5
5530 11 11 5
5531 19 19 7
5532 15 14 4
5533 12 11 5
5534 15 15 5
5535 13 12 4
5536 14 13 5
5537 15 14 6
5538 20 19 5
5539 17 16 4
5540 22 21 5
5541 15 15 5
5542 23 22 6
5543 10 10 4
5544 10 9 5
5545 9 8 4
5546 18 17 5
5547 15 14 6
5548 10 9 5
5549 15 14 6
5550 6 6 6
5551 19 18 6
5552 10 9 5
5553 13 13 5
5554 13 12 4
5555 14 13 5
5556 11 11 5
5557 11 11 5
5558 13 13 5
5559 13 12 4
5560 12 11 5
5561 11 10 4
5562 16 15 7
5563 15 15 5
5564 13 13 5
5565 19 18 6
5566 16 16 6
5567 14 14 6
5568 12 11 5
5569 7 6 5
5570 5 5 5
5571 10 9 5
5572 9 8 4
5573 16 15 5
5574 15 15 7
5575 19 18 6
5576 18 18 6
5577 8 8 4
5578 18 17 7
5579 7 6 5
5580 23 22 6
5581 6 6 6
5582 9 8 4
5583 12 11 5
5584 11 11 5
5585 15 14 8
5586 18 18 6
5587 12 11 5
5588 7 6 5
5589 17 16 4
5590 20 19 7
5591 19 19 7
5592 31 30 6
5593 16 15 5
5594 19 18 4
5595 12 11 5
5596 17 17 5
5597 13 12 6
5598 14 13 5
5599 17 16 6
5600 8 8 4
5601 16 15 5
5602 15 15 5
5603 31 30 6
5604 14 13 5
5605 17 16 6
5606 24 24 8
5607 20 20 6
5608 14 14 4
5609 16 15 5
5610 19 19 5
5611 19 18 6
5612 16 16 6
5613 16 15 5
5614 13 12 6
5615 22 22 6
5616 10 10 4
5617 10 9 5
5618 9 8 4
5619 14 13 5
5620 19 18 6
5621 14 13 5
5622 21 20 6
5623 16 16 6
5624 6 6 6
5625 13 12 6
5626 12 12 8
5627 8 8 4
5628 12 11 5
5629 13 12 4
5630 16 15 5
5631 17 16 6
5632 10 10 6
5633 10 10 4
5634 18 17 5
5635 15 15 7
5636 15 15 7
5637 9 8 4
5638 12 11 5
5639 11 11 5
5640 17 17 7
5641 13 12 4
5642 12 11 5
5643 23 22 6
5644 14 14 4
5645 16 15 7
5646 17 16 4
5647 16 15 7
5648 17 16 6
5649 12 12 4
5650 22 21 9
5651 11 11 5
5652 7 6 5
5653 9 8 4
5654 10 9 5
5655 11 11 7
5656 9 8 4
5657 20 19 5
5658 15 15 5
5659 13 12 6
5660 12 12 6
5661 18 18 6
5662 6 6 6
5663 11 10 6
5664 14 14 4
5665 12 11 5
5666 15 14 6
5667 8 8 4
5668 22 21 7
5669 13 13 5
5670 17 16 4
5671 16 15 5
5672 19 19 5
5673 15 14 6
5674 26 26 4
5675 20 19 5
5676 27 27 5
5677 21 20 6
5678 24 24 6
5679 26 26 6
5680 48 48 8
5681 24 24 6
5682 30 30 6
5683 32 32 4
5684 46 45 5
5685 35 34 6
5686 24 24 4
5687 26 25 7
5688 31 30 6
5689 30 30 6
5690 30 30 6
5691 32 31 5
5692 21 20 6
5693 34 34 6
5694 36 36 8
5695 36 35 9
5696 31 30 6
5697 42 42 8
5698 36 35 7
5699 35 35 9
5700 35 34 8
5701 20 20 6
5702 48 47 9
5703 39 39 7
5704 37 36 6
5705 26 26 6
5706 20 20 4
5707 38 37 7
5708 37 37 11
5709 25 25 5
5710 41 40 6
5711 22 21 5
5712 33 33 9
5713 17 16 4
5714 36 35 5
5715 37 36 10
5716 38 38 8
5717 32 32 6
5718 22 21 7
5719 41 40 6
5720 26 26 6
5721 32 31 5
5722 23 23 7
5723 35 34 4
5724 34 33 7
5725 25 24 6
5726 36 36 8
5727 32 31 5
5728 27 26 6
5729 34 33 9
5730 37 36 6
5731 30 29 5
5732 23 23 5
5733 27 26 6
5734 22 22 4
5735 32 31 7
5736 23 22 6
5737 28 27 5
5738 23 22 6
5739 24 23 5
5740 9 8 4
5741 18 17 5
5742 17 16 6
5743 22 22 6
5744 16 16 4
5745 16 15 5
5746 17 17 7
5747 21 20 6
5748 16 16 4
5749 24 23 5
5750 19 18 6
5751 18 18 4
5752 20 19 5
5753 21 21 7
5754 15 14 4
5755 22 21 5
5756 11 10 4
5757 16 15 5
5758 15 14 4
5759 18 17 5
5760 15 15 5
5761 19 19 5
5762 17 16 6
5763 14 14 4
5764 12 11 5
5765 9 8 4
5766 18 17 5
5767 27 27 7
5768 21 20 6
5769 30 30 8
5770 22 22 6
5771 14 14 4
5772 16 15 5
5773 27 26 8
5774 14 14 4
5775 24 23 5
5776 17 16 4
5777 24 23 5
5778 25 25 7
5779 15 15 5
5780 15 15 5
5781 31 30 6
5782 30 29 9
5783 17 16 6
5784 20 20 6
5785 16 16 4
5786 22 21 5
5787 23 23 5
5788 27 26 6
5789 22 22 6
5790 18 17 5
5791 19 18 4
5792 20 19 5
5793 21 20 6
5794 22 21 5
5795 29 29 5
5796 25 25 7
5797 19 19 5
5798 23 22 4
5799 32 31 7
5800 35 34 8
5801 26 26 6
5802 28 28 4
5803 18 17 5
5804 41 40 4
5805 28 27 7
5806 29 28 6
5807 30 29 7
5808 17 16 6
5809 24 23 5
5810 17 16 4
5811 24 23 5
5812 33 32 6
5813 24 23 7
5814 17 16 6
5815 20 20 6
5816 12 12 4
5817 14 13 5
5818 15 14 4
5819 16 15 5
5820 9 8 4
5821 18 17 7
5822 27 26 4
5823 14 13 7
5824 13 12 4
5825 20 19 5
5826 13 13 5
5827 13 13 5
5828 17 16 6
5829 14 14 6
5830 20 20 6
5831 26 25 5
5832 15 14 4
5833 10 9 5
5834 15 14 6
5835 18 18 6
5836 22 21 5
5837 21 20 6
5838 6 6 6
5839 13 13 5
5840 13 12 4
5841 14 13 5
5842 13 12 4
5843 12 11 5
5844 9 8 4
5845 12 11 5
5846 19 19 7
5847 11 10 4
5848 12 11 5
5849 17 16 8
5850 10 10 4
5851 12 11 5
5852 11 10 6
5853 12 12 6
5854 6 6 6
5855 9 8 4
5856 18 17 7
5857 13 13 5
5858 13 12 4
5859 20 19 7
5860 7 6 5
5861 11 10 4
5862 6 5 4
5863 10 9 5
5864 17 16 6
5865 12 11 5
5866 9 8 4
5867 6 5 4
5868 10 9 5
5869 7 7 7
5870 8 8 4
5871 20 19 7
5872 21 21 7
5873 21 20 6
5874 16 15 5
5875 11 11 5
5876 9 8 4
5877 16 15 5
5878 11 10 4
5879 16 15 7
5880 15 14 6
5881 12 11 5
5882 9 8 4
5883 10 9 5
5884 11 11 5
5885 11 10 6
5886 16 16 6
5887 22 22 6
5888 12 11 5
5889 19 19 5
5890 15 15 5
5891 11 10 4
5892 14 13 5
5893 13 12 6
5894 6 5 4
5895 16 15 7
5896 9 8 4
5897 12 11 5
5898 17 17 5
5899 11 11 5
5900 11 10 4
5901 14 13 5
5902 13 13 5
5903 9 9 5
5904 15 14 6
5905 16 16 6
5906 12 11 5
5907 13 12 6
5908 10 9 5
5909 9 8 4
5910 12 11 5
5911 13 13 5
5912 17 17 5
5913 15 14 6
5914 12 12 6
5915 14 13 7
5916 9 8 4
5917 10 9 5
5918 5 5 5
5919 12 11 5
5920 13 12 6
5921 6 5 4
5922 20 19 5
5923 17 17 5
5924 11 11 5
5925 17 16 6
5926 12 12 6
5927 20 19 7
5928 19 18 6
5929 8 8 4
5930 16 15 7
5931 9 8 4
5932 12 11 5
5933 15 15 5
5934 27 26 8
5935 28 27 7
5936 21 20 4
5937 16 15 5
5938 13 13 5
5939 11 10 6
5940 14 14 4
5941 12 11 5
5942 19 18 6
5943 12 12 4
5944 10 9 5
5945 17 16 6
5946 14 14 4
5947 10 9 5
5948 15 15 5
5949 7 6 5
5950 11 11 5
5951 21 21 5
5952 13 13 5
5953 13 12 6
5954 10 9 5
5955 13 12 6
5956 8 8 4
5957 12 11 5
5958 11 10 6
5959 8 8 4
5960 10 9 5
5961 9 9 5
5962 15 14 6
5963 14 14 6
5964 10 10 6
5965 12 12 6
5966 10 10 4
5967 18 17 7
5968 13 13 5
5969 27 27 7
5970 15 15 5
5971 17 17 5
5972 11 10 4
5973 12 11 5
5974 7 6 5
5975 15 14 6
5976 18 18 8
5977 10 10 6
5978 6 6 6
5979 15 14 4
5980 18 17 5
5981 19 18 4
5982 14 13 5
5983 11 10 4
5984 12 11 5
5985 9 9 9
5986 16 16 6
5987 12 12 4
5988 10 9 5
5989 15 14 6
5990 6 5 4
5991 12 11 5
5992 9 9 5
5993 13 12 6
5994 10 10 4
5995 12 11 5
5996 9 8 4
5997 10 9 5
5998 33 32 6
5999 6 6 6
6000 9 9 5
6001 15 15 7
6002 17 16 4
6003 10 9 5
6004 11 10 6
6005 14 14 6
6006 18 18 6
6007 10 10 4
6008 12 11 5
6009 9 8 4
6010 14 13 5
6011 17 17 5
6012 17 16 8
6013 16 16 4
6014 16 15 5
6015 13 12 4
6016 26 25 5
6017 27 27 5
6018 15 14 6
6019 20 20 4
6020 22 21 5
6021 17 16 4
6022 26 25 5
6023 25 24 6
6024 30 29 5
6025 37 37 5
6026 31 31 5
6027 37 37 7
6028 19 18 4
6029 30 29 5
6030 35 35 7
6031 19 19 5
6032 35 34 8
6033 44 43 5
6034 23 23 7
6035 23 22 4
6036 28 27 5
6037 19 19 7
6038 33 32 6
6039 28 27 7
6040 41 40 8
6041 18 18 6
6042 18 18 6
6043 26 25 7
6044 31 30 6
6045 22 22 6
6046 14 14 4
6047 22 21 5
6048 23 22 4
6049 26 25 5
6050 35 35 7
6051 21 21 5
6052 41 40 6
6053 16 15 5
6054 29 28 8
6055 24 23 5
6056 23 22 6
6057 14 13 5
6058 19 19 5
6059 21 20 4
6060 20 19 5
6061 19 19 5
6062 25 24 6
6063 22 22 4
6064 20 19 5
6065 11 11 5
6066 23 22 4
6067 26 25 7
6068 33 32 6
6069 16 15 5
6070 13 13 5
6071 19 18 6
6072 28 28 6
6073 24 24 4
6074 16 15 5
6075 17 16 4
6076 16 15 5
6077 27 26 4
6078 24 23 5
6079 29 29 9
6080 17 16 4
6081 26 25 7
6082 15 15 5
6083 21 20 4
6084 14 13 5
6085 21 20 4
6086 28 27 5
6087 13 12 4
6088 22 21 5
6089 25 25 5
6090 29 29 5
6091 17 16 4
6092 18 17 5
6093 11 10 4
6094 16 15 5
6095 21 21 5
6096 15 15 5
6097 17 17 5
6098 15 14 4
6099 10 9 5
6100 17 16 6
6101 20 20 4
6102 20 19 5
6103 11 11 5
6104 15 15 7
6105 19 18 4
6106 22 21 5
6107 25 24 6
6108 14 13 5
6109 15 14 4
6110 20 19 5
6111 19 18 4
6112 14 13 5
6113 13 13 5
6114 11 10 6
6115 12 12 4
6116 6 5 4
6117 18 17 5
6118 9 8 4
6119 14 13 5
6120 19 19 5
6121 11 11 5
6122 17 17 5
6123 15 14 4
6124 10 9 5
6125 13 12 6
6126 14 14 4
6127 14 13 5
6128 9 9 5
6129 23 22 6
6130 10 10 4
6131 16 15 7
6132 17 16 6
6133 12 11 5
6134 11 10 4
6135 16 15 5
6136 13 13 5
6137 15 14 4
6138 14 13 5
6139 11 11 5
6140 9 9 5
6141 21 20 4
6142 12 11 5
6143 31 31 5
6144 17 16 4
6145 24 23 5
6146 15 14 4
6147 22 21 5
6148 19 18 4
6149 20 19 5
6150 9 8 4
6151 20 19 7
6152 15 14 6
6153 12 12 4
6154 12 11 5
6155 15 14 6
6156 18 18 4
6157 12 11 5
6158 9 9 5
6159 13 13 5
6160 9 9 5
6161 7 6 5
6162 17 16 6
6163 22 22 6
6164 16 15 5
6165 21 21 5
6166 19 18 6
6167 12 12 4
6168 14 13 5
6169 13 12 6
6170 14 14 6
6171 14 13 5
6172 25 25 7
6173 13 13 5
6174 17 17 5
6175 25 24 6
6176 14 13 5
6177 9 9 5
6178 11 10 4
6179 20 19 5
6180 11 10 6
6181 10 9 5
6182 7 6 5
6183 15 14 4
6184 10 9 5
6185 17 16 6
6186 20 19 5
6187 21 21 5
6188 17 17 5
6189 11 11 5
6190 19 18 8
6191 10 10 4
6192 16 15 5
6193 5 5 5
6194 16 15 5
6195 11 10 6
6196 14 14 6
6197 12 11 5
6198 11 10 6
6199 16 15 5
6200 15 14 4
6201 16 15 5
6202 11 10 4
6203 10 9 5
6204 21 20 6
6205 14 13 5
6206 11 11 5
6207 13 12 6
6208 10 10 6
6209 12 12 4
6210 6 5 4
6211 18 17 5
6212 11 11 5
6213 7 6 5
6214 15 14 6
6215 10 10 4
6216 12 11 5
6217 11 11 5
6218 13 12 6
6219 6 5 4
6220 14 13 7
6221 15 14 6
6222 10 10 4
6223 14 13 5
6224 11 11 5
6225 11 10 4
6226 10 9 5
6227 15 15 7
6228 13 12 4
6229 6 5 4
6230 14 13 5
6231 23 22 4
6232 6 5 4
6233 16 15 7
6234 13 12 6
6235 10 10 4
6236 18 17 5
6237 17 16 4
6238 22 21 5
6239 15 14 4
6240 20 19 5
6241 23 23 5
6242 15 14 8
6243 10 10 4
6244 22 21 5
6245 11 10 4
6246 16 15 5
6247 11 11 5
6248 15 15 5
6249 15 14 4
6250 22 21 5
6251 23 22 6
6252 28 28 4
6253 20 19 5
6254 19 18 6
6255 30 30 6
6256 26 26 6
6257 20 19 7
6258 21 20 4
6259 38 37 5
6260 21 21 5
6261 27 27 5
6262 23 22 4
6263 16 15 7
6264 17 16 4
6265 22 21 5
6266 25 24 6
6267 26 25 5
6268 35 34 10
6269 14 14 4
6270 30 29 5
6271 17 16 4
6272 20 19 5
6273 21 20 6
6274 26 26 4
6275 26 25 5
6276 29 29 5
6277 29 28 6
6278 24 24 6
6279 12 12 4
6280 16 15 5
6281 23 22 6
6282 30 30 8
6283 28 28 6
6284 22 22 6
6285 26 26 6
6286 30 29 5
6287 25 25 5
6288 31 30 8
6289 20 20 6
6290 16 15 5
6291 21 21 5
6292 23 22 6
6293 22 21 5
6294 29 28 6
6295 22 21 5
6296 15 15 5
6297 27 26 6
6298 20 19 5
6299 23 23 5
6300 27 26 8
6301 16 15 5
6302 23 22 6
6303 18 18 4
6304 28 27 7
6305 23 22 4
6306 32 31 5
6307 39 38 6
6308 26 25 5
6309 21 21 5
6310 17 16 4
6311 20 19 7
6312 23 22 4
6313 24 23 7
6314 25 24 6
6315 18 18 8
6316 22 22 6
6317 28 28 8
6318 30 30 6
6319 22 22 6
6320 24 24 6
6321 20 20 6
6322 18 17 5
6323 31 30 6
6324 34 34 6
6325 22 22 6
6326 18 17 5
6327 11 11 5
6328 13 12 4
6329 34 33 5
6330 19 18 4
6331 30 29 5
6332 17 17 5
6333 19 19 7
6334 17 16 4
6335 24 23 5
6336 23 22 6
6337 20 20 4
6338 18 17 5
6339 15 14 4
6340 20 19 5
6341 23 22 6
6342 16 16 4
6343 20 19 5
6344 23 22 6
6345 16 16 4
6346 22 21 7
6347 13 12 4
6348 16 15 5
6349 17 16 4
6350 10 9 5
6351 17 16 4
6352 10 9 5
6353 21 20 4
6354 12 11 5
6355 13 13 5
6356 11 11 5
6357 15 14 6
6358 16 16 4
6359 6 5 4
6360 24 23 7
6361 9 8 4
6362 16 15 5
6363 13 13 5
6364 17 17 5
6365 17 16 6
6366 14 13 5
6367 15 14 4
6368 14 13 5
6369 17 16 4
6370 16 15 7
6371 7 6 5
6372 13 12 4
6373 18 17 7
6374 17 16 6
6375 18 18 4
6376 10 9 5
6377 9 8 4
6378 18 17 7
6379 9 9 5
6380 9 8 4
6381 10 9 5
6382 17 17 7
6383 13 12 4
6384 20 19 7
6385 17 17 5
6386 15 14 4
6387 12 11 7
6388 9 8 4
6389 12 11 5
6390 5 5 5
6391 6 5 4
6392 10 9 5
6393 13 13 5
6394 9 9 5
6395 15 14 6
6396 26 26 6
6397 10 9 5
6398 17 16 4
6399 14 13 5
6400 11 11 7
6401 17 16 4
6402 10 9 5
6403 19 19 9
6404 15 14 6
6405 24 24 6
6406 14 14 6
6407 26 26 6
6408 12 12 6
6409 6 6 6
6410 15 14 4
6411 14 13 5
6412 9 9 5
6413 11 11 5
6414 13 12 4
6415 12 11 5
6416 15 15 5
6417 17 16 4
6418 22 21 5
6419 9 8 4
6420 18 17 5
6421 19 18 6
6422 16 16 6
6423 16 16 6
6424 14 13 7
6425 13 12 6
6426 16 16 6
6427 12 12 6
6428 12 11 5
6429 11 11 5
6430 11 10 4
6431 28 27 7
6432 19 18 4
6433 16 15 5
6434 19 18 6
6435 18 17 5
6436 15 14 4
6437 18 17 5
6438 15 14 4
6439 14 13 5
6440 11 10 4
6441 16 15 5
6442 19 18 4
6443 16 15 5
6444 15 15 5
6445 19 19 5
6446 13 12 4
6447 26 25 5
6448 27 27 7
6449 29 28 4
6450 28 27 5
6451 31 31 5
6452 13 13 5
6453 15 14 6
6454 30 30 4
6455 26 25 5
6456 25 25 5
6457 23 22 4
6458 38 37 9
6459 25 24 6
6460 22 22 6
6461 34 34 6
6462 36 36 8
6463 32 31 5
6464 33 33 7
6465 31 30 6
64