0 27 26 10
1 13 12 6
2 19 19 11
3 32 32 12
4 21 20 10
5 19 18 6
6 25 25 11
7 18 18 10
8 25 24 10
9 25 24 10
10 15 15 7
11 12 12 6
12 11 11 11
13 10 10 6
14 17 17 9
15 20 19 11
16 16 15 7
17 28 28 12
18 13 13 7
19 14 14 6
20 19 19 9
21 14 13 7
22 16 16 6
23 21 21 13
24 10 10 6
25 13 13 7
26 20 20 12
27 11 10 6
28 15 15 11
29 20 20 10
30 19 18 10
31 15 15 7
32 10 10 6
33 15 15 11
34 16 16 10
35 15 15 9
36 16 15 7
37 6 6 6
38 27 27 13
39 16 16 6
40 13 13 7
41 18 18 10
42 15 14 6
43 15 15 11
44 16 16 10
45 19 18 12
46 15 14 6
47 13 13 7
48 24 24 6
49 13 13 7
50 18 18 6
51 25 25 9
52 10 9 8
53 20 19 11
54 8 7 6
55 10 10 6
56 19 19 11
57 20 19 7
58 26 26 6
59 23 23 11
60 26 25 9
61 20 19 9
62 18 17 7
63 38 38 10
64 35 34 10
65 39 39 9
66 28 27 9
67 20 19 9
68 18 17 9
69 28 27 11
70 18 18 6
71 25 25 11
72 26 26 6
73 27 27 11
74 12 12 6
75 25 25 11
76 20 20 10
77 31 30 12
78 29 29 11
79 20 20 10
80 25 24 10
81 13 13 7
82 34 34 12
83 25 24 6
84 27 27 11
85 28 28 10
86 45 45 11
87 38 38 10
88 21 20 10
89 21 20 6
90 29 29 9
91 40 39 9
92 24 23 7
93 38 38 10
94 31 30 10
95 25 25 9
96 28 27 11
97 26 25 7
98 22 22 6
99 21 21 7
100 28 28 10
101 27 26 10
102 33 33 9
103 26 25 9
104 20 19 7
105 14 14 6
106 21 21 9
107 30 29 9
108 22 21 7
109 24 24 10
110 19 19 7
111 26 26 6
112 21 21 7
113 26 26 12
114 37 36 12
115 25 24 10
116 23 23 7
117 36 36 12
118 27 26 10
119 37 37 17
120 16 15 7
121 18 18 6
122 23 23 11
123 38 38 10
124 23 22 6
125 33 33 11
126 28 28 10
127 37 37 9
128 34 33 11
129 22 22 10
130 19 19 9
131 28 27 11
132 24 24 12
133 25 24 12
134 27 27 7
135 30 30 6
136 21 21 9
137 22 21 11
138 30 29 11
139 26 26 10
140 23 22 10
141 33 33 13
142 26 26 10
143 37 36 10
144 27 26 12
145 29 28 10
146 19 18 10
147 25 25 11
148 22 21 7
149 24 24 10
150 31 31 9
151 32 31 11
152 26 25 7
153 30 30 10
154 19 18 6
155 39 39 13
156 18 18 6
157 27 27 7
158 22 22 10
159 29 28 6
160 29 29 11
161 22 21 7
162 30 30 6
163 35 35 11
164 26 26 10
165 17 17 7
166 18 18 6
167 21 21 7
168 30 30 6
169 27 27 7
170 26 26 12
171 29 29 11
172 24 24 6
173 27 27 11
174 36 36 12
175 27 26 12
176 29 29 11
177 36 36 6
178 39 39 17
179 36 35 11
180 30 30 10
181 27 26 6
182 27 27 9
183 34 33 11
184 26 26 6
185 37 37 13
186 40 40 14
187 29 28 6
188 31 31 11
189 26 26 10
190 35 34 10
191 27 26 6
192 15 15 7
193 20 20 10
194 19 19 7
195 18 18 6
196 27 27 11
197 24 24 10
198 31 30 10
199 29 29 9
200 16 15 7
201 26 26 10
202 25 25 7
203 28 28 10
204 23 22 10
205 27 26 10
206 33 32 12
207 19 18 6
208 41 41 11
209 28 28 10
210 21 21 7
211 24 24 10
212 33 32 10
213 45 44 10
214 21 21 7
215 26 26 10
216 21 20 6
217 31 31 7
218 28 28 12
219 19 19 9
220 28 27 11
221 20 19 7
222 24 24 10
223 29 29 9
224 30 29 11
225 26 26 10
226 31 31 7
227 36 36 10
228 25 24 10
229 31 31 11
230 26 26 6
231 29 29 7
232 16 16 6
233 23 23 9
234 22 21 7
235 36 36 10
236 31 30 10
237 31 30 10
238 21 20 10
239 29 28 10
240 27 27 9
241 26 25 7
242 22 22 10
243 35 34 6
244 15 15 7
245 14 14 10
246 17 16 6
247 19 19 9
248 30 29 11
249 20 19 7
250 16 16 10
251 11 10 6
252 17 17 11
253 18 18 10
254 19 18 10
255 11 10 6
256 11 11 7
257 20 20 10
258 17 17 9
259 22 21 9
260 22 21 9
261 14 13 7
262 16 16 6
263 11 11 7
264 24 24 10
265 15 14 10
266 25 24 10
267 27 27 11
268 26 26 12
269 33 32 10
270 19 18 6
271 21 21 7
272 22 22 10
273 21 20 10
274 13 12 6
275 19 19 7
276 24 24 10
277 27 26 10
278 17 16 6
279 23 23 9
280 24 23 7
281 20 20 10
282 19 18 10
283 41 41 7
284 26 26 10
285 19 18 6
286 25 25 7
287 16 16 6
288 17 17 9
289 18 17 7
290 24 24 10
291 27 26 10
292 29 28 6
293 11 11 7
294 20 20 6
295 19 19 9
296 28 27 11
297 40 39 7
298 36 36 10
299 23 22 6
300 35 35 9
301 54 53 9
302 30 29 11
303 32 31 9
304 38 37 11
305 40 40 12
306 47 46 10
307 43 43 9
308 46 45 9
309 40 39 11
310 38 38 10
311 41 40 10
312 25 24 12
313 47 46 14
314 33 32 10
315 27 27 11
316 40 39 13
317 24 23 9
318 28 27 9
319 30 29 13
320 50 50 12
321 41 41 11
322 46 46 10
323 59 58 16
324 45 44 12
325 23 22 10
326 35 34 10
327 29 28 6
328 35 35 7
329 36 36 12
330 29 28 10
331 23 22 6
332 33 33 13
333 26 26 10
334 13 12 6
335 13 13 7
336 16 16 6
337 27 27 9
338 18 17 7
339 18 18 6
340 35 35 9
341 26 25 9
342 12 11 7
343 20 20 10
344 25 24 10
345 27 26 6
346 19 19 7
347 24 24 10
348 29 29 11
349 18 18 6
350 27 27 9
351 20 19 9
352 18 17 7
353 10 10 6
354 21 21 11
355 22 22 10
356 29 28 10
357 15 14 6
358 13 13 7
359 26 26 10
360 23 23 7
361 18 18 10
362 17 16 10
363 27 26 10
364 23 22 10
365 23 22 10
366 17 16 6
367 31 31 11
368 16 16 6
369 29 29 9
370 16 15 7
371 22 22 6
372 17 17 7
373 24 24 10
374 21 20 6
375 21 21 9
376 24 23 11
377 12 12 6
378 19 19 7
379 22 22 10
380 31 31 9
381 18 17 7
382 12 12 6
383 17 17 7
384 24 24 10
385 15 15 7
386 32 32 12
387 19 18 10
388 19 18 6
389 21 21 9
390 24 23 11
391 14 14 6
392 15 15 9
393 20 19 9
394 18 17 7
395 22 22 6
396 21 21 7
397 26 26 10
398 17 16 6
399 13 13 9
400 12 11 7
401 22 22 10
402 17 16 10
403 23 22 12
404 13 12 6
405 15 15 9
406 8 7 6
407 14 14 10
408 15 15 9
409 28 27 9
410 12 11 7
411 10 10 6
412 15 15 11
413 12 12 6
414 17 17 7
415 26 26 12
416 23 22 10
417 21 20 10
418 13 13 7
419 14 14 6
420 13 13 9
421 18 17 9
422 14 13 7
423 18 18 10
424 17 16 10
425 21 20 6
426 17 17 11
427 12 12 6
428 17 17 9
429 20 19 9
430 20 19 9
431 14 13 7
432 26 26 10
433 33 33 9
434 30 29 11
435 26 26 6
436 17 17 7
437 10 10 6
438 19 19 11
439 20 20 10
440 19 19 9
441 16 15 7
442 26 26 10
443 29 28 12
444 19 18 6
445 15 15 9
446 12 11 7
447 18 18 6
448 13 13 7
449 14 14 10
450 23 22 10
451 17 16 10
452 19 19 7
453 10 10 6
454 17 17 7
455 24 24 12
456 19 18 6
457 17 17 9
458 22 21 11
459 22 21 9
460 16 15 7
461 10 10 6
462 13 13 9
463 24 23 11
464 14 14 10
465 15 15 7
466 12 12 6
467 15 15 7
468 10 10 6
469 11 11 11
470 14 14 10
471 15 14 6
472 11 11 7
473 20 20 10
474 21 20 6
475 29 29 7
476 14 14 6
477 15 15 9
478 8 7 6
479 18 18 10
480 23 22 10
481 11 10 6
482 11 11 7
483 14 14 10
484 7 7 7
485 10 10 6
486 17 17 11
487 16 16 6
488 21 21 11
489 20 20 10
490 11 11 7
491 16 16 10
492 19 18 10
493 15 14 6
494 11 11 7
495 26 26 12
496 15 14 10
497 11 10 6
498 19 19 9
499 14 13 9
500 14 13 7
501 18 18 10
502 21 20 10
503 11 10 6
504 19 19 11
505 22 22 10
506 11 10 6
507 17 17 7
508 14 14 10
509 21 20 10
510 15 14 6
511 19 19 9
512 18 17 9
513 20 19 7
514 16 16 10
515 19 18 10
516 21 20 12
517 17 16 6
518 21 21 7
519 20 20 10
520 11 10 6
521 11 11 7
522 20 20 10
523 17 16 10
524 13 12 6
525 13 13 7
526 16 16 10
527 15 14 6
528 17 17 11
529 10 10 10
530 17 16 10
531 15 14 10
532 15 14 6
533 21 21 9
534 12 11 7
535 14 14 10
536 15 14 10
537 19 18 10
538 23 23 9
539 36 35 9
540 26 25 9
541 20 19 9
542 22 21 9
543 12 11 7
544 10 10 6
545 15 15 9
546 10 9 8
547 22 21 9
548 22 21 9
549 26 25 7
550 28 28 12
551 23 22 6
552 27 27 13
553 14 14 6
554 15 15 9
555 16 15 9
556 14 13 7
557 6 6 6
558 21 21 11
559 20 20 10
560 21 21 7
561 28 28 10
562 19 18 10
563 27 26 10
564 21 20 6
565 19 19 9
566 24 23 9
567 12 11 7
568 6 6 6
569 27 27 11
570 16 15 7
571 14 14 6
572 29 29 7
573 18 18 10
574 15 14 6
575 15 15 7
576 20 20 6
577 23 23 7
578 22 22 10
579 11 10 6
580 29 29 9
581 30 29 11
582 16 16 6
583 27 27 9
584 24 23 11
585 20 20 6
586 21 21 7
587 24 24 6
588 35 35 11
589 30 30 12
590 35 34 6
591 39 39 9
592 24 23 7
593 28 28 10
594 37 37 11
595 20 19 7
596 22 22 6
597 51 51 11
598 42 42 12
599 25 25 9
600 26 25 9
601 24 23 7
602 26 26 6
603 33 33 11
604 42 41 11
605 44 43 13
606 42 41 11
607 50 49 17
608 26 25 9
609 34 33 13
610 40 40 12
611 29 28 12
612 39 38 10
613 31 31 9
614 40 39 13
615 34 34 12
616 33 32 10
617 17 17 7
618 38 38 12
619 31 30 6
620 33 33 11
621 32 31 13
622 44 43 13
623 38 37 13
624 34 33 13
625 32 32 10
626 27 27 11
627 34 34 12
628 31 31 15
629 44 44 12
630 55 54 14
631 31 31 9
632 28 27 11
633 26 25 11
634 32 32 14
635 43 43 15
636 26 25 11
637 34 34 14
638 35 34 10
639 37 37 13
640 34 34 12
641 27 27 11
642 24 23 9
643 30 29 7
644 34 34 14
645 33 33 15
646 38 37 17
647 40 39 7
648 36 36 12
649 29 28 10
650 25 25 9
651 42 41 13
652 28 28 12
653 27 27 11
654 46 46 14
655 29 28 12
656 29 28 12
657 27 26 10
658 41 41 13
659 42 41 13
660 24 23 9
661 40 39 11
662 42 41 13
663 50 50 18
664 41 41 13
665 40 39 13
666 36 36 12
667 29 29 11
668 34 34 6
669 49 49 13
670 34 34 12
671 15 15 7
672 18 18 6
673 41 41 11
674 28 27 9
675 46 45 17
676 36 35 11
677 48 47 13
678 28 27 9
679 38 37 13
680 36 36 12
681 23 22 10
682 33 32 12
683 33 32 10
684 27 27 9
685 32 31 11
686 38 38 12
687 17 16 6
688 37 37 13
689 26 26 6
690 23 23 11
691 30 30 10
692 17 17 7
693 26 26 10
694 37 36 12
695 31 30 10
696 25 25 9
697 36 35 11
698 18 18 6
699 21 21 7
700 26 26 6
701 19 19 9
702 16 15 7
703 16 16 6
704 37 37 13
705 24 24 10
706 13 12 6
707 15 15 7
708 20 20 6
709 25 25 13
710 20 20 10
711 25 24 10
712 19 18 6
713 25 25 11
714 22 22 10
715 29 28 12
716 27 26 10
717 29 28 10
718 15 14 6
719 11 11 7
720 16 16 6
721 17 17 7
722 22 22 10
723 11 10 6
724 11 11 7
725 16 16 6
726 13 13 7
727 24 24 10
728 19 18 6
729 25 25 9
730 20 19 9
731 26 25 9
732 16 15 7
733 16 16 6
734 15 15 9
735 22 21 9
736 22 21 11
737 20 20 10
738 25 25 11
739 18 18 6
740 27 27 9
741 24 23 9
742 16 15 7
743 22 22 6
744 21 21 7
745 20 20 6
746 15 15 7
747 12 12 6
748 25 25 11
749 18 18 10
750 31 30 10
751 17 16 6
752 15 15 7
753 30 30 10
754 17 16 6
755 21 21 11
756 32 32 12
757 19 18 10
758 13 12 6
759 17 17 7
760 24 24 10
761 19 18 6
762 13 13 7
763 20 20 6
764 13 13 7
765 18 18 10
766 11 10 6
767 13 13 9
768 16 15 7
769 18 18 10
770 17 16 10
771 17 17 7
772 24 24 6
773 19 19 7
774 24 24 6
775 23 23 9
776 26 25 11
777 18 18 6
778 15 15 7
779 14 14 10
780 17 16 10
781 19 18 10
782 17 16 10
783 17 16 10
784 15 14 6
785 33 33 11
786 18 17 7
787 16 16 10
788 21 20 10
789 33 33 11
790 10 10 6
791 19 19 11
792 20 20 10
793 15 14 6
794 21 21 11
795 36 36 10
796 19 18 10
797 27 26 6
798 35 35 11
799 40 40 12
800 29 28 6
801 15 15 7
802 10 10 6
803 13 13 7
804 16 16 10
805 19 18 6
806 21 21 9
807 28 27 9
808 18 17 7
809 24 24 6
810 27 27 9
811 14 13 7
812 12 12 6
813 19 19 11
814 14 14 6
815 21 21 7
816 16 16 6
817 29 29 9
818 14 13 7
819 18 18 6
820 21 21 9
821 14 13 7
822 22 22 10
823 33 32 10
824 21 20 10
825 13 12 6
826 31 31 11
827 20 20 6
828 19 19 7
829 16 16 10
830 27 27 11
831 6 6 6
832 13 13 7
833 24 24 12
834 15 14 6
835 13 13 7
836 18 18 10
837 15 14 10
838 15 14 6
839 21 21 9
840 18 17 9
841 16 15 7
842 18 18 10
843 23 22 10
844 27 26 10
845 19 19 7
846 28 28 12
847 21 20 10
848 19 18 6
849 23 23 9
850 26 25 9
851 30 29 11
852 10 10 10
853 25 24 6
854 11 11 7
855 14 14 10
856 19 18 6
857 23 23 9
858 24 23 9
859 12 11 7
860 20 20 10
861 13 13 7
862 20 20 10
863 15 15 9
864 16 15 9
865 16 15 7
866 10 10 6
867 13 13 9
868 32 31 11
869 14 13 7
870 24 24 10
871 23 23 9
872 16 15 7
873 10 10 6
874 21 21 9
875 14 13 7
876 10 10 6
877 15 15 7
878 16 16 6
879 25 25 11
880 14 14 10
881 21 20 10
882 15 15 9
883 22 21 11
884 18 18 10
885 21 20 10
886 17 16 6
887 19 19 9
888 18 17 11
889 10 10 10
890 23 22 10
891 11 10 6
892 19 19 11
893 18 17 9
894 14 13 7
895 18 18 10
896 19 19 11
897 22 22 10
898 23 22 10
899 17 16 6
900 15 15 7
901 24 24 10
902 27 27 9
903 18 17 9
904 16 15 9
905 14 13 7
906 12 12 6
907 13 13 9
908 14 13 9
909 18 17 7
910 12 12 6
911 17 17 7
912 16 16 10
913 13 13 9
914 8 7 6
915 18 18 10
916 13 13 7
917 12 12 6
918 15 15 9
919 18 17 9
920 24 23 9
921 22 21 9
922 12 11 7
923 12 12 6
924 13 13 9
925 14 13 7
926 10 10 10
927 15 14 10
928 15 14 10
929 19 19 7
930 20 20 10
931 29 28 10
932 13 12 6
933 23 23 11
934 14 14 6
935 21 21 9
936 22 21 7
937 18 18 10
938 11 10 6
939 15 15 7
940 26 26 12
941 11 10 6
942 13 13 7
943 16 16 10
944 15 15 7
945 16 16 10
946 33 32 10
947 27 26 10
948 21 20 6
949 23 23 9
950 22 21 11
951 18 18 6
952 9 9 9
953 16 15 9
954 14 13 7
955 14 14 10
956 21 21 9
957 16 15 7
958 16 16 10
959 17 16 10
960 15 15 7
961 22 22 10
962 15 15 7
963 20 20 10
964 19 18 10
965 17 16 6
966 21 21 7
967 14 14 6
968 17 17 7
969 20 20 10
970 15 15 7
971 18 18 10
972 23 22 10
973 17 16 10
974 15 14 6
975 15 15 9
976 14 13 9
977 16 15 7
978 26 26 6
979 29 29 11
980 14 14 10
981 31 30 10
982 21 20 6
983 13 13 7
984 32 32 12
985 25 24 10
986 25 24 10
987 19 19 7
988 18 18 10
989 23 23 9
990 32 31 11
991 38 38 10
992 29 29 9
993 20 19 7
994 24 24 6
995 41 41 13
996 38 38 12
997 29 29 9
998 58 57 17
999 28 27 9
1000 28 27 7
1001 44 44 12
1002 35 35 15
1003 32 32 10
1004 29 29 9
1005 24 23 7
1006 30 30 10
1007 27 27 7
1008 42 42 10
1009 31 30 10
1010 29 28 10
1011 31 31 11
1012 34 33 11
1013 34 33 9
1014 28 27 11
1015 38 38 10
1016 31 31 11
1017 32 32 12
1018 35 35 11
1019 44 43 13
1020 22 22 6
1021 41 41 13
1022 24 24 10
1023 33 33 11
1024 30 29 11
1025 44 44 20
1026 25 24 6
1027 23 23 7
1028 30 30 10
1029 27 26 6
1030 19 19 11
1031 14 14 6
1032 15 15 7
1033 22 22 10
1034 27 26 10
1035 23 22 6
1036 29 29 9
1037 30 29 11
1038 28 28 10
1039 37 37 13
1040 30 29 15
1041 38 37 15
1042 40 40 14
1043 31 30 10
1044 37 36 10
1045 25 25 9
1046 24 23 9
1047 14 13 7
1048 32 32 10
1049 23 22 10
1050 19 18 10
1051 25 24 10
1052 27 26 10
1053 19 18 10
1054 33 32 6
1055 41 41 11
1056 24 24 6
1057 25 25 13
1058 24 24 10
1059 29 29 11
1060 26 25 7
1061 30 30 12
1062 37 36 10
1063 29 29 13
1064 28 27 11
1065 20 20 10
1066 33 32 10
1067 35 34 10
1068 25 25 9
1069 32 31 9
1070 34 33 13
1071 34 33 15
1072 20 19 9
1073 16 15 9
1074 28 27 9
1075 22 21 9
1076 26 25 7
1077 24 24 6
1078 7 7 7
1079 26 26 10
1080 27 26 10
1081 31 30 12
1082 27 26 10
1083 25 24 12
1084 31 30 12
1085 37 36 16
1086 27 26 12
1087 19 18 6
1088 21 21 7
1089 30 30 14
1090 25 24 10
1091 15 14 6
1092 31 31 13
1093 16 16 6
1094 19 19 11
1095 24 24 12
1096 29 29 13
1097 22 22 10
1098 29 29 11
1099 20 20 6
1100 25 25 9
1101 20 19 9
1102 14 13 9
1103 20 19 9
1104 24 23 11
1105 18 18 6
1106 15 15 9
1107 14 13 7
1108 32 32 12
1109 25 24 12
1110 31 31 15
1111 24 24 10
1112 29 28 16
1113 15 14 6
1114 29 29 9
1115 30 29 11
1116 28 28 12
1117 23 22 6
1118 23 23 7
1119 14 14 6
1120 25 25 11
1121 16 15 9
1122 22 21 11
1123 14 13 7
1124 16 16 6
1125 19 19 7
1126 14 14 6
1127 17 17 7
1128 24 24 10
1129 15 15 7
1130 10 10 6
1131 23 23 7
1132 16 16 6
1133 33 33 11
1134 18 18 10
1135 19 18 10
1136 19 18 6
1137 23 23 11
1138 16 15 7
1139 24 24 6
1140 21 21 9
1141 16 15 9
1142 12 11 7
1143 22 22 6
1144 17 17 9
1145 16 15 7
1146 26 26 10
1147 31 31 9
1148 26 25 9
1149 16 15 7
1150 32 32 10
1151 21 20 10
1152 17 16 10
1153 15 14 6
1154 23 23 11
1155 20 20 10
1156 19 18 6
1157 17 17 7
1158 20 20 10
1159 19 19 9
1160 28 27 9
1161 14 13 7
1162 16 16 10
1163 29 28 10
1164 15 14 6
1165 21 21 7
1166 22 22 10
1167 21 20 10
1168 17 16 6
1169 21 21 11
1170 18 17 7
1171 16 16 6
1172 21 21 9
1173 22 21 7
1174 16 16 6
1175 13 13 7
1176 12 12 6
1177 13 13 7
1178 14 14 6
1179 15 15 7
1180 20 20 10
1181 19 18 10
1182 7 6 5
1183 7 7 7
1184 20 20 10
1185 21 21 11
1186 16 15 9
1187 18 17 9
1188 14 13 9
1189 20 19 7
1190 18 18 12
1191 7 7 7
1192 22 22 12
1193 13 12 6
1194 9 9 9
1195 16 15 7
1196 12 12 6
1197 15 15 7
1198 20 20 10
1199 13 13 7
1200 30 30 10
1201 15 15 7
1202 26 26 12
1203 15 14 10
1204 11 10 6
1205 17 17 9
1206 22 21 11
1207 16 16 10
1208 19 18 6
1209 11 11 11
1210 12 12 6
1211 13 13 7
1212 26 26 10
1213 15 15 7
1214 14 14 6
1215 17 17 11
1216 20 19 7
1217 12 12 6
1218 19 19 11
1219 14 14 10
1220 15 14 10
1221 13 13 7
1222 16 16 10
1223 19 18 10
1224 15 14 10
1225 13 13 7
1226 14 14 10
1227 23 22 10
1228 13 13 7
1229 20 20 6
1230 11 11 7
1231 20 20 12
1232 11 10 6
1233 11 11 7
1234 12 12 6
1235 11 11 11
1236 22 22 10
1237 19 18 6
1238 7 7 7
1239 14 14 10
1240 13 12 6
1241 11 11 7
1242 16 16 10
1243 13 12 6
1244 25 25 11
1245 10 10 6
1246 17 17 11
1247 18 18 10
1248 15 14 10
1249 15 14 10
1250 15 14 10
1251 11 10 6
1252 15 15 11
1253 16 16 6
1254 21 21 9
1255 20 19 11
1256 16 16 6
1257 19 19 11
1258 10 10 6
1259 17 17 9
1260 20 19 7
1261 16 16 10
1262 7 6 5
1263 13 13 9
1264 10 9 8
1265 22 21 11
1266 6 6 6
1267 19 19 11
1268 14 13 7
1269 26 26 10
1270 19 19 9
1271 18 17 9
1272 16 15 7
1273 14 14 10
1274 17 16 10
1275 11 11 7
1276 18 18 10
1277 19 18 6
1278 19 19 7
1279 18 18 12
1280 23 22 10
1281 19 18 10
1282 21 21 9
1283 10 9 8
1284 22 21 7
1285 18 18 10
1286 15 14 10
1287 13 12 6
1288 15 15 7
1289 12 12 6
1290 19 19 9
1291 14 13 7
1292 20 20 12
1293 19 18 6
1294 19 19 9
1295 14 13 7
1296 18 18 6
1297 13 13 7
1298 10 10 6
1299 15 15 9
1300 16 15 9
1301 12 11 7
1302 26 26 10
1303 11 10 6
1304 15 15 7
1305 20 20 6
1306 15 15 7
1307 10 10 6
1308 11 11 11
1309 18 18 6
1310 17 17 9
1311 18 17 9
1312 14 13 9
1313 14 13 7
1314 26 26 12
1315 25 24 10
1316 11 10 9
1317 15 14 6
1318 11 11 7
1319 16 16 10
1320 15 14 10
1321 13 12 6
1322 13 13 7
1323 32 32 6
1324 17 17 7
1325 10 10 6
1326 11 11 7
1327 20 20 10
1328 19 18 10
1329 21 20 10
1330 17 16 6
1331 19 19 9
1332 16 15 9
1333 18 17 9
1334 22 21 9
1335 26 25 11
1336 28 28 10
1337 17 16 10
1338 23 22 10
1339 13 12 6
1340 13 13 7
1341 24 24 10
1342 15 15 7
1343 10 10 6
1344 29 29 11
1345 6 6 6
1346 19 19 7
1347 20 20 10
1348 19 19 7
1349 16 16 10
1350 29 28 10
1351 21 20 10
1352 17 16 10
1353 25 24 10
1354 17 16 10
1355 27 26 12
1356 15 15 7
1357 14 14 10
1358 23 22 6
1359 43 43 11
1360 20 19 7
1361 24 24 10
1362 23 22 6
1363 29 29 11
1364 20 20 6
1365 25 25 9
1366 24 23 9
1367 20 19 7
1368 20 20 10
1369 27 27 9
1370 24 23 9
1371 26 25 11
1372 18 18 6
1373 13 13 7
1374 30 30 10
1375 27 26 10
1376 21 20 6
1377 33 33 11
1378 24 24 10
1379 15 14 6
1380 17 17 7
1381 14 14 6
1382 31 31 9
1383 14 13 7
1384 24 24 10
1385 15 14 6
1386 19 19 9
1387 22 21 7
1388 26 26 6
1389 19 19 7
1390 18 18 10
1391 23 22 6
1392 27 27 11
1393 36 36 12
1394 17 17 7
1395 16 16 10
1396 21 20 10
1397 23 22 10
1398 21 20 10
1399 19 18 6
1400 27 27 11
1401 26 26 12
1402 31 30 10
1403 15 14 6
1404 17 17 9
1405 20 19 9
1406 10 9 8
1407 26 25 11
1408 24 24 10
1409 23 22 10
1410 15 15 7
1411 20 20 10
1412 15 14 6
1413 15 15 7
1414 22 22 10
1415 23 23 9
1416 24 23 11
1417 14 14 6
1418 23 23 11
1419 20 20 10
1420 21 20 6
1421 31 31 9
1422 26 25 9
1423 22 21 9
1424 20 19 9
1425 24 23 9
1426 22 21 9
1427 12 11 7
1428 12 12 6
1429 15 15 7
1430 16 16 10
1431 13 13 7
1432 14 14 6
1433 19 19 11
1434 14 14 10
1435 11 11 7
1436 10 10 6
1437 17 17 9
1438 14 13 9
1439 22 21 9
1440 12 11 7
1441 12 12 6
1442 11 11 7
1443 16 16 10
1444 11 11 7
1445 12 12 6
1446 15 15 7
1447 16 16 10
1448 17 16 10
1449 27 26 6
1450 15 15 7
1451 18 18 10
1452 23 22 10
1453 17 16 6
1454 17 17 9
1455 12 11 7
1456 16 16 10
1457 15 14 10
1458 17 17 9
1459 16 15 9
1460 14 13 7
1461 14 14 10
1462 15 14 10
1463 15 14 10
1464 19 18 10
1465 23 22 10
1466 13 12 6
1467 13 13 7
1468 18 18 10
1469 11 11 7
1470 10 10 6
1471 35 35 9
1472 18 17 9
1473 20 19 9
1474 16 15 9
1475 12 11 7
1476 18 18 6
1477 17 17 9
1478 28 27 11
1479 16 16 10
1480 21 20 10
1481 25 24 10
1482 19 18 6
1483 17 17 11
1484 16 16 10
1485 19 18 10
1486 31 30 10
1487 15 15 7
1488 16 16 6
1489 21 21 9
1490 16 15 9
1491 28 27 9
1492 28 27 11
1493 12 12 6
1494 31 31 7
1495 14 14 6
1496 29 29 11
1497 12 11 7
1498 38 38 10
1499 27 26 6
1500 45 45 9
1501 32 31 11
1502 22 22 10
1503 17 16 6
1504 45 45 11
1505 18 17 7
1506 30 30 6
1507 21 21 9
1508 34 33 11
1509 18 17 7
1510 18 18 6
1511 23 23 7
1512 28 28 10
1513 33 32 10
1514 11 10 6
1515 19 19 7
1516 34 34 10
1517 33 32 6
1518 19 19 7
1519 26 26 10
1520 23 23 9
1521 24 23 9
1522 30 29 9
1523 26 25 9
1524 28 27 9
1525 26 25 11
1526 20 20 6
1527 25 25 9
1528 18 17 7
1529 18 18 6
1530 25 25 7
1531 18 18 6
1532 21 21 9
1533 30 29 7
1534 36 36 12
1535 29 28 14
1536 19 19 7
1537 24 24 6
1538 31 31 9
1539 26 25 7
1540 28 28 10
1541 25 24 10
1542 43 43 9
1543 42 41 9
1544 32 31 9
1545 36 35 11
1546 22 21 7
1547 22 22 12
1548 19 18 6
1549 27 27 9
1550 32 31 9
1551 24 23 11
1552 16 16 6
1553 25 25 9
1554 28 27 11
1555 22 21 7
1556 14 14 6
1557 15 15 7
1558 30 30 10
1559 23 22 6
1560 17 17 7
1561 30 30 10
1562 21 21 7
1563 16 16 6
1564 21 21 9
1565 32 31 7
1566 30 30 10
1567 23 23 7
1568 20 20 6
1569 23 23 9
1570 26 25 11
1571 26 26 10
1572 25 25 11
1573 6 6 6
1574 35 35 9
1575 22 21 7
1576 26 26 10
1577 15 15 7
1578 22 22 10
1579 19 19 7
1580 20 20 6
1581 27 27 11
1582 28 28 10
1583 29 28 10
1584 25 24 10
1585 19 19 7
1586 24 24 6
1587 35 35 11
1588 20 19 7
1589 10 10 6
1590 25 25 11
1591 26 26 6
1592 11 11 7
1593 20 20 6
1594 27 27 11
1595 18 17 7
1596 20 20 6
1597 41 41 15
1598 22 21 9
1599 16 15 7
1600 18 18 10
1601 7 6 5
1602 27 27 7
1603 16 16 6
1604 21 21 9
1605 18 17 7
1606 20 20 10
1607 19 18 6
1608 23 23 11
1609 24 24 10
1610 19 18 10
1611 15 15 7
1612 24 24 12
1613 21 20 10
1614 15 14 6
1615 15 15 7
1616 28 28 10
1617 23 23 9
1618 18 17 7
1619 18 18 10
1620 29 28 10
1621 21 20 10
1622 17 16 6
1623 13 13 7
1624 20 20 6
1625 15 15 9
1626 22 21 11
1627 16 16 10
1628 17 16 10
1629 27 26 10
1630 13 13 7
1631 26 26 10
1632 17 17 7
1633 18 18 10
1634 31 30 10
1635 17 16 6
1636 19 19 7
1637 12 12 6
1638 15 15 7
1639 18 18 10
1640 21 20 6
1641 19 19 9
1642 18 17 7
1643 32 32 10
1644 29 28 10
1645 35 34 10
1646 29 28 10
1647 21 20 10
1648 21 20 6
1649 37 37 13
1650 28 28 6
1651 25 25 7
1652 26 26 10
1653 39 38 10
1654 33 32 10
1655 23 23 7
1656 28 28 10
1657 21 21 7
1658 38 38 10
1659 35 35 7
1660 32 32 10
1661 33 33 11
1662 28 27 9
1663 24 23 7
1664 22 22 10
1665 27 26 6
1666 33 33 9
1667 30 29 11
1668 22 21 9
1669 30 29 7
1670 24 24 10
1671 15 15 7
1672 24 24 10
1673 23 22 10
1674 15 14 6
1675 15 15 7
1676 32 32 12
1677 21 20 6
1678 15 15 9
1679 20 19 9
1680 20 19 7
1681 16 16 10
1682 21 20 6
1683 15 15 7
1684 16 16 6
1685 15 15 9
1686 8 7 6
1687 24 24 10
1688 25 24 12
1689 17 16 10
1690 13 12 6
1691 15 15 7
1692 18 18 6
1693 21 21 9
1694 16 15 9
1695 20 19 11
1696 12 12 6
1697 25 25 13
1698 12 12 6
1699 21 21 11
1700 14 14 10
1701 15 15 7
1702 18 18 10
1703 17 17 7
1704 6 6 6
1705 9 9 9
1706 10 9 8
1707 16 15 9
1708 16 15 9
1709 18 17 7
1710 20 20 6
1711 23 23 11
1712 20 20 12
1713 25 24 10
1714 13 13 7
1715 12 12 6
1716 13 13 7
1717 14 14 10
1718 21 20 10
1719 15 14 10
1720 19 18 6
1721 23 23 7
1722 24 24 10
1723 17 16 6
1724 19 19 9
1725 18 17 9
1726 14 13 7
1727 22 22 6
1728 31 31 9
1729 24 23 9
1730 22 21 9
1731 20 19 7
1732 16 16 10
1733 21 20 6
1734 23 23 9
1735 16 15 7
1736 10 10 6
1737 15 15 9
1738 18 17 9
1739 18 17 11
1740 12 12 6
1741 21 21 9
1742 14 13 7
1743 16 16 10
1744 13 12 6
1745 9 9 9
1746 18 17 7
1747 20 20 10
1748 15 14 6
1749 23 23 11
1750 14 14 6
1751 15 15 7
1752 12 12 6
1753 17 17 11
1754 16 16 10
1755 17 16 6
1756 17 17 11
1757 6 6 6
1758 17 17 9
1759 20 19 11
1760 12 12 6
1761 21 21 9
1762 30 29 9
1763 26 25 11
1764 16 16 10
1765 15 15 9
1766 14 13 9
1767 16 15 9
1768 18 17 7
1769 20 20 10
1770 19 19 9
1771 22 21 9
1772 14 13 7
1773 18 18 10
1774 23 22 10
1775 17 16 6
1776 21 21 9
1777 20 19 9
1778 16 15 9
1779 26 25 9
1780 14 13 7
1781 24 24 6
1782 25 25 11
1783 16 16 6
1784 21 21 11
1785 16 15 9
1786 10 9 8
1787 16 15 9
1788 20 19 11
1789 14 14 10
1790 15 14 6
1791 15 15 11
1792 14 13 9
1793 8 7 6
1794 14 14 6
1795 19 19 11
1796 18 18 10
1797 19 18 10
1798 17 16 6
1799 17 17 11
1800 20 20 10
1801 33 32 10
1802 15 14 10
1803 17 16 6
1804 17 17 11
1805 10 10 6
1806 15 15 9
1807 14 13 7
1808 14 14 6
1809 25 25 9
1810 24 23 11
1811 22 22 12
1812 19 18 10
1813 31 30 10
1814 27 27 9
1815 26 25 7
1816 22 22 10
1817 7 6 5
1818 19 19 7
1819 18 18 10
1820 19 19 9
1821 24 23 9
1822 26 25 7
1823 26 26 10
1824 15 14 6
1825 13 13 7
1826 16 16 6
1827 13 13 7
1828 26 26 10
1829 15 14 6
1830 15 15 9
1831 16 15 9
1832 16 15 9
1833 18 17 7
1834 18 18 10
1835 23 22 6
1836 19 19 9
1837 28 27 9
1838 18 17 7
1839 18 18 10
1840 21 21 9
1841 28 27 13
1842 24 24 6
1843 31 31 11
1844 36 36 10
1845 41 41 9
1846 16 15 7
1847 24 24 10
1848 37 36 10
1849 31 31 11
1850 36 36 12
1851 35 34 10
1852 23 22 10
1853 27 26 10
1854 37 36 14
1855 31 30 6
1856 21 21 9
1857 30 29 11
1858 22 22 6
1859 37 37 11
1860 32 32 12
1861 37 37 11
1862 44 43 13
1863 30 30 10
1864 29 28 10
1865 27 27 11
1866 34 34 10
1867 41 40 14
1868 27 26 6
1869 31 31 15
1870 44 43 15
1871 36 35 11
1872 38 38 16
1873 47 46 16
1874 25 25 7
1875 54 54 18
1876 29 28 10
1877 35 35 11
1878 28 28 10
1879 33 32 10
1880 37 37 13
1881 38 38 12
1882 37 36 14
1883 45 45 13
1884 36 36 18
1885 49 49 11
1886 24 24 6
1887 61 61 23
1888 30 29 9
1889 28 27 7
1890 26 26 10
1891 41 40 12
1892 31 30 10
1893 37 36 10
1894 35 34 6
1895 21 21 9
1896 16 15 9
1897 48 47 9
1898 60 59 13
1899 24 23 7
1900 28 28 12
1901 35 35 13
1902 32 32 10
1903 31 31 7
1904 32 32 10
1905 41 41 11
1906 38 38 12
1907 31 31 13
1908 44 44 14
1909 25 24 6
1910 29 29 9
1911 46 45 15
1912 54 54 20
1913 45 44 10
1914 39 39 11
1915 40 39 13
1916 28 28 10
1917 27 26 14
1918 55 54 14
1919 33 33 11
1920 46 46 12
1921 31 30 10
1922 43 43 13
1923 40 40 16
1924 37 37 13
1925 32 32 10
1926 35 34 16
1927 47 46 16
1928 51 51 13
1929 30 29 9
1930 28 27 9
1931 22 21 7
1932 26 26 6
1933 39 39 13
1934 24 24 6
1935 33 33 9
1936 42 41 13
1937 32 31 11
1938 42 42 12
1939 45 44 10
1940 35 35 13
1941 20 19 7
1942 26 26 6
1943 25 25 9
1944 30 29 13
1945 34 33 13
1946 32 32 10
1947 37 36 10
1948 27 26 10
1949 27 27 11
1950 30 29 9
1951 32 31 11
1952 20 19 7
1953 24 24 10
1954 21 20 6
1955 21 21 7
1956 28 28 10
1957 27 26 12
1958 21 20 6
1959 33 33 11
1960 30 30 10
1961 23 22 10
1962 27 26 10
1963 33 32 12
1964 29 28 10
1965 27 26 10
1966 21 21 7
1967 24 24 10
1968 25 24 10
1969 27 27 11
1970 26 25 9
1971 22 21 9
1972 30 29 11
1973 34 34 10
1974 27 26 10
1975 29 28 10
1976 13 12 6
1977 21 21 7
1978 20 20 6
1979 35 35 11
1980 24 24 10
1981 19 19 9
1982 16 15 7
1983 14 14 6
1984 21 21 11
1985 14 13 9
1986 24 23 11
1987 20 20 6
1988 15 15 7
1989 26 26 10
1990 19 19 7
1991 14 14 6
1992 13 13 7
1993 24 24 10
1994 17 17 7
1995 26 26 10
1996 19 18 10
1997 19 18 6
1998 7 7 7
1999 24 24 10
2000 19 18 10
2001 17 16 10
2002 15 14 6
2003 19 19 9
2004 24 23 7
2005 10 10 6
2006 25 25 11
2007 20 19 7
2008 10 10 10
2009 21 20 10
2010 15 14 6
2011 27 27 13
2012 16 16 6
2013 15 15 7
2014 26 26 10
2015 31 30 10
2016 23 23 9
2017 20 19 7
2018 14 14 10
2019 19 19 9
2020 24 23 9
2021 24 23 9
2022 24 23 11
2023 14 14 6
2024 15 15 7
2025 18 18 10
2026 21 20 6
2027 15 15 7
2028 20 20 10
2029 15 15 7
2030 10 10 10
2031 7 6 5
2032 11 11 7
2033 20 20 10
2034 19 19 9
2035 24 23 11
2036 26 26 10
2037 15 14 6
2038 13 13 7
2039 14 14 6
2040 13 13 7
2041 16 16 10
2042 11 11 7
2043 20 20 10
2044 17 17 7
2045 14 14 6
2046 31 31 11
2047 12 12 6
2048 11 11 7
2049 10 10 6
2050 15 15 9
2051 16 15 9
2052 8 7 6
2053 6 6 6
2054 15 15 11
2055 16 15 7
2056 20 20 10
2057 27 27 9
2058 32 31 11
2059 22 22 6
2060 19 19 7
2061 18 18 10
2062 21 21 9
2063 22 21 9
2064 18 17 9
2065 14 13 7
2066 14 14 6
2067 15 15 7
2068 18 18 10
2069 13 13 7
2070 26 26 10
2071 27 26 10
2072 25 24 10
2073 29 28 10
2074 21 20 10
2075 15 14 10
2076 15 14 10
2077 19 18 10
2078 25 25 9
2079 14 13 7
2080 16 16 6
2081 13 13 9
2082 30 29 11
2083 30 30 10
2084 15 15 9
2085 10 9 8
2086 16 15 9
2087 18 17 9
2088 16 15 9
2089 16 15 9
2090 16 15 7
2091 16 16 10
2092 7 7 7
2093 22 22 10
2094 13 13 9
2095 12 11 7
2096 14 14 10
2097 7 6 5
2098 25 25 9
2099 22 21 7
2100 24 24 10
2101 7 6 5
2102 13 13 7
2103 16 16 6
2104 13 13 7
2105 10 10 10
2106 13 12 6
2107 19 19 9
2108 22 21 9
2109 14 13 7
2110 12 12 6
2111 13 13 9
2112 26 25 7
2113 20 20 6
2114 17 17 7
2115 16 16 10
2116 11 10 6
2117 17 17 9
2118 22 21 9
2119 20 19 9
2120 46 45 13
2121 30 30 10
2122 29 29 9
2123 24 23 9
2124 36 35 11
2125 22 22 6
2126 27 27 9
2127 24 23 7
2128 24 24 6
2129 27 27 11
2130 24 24 6
2131 23 23 9
2132 26 25 7
2133 30 30 10
2134 25 24 6
2135 35 35 11
2136 28 28 10
2137 37 36 10
2138 35 35 11
2139 52 52 12
2140 31 30 10
2141 31 30 10
2142 17 16 6
2143 21 21 7
2144 24 24 10
2145 21 20 6
2146 43 43 11
2147 32 32 10
2148 25 24 6
2149 23 23 9
2150 28 27 7
2151 22 22 6
2152 33 33 11
2153 22 21 7
2154 28 28 10
2155 25 24 10
2156 43 42 12
2157 23 22 10
2158 33 32 10
2159 19 18 6
2160 33 33 7
2161 22 22 10
2162 33 33 11
2163 28 27 11
2164 16 15 7
2165 18 18 6
2166 33 33 13
2167 26 26 10
2168 19 19 7
2169 30 30 14
2170 27 27 7
2171 30 30 10
2172 25 25 11
2173 30 30 10
2174 17 17 7
2175 30 30 10
2176 27 27 9
2177 36 35 13
2178 24 24 10
2179 33 33 11
2180 18 18 10
2181 39 38 14
2182 25 25 7
2183 24 24 6
2184 19 19 9
2185 14 13 7
2186 30 30 10
2187 21 21 7
2188 28 28 10
2189 27 26 10
2190 17 16 6
2191 19 19 7
2192 24 24 10
2193 37 36 10
2194 21 20 6
2195 33 33 9
2196 18 17 7
2197 24 24 10
2198 21 21 9
2199 18 17 7
2200 16 16 6
2201 29 29 11
2202 26 26 10
2203 9 9 9
2204 26 25 9
2205 18 17 7
2206 16 16 6
2207 23 23 9
2208 30 29 13
2209 12 12 6
2210 23 23 7
2211 20 20 10
2212 19 19 9
2213 26 25 11
2214 24 24 6
2215 15 15 7
2216 22 22 10
2217 41 40 10
2218 15 14 6
2219 23 23 9
2220 16 15 9
2221 28 27 11
2222 22 22 6
2223 23 23 11
2224 20 20 10
2225 15 15 7
2226 20 20 10
2227 25 25 11
2228 24 24 10
2229 29 29 11
2230 24 24 10
2231 13 12 6
2232 29 29 9
2233 18 17 9
2234 28 27 11
2235 14 14 6
2236 31 31 11
2237 28 28 10
2238 17 16 6
2239 11 11 7
2240 28 28 10
2241 13 13 7
2242 18 18 10
2243 21 20 6
2244 17 17 7
2245 12 12 6
2246 13 13 9
2247 24 23 11
2248 12 11 10
2249 12 12 6
2250 21 21 9
2251 16 15 9
2252 20 19 7
2253 18 18 10
2254 17 16 6
2255 15 15 7
2256 24 24 6
2257 17 17 9
2258 16 15 9
2259 18 17 7
2260 14 14 6
2261 19 19 11
2262 18 18 10
2263 21 20 10
2264 15 15 9
2265 14 13 7
2266 12 12 6
2267 15 15 9
2268 16 15 9
2269 22 21 9
2270 22 21 11
2271 6 6 6
2272 13 13 7
2273 10 10 10
2274 27 26 12
2275 11 10 6
2276 25 25 13
2277 18 18 10
2278 19 18 10
2279 19 18 10
2280 11 10 9
2281 21 20 10
2282 17 16 10
2283 13 13 9
2284 16 15 9
2285 20 19 7
2286 22 22 12
2287 19 18 10
2288 13 12 6
2289 15 15 11
2290 14 14 10
2291 13 13 7
2292 12 12 6
2293 9 9 9
2294 26 25 9
2295 20 19 7
2296 24 24 10
2297 15 14 10
2298 13 12 6
2299 7 7 7
2300 6 6 6
2301 13 13 9
2302 14 13 9
2303 20 19 11
2304 16 16 10
2305 19 18 6
2306 23 23 11
2307 20 20 10
2308 25 24 12
2309 23 22 6
2310 17 17 9
2311 14 13 9
2312 12 11 7
2313 20 20 10
2314 19 18 6
2315 15 15 9
2316 14 13 9
2317 14 13 9
2318 18 17 11
2319 18 17 9
2320 20 19 9
2321 16 15 7
2322 10 10 10
2323 23 22 10
2324 25 24 12
2325 7 6 5
2326 13 13 7
2327 6 6 6
2328 13 13 9
2329 14 13 9
2330 14 13 9
2331 14 13 7
2332 22 22 12
2333 21 20 10
2334 11 10 9
2335 15 14 10
2336 25 24 10
2337 17 17 9
2338 14 13 7
2339 12 12 6
2340 11 11 7
2341 12 12 6
2342 15 15 11
2343 18 17 9
2344 14 13 7
2345 18 18 10
2346 15 15 11
2347 6 6 6
2348 15 15 7
2349 18 18 10
2350 19 18 10
2351 19 18 10
2352 15 14 10
2353 11 10 6
2354 15 15 9
2355 14 13 9
2356 10 9 8
2357 20 19 11
2358 6 6 6
2359 13 13 7
2360 14 14 6
2361 21 21 11
2362 12 11 7
2363 6 6 6
2364 15 15 7
2365 10 10 6
2366 9 9 9
2367 16 15 9
2368 8 7 6
2369 18 18 10
2370 17 16 6
2371 19 19 11
2372 14 13 7
2373 18 18 10
2374 11 10 9
2375 7 6 5
2376 13 13 9
2377 20 19 11
2378 12 11 7
2379 10 10 6
2380 15 15 9
2381 14 13 9
2382 16 15 7
2383 12 12 6
2384 13 13 9
2385 16 15 7
2386 14 14 6
2387 11 11 7
2388 18 18 10
2389 7 6 5
2390 13 13 9
2391 16 15 9
2392 18 17 9
2393 22 21 11
2394 16 16 10
2395 15 15 7
2396 16 16 10
2397 7 6 5
2398 17 17 11
2399 12 12 6
2400 17 17 7
2401 14 14 10
2402 19 18 6
2403 17 17 7
2404 14 14 6
2405 19 19 11
2406 10 10 6
2407 15 15 9
2408 16 15 7
2409 18 18 10
2410 17 16 10
2411 21 20 10
2412 17 16 10
2413 21 20 6
2414 21 21 11
2415 12 12 6
2416 13 13 9
2417 16 15 9
2418 16 15 7
2419 26 26 10
2420 23 22 6
2421 15 15 7
2422 16 16 6
2423 31 31 7
2424 40 40 10
2425 31 31 7
2426 24 24 6
2427 25 25 7
2428 18 18 10
2429 25 24 10
2430 39 38 12
2431 17 16 6
2432 17 17 7
2433 20 20 10
2434 23 22 10
2435 39 38 12
2436 25 24 6
2437 43 43 13
2438 28 28 10
2439 31 30 12
2440 41 40 12
2441 39 39 11
2442 26 26 10
2443 29 28 10
2444 31 31 11
2445 40 39 11
2446 24 24 6
2447 31 31 11
2448 26 26 10
2449 41 41 11
2450 34 33 13
2451 32 31 13
2452 56 56 10
2453 35 35 7
2454 34 34 10
2455 33 32 10
2456 51 50 12
2457 39 38 10
2458 23 23 9
2459 40 39 11
2460 44 43 13
2461 42 41 11
2462 40 39 11
2463 34 34 10
2464 33 33 11
2465 32 32 12
2466 29 28 10
2467 27 26 6
2468 33 33 13
2469 34 34 10
2470 41 40 12
2471 23 23 11
2472 36 36 10
2473 21 21 9
2474 24 23 9
2475 22 21 7
2476 24 24 10
2477 31 31 11
2478 20 20 10
2479 35 35 11
2480 18 18 6
2481 23 23 9
2482 18 17 7
2483 20 20 6
2484 29 29 11
2485 34 34 10
2486 25 25 9
2487 26 25 7
2488 38 38 10
2489 21 20 10
2490 23 22 10
2491 29 28 10
2492 17 17 7
2493 24 24 12
2494 27 26 10
2495 25 25 9
2496 20 19 11
2497 20 20 10
2498 31 30 10
2499 15 15 7
2500 16 16 6
2501 19 19 7
2502 26 26 10
2503 19 19 11
2504 14 13 9
2505 12 11 7
2506 16 16 10
2507 23 22 10
2508 23 23 9
2509 28 27 11
2510 28 28 10
2511 27 26 10
2512 21 21 9
2513 18 17 7
2514 20 20 6
2515 17 17 7
2516 20 20 10
2517 23 23 11
2518 22 22 6
2519 17 17 9
2520 18 17 7
2521 12 12 6
2522 25 25 11
2523 14 14 10
2524 21 20 10
2525 13 12 6
2526 27 27 11
2527 16 16 10
2528 15 14 6
2529 27 27 9
2530 18 17 9
2531 24 23 7
2532 20 20 10
2533 13 12 6
2534 13 13 7
2535 22 22 10
2536 13 12 6
2537 21 21 7
2538 14 14 6
2539 17 17 9
2540 22 21 11
2541 16 16 6
2542 19 19 9
2543 32 31 11
2544 18 18 6
2545 15 15 7
2546 10 10 6
2547 15 15 7
2548 22 22 10
2549 23 22 10
2550 15 14 6
2551 25 25 11
2552 16 16 10
2553 27 26 10
2554 13 13 7
2555 24 24 10
2556 23 23 7
2557 22 22 6
2558 23 23 9
2559 22 21 7
2560 18 18 6
2561 23 23 7
2562 26 26 12
2563 29 28 6
2564 27 27 7
2565 22 22 10
2566 13 12 6
2567 15 15 7
2568 16 16 6
2569 35 35 11
2570 22 22 6
2571 23 23 9
2572 18 17 7
2573 18 18 6
2574 27 27 9
2575 28 27 7
2576 12 12 6
2577 37 37 11
2578 18 18 6
2579 31 31 9
2580 30 29 11
2581 20 19 7
2582 22 22 10
2583 21 21 7
2584 18 18 6
2585 23 23 7
2586 22 22 10
2587 21 20 6
2588 27 27 11
2589 20 20 6
2590 21 21 7
2591 20 20 10
2592 17 16 6
2593 23 23 7
2594 16 16 10
2595 29 28 12
2596 21 20 10
2597 23 22 10
2598 21 20 6
2599 23 23 9
2600 24 23 7
2601 20 20 10
2602 19 18 10
2603 21 20 6
2604 11 11 7
2605 18 18 10
2606 15 15 9
2607 18 17 9
2608 24 23 11
2609 16 15 9
2610 26 25 7
2611 20 20 6
2612 17 17 9
2613 16 15 9
2614 16 15 7
2615 20 20 10
2616 19 19 9
2617 12 11 7
2618 24 24 10
2619 23 22 6
2620 19 19 9
2621 20 19 7
2622 20 20 10
2623 15 14 6
2624 17 17 9
2625 16 15 9
2626 16 15 7
2627 16 16 10
2628 9 9 9
2629 24 23 7
2630 20 20 10
2631 25 24 12
2632 13 12 6
2633 17 17 7
2634 16 16 6
2635 27 27 9
2636 16 15 9
2637 18 17 9
2638 12 11 7
2639 20 20 6
2640 13 13 9
2641 16 15 7
2642 14 14 6
2643 17 17 9
2644 24 23 11
2645 16 15 9
2646 14 13 7
2647 10 10 6
2648 27 27 11
2649 14 13 7
2650 16 16 6
2651 11 11 7
2652 20 20 6
2653 15 15 7
2654 18 18 10
2655 19 18 12
2656 19 18 6
2657 17 17 9
2658 14 13 9
2659 18 17 9
2660 14 13 7
2661 30 30 12
2662 11 10 6
2663 11 11 7
2664 16 16 10
2665 17 16 10
2666 13 13 7
2667 12 12 6
2668 19 19 9
2669 18 17 7
2670 18 18 10
2671 17 17 9
2672 8 7 6
2673 6 6 6
2674 15 15 7
2675 10 10 10
2676 19 18 10
2677 19 18 10
2678 17 16 10
2679 13 13 7
2680 28 28 10
2681 19 19 7
2682 22 22 10
2683 21 20 10
2684 7 7 7
2685 16 16 6
2686 7 7 7
2687 24 24 10
2688 19 18 10
2689 21 20 10
2690 15 14 10
2691 11 10 6
2692 21 21 9
2693 16 15 7
2694 12 12 6
2695 21 21 13
2696 26 26 10
2697 21 20 6
2698 17 17 9
2699 16 15 9
2700 22 21 7
2701 18 18 6
2702 25 25 11
2703 22 22 10
2704 31 31 9
2705 18 17 9
2706 32 31 11
2707 26 25 7
2708 32 32 12
2709 19 18 6
2710 27 27 7
2711 24 24 10
2712 25 24 10
2713 33 32 10
2714 29 29 9
2715 34 33 11
2716 26 26 6
2717 29 29 9
2718 30 29 7
2719 22 22 10
2720 23 23 11
2721 26 26 6
2722 23 23 9
2723 26 25 9
2724 28 27 11
2725 32 32 10
2726 23 23 7
2727 32 32 10
2728 33 33 9
2729 30 29 9
2730 32 31 7
2731 32 32 12
2732 23 23 7
2733 34 34 12
2734 45 44 10
2735 31 30 10
2736 45 45 11
2737 26 25 11
2738 34 34 12
2739 39 38 14
2740 21 20 6
2741 19 19 7
2742 18 18 6
2743 23 23 7
2744 24 24 10
2745 31 30 12
2746 33 33 13
2747 30 29 11
2748 20 20 6
2749 15 15 7
2750 30 30 14
2751 35 35 11
2752 18 18 10
2753 19 19 7
2754 18 18 6
2755 41 41 15
2756 28 28 10
2757 27 26 12
2758 29 29 9
2759 36 35 9
2760 32 31 11
2761 22 22 10
2762 19 18 6
2763 27 27 9
2764 40 39 17
2765 22 21 11
2766 44 43 15
2767 40 40 14
2768 29 28 10
2769 31 31 13
2770 42 41 13
2771 42 41 15
2772 28 28 10
2773 33 32 14
2774 27 27 7
2775 38 38 10
2776 21 21 11
2777 44 44 16
2778 27 26 12
2779 23 23 7
2780 24 24 12
2781 33 32 14
2782 33 32 14
2783 39 39 11
2784 30 29 11
2785 26 25 9
2786 20 19 7
2787 26 26 10
2788 39 38 18
2789 29 29 11
2790 16 16 6
2791 13 13 7
2792 42 42 16
2793 23 23 11
2794 34 33 11
2795 30 30 12
2796 35 34 10
2797 47 47 19
2798 28 27 13
2799 22 21 9
2800 16 15 7
2801 20 20 10
2802 15 14 6
2803 17 17 11
2804 18 17 9
2805 30 29 9
2806 38 37 9
2807 24 23 11
2808 42 41 13
2809 34 33 15
2810 16 16 10
2811 39 38 12
2812 13 13 9
2813 32 31 11
2814 22 21 9
2815 28 27 13
2816 26 26 6
2817 11 11 7
2818 24 24 10
2819 21 20 10
2820 29 28 6
2821 15 15 7
2822 30 30 10
2823 11 11 7
2824 18 18 6
2825 19 19 7
2826 20 20 10
2827 23 22 10
2828 11 10 6
2829 11 11 7
2830 16 16 10
2831 17 17 7
2832 12 12 6
2833 13 13 7
2834 16 16 10
2835 19 18 10
2836 17 16 6
2837 11 11 7
2838 16 16 10
2839 19 19 9
2840 18 17 9
2841 22 21 9
2842 34 33 9
2843 20 19 7
2844 26 26 12
2845 15 14 6
2846 27 27 11
2847 14 14 6
2848 19 19 7
2849 12 12 6
2850 15 15 9
2851 14 13 7
2852 24 24 10
2853 35 34 10
2854 23 22 6
2855 23 23 9
2856 18 17 9
2857 16 15 7
2858 12 12 6
2859 17 17 7
2860 16 16 10
2861 17 16 10
2862 15 14 6
2863 15 15 7
2864 16 16 10
2865 15 15 9
2866 22 21 9
2867 20 19 9
2868 10 9 8
2869 28 27 9
2870 18 17 9
2871 22 21 7
2872 22 22 12
2873 11 10 6
2874 17 17 9
2875 24 23 11
2876 16 15 7
2877 10 10 6
2878 7 7 7
2879 22 22 10
2880 29 28 10
2881 11 11 7
2882 14 14 10
2883 9 9 9
2884 12 11 7
2885 20 20 6
2886 21 21 11
2887 18 17 7
2888 16 16 6
2889 33 33 9
2890 20 19 7
2891 28 28 12
2892 11 10 6
2893 19 19 9
2894 24 23 9
2895 18 17 7
2896 10 10 6
2897 15 15 7
2898 18 18 6
2899 19 19 7
2900 18 18 10
2901 23 22 10
2902 13 12 6
2903 23 23 11
2904 18 18 10
2905 23 22 10
2906 19 18 10
2907 13 13 7
2908 16 16 10
2909 19 18 6
2910 21 21 11
2911 26 26 10
2912 23 22 10
2913 17 16 6
2914 23 23 7
2915 14 14 6
2916 31 31 13
2917 16 16 6
2918 15 15 7
2919 22 22 10
2920 15 14 10
2921 13 13 7
2922 20 20 10
2923 13 12 6
2924 17 17 7
2925 26 26 10
2926 21 20 6
2927 21 21 9
2928 20 19 7
2929 14 14 10
2930 17 16 10
2931 13 12 6
2932 23 23 9
2933 24 23 11
2934 14 14 6
2935 15 15 9
2936 24 23 11
2937 14 14 6
2938 19 19 7
2939 20 20 10
2940 15 14 10
2941 19 18 10
2942 11 10 6
2943 17 17 7
2944 16 16 6
2945 19 19 7
2946 16 16 6
2947 15 15 7
2948 18 18 10
2949 13 13 7
2950 22 22 10
2951 35 34 10
2952 17 17 7
2953 20 20 6
2954 25 25 9
2955 22 21 11
2956 20 20 10
2957 25 24 10
2958 19 18 10
2959 31 30 12
2960 29 28 12
2961 19 19 9
2962 24 23 7
2963 34 34 16
2964 17 16 10
2965 33 32 14
2966 33 32 16
2967 33 32 12
2968 23 23 11
2969 26 26 10
2970 35 35 13
2971 30 29 9
2972 30 29 9
2973 20 19 7
2974 20 20 6
2975 25 25 9
2976 22 21 9
2977 20 19 9
2978 32 31 11
2979 20 20 6
2980 23 23 11
2981 18 18 10
2982 19 18 6
2983 19 19 11
2984 18 18 10
2985 21 20 6
2986 27 27 13
2987 24 24 10
2988 17 16 6
2989 23 23 11
2990 28 27 11
2991 20 20 6
2992 21 21 11
2993 28 28 12
2994 29 28 12
2995 35 35 11
2996 30 30 10
2997 29 28 10
2998 39 38 10
2999 23 23 7
3000 34 34 12
3001 15 14 6
3002 19 19 7
3003 26 26 6
3004 27 27 7
3005 32 32 12
3006 31 30 10
3007 31 30 10
3008 25 24 10
3009 25 24 10
3010 29 28 10
3011 21 20 12
3012 23 22 10
3013 29 29 9
3014 28 27 7
3015 20 20 10
3016 33 32 14
3017 15 15 9
3018 22 21 9
3019 38 37 9
3020 16 15 7
3021 24 24 10
3022 31 30 10
3023 19 19 7
3024 32 32 18
3025 23 22 10
3026 19 19 7
3027 22 22 6
3028 31 31 13
3029 32 32 12
3030 29 29 13
3031 28 28 10
3032 25 25 9
3033 38 37 15
3034 30 29 11
3035 24 24 12
3036 25 24 6
3037 23 23 9
3038 34 33 11
3039 34 33 11
3040 32 31 11
3041 32 31 11
3042 40 40 14
3043 33 32 12
3044 31 30 6
3045 31 31 13
3046 30 30 10
3047 29 28 12
3048 29 28 12
3049 15 14 6
3050 29 29 7
3051 30 30 10
3052 21 21 9
3053 18 17 9
3054 22 21 11
3055 16 16 6
3056 23 23 11
3057 28 28 10
3058 25 25 11
3059 26 25 11
3060 26 25 11
3061 16 15 7
3062 30 30 16
3063 23 23 9
3064 28 27 13
3065 18 18 10
3066 25 24 6
3067 15 15 7
3068 20 20 10
3069 21 21 7
3070 26 26 12
3071 29 28 10
3072 17 16 10
3073 21 20 10
3074 17 17 9
3075 26 25 7
3076 20 20 6
3077 23 23 9
3078 26 25 9
3079 20 19 7
3080 22 22 10
3081 21 20 6
3082 13 13 7
3083 26 26 10
3084 21 20 10
3085 19 18 10
3086 17 16 6
3087 15 15 7
3088 18 18 6
3089 33 33 11
3090 16 16 10
3091 15 14 6
3092 19 19 9
3093 14 13 7
3094 14 14 6
3095 19 19 9
3096 18 17 11
3097 16 16 6
3098 13 13 7
3099 14 14 6
3100 33 33 13
3101 14 14 6
3102 21 21 7
3103 20 20 6
3104 25 25 9
3105 18 17 11
3106 36 35 9
3107 20 19 7
3108 30 30 10
3109 25 24 10
3110 29 28 10
3111 21 21 11
3112 26 26 10
3113 35 34 12
3114 37 36 10
3115 29 28 12
3116 29 28 10
3117 29 28 6
3118 35 35 13
3119 48 48 16
3120 29 28 10
3121 19 19 7
3122 36 36 10
3123 29 28 6
3124 25 25 7
3125 34 34 10
3126 39 39 11
3127 36 36 10
3128 43 42 10
3129 31 30 10
3130 31 30 10
3131 33 33 9
3132 34 33 11
3133 16 15 9
3134 30 29 9
3135 30 29 11
3136 28 27 11
3137 34 34 16
3138 21 20 6
3139 23 23 9
3140 26 25 11
3141 28 28 12
3142 17 16 10
3143 19 18 6
3144 21 21 9
3145 18 17 7
3146 18 18 10
3147 17 16 6
3148 21 21 11
3149 16 16 10
3150 19 18 10
3151 19 18 10
3152 19 18 10
3153 13 12 6
3154 11 11 7
3155 16 16 12
3156 17 16 10
3157 19 18 10
3158 15 14 6
3159 13 13 7
3160 24 24 10
3161 19 19 11
3162 12 12 6
3163 19 19 11
3164 12 11 7
3165 10 10 6
3166 19 19 9
3167 26 25 11
3168 20 20 10
3169 13 12 6
3170 13 13 7
3171 14 14 10
3172 11 10 6
3173 17 17 9
3174 30 29 11
3175 24 24 10
3176 21 20 6
3177 13 13 9
3178 12 11 7
3179 12 12 6
3180 11 11 7
3181 20 20 10
3182 15 15 9
3183 16 15 9
3184 14 13 9
3185 12 11 7
3186 10 10 10
3187 19 18 10
3188 19 18 10
3189 15 14 6
3190 17 17 11
3191 22 22 12
3192 21 20 10
3193 11 11 7
3194 10 10 6
3195 21 21 11
3196 18 17 9
3197 8 7 6
3198 10 10 6
3199 11 11 7
3200 18 18 12
3201 17 16 10
3202 21 20 10
3203 21 20 12
3204 27 26 10
3205 15 14 6
3206 15 15 7
3207 6 6 6
3208 19 19 11
3209 12 12 6
3210 11 11 7
3211 16 16 10
3212 17 16 10
3213 7 6 5
3214 23 23 9
3215 30 29 11
3216 24 23 9
3217 22 21 7
3218 18 18 12
3219 21 20 10
3220 21 20 6
3221 19 19 9
3222 18 17 9
3223 16 15 11
3224 20 20 6
3225 7 7 7
3226 16 16 10
3227 15 14 10
3228 19 18 10
3229 21 20 6
3230 13 13 7
3231 16 16 10
3232 7 6 5
3233 13 13 7
3234 22 22 10
3235 19 19 7
3236 28 28 12
3237 17 16 6
3238 23 23 11
3239 20 20 12
3240 19 18 10
3241 15 15 7
3242 18 18 10
3243 17 16 10
3244 15 14 6
3245 15 15 7
3246 12 12 6
3247 21 21 11
3248 14 14 10
3249 13 12 6
3250 17 17 11
3251 22 22 10
3252 21 20 10
3253 19 19 7
3254 16 16 6
3255 19 19 9
3256 16 15 7
3257 14 14 10
3258 11 10 9
3259 15 14 10
3260 21 20 10
3261 17 16 6
3262 15 15 11
3263 22 21 9
3264 14 13 7
3265 22 22 10
3266 19 18 6
3267 9 9 9
3268 14 13 9
3269 16 15 9
3270 18 17 11
3271 10 10 6
3272 15 15 7
3273 14 14 6
3274 17 17 9
3275 28 27 11
3276 18 18 10
3277 25 24 10
3278 15 15 7
3279 24 24 10
3280 29 28 10
3281 29 28 10
3282 33 32 10
3283 21 20 6
3284 27 27 9
3285 22 21 7
3286 22 22 10
3287 19 19 11
3288 18 18 6
3289 19 19 7
3290 18 18 10
3291 17 16 6
3292 35 35 11
3293 16 16 6
3294 17 17 9
3295 18 17 9
3296 12 11 7
3297 22 22 6
3298 17 17 9
3299 30 29 7
3300 16 16 6
3301 25 25 11
3302 24 23 9
3303 24 23 9
3304 24 23 7
3305 20 20 10
3306 17 16 6
3307 25 25 9
3308 26 25 9
3309 26 25 9
3310 28 27 9
3311 20 19 9
3312 20 19 9
3313 30 29 7
3314 18 18 10
3315 23 22 10
3316 25 24 10
3317 19 18 6
3318 13 13 7
3319 12 12 6
3320 19 19 9
3321 24 23 9
3322 12 11 7
3323 22 22 12
3324 13 12 6
3325 19 19 9
3326 20 19 7
3327 16 16 10
3328 23 22 6
3329 15 15 7
3330 20 20 10
3331 15 15 7
3332 24 24 12
3333 17 17 7
3334 12 12 6
3335 27 27 11
3336 18 18 10
3337 19 19 9
3338 22 21 7
3339 20 20 10
3340 9 9 9
3341 14 13 9
3342 18 17 9
3343 12 11 7
3344 24 24 10
3345 23 22 12
3346 25 24 10
3347 13 13 7
3348 12 12 6
3349 19 19 11
3350 10 10 10
3351 17 17 7
3352 12 12 6
3353 23 23 9
3354 16 15 9
3355 16 15 11
3356 16 16 6
3357 23 23 11
3358 16 16 10
3359 19 19 11
3360 26 26 10
3361 13 13 7
3362 24 24 12
3363 21 20 10
3364 21 20 10
3365 17 17 7
3366 14 14 6
3367 21 21 11
3368 18 18 10
3369 17 16 10
3370 23 22 10
3371 19 18 10
3372 27 26 6
3373 17 17 9
3374 20 19 9
3375 24 23 9
3376 20 19 7
3377 18 18 10
3378 17 16 10
3379 23 22 6
3380 17 17 7
3381 22 22 10
3382 21 20 10
3383 17 16 6
3384 17 17 9
3385 10 9 8
3386 18 17 7
3387 20 20 12
3388 15 14 10
3389 19 18 6
3390 21 21 11
3391 14 14 6
3392 23 23 11
3393 12 12 6
3394 11 11 7
3395 10 10 6
3396 17 17 11
3397 18 18 10
3398 19 19 9
3399 18 17 11
3400 14 14 6
3401 17 17 7
3402 24 24 12
3403 21 20 10
3404 29 28 10
3405 11 11 7
3406 14 14 6
3407 13 13 7
3408 18 18 10
3409 15 14 6
3410 27 27 9
3411 12 11 7
3412 18 18 12
3413 13 12 6
3414 13 13 7
3415 14 14 10
3416 15 15 7
3417 18 18 10
3418 17 16 6
3419 17 17 9
3420 12 11 7
3421 14 14 6
3422 27 27 11
3423 14 14 6
3424 23 23 11
3425 14 13 7
3426 16 16 6
3427 19 19 7
3428 16 16 6
3429 21 21 9
3430 20 19 7
3431 10 10 6
3432 13 13 7
3433 34 34 10
3434 13 12 6
3435 13 13 7
3436 22 22 10
3437 17 17 7
3438 16 16 10
3439 11 11 7
3440 20 20 10
3441 17 16 6
3442 17 17 7
3443 22 22 10
3444 15 14 6
3445 21 21 9
3446 20 19 7
3447 14 14 6
3448 17 17 11
3449 16 16 10
3450 23 22 10
3451 13 13 7
3452 14 14 6
3453 15 15 7
3454 20 20 10
3455 15 14 6
3456 13 13 9
3457 18 17 9
3458 20 19 9
3459 12 11 7
3460 10 10 6
3461 17 17 11
3462 6 6 6
3463 13 13 7
3464 18 18 6
3465 17 17 9
3466 10 9 8
3467 22 21 7
3468 6 6 6
3469 25 25 9
3470 20 19 7
3471 6 6 6
3472 15 15 9
3473 14 13 7
3474 14 14 6
3475 13 13 7
3476 20 20 10
3477 19 19 7
3478 12 12 6
3479 15 15 9
3480 14 13 9
3481 24 23 7
3482 28 28 6
3483 23 23 9
3484 26 25 11
3485 14 14 6
3486 15 15 7
3487 20 20 6
3488 15 15 7
3489 22 22 10
3490 15 15 7
3491 18 18 6
3492 27 27 7
3493 10 10 6
3494 15 15 9
3495 18 17 7
3496 10 10 6
3497 13 13 7
3498 20 20 10
3499 27 26 6
3500 39 39 9
3501 16 15 9
3502 16 15 7
3503 24 24 6
3504 21 21 7
3505 24 24 10
3506 23 22 10
3507 15 14 6
3508 25 25 11
3509 22 22 10
3510 21 20 6
3511 19 19 11
3512 18 18 10
3513 7 6 5
3514 21 21 11
3515 20 20 6
3516 25 25 9
3517 30 29 11
3518 24 23 9
3519 18 17 9
3520 18 17 7
3521 16 16 10
3522 23 22 6
3523 29 29 11
3524 30 30 10
3525 29 28 12
3526 33 32 10
3527 31 30 10
3528 19 19 9
3529 18 17 7
3530 20 20 10
3531 33 32 10
3532 49 49 9
3533 24 23 7
3534 20 20 6
3535 25 25 9
3536 20 19 7
3537 12 12 6
3538 25 25 9
3539 20 19 7
3540 26 26 10
3541 19 19 7
3542 30 30 10
3543 29 29 7
3544 30 30 10
3545 25 25 7
3546 18 18 10
3547 27 26 10
3548 15 15 7
3549 24 24 10
3550 21 21 9
3551 28 27 13
3552 22 22 10
3553 35 34 6
3554 19 19 9
3555 24 23 9
3556 28 27 9
3557 30 29 11
3558 24 23 7
3559 36 36 12
3560 37 36 10
3561 35 35 9
3562 26 25 9
3563 40 39 11
3564 32 31 11
3565 44 43 11
3566 32 32 10
3567 23 23 11
3568 50 49 13
3569 56 55 15
3570 48 48 14
3571 23 23 7
3572 30 30 10
3573 35 35 11
3574 32 31 9
3575 38 37 11
3576 32 32 10
3577 29 29 9
3578 38 37 11
3579 22 21 7
3580 50 50 16
3581 39 38 10
3582 25 24 10
3583 27 26 10
3584 29 29 7
3585 28 28 10
3586 29 29 7
3587 22 22 6
3588 23 23 9
3589 24 23 7
3590 26 26 10
3591 25 25 9
3592 16 15 7
3593 26 26 6
3594 19 19 7
3595 20 20 10
3596 25 24 10
3597 27 27 9
3598 22 21 9
3599 18 17 9
3600 28 27 9
3601 24 23 9
3602 22 21 7
3603 20 20 10
3604 13 12 6
3605 13 13 7
3606 26 26 6
3607 17 17 9
3608 16 15 7
3609 24 24 10
3610 23 22 6
3611 19 19 7
3612 18 18 10
3613 21 20 10
3614 21 20 10
3615 17 16 6
3616 17 17 9
3617 14 13 9
3618 20 19 11
3619 10 10 6
3620 15 15 11
3621 22 22 10
3622 25 24 12
3623 13 12 6
3624 15 15 9
3625 18 17 9
3626 18 17 9
3627 14 13 7
3628 20 20 10
3629 13 12 6
3630 15 15 7
3631 14 14 6
3632 23 23 9
3633 18 17 9
3634 28 27 11
3635 20 19 9
3636 22 21 9
3637 20 19 9
3638 16 15 9
3639 14 13 7
3640 20 20 6
3641 11 11 7
3642 14 14 6
3643 21 21 9
3644 22 21 7
3645 12 12 6
3646 21 21 7
3647 6 6 6
3648 13 13 9
3649 22 21 9
3650 24 23 7
3651 14 14 10
3652 33 32 12
3653 29 28 10
3654 29 28 10
3655 37 36 6
3656 41 41 11
3657 34 34 10
3658 25 25 11
3659 22 21 9
3660 22 21 7
3661 24 24 6
3662 29 29 11
3663 24 24 10
3664 27 27 9
3665 14 13 7
3666 24 24 10
3667 39 38 10
3668 27 27 11
3669 20 20 10
3670 27 26 6
3671 33 33 9
3672 22 21 9
3673 16 15 7
3674 26 26 10
3675 21 20 6
3676 37 37 9
3677 22 21 7
3678 32 32 10
3679 29 28 6
3680 15 15 7
3681 22 22 6
3682 13 13 7
3683 18 18 6
3684 11 11 7
3685 24 24 10
3686 15 15 7
3687 16 16 6
3688 31 31 11
3689 24 24 10
3690 19 18 10
3691 27 27 9
3692 28 27 11
3693 26 26 10
3694 13 13 9
3695 18 17 7
3696 20 20 10
3697 25 25 7
3698 18 18 6
3699 25 25 11
3700 14 14 6
3701 25 25 9
3702 20 19 11
3703 22 22 6
3704 25 25 9
3705 18 17 9
3706 14 13 7
3707 20 20 10
3708 21 20 10
3709 29 28 10
3710 25 25 11
3711 12 12 6
3712 19 19 7
3713 20 20 6
3714 19 19 11
3715 10 10 6
3716 17 17 9
3717 14 13 7
3718 20 20 10
3719 23 22 10
3720 13 13 7
3721 24 24 12
3722 15 14 10
3723 21 20 10
3724 19 19 9
3725 24 23 11
3726 18 17 7
3727 6 6 6
3728 25 25 11
3729 30 30 10
3730 11 10 9
3731 19 18 6
3732 15 15 7
3733 26 26 10
3734 13 12 6
3735 15 15 9
3736 12 11 7
3737 16 16 10
3738 15 15 9
3739 14 13 9
3740 16 15 9
3741 18 17 9
3742 12 11 7
3743 14 14 10
3744 15 15 7
3745 16 16 6
3746 23 23 9
3747 12 11 7
3748 12 12 6
3749 15 15 9
3750 12 11 7
3751 18 18 10
3752 13 13 7
3753 14 14 10
3754 15 14 10
3755 11 10 6
3756 21 21 11
3757 12 12 6
3758 15 15 7
3759 16 16 10
3760 15 14 10
3761 21 21 11
3762 12 12 6
3763 21 21 9
3764 20 19 9
3765 18 17 9
3766 18 17 7
3767 12 12 6
3768 13 13 9
3769 22 21 11
3770 6 6 6
3771 15 15 7
3772 14 14 6
3773 9 9 9
3774 18 17 11
3775 18 18 10
3776 21 20 10
3777 21 20 10
3778 21 20 12
3779 11 11 7
3780 6 6 6
3781 13 13 9
3782 14 13 9
3783 18 17 9
3784 22 21 7
3785 10 10 6
3786 25 25 9
3787 26 25 9
3788 28 27 9
3789 16 15 9
3790 12 11 7
3791 18 18 6
3792 15 15 9
3793 24 23 11
3794 16 16 10
3795 11 11 7
3796 20 20 10
3797 25 25 9
3798 20 19 7
3799 6 6 6
3800 17 17 9
3801 14 13 7
3802 16 16 10
3803 13 13 7
3804 20 20 10
3805 17 16 10
3806 17 16 10
3807 13 13 9
3808 22 21 9
3809 22 21 9
3810 12 11 7
3811 12 12 6
3812 9 9 9
3813 18 17 9
3814 22 21 9
3815 18 17 9
3816 14 13 9
3817 16 15 7
3818 24 24 10
3819 19 19 9
3820 14 13 9
3821 14 13 7
3822 18 18 12
3823 15 14 6
3824 25 25 11
3825 28 28 10
3826 15 14 6
3827 21 21 11
3828 14 14 10
3829 7 6 5
3830 19 19 7
3831 14 14 6
3832 25 25 11
3833 22 21 7
3834 16 16 6
3835 19 19 9
3836 16 15 7
3837 18 18 6
3838 23 23 7
3839 10 10 6
3840 23 23 11
3841 14 14 6
3842 19 19 7
3843 20 20 10
3844 19 19 7
3845 20 20 6
3846 17 17 7
3847 24 24 12
3848 21 20 10
3849 13 12 6
3850 23 23 9
3851 22 21 9
3852 24 23 11
3853 24 23 11
3854 38 38 14
3855 41 40 10
3856 31 30 10
3857 31 30 10
3858 23 22 6
3859 27 27 9
3860 30 29 9
3861 28 27 11
3862 12 12 6
3863 27 27 11
3864 30 29 11
3865 28 28 10
3866 29 28 12
3867 33 32 6
3868 15 15 7
3869 34 34 10
3870 17 16 6
3871 19 19 9
3872 22 21 11
3873 28 28 12
3874 29 28 10
3875 27 26 10
3876 17 16 6
3877 19 19 9
3878 18 17 7
3879 26 26 10
3880 27 26 12
3881 27 26 10
3882 23 22 10
3883 33 33 13
3884 24 23 9
3885 32 31 7
3886 26 26 10
3887 17 17 7
3888 26 26 10
3889 23 22 6
3890 23 23 9
3891 22 21 9
3892 20 19 7
3893 18 18 10
3894 25 25 9
3895 18 17 7
3896 24 24 10
3897 19 18 6
3898 23 23 11
3899 12 12 6
3900 25 25 11
3901 16 16 10
3902 13 12 6
3903 15 15 7
3904 16 16 10
3905 23 22 10
3906 15 14 6
3907 21 21 7
3908 20 20 10
3909 27 27 11
3910 18 18 10
3911 29 28 10
3912 15 14 10
3913 7 7 7
3914 16 16 6
3915 13 13 7
3916 14 14 6
3917 13 13 9
3918 18 17 11
3919 20 20 6
3920 21 21 7
3921 14 14 10
3922 25 24 6
3923 13 13 9
3924 8 7 6
3925 32 32 12
3926 29 28 10
3927 23 22 10
3928 15 14 6
3929 19 19 9
3930 16 15 7
3931 28 28 10
3932 19 18 10
3933 23 22 10
3934 25 24 10
3935 21 20 10
3936 15 15 9
3937 18 17 7
3938 16 16 6
3939 19 19 11
3940 26 26 10
3941 19 19 7
3942 16 16 6
3943 17 17 7
3944 14 14 6
3945 13 13 7
3946 22 22 10
3947 19 19 9
3948 16 15 7
3949 12 12 6
3950 17 17 9
3951 18 17 11
3952 16 16 6
3953 19 19 9
3954 16 15 7
3955 18 18 10
3956 15 15 7
3957 12 12 6
3958 21 21 7
3959 16 16 10
3960 17 16 6
3961 17 17 9
3962 14 13 9
3963 20 19 9
3964 24 23 9
3965 26 25 11
3966 20 20 6
3967 21 21 9
3968 24 23 7
3969 30 30 12
3970 19 18 10
3971 17 16 6
3972 17 17 7
3973 20 20 12
3974 17 16 10
3975 17 16 6
3976 29 29 9
3977 14 13 7
3978 16 16 6
3979 15 15 9
3980 20 19 7
3981 16 16 12
3982 11 11 7
3983 6 6 6
3984 13 13 9
3985 16 15 9
3986 14 13 9
3987 18 17 11
3988 26 26 10
3989 21 20 10
3990 31 30 12
3991 19 18 10
3992 13 12 6
3993 23 23 11
3994 32 32 10
3995 21 20 6
3996 21 21 11
3997 22 22 6
3998 17 17 9
3999 24 23 9
4000 14 13 9
4001 10 9 8
4002 18 17 9
4003 12 11 7
4004 18 18 10
4005 17 16 10
4006 11 10 9
4007 23 22 10
4008 15 15 7
4009 14 14 10
4010 17 16 10
4011 21 20 10
4012 7 7 7
4013 12 12 6
4014 19 19 11
4015 10 9 8
4016 12 11 7
4017 16 16 6
4018 15 15 9
4019 20 19 11
4020 18 18 10
4021 23 22 10
4022 17 17 9
4023 14 13 9
4024 8 7 6
4025 12 12 6
4026 9 9 9
4027 22 21 9
4028 12 11 7
4029 10 10 6
4030 21 21 11
4031 12 12 6
4032 15 15 11
4033 18 17 9
4034 14 13 7
4035 10 10 6
4036 19 19 11
4037 26 26 10
4038 19 19 9
4039 18 17 9
4040 8 7 6
4041 10 10 6
4042 15 15 7
4043 14 14 10
4044 15 15 9
4045 18 17 7
4046 16 16 10
4047 23 22 12
4048 15 15 9
4049 16 15 7
4050 16 16 10
4051 11 10 6
4052 13 13 7
4053 18 18 10
4054 21 20 10
4055 15 14 10
4056 17 16 10
4057 11 10 6
4058 13 13 7
4059 12 12 6
4060 15 15 9
4061 16 15 7
4062 10 10 10
4063 7 6 5
4064 19 19 7
4065 18 18 12
4066 11 10 6
4067 13 13 9
4068 12 11 7
4069 16 16 10
4070 15 15 9
4071 16 15 9
4072 14 13 7
4073 20 20 10
4074 13 12 6
4075 15 15 7
4076 18 18 10
4077 17 16 6
4078 17 17 7
4079 20 20 6
4080 19 19 7
4081 16 16 10
4082 25 24 10
4083 15 14 6
4084 19 19 7
4085 26 26 10
4086 29 28 10
4087 37 36 6
4088 43 43 9
4089 24 23 7
4090 38 38 10
4091 19 18 10
4092 19 18 6
4093 29 29 9
4094 16 15 9
4095 18 17 7
4096 20 20 10
4097 23 22 6
4098 27 27 7
4099 32 32 12
4100 23 23 7
4101 24 24 6
4102 31 31 11
4103 26 26 10
4104 33 32 10
4105 35 34 10
4106 43 42 10
4107 31 31 11
4108 44 43 11
4109 26 25 9
4110 24 23 11
4111 26 26 6
4112 33 33 9
4113 22 21 7
4114 28 28 10
4115 17 17 7
4116 26 26 10
4117 29 28 10
4118 17 16 6
4119 21 21 9
4120 26 25 9
4121 30 29 9
4122 22 21 9
4123 32 31 11
4124 28 27 9
4125 24 23 9
4126 22 21 11
4127 12 12 6
4128 19 19 9
4129 28 27 9
4130 24 23 7
4131 30 30 10
4132 21 21 7
4133 36 36 10
4134 43 42 12
4135 23 22 6
4136 37 37 7
4137 20 20 10
4138 27 26 10
4139 31 31 7
4140 46 46 12
4141 31 30 10
4142 17 17 7
4143 24 24 10
4144 21 21 9
4145 20 19 9
4146 38 37 11
4147 30 30 10
4148 23 23 9
4149 22 21 7
4150 44 44 12
4151 27 26 10
4152 31 30 10
4153 13 13 7
4154 14 14 6
4155 31 31 9
4156 38 37 11
4157 36 35 9
4158 28 27 9
4159 14 13 7
4160 30 30 10
4161 39 38 10
4162 19 19 9
4163 26 25 11
4164 24 24 10
4165 25 24 10
4166 31 30 12
4167 23 22 10
4168 21 20 10
4169 21 21 9
4170 26 25 9
4171 28 27 9
4172 26 25 9
4173 20 19 7
4174 20 20 10
4175 31 30 12
4176 19 18 6
4177 19 19 7
4178 30 30 10
4179 21 21 7
4180 26 26 10
4181 17 16 6
4182 33 33 7
4183 30 30 10
4184 19 19 9
4185 26 25 7
4186 32 32 10
4187 25 25 9
4188 12 11 7
4189 32 32 10
4190 35 34 6
4191 21 21 11
4192 24 23 11
4193 26 26 10
4194 27 26 10
4195 23 23 11
4196 28 27 11
4197 26 26 10
4198 23 22 6
4199 29 29 11
4200 24 23 9
4201 26 25 11
4202 34 33 11
4203 26 26 10
4204 25 24 6
4205 13 13 7
4206 24 24 10
4207 21 20 6
4208 23 23 9
4209 20 19 7
4210 36 36 12
4211 19 18 6
4212 19 19 7
4213 24 24 10
4214 21 20 10
4215 21 20 6
4216 17 17 9
4217 8 7 6
4218 18 18 10
4219 15 15 7
4220 14 14 6
4221 13 13 7
4222 28 28 10
4223 23 22 10
4224 17 16 6
4225 15 15 7
4226 22 22 10
4227 19 18 10
4228 29 28 10
4229 17 16 6
4230 23 23 9
4231 22 21 9
4232 20 19 9
4233 18 17 9
4234 12 11 7
4235 18 18 12
4236 13 13 9
4237 16 15 7
4238 20 20 10
4239 25 24 10
4240 17 17 7
4241 22 22 10
4242 13 13 7
4243 16 16 10
4244 7 7 7
4245 20 20 10
4246 15 14 10
4247 19 19 7
4248 14 14 6
4249 7 7 7
4250 14 14 6
4251 13 13 7
4252 6 6 6
4253 17 17 7
4254 20 20 10
4255 21 20 10
4256 7 6 5
4257 17 17 7
4258 18 18 10
4259 21 20 10
4260 15 15 7
4261 12 12 6
4262 17 17 7
4263 18 18 10
4264 17 16 10
4265 17 16 6
4266 11 11 7
4267 14 14 10
4268 17 17 9
4269 16 15 7
4270 12 12 6
4271 11 11 7
4272 20 20 10
4273 19 18 10
4274 11 11 7
4275 10 10 10
4276 21 20 10
4277 15 15 9
4278 18 17 9
4279 18 17 9
4280 20 19 11
4281 12 12 6
4282 17 17 11
4283 18 18 10
4284 11 10 6
4285 13 13 7
4286 14 14 6
4287 17 17 11
4288 10 10 10
4289 13 12 6
4290 19 19 11
4291 12 12 6
4292 15 15 7
4293 12 12 6
4294 23 23 9
4295 16 15 9
4296 20 19 9
4297 12 11 7
4298 20 20 10
4299 15 15 11
4300 10 10 6
4301 11 11 7
4302 16 16 10
4303 17 16 10
4304 19 19 11
4305 26 25 9
4306 16 15 11
4307 10 10 6
4308 23 23 13
4309 26 25 9
4310 14 13 7
4311 14 14 10
4312 19 18 10
4313 15 15 7
4314 18 18 12
4315 11 10 6
4316 13 13 7
4317 20 20 10
4318 11 10 9
4319 13 12 6
4320 19 19 11
4321 12 12 6
4322 21 21 11
4323 14 13 7
4324 18 18 10
4325 15 14 10
4326 15 14 6
4327 19 19 7
4328 16 16 10
4329 15 15 9
4330 14 13 7
4331 18 18 10
4332 11 10 6
4333 17 17 9
4334 18 17 9
4335 14 13 7
4336 14 14 10
4337 15 14 10
4338 15 14 10
4339 13 13 7
4340 18 18 10
4341 15 14 6
4342 15 15 9
4343 18 17 7
4344 18 18 10
4345 7 7 7
4346 14 14 6
4347 7 7 7
4348 10 10 6
4349 17 17 9
4350 14 13 7
4351 14 14 6
4352 7 7 7
4353 12 12 6
4354 13 13 9
4355 26 25 11
4356 26 25 11
4357 12 12 6
4358 15 15 9
4359 18 17 7
4360 30 30 10
4361 17 16 10
4362 25 24 10
4363 19 19 11
4364 24 24 6
4365 11 11 7
4366 24 24 10
4367 21 21 7
4368 24 24 10
4369 27 27 11
4370 18 17 7
4371 18 18 10
4372 27 26 6
4373 21 21 11
4374 30 29 11
4375 20 20 10
4376 15 15 9
4377 24 23 7
4378 32 32 10
4379 51 50 14
4380 27 26 10
4381 37 36 10
4382 25 24 6
4383 27 27 7
4384 26 26 6
4385 27 27 9
4386 40 39 13
4387 40 39 7
4388 38 38 10
4389 35 35 11
4390 46 45 13
4391 40 39 11
4392 50 50 14
4393 33 33 11
4394 30 29 11
4395 28 27 11
4396 58 57 15
4397 22 21 7
4398 22 22 10
4399 23 23 9
4400 34 33 13
4401 12 12 6
4402 27 27 9
4403 16 15 7
4404 28 28 10
4405 27 26 12
4406 35 34 14
4407 35 34 12
4408 23 22 10
4409 29 28 14
4410 21 21 11
4411 28 27 7
4412 28 28 14
4413 35 34 12
4414 23 22 6
4415 23 23 9
4416 22 21 7
4417 22 22 6
4418 27 27 9
4419 16 15 9
4420 24 23 7
4421 30 30 10
4422 17 16 6
4423 43 43 11
4424 40 40 12
4425 23 23 9
4426 28 27 9
4427 32 31 9
4428 24 23 11
4429 28 28 10
4430 41 40 12
4431 27 27 7
4432 22 22 6
4433 23 23 9
4434 24 23 11
4435 44 44 18
4436 35 34 10
4437 21 21 9
4438 24 23 11
4439 22 22 10
4440 17 17 7
4441 34 34 14
4442 27 26 6
4443 27 27 11
4444 20 20 10
4445 31 30 10
4446 15 14 6
4447 31 31 13
4448 32 32 12
4449 27 27 9
4450 24 23 9
4451 24 23 9
4452 26 25 11
4453 12 12 6
4454 31 31 9
4455 18 17 7
4456 34 34 12
4457 23 23 11
4458 18 18 10
4459 43 42 18
4460 23 22 10
4461 27 27 13
4462 30 29 9
4463 34 33 15
4464 20 20 10
4465 31 30 12
4466 29 29 11
4467 22 21 9
4468 40 39 11
4469 42 42 12
4470 21 20 6
4471 37 37 11
4472 20 19 9
4473 28 27 9
4474 34 33 13
4475 24 23 9
4476 28 27 11
4477 30 30 10
4478 29 28 6
4479 15 15 7
4480 40 40 12
4481 31 30 10
4482 33 33 11
4483 30 30 10
4484 27 27 9
4485 24 23 7
4486 26 26 10
4487 19 19 7
4488 30 30 10
4489 27 27 9
4490 22 21 9
4491 18 17 9
4492 36 35 7
4493 20 20 6
4494 33 33 13
4495 30 30 10
4496 17 17 9
4497 22 21 9
4498 22 21 9
4499 32 31 7
4500 28 28 12
4501 17 16 6
4502 29 29 9
4503 24 23 9
4504 18 17 9
4505 24 23 7
4506 16 16 6
4507 15 15 7
4508 30 30 10
4509 19 18 6
4510 19 19 9
4511 34 33 7
4512 28 28 12
4513 25 24 6
4514 19 19 11
4515 26 26 10
4516 37 36 10
4517 15 14 6
4518 17 17 7
4519 12 12 6
4520 33 33 11
4521 26 25 9
4522 24 23 7
4523 24 24 10
4524 25 24 6
4525 21 21 7
4526 20 20 10
4527 27 26 12
4528 17 17 7
4529 18 18 6
4530 21 21 11
4531 20 19 7
4532 14 14 6
4533 21 21 9
4534 28 27 9
4535 12 11 7
4536 26 26 12
4537 13 12 6
4538 11 11 7
4539 16 16 10
4540 13 13 7
4541 20 20 10
4542 13 12 6
4543 13 13 9
4544 18 17 11
4545 18 17 7
4546 14 14 6
4547 15 15 9
4548 30 29 11
4549 18 18 10
4550 21 21 7
4551 18 18 10
4552 13 12 6
4553 21 21 9
4554 20 19 7
4555 14 14 6
4556 19 19 9
4557 20 19 7
4558 12 12 6
4559 19 19 11
4560 20 20 10
4561 15 14 6
4562 17 17 9
4563 26 25 7
4564 18 18 10
4565 13 12 6
4566 25 25 11
4567 10 10 6
4568 13 13 7
4569 12 12 6
4570 19 19 11
4571 14 14 6
4572 19 19 9
4573 10 9 8
4574 12 11 7
4575 18 18 10
4576 19 18 10
4577 21 20 6
4578 9 9 9
4579 12 11 7
4580 16 16 6
4581 25 25 13
4582 6 6 6
4583 21 21 7
4584 14 14 10
4585 25 24 12
4586 13 12 6
4587 21 21 7
4588 26 26 10
4589 13 13 7
4590 24 24 10
4591 21 21 9
4592 20 19 7
4593 24 24 10
4594 27 26 6
4595 47 47 11
4596 40 39 9
4597 34 33 7
4598 22 22 10
4599 29 28 10
4600 35 34 10
4601 41 41 11
4602 42 41 11
4603 48 48 12
4604 41 40 12
4605 49 49 11
4606 42 41 11
4607 38 38 10
4608 33 33 9
4609 26 25 11
4610 44 44 12
4611 45 44 14
4612 31 31 11
4613 28 27 9
4614 32 31 11
4615 36 35 11
4616 36 35 9
4617 40 39 13
4618 32 31 11
4619 24 24 10
4620 31 31 9
4621 36 35 13
4622 22 22 10
4623 39 38 10
4624 37 36 12
4625 33 33 11
4626 16 15 7
4627 18 18 10
4628 23 22 12
4629 23 22 10
4630 37 36 14
4631 33 33 9
4632 34 33 19
4633 32 32 10
4634 43 43 11
4635 28 28 10
4636 17 16 6
4637 19 19 7
4638 18 18 10
4639 17 16 6
4640 25 25 11
4641 12 12 6
4642 29 29 11
4643 28 27 11
4644 20 20 6
4645 19 19 7
4646 14 14 10
4647 19 19 9
4648 22 21 9
4649 18 17 9
4650 22 21 7
4651 12 12 6
4652 25 25 11
4653 22 21 7
4654 18 18 6
4655 15 15 9
4656 20 19 11
4657 16 16 6
4658 13 13 7
4659 28 28 12
4660 17 17 7
4661 18 18 6
4662 23 23 11
4663 16 16 6
4664 15 15 7
4665 22 22 10
4666 17 17 7
4667 14 14 6
4668 17 17 7
4669 6 6 6
4670 13 13 7
4671 22 22 10
4672 15 15 9
4673 30 29 11
4674 18 18 10
4675 19 18 6
4676 17 17 11
4677 20 20 10
4678 21 21 7
4679 28 28 10
4680 21 20 6
4681 17 17 7
4682 22 22 10
4683 15 15 7
4684 22 22 10
4685 19 19 7
4686 10 10 6
4687 31 31 9
4688 38 37 9
4689 22 21 9
4690 38 37 9
4691 38 37 11
4692 26 26 10
4693 15 15 7
4694 32 32 10
4695 23 22 10
4696 29 28 10
4697 23 23 11
4698 18 18 6
4699 35 35 11
4700 22 21 7
4701 22 22 6
4702 33 33 7
4703 24 24 10
4704 35 34 12
4705 17 17 7
4706 24 24 6
4707 27 27 9
4708 30 29 9
4709 28 27 11
4710 50 50 12
4711 31 30 10
4712 29 28 10
4713 41 40 12
4714 23 23 9
4715 30 29 7
4716 24 24 6
4717 27 27 7
4718 24 24 10
4719 33 32 10
4720 33 32 6
4721 35 35 11
4722 26 25 7
4723 34 34 10
4724 31 31 9
4725 26 25 9
4726 40 39 11
4727 30 30 10
4728 29 28 10
4729 29 28 10
4730 21 21 7
4731 26 26 6
4732 41 41 11
4733 24 24 10
4734 31 30 10
4735 33 32 10
4736 41 40 10
4737 43 42 14
4738 31 30 10
4739 43 42 12
4740 55 54 16
4741 35 35 11
4742 42 41 13
4743 30 29 11
4744 56 56 18
4745 37 37 11
4746 38 38 14
4747 25 24 10
4748 35 34 12
4749 37 37 11
4750 32 32 12
4751 41 41 11
4752 34 33 11
4753 40 40 10
4754 29 28 10
4755 25 25 9
4756 28 27 7
4757 30 30 12
4758 27 26 10
4759 39 38 14
4760 37 36 12
4761 35 34 12
4762 33 32 10
4763 23 22 6
4764 31 31 13
4765 38 37 11
4766 24 24 6
4767 27 27 9
4768 34 33 9
4769 40 39 13
4770 18 18 6
4771 43 43 11
4772 22 22 10
4773 33 32 6
4774 43 43 11
4775 40 40 10
4776 37 37 13
4777 48 48 6
4778 39 39 11
4779 30 29 7
4780 32 32 10
4781 27 26 10
4782 31 31 11
4783 34 33 11
4784 22 22 6
4785 31 31 9
4786 34 33 13
4787 26 26 10
4788 27 27 9
4789 28 27 9
4790 34 33 11
4791 30 29 9
4792 28 27 7
4793 24 24 10
4794 37 37 7
4795 20 20 10
4796 17 16 6
4797 27 27 11
4798 20 20 10
4799 15 14 6
4800 29 29 9
4801 30 29 9
4802 14 13 7
4803 16 16 6
4804 25 25 9
4805 16 15 7
4806 20 20 6
4807 25 25 9
4808 16 15 7
4809 22 22 10
4810 19 18 10
4811 21 21 7
4812 28 28 10
4813 23 22 10
4814 17 16 6
4815 15 15 7
4816 20 20 10
4817 29 28 10
4818 23 22 6
4819 25 25 7
4820 24 24 10
4821 23 22 10
4822 27 26 10
4823 25 24 6
4824 25 25 11
4825 24 24 10
4826 17 16 10
4827 21 20 10
4828 23 22 6
4829 15 15 7
4830 12 12 6
4831 41 41 13
4832 28 28 12
4833 29 29 9
4834 26 25 9
4835 28 27 9
4836 26 25 11
4837 18 18 6
4838 17 17 7
4839 26 26 12
4840 29 28 10
4841 19 18 6
4842 21 21 7
4843 22 22 10
4844 21 20 10
4845 21 20 6
4846 27 27 9
4847 26 25 7
4848 20 20 6
4849 21 21 9
4850 22 21 7
4851 26 26 10
4852 13 13 7
4853 12 12 6
4854 23 23 7
4855 12 12 6
4856 25 25 11
4857 16 16 6
4858 15 15 9
4859 18 17 9
4860 26 25 11
4861 14 13 7
4862 20 20 10
4863 15 14 6
4864 11 11 7
4865 16 16 10
4866 15 14 10
4867 15 14 6
4868 13 13 7
4869 22 22 6
4870 13 13 9
4871 22 21 11
4872 12 12 6
4873 15 15 9
4874 26 25 9
4875 22 21 7
4876 16 16 6
4877 21 21 9
4878 14 13 7
4879 12 12 6
4880 19 19 11
4881 22 22 10
4882 13 13 7
4883 10 10 10
4884 19 18 10
4885 13 13 7
4886 26 26 10
4887 15 15 9
4888 16 15 7
4889 14 14 10
4890 17 17 7
4891 22 22 12
4892 21 20 10
4893 19 18 10
4894 13 12 6
4895 15 15 9
4896 18 17 7
4897 12 12 6
4898 23 23 9
4899 16 15 9
4900 12 11 7
4901 14 14 6
4902 15 15 9
4903 16 15 9
4904 16 15 9
4905 16 15 9
4906 14 13 7
4907 20 20 10
4908 13 13 9
4909 14 13 7
4910 10 10 6
4911 19 19 11
4912 12 12 6
4913 19 19 7
4914 20 20 10
4915 19 18 6
4916 15 15 7
4917 12 12 6
4918 15 15 9
4919 14 13 9
4920 22 21 9
4921 14 13 7
4922 24 24 10
4923 19 18 10
4924 13 12 6
4925 11 11 7
4926 16 16 10
4927 15 14 10
4928 11 11 7
4929 12 12 6
4930 19 19 9
4931 18 17 9
4932 16 15 7
4933 14 14 10
4934 15 14 10
4935 17 16 10
4936 15 15 7
4937 12 12 6
4938 15 15 9
4939 12 11 7
4940 16 16 6
4941 19 19 11
4942 20 20 10
4943 19 18 10
4944 17 17 9
4945 18 17 11
4946 12 11 7
4947 12 12 6
4948 7 7 7
4949 20 20 12
4950 17 17 7
4951 18 18 10
4952 15 14 6
4953 31 31 11
4954 16 16 10
4955 17 16 10
4956 19 18 10
4957 15 14 6
4958 11 11 7
4959 18 18 10
4960 17 16 6
4961 15 15 9
4962 12 11 7
4963 6 6 6
4964 23 23 11
4965 14 14 6
4966 7 7 7
4967 16 16 10
4968 15 14 10
4969 23 22 10
4970 17 17 7
4971 10 10 6
4972 13 13 7
4973 18 18 10
4974 21 20 10
4975 17 17 9
4976 18 17 9
4977 10 9 8
4978 22 21 9
4979 16 15 7
4980 24 24 10
4981 39 38 10
4982 27 26 10
4983 21 20 10
4984 29 28 6
4985 17 17 7
4986 18 18 6
4987 17 17 7
4988 22 22 12
4989 21 20 10
4990 23 22 10
4991 37 37 11
4992 20 20 6
4993 27 27 9
4994 28 27 9
4995 16 15 7
4996 18 18 6
4997 19 19 7
4998 30 30 10
4999 21 20 12
