0 22 21 5
1 13 13 7
2 15 14 6
3 38 37 17
4 17 16 6
5 18 18 6
6 22 22 8
7 16 15 7
8 21 20 6
9 22 21 7
10 15 14 6
11 10 10 4
12 8 7 6
13 10 9 5
14 15 14 6
15 16 16 8
16 14 14 6
17 26 25 9
18 13 12 6
19 14 14 6
20 20 19 9
21 11 11 5
22 19 18 8
23 18 17 9
24 9 8 4
25 14 13 7
26 13 13 5
27 9 9 5
28 9 8 4
29 20 19 9
30 13 13 5
31 13 13 5
32 9 9 5
33 13 12 8
34 12 12 6
35 12 11 5
36 15 15 7
37 7 6 5
38 23 22 8
39 16 16 6
40 14 13 7
41 13 12 4
42 14 13 5
43 9 9 5
44 13 13 7
45 13 12 6
46 12 12 4
47 12 11 5
48 25 25 7
49 11 10 4
50 20 19 7
51 25 24 8
52 6 5 4
53 16 15 7
54 5 5 5
55 10 9 5
56 15 15 7
57 17 17 5
58 29 29 9
59 19 18 6
60 24 23 7
61 15 15 5
62 15 15 5
63 41 40 12
64 32 32 8
65 40 39 9
66 27 27 9
67 17 17 7
68 15 14 6
69 24 24 8
70 20 20 8
71 18 18 4
72 32 31 11
73 27 26 10
74 12 12 6
75 20 20 6
76 18 17 7
77 31 30 12
78 26 26 8
79 18 18 8
80 22 22 8
81 12 11 5
82 33 32 10
83 26 26 8
84 28 28 12
85 26 26 8
86 48 47 13
87 39 38 10
88 16 16 6
89 22 21 7
90 25 24 4
91 40 39 9
92 23 23 7
93 33 33 5
94 27 27 7
95 23 23 7
96 25 25 9
97 25 24 6
98 22 21 5
99 19 19 5
100 29 28 10
101 22 21 5
102 31 31 7
103 23 22 6
104 18 17 5
105 13 13 5
106 17 17 5
107 29 29 9
108 21 20 6
109 22 22 8
110 20 19 7
111 27 26 6
112 22 21 7
113 25 24 10
114 34 33 9
115 21 20 6
116 24 24 8
117 36 35 11
118 23 23 7
119 37 36 16
120 14 13 5
121 17 17 5
122 17 17 5
123 35 35 7
124 23 23 7
125 31 30 8
126 24 24 6
127 36 35 7
128 35 35 13
129 19 18 6
130 18 17 7
131 23 22 6
132 20 20 8
133 20 19 7
134 29 29 9
135 31 30 6
136 20 19 7
137 15 14 4
138 24 23 5
139 23 22 6
140 18 17 5
141 27 27 7
142 23 23 7
143 33 33 7
144 21 21 7
145 29 29 11
146 15 15 7
147 23 22 8
148 22 22 8
149 22 22 8
150 32 32 10
151 30 29 9
152 25 25 7
153 33 32 12
154 18 18 6
155 36 35 9
156 19 18 6
157 28 27 7
158 21 20 8
159 32 32 10
160 24 24 6
161 18 18 4
162 34 33 9
163 33 33 9
164 23 22 6
165 16 16 6
166 18 17 5
167 19 19 5
168 31 30 6
169 28 28 8
170 20 19 5
171 29 29 11
172 25 24 6
173 24 23 7
174 29 29 5
175 25 25 11
176 27 26 8
177 36 35 5
178 41 41 19
179 31 30 6
180 26 26 6
181 32 31 11
182 25 25 7
183 29 29 7
184 25 25 5
185 33 33 9
186 35 34 8
187 28 28 6
188 26 25 5
189 27 27 11
190 31 30 6
191 30 29 9
192 13 13 5
193 17 16 6
194 18 17 5
195 19 19 7
196 27 27 11
197 19 19 5
198 31 31 11
199 27 26 6
