0 22 21 5
1 11 10 4
2 16 15 7
3 25 24 4
4 16 15 5
5 19 18 6
6 20 19 5
7 13 13 5
8 19 18 4
9 22 21 7
10 13 13 5
11 11 10 4
12 6 5 4
13 10 9 5
14 15 14 6
15 14 13 5
16 13 12 4
17 22 21 5
18 13 12 6
19 12 12 4
20 16 15 5
21 11 11 5
22 17 16 6
23 12 12 4
24 12 11 7
25 11 11 5
26 13 12 4
27 10 9 5
28 11 10 6
29 18 17 7
30 13 12 4
31 14 13 5
32 9 9 5
33 9 9 5
34 11 11 5
35 11 11 5
36 13 12 4
37 6 5 4
38 20 19 5
39 15 15 5
40 13 12 6
41 14 14 6
42 12 12 4
43 10 9 5
44 13 12 6
45 12 12 6
46 12 12 4
47 12 11 5
48 25 24 6
49 10 10 4
50 18 17 5
51 21 21 5
52 5 5 5
53 14 13 5
54 5 5 5
55 10 9 5
56 15 14 6
57 16 16 4
58 26 25 5
59 17 17 5
60 21 20 4
61 16 15 5
62 15 14 4
63 34 33 5
64 31 30 6
65 38 37 7
66 23 22 4
67 16 15 5
68 13 13 5
69 21 20 4
70 18 17 5
71 19 18 4
72 26 25 5
73 23 22 6
74 12 11 5
75 19 19 5
76 17 16 6
77 24 24 6
78 24 24 6
79 16 15 5
80 19 19 5
81 11 11 5
82 29 28 6
83 24 23 5
84 23 22 6
85 26 25 7
86 43 42 8
87 34 34 6
88 14 14 4
89 20 19 5
90 25 24 4
91 38 37 7
92 21 21 5
93 37 36 8
94 24 24 4
95 22 21 5
96 21 21 5
97 23 23 5
98 25 24 8
99 20 20 6
100 24 24 6
101 22 21 5
102 31 30 6
103 22 22 6
104 16 16 4
105 14 13 5
106 19 18 6
107 28 28 8
108 18 18 4
109 20 19 5
110 17 16 4
111 26 25 5
112 19 18 4
113 20 19 5
114 29 28 4
115 20 19 5
116 23 23 7
117 31 30 6
118 24 23 7
119 31 30 10
120 14 13 5
121 17 16 4
122 18 17 5
123 35 34 6
124 22 21 5
125 27 27 5
126 23 23 5
127 35 35 7
128 29 28 6
129 18 18 6
130 14 14 4
131 22 21 5
132 19 19 7
133 17 17 5
134 25 25 5
135 29 29 5
136 19 18 6
137 14 14 4
138 24 23 5
139 21 21 5
140 17 16 4
141 28 27 7
142 23 23 7
143 31 30 4
144 22 21 7
145 25 24 6
146 18 18 10
147 18 18 4
148 20 19 5
149 21 20 6
150 28 28 6
151 26 25 5
152 27 27 9
153 25 24 4
154 18 17 5
155 33 32 6
156 18 18 6
157 26 26 6
158 20 19 7
159 29 28 6
160 26 25 7
161 19 18 4
162 32 31 7
163 31 30 6
164 22 21 5
165 15 14 4
166 20 19 7
167 21 20 6
168 30 30 6
169 24 24 4
170 22 21 7
171 23 23 5
172 23 23 5
173 21 21 5
174 31 30 6
175 20 20 6
176 26 25 7
177 35 35 5
178 33 33 11
179 31 30 6
180 26 25 5
181 25 25 5
182 23 23 5
183 29 28 6
184 24 24 4
185 30 29 5
186 31 31 5
187 27 27 5
188 25 25 5
189 21 20 4
190 30 29 5
191 27 26 6
192 14 14 6
193 16 16 6
194 18 17 5
195 17 16 4
196 24 23 7
197 19 18 4
198 26 25 5
199 25 25 5
200 13 13 5
201 21 20 4
202 24 23 5
203 25 24 6
204 18 17 5
205 23 22 6
206 26 26 6
207 18 18 6
208 36 36 6
209 24 23 5
210 21 20 6
211 20 20 6
212 28 28 6
213 40 39 5
214 21 21 7
215 21 20 4
216 20 19 5
217 31 30 6
218 22 22 6
219 16 15 5
220 21 20 4
221 18 17 5
222 21 20 6
223 26 25 5
224 25 24 6
225 20 20 4
226 30 29 5
227 31 31 5
228 21 20 6
229 28 27 7
230 25 24 4
231 28 27 5
232 15 14 4
233 20 19 5
234 19 19 5
235 35 34 8
236 24 24 4
237 26 25 5
238 15 15 5
239 25 24 6
240 24 23 5
241 25 24 6
242 18 17 5
243 35 34 6
244 12 12 4
245 10 9 5
246 15 14 4
247 16 15 5
248 25 24 6
249 18 18 6
250 12 11 5
251 9 9 5
252 11 10 4
253 14 13 5
254 15 14 6
255 10 10 6
256 10 10 6
257 16 16 6
258 12 12 4
259 18 17 5
260 17 17 5
261 11 11 5
262 17 16 6
263 8 8 4
264 20 19 5
265 9 8 4
266 22 21 7
267 21 20 4
268 20 19 5
269 29 29 7
270 19 18 6
271 20 20 6
272 18 18 6
273 14 14 4
274 14 13 7
275 17 16 4
276 20 19 5
277 21 21 5
278 15 15 5
279 19 19 5
280 21 20 4
281 18 17 7
282 13 13 5
283 43 42 8
284 22 22 6
285 18 17 5
286 23 22 4
287 16 15 5
288 13 12 4
289 16 15 5
290 21 20 6
291 20 20 4
292 30 29 7
293 9 8 4
294 20 19 5
295 15 15 5
296 21 21 5
297 37 36 4
298 32 31 5
299 21 20 4
300 32 31 5
301 51 51 7
302 25 25 7
303 29 28 6
304 34 34 8
305 36 36 8
306 44 43 7
307 41 41 7
308 41 41 5
309 35 34 6
310 36 36 8
311 36 36 6
312 16 16 4
313 42 41 9
314 31 31 9
315 21 21 5
316 35 35 9
317 23 22 8
318 24 24 6
319 24 23 7
320 45 44 6
321 40 39 9
322 41 41 5
323 53 53 11
324 41 40 8
325 16 16 4
326 30 29 5
327 27 27 5
328 35 35 7
329 33 32 8
330 24 23 5
331 21 21 5
332 29 28 8
333 22 22 6
334 10 10 4
335 12 11 5
336 15 14 4
337 24 23 5
338 17 16 6
339 16 16 4
340 32 31 5
341 23 22 6
342 10 9 5
343 15 14 4
344 20 19 5
345 27 26 6
346 18 17 5
347 19 18 4
348 26 25 7
349 17 17 5
350 25 24 6
351 16 16 6
352 14 14 4
353 10 9 5
354 15 14 4
355 18 17 5
356 23 23 5
357 13 13 5
358 11 10 4
359 22 21 5
360 23 22 6
361 12 12 4
362 12 11 5
363 23 22 6
364 16 16 4
365 18 17 5
366 17 17 7
367 25 24 4
368 16 15 5
369 27 26 6
370 12 12 4
371 22 21 5
372 15 14 4
373 22 21 7
374 19 19 5
375 17 17 5
376 19 18 6
377 10 10 4
378 18 17 5
379 19 18 6
380 26 26 4
381 16 15 5
382 13 13 7
383 15 15 5
384 21 20 6
385 14 14 6
386 24 24 4
387 14 13 5
388 17 16 4
389 18 17 5
390 17 17 5
391 13 13 5
392 11 10 4
393 16 15 5
394 15 14 4
395 24 23 7
396 19 18 4
397 22 21 5
398 15 15 5
399 9 8 4
400 10 9 5
401 17 16 4
402 12 11 5
403 17 16 6
404 12 11 5
405 13 12 6
406 6 6 6
407 9 8 4
408 12 11 5
409 25 25 7
410 11 10 6
411 8 8 4
412 10 9 5
413 11 11 5
414 15 15 5
415 19 18 4
416 18 17 5
417 15 15 5
418 13 12 6
419 12 12 4
420 10 9 5
421 13 13 5
422 11 10 4
423 14 13 5
424 11 11 5
425 21 20 6
426 10 10 4
427 12 11 5
428 15 14 6
429 14 14 4
430 16 15 5
431 11 11 5
432 21 20 4
433 30 29 5
434 23 23 5
435 27 27 7
436 15 15 5
437 11 10 6
438 12 12 4
439 16 15 5
440 15 15 5
441 15 14 6
442 22 22 6
443 20 20 4
444 18 17 5
445 11 11 5
446 9 8 4
447 18 17 5
448 11 10 4
449 10 9 5
450 17 16 4
451 14 13 7
452 17 16 4
453 10 9 5
454 15 14 4
455 18 17 5
456 19 18 6
457 12 12 4
458 16 15 5
459 17 17 5
460 15 14 6
461 8 8 4
462 10 9 5
463 19 18 6
464 8 8 4
465 14 13 5
466 13 12 6
467 14 14 6
468 8 8 4
469 8 7 6
470 10 10 6
471 12 12 4
472 10 9 5
473 15 14 4
474 20 19 5
475 27 27 5
476 13 13 5
477 11 10 4
478 6 5 4
479 14 13 5
480 17 17 5
481 9 8 4
482 10 9 5
483 11 10 6
484 6 6 6
485 9 9 5
486 13 12 6
487 16 16 6
488 14 14 4
489 16 15 5
490 11 10 6
491 12 12 6
492 12 12 4
493 16 15 7
494 9 8 4
495 20 19 5
496 9 8 4
497 10 9 5
498 15 15 5
499 9 9 5
