0 35 34 10
1 17 17 7
2 14 14 6
3 7 7 7
4 12 12 6
5 17 17 7
6 14 14 6
7 19 19 7
8 34 33 9
9 28 28 8
10 21 20 6
11 25 25 7
12 18 18 6
13 13 13 7
14 10 10 6
15 25 25 7
16 22 21 7
17 26 26 8
18 11 11 7
19 10 10 6
20 15 15 7
21 16 16 6
22 17 17 7
23 16 16 6
24 23 23 7
25 24 24 6
26 23 23 7
27 18 17 7
28 22 21 7
29 26 25 7
30 14 14 6
31 17 17 7
32 20 20 6
33 23 23 7
34 16 15 7
35 14 14 8
36 15 14 6
37 17 17 7
38 12 12 6
39 25 25 7
40 20 20 8
41 31 30 8
42 23 22 6
43 19 19 7
44 22 21 7
45 34 33 7
46 52 52 8
47 35 35 7
48 28 28 6
49 21 21 9
50 20 20 6
51 29 29 7
52 36 36 8
53 35 34 6
54 27 27 7
55 24 24 6
56 27 27 7
57 28 28 6
58 37 37 7
59 32 31 7
60 24 23 7
61 18 17 7
62 28 28 10
63 21 20 6
64 17 17 7
65 28 28 6
66 27 27 9
67 32 31 7
68 20 20 6
69 39 39 7
70 26 25 7
71 26 26 6
72 27 27 7
73 24 23 7
74 26 25 7
75 14 13 7
76 24 24 8
77 33 32 6
78 29 29 7
79 30 29 7
80 26 25 7
81 30 30 6
82 29 29 7
83 20 19 7
84 38 38 8
85 37 36 8
86 33 33 7
87 32 31 7
88 30 29 7
89 46 46 16
90 35 34 8
91 31 30 10
92 17 16 6
93 33 33 9
94 16 15 7
95 42 42 14
96 31 31 13
97 22 21 9
98 36 36 8
99 19 18 10
100 29 28 8
101 31 31 9
102 38 38 6
103 27 27 7
104 28 28 8
105 33 33 7
106 24 24 6
107 19 19 7
108 30 30 6
109 21 21 7
110 22 22 8
111 35 34 8
112 27 26 8
113 21 20 6
114 35 35 7
115 18 18 8
116 15 14 8
117 37 36 8
118 15 14 8
119 19 18 6
120 25 25 7
121 26 25 9
122 30 30 8
123 15 14 6
124 25 25 7
125 16 15 7
126 18 18 6
127 29 29 9
128 14 14 6
129 29 29 9
130 24 24 6
131 27 27 7
132 32 32 8
133 25 25 7
134 26 25 9
135 24 24 8
136 23 23 7
137 30 30 10
138 23 22 6
139 29 29 7
140 28 27 9
141 22 22 6
142 37 37 9
143 28 28 10
144 23 22 6
145 23 23 7
146 32 31 7
147 36 36 10
148 19 19 7
149 26 25 7
150 26 25 7
151 20 19 7
152 24 24 8
153 31 30 10
154 19 18 6
155 21 21 7
156 22 22 6
157 17 17 7
158 24 24 6
159 25 25 7
160 20 19 9
161 18 17 7
162 22 22 6
163 25 25 7
164 24 23 7
165 24 23 7
166 16 16 6
167 21 21 7
168 20 20 8
169 27 26 8
170 17 16 6
171 13 13 7
172 14 14 6
173 17 17 7
174 36 36 10
175 23 23 7
176 20 20 8
177 13 13 7
178 18 18 8
179 19 18 6
180 21 21 7
181 12 11 7
182 16 16 8
183 37 36 10
184 15 14 8
185 27 26 8
186 19 19 7
187 20 20 8
188 15 14 6
189 23 23 7
190 16 16 6
191 15 15 7
192 18 17 7
193 20 19 7
194 12 12 6
195 15 15 7
196 22 22 8
197 29 28 6
198 25 25 7
199 20 19 7
200 20 19 7
201 6 6 6
202 15 15 7
203 22 22 6
204 17 17 7
205 14 13 7
206 18 18 8
207 13 13 7
208 18 18 8
209 27 27 7
210 16 16 6
211 13 13 7
212 18 18 8
213 21 21 7
214 14 14 6
215 17 17 7
216 14 14 6
217 19 19 9
218 26 26 6
219 25 25 7
220 18 18 8
221 17 16 6
222 13 13 7
223 10 10 6
224 15 15 9
225 20 20 6
226 7 7 7
227 22 22 8
228 23 22 8
229 19 18 6
230 17 17 7
231 18 17 7
232 30 29 7
233 16 15 7
234 24 24 6
235 11 11 7
236 14 14 6
237 21 21 7
238 10 10 6
239 15 15 7
240 10 10 6
241 13 13 7
242 14 13 7
243 20 20 8
244 17 16 8
245 11 10 6
246 13 13 7
247 22 22 8
248 21 20 8
249 27 26 6
250 19 19 7
251 20 19 7
252 12 12 6
253 13 13 7
254 22 22 6
255 15 15 7
256 24 24 6
257 25 25 7
258 24 24 8
259 21 21 7
260 12 12 6
261 15 15 7
262 14 14 6
263 19 19 7
264 30 29 7
265 20 20 8
266 23 22 8
267 13 12 6
268 21 21 7
269 18 17 7
270 12 12 6
271 13 13 7
272 18 17 7
273 14 14 6
274 17 17 7
275 22 22 6
276 17 17 7
277 26 26 8
278 15 15 7
279 30 30 6
280 21 21 7
281 30 30 8
282 21 20 8
283 19 18 6
284 19 19 7
285 22 22 8
286 11 10 6
287 35 35 9
288 18 18 8
289 21 20 6
290 15 15 7
291 36 36 10
292 21 20 6
293 17 17 7
294 16 16 6
295 23 23 7
296 26 26 8
297 19 18 8
298 23 22 6
299 19 19 7
300 14 13 7
301 16 16 6
302 17 17 7
303 30 30 8
304 21 20 6
305 25 25 7
306 12 12 6
307 27 27 7
308 18 18 6
309 29 29 7
310 18 18 6
311 15 15 7
312 12 12 6
313 21 21 7
314 16 16 6
315 27 27 9
316 24 24 6
317 21 21 7
318 18 18 8
319 13 12 6
320 13 13 7
321 24 24 8
322 21 20 6
323 15 15 7
324 26 26 8
325 19 18 6
326 17 17 7
327 22 22 6
328 15 15 7
329 14 14 6
330 31 31 7
331 22 21 7
332 28 28 6
333 21 21 7
334 16 15 7
335 6 6 6
336 17 17 7
337 18 18 6
338 21 21 7
339 30 30 8
340 25 25 7
341 12 12 8
342 13 12 6
343 17 17 7
344 12 12 6
345 17 17 7
346 22 21 7
347 34 33 7
348 18 17 7
349 12 11 7
350 20 19 7
351 14 14 6
352 13 13 7
353 20 20 6
354 19 19 9
355 26 26 8
356 21 20 6
357 17 17 7
358 12 12 6
359 19 19 7
360 12 12 6
361 27 27 7
362 20 19 7
363 26 26 6
364 23 23 7
365 18 18 6
366 27 27 7
367 18 18 8
368 25 24 8
369 23 23 7
370 26 26 6
371 13 13 7
372 18 18 6
373 13 13 7
374 16 16 6
375 25 25 9
376 16 16 6
377 23 23 7
378 28 28 8
379 27 26 8
380 11 11 7
381 18 18 6
382 29 29 7
383 18 17 7
384 20 20 6
385 27 27 9
386 18 18 6
387 41 41 7
388 36 35 7
389 32 31 7
390 36 35 7
391 18 18 6
392 21 21 7
393 18 17 7
394 26 26 6
395 27 27 7
396 32 31 9
397 14 14 6
398 15 15 7
399 16 16 6
400 17 17 7
401 28 28 6
402 25 25 7
403 34 33 7
404 22 21 9
405 12 12 6
406 27 27 7
407 22 22 8
408 27 26 6
409 23 23 7
410 22 21 7
411 14 14 6
412 25 25 7
413 16 15 7
414 36 36 8
415 33 32 6
416 35 35 7
417 18 18 8
418 21 20 6
419 31 31 7
420 32 32 6
421 21 21 7
422 12 11 7
423 20 20 6
424 23 23 7
425 30 30 8
426 45 44 8
427 27 27 7
428 20 20 6
429 17 17 7
430 24 24 6
431 27 27 9
432 36 36 6
433 35 35 7
434 26 26 8
435 15 14 6
436 33 33 7
437 18 17 7
438 32 32 8
439 41 41 7
440 38 38 8
441 35 34 6
442 35 35 9
443 34 34 6
444 39 39 9
445 38 38 6
446 29 29 7
447 36 36 8
448 29 28 6
449 39 39 7
450 20 19 7
451 28 28 6
452 25 25 7
453 54 54 8
454 39 38 6
455 51 51 7
456 50 50 8
457 29 28 6
458 39 39 9
459 34 34 6
460 51 51 7
461 50 49 7
462 30 30 6
463 37 37 7
464 32 31 7
465 40 40 8
466 55 54 8
467 55 54 8
468 39 38 8
469 45 44 8
470 45 44 6
471 49 49 7
472 44 44 6
473 37 37 7
474 48 48 8
475 27 27 7
476 44 44 8
477 51 50 8
478 29 28 6
479 55 55 7
480 42 41 7
481 58 57 7
482 46 46 8
483 45 44 6
484 53 53 7
485 42 41 7
486 44 44 6
487 39 39 7
488 48 47 7
489 44 43 7
490 50 50 8
491 35 35 7
492 48 48 6
493 37 37 7
494 52 51 7
495 42 41 7
496 42 41 7
497 38 38 6
498 39 39 7
499 36 35 7
500 38 38 6
501 39 39 7
502 50 49 7
503 52 52 8
504 47 46 6
505 43 43 7
506 54 53 7
507 60 59 7
508 50 50 8
509 53 52 6
510 49 49 7
511 58 58 8
512 41 40 6
513 45 45 7
514 30 29 7
515 50 50 8
516 59 58 6
517 41 41 7
518 32 31 7
519 40 40 6
520 49 49 7
521 42 42 6
522 43 43 7
523 44 44 6
524 57 57 7
525 52 51 7
526 50 50 6
527 47 47 7
528 52 52 6
529 35 35 7
530 48 48 6
531 45 45 7
532 48 47 7
533 58 58 6
534 37 37 7
535 54 53 7
536 38 37 7
537 42 42 6
538 57 57 7
539 36 35 7
540 42 42 8
541 59 58 6
542 67 67 9
543 56 56 8
544 45 44 8
545 35 34 6
546 45 45 7
547 58 58 8
548 45 44 6
549 47 47 7
550 40 40 6
551 63 63 7
552 58 58 8
553 53 52 6
554 71 71 7
555 46 45 7
556 56 55 7
557 62 61 7
558 62 62 8
559 55 55 7
560 58 57 7
561 42 42 6
562 57 57 7
563 70 70 6
564 45 45 7
565 40 39 7
566 68 68 8
567 59 58 6
568 45 45 7
569 60 60 6
570 33 33 9
571 62 62 6
572 53 53 9
573 50 49 13
574 52 52 8
575 59 58 6
576 57 57 9
577 40 40 8
578 57 56 6
579 45 45 7
580 54 53 7
581 34 33 7
582 46 46 8
583 35 34 6
584 49 49 7
585 48 47 7
586 52 51 7
587 44 44 10
588 51 51 7
589 54 54 8
590 35 34 6
591 65 65 7
592 34 34 6
593 59 59 7
594 60 60 6
595 47 47 7
596 46 45 7
597 46 46 8
598 55 55 7
599 52 52 8
600 45 44 8
601 45 45 7
602 50 50 8
603 39 38 6
604 51 51 7
605 40 39 7
606 46 45 9
607 48 47 7
608 42 41 9
609 44 43 9
610 42 42 8
611 27 26 6
612 37 37 9
613 48 48 6
614 35 35 7
615 36 35 7
616 44 43 7
617 48 48 8
618 43 42 6
619 49 49 7
620 46 46 8
621 33 33 7
622 42 41 7
623 34 34 8
624 31 30 6
625 55 55 9
626 38 38 8
627 63 62 8
628 41 40 6
629 51 51 7
630 48 48 8
631 51 50 6
632 49 49 7
633 36 36 6
634 47 47 7
635 46 45 7
636 54 54 6
637 59 59 9
638 48 48 8
639 57 56 8
640 55 54 8
641 51 50 6
642 55 55 7
643 52 51 7
644 44 43 7
645 42 42 6
646 43 43 7
647 40 40 6
648 29 29 7
649 52 52 8
650 61 60 8
651 31 30 6
652 51 51 7
653 36 36 6
654 57 57 7
655 52 51 7
656 46 46 6
657 57 57 7
658 56 56 8
659 33 32 6
660 43 43 9
661 46 46 6
662 37 37 7
663 34 33 7
664 58 58 8
665 39 38 6
666 55 55 9
667 34 34 6
668 43 43 7
669 40 39 7
670 48 47 7
671 46 46 8
672 35 34 6
673 37 37 7
674 44 43 7
675 64 63 9
676 60 60 10
677 39 38 6
678 61 61 7
679 48 48 6
680 43 43 7
681 40 39 7
682 58 58 6
683 57 57 9
684 56 56 6
685 43 43 7
686 58 57 7
687 50 49 7
688 36 35 7
689 40 40 6
690 51 51 7
691 52 51 9
692 54 54 8
693 63 62 8
694 71 71 9
695 42 42 6
696 41 41 7
697 30 29 7
698 58 58 6
699 51 51 7
700 58 57 7
701 40 39 7
702 50 50 6
703 55 55 7
704 54 54 6
705 45 45 7
706 34 34 6
707 59 59 7
708 50 49 7
709 50 49 7
710 54 54 6
711 43 43 7
712 58 58 8
713 55 54 6
714 33 33 7
715 56 56 8
716 67 66 6
717 49 49 7
718 60 59 7
719 40 39 7
720 46 46 8
721 51 50 6
722 67 67 7
723 50 50 8
724 47 46 6
725 57 57 7
726 48 48 6
727 71 71 7
728 66 65 7
729 52 51 7
730 30 29 7
731 48 48 6
732 41 41 9
733 50 49 7
734 54 54 8
735 57 56 8
736 49 49 9
737 34 34 8
738 57 57 7
739 36 35 7
740 32 31 7
741 40 39 7
742 24 24 6
743 55 55 7
744 32 31 7
745 36 36 8
746 55 54 8
747 37 36 6
748 31 31 7
749 28 28 6
750 31 31 7
751 24 24 6
752 47 47 7
753 34 34 6
754 29 29 7
755 40 39 7
756 36 36 6
757 23 23 7
758 50 50 8
759 21 21 7
760 32 32 6
761 47 47 7
762 38 37 9
763 30 30 6
764 27 27 7
765 28 27 7
766 28 28 6
767 37 37 7
768 28 27 7
769 28 28 8
770 33 33 7
771 28 28 6
772 29 29 7
773 48 47 7
774 40 39 7
775 32 32 8
776 27 27 7
777 24 23 7
778 20 20 6
779 35 35 7
780 26 26 6
781 25 25 7
782 28 28 8
783 17 16 6
784 31 31 9
785 30 30 6
786 37 37 7
787 26 26 8
788 35 34 8
789 25 24 8
790 35 34 6
791 35 35 7
792 44 44 6
793 33 33 7
794 26 26 8
795 23 22 6
796 27 27 7
797 28 28 8
798 43 42 8
799 35 34 8
800 27 26 8
801 33 33 7
802 28 28 6
803 27 27 7
804 32 32 8
805 23 22 6
806 27 27 7
807 44 43 7
808 30 29 7
809 26 26 6
810 31 31 7
811 18 18 6
812 33 33 7
813 38 38 8
814 37 36 6
815 17 17 7
816 32 32 8
817 23 22 6
818 39 39 7
819 22 22 8
820 39 38 6
821 33 33 7
822 40 40 6
823 35 35 7
824 22 21 7
825 24 24 8
826 31 30 6
827 27 27 9
828 30 30 6
829 23 23 7
830 16 16 6
831 23 23 7
832 28 27 7
833 32 32 6
834 45 45 7
835 50 49 7
836 34 33 7
837 28 27 7
838 28 28 6
839 47 47 7
840 60 60 8
841 41 41 9
842 32 32 8
843 37 36 8
844 37 36 6
845 27 27 7
846 20 20 8
847 41 40 10
848 23 22 6
849 21 21 7
850 24 24 8
851 35 34 8
852 31 31 9
853 26 26 6
854 25 25 7
855 20 19 7
856 26 25 7
857 22 22 6
858 29 29 7
859 24 24 6
860 33 33 7
861 18 18 6
862 29 29 7
863 32 31 9
864 24 24 8
865 21 20 6
866 35 35 9
867 22 22 6
868 35 35 11
869 18 18 6
870 15 15 7
871 32 32 6
872 35 35 7
873 30 30 6
874 17 17 7
875 16 16 6
876 25 25 7
877 22 22 6
878 31 31 7
879 16 15 7
880 24 24 8
881 31 31 7
882 26 26 8
883 23 22 8
884 13 12 6
885 35 35 7
886 22 21 7
887 28 28 8
888 21 20 6
889 15 15 7
890 24 24 6
891 17 17 7
892 20 20 6
893 23 23 7
894 16 15 7
895 24 24 8
896 35 34 6
897 17 17 7
898 20 19 7
899 14 13 7
900 24 23 7
901 18 17 7
902 26 26 6
903 27 27 9
904 20 20 8
905 17 16 6
906 13 13 7
907 18 18 6
908 17 17 7
909 34 33 7
910 20 20 6
911 29 29 7
912 24 23 7
913 10 10 6
914 25 25 9
915 12 12 6
916 21 21 7
917 28 28 8
918 27 26 8
919 15 14 6
920 13 13 7
921 22 21 7
922 16 16 8
923 27 26 8
924 25 24 6
925 21 21 7
926 26 26 6
927 21 21 7
928 32 32 8
929 21 20 6
930 27 27 7
931 14 13 7
932 18 18 6
933 21 21 7
934 16 16 6
935 23 23 7
936 24 24 6
937 27 27 9
938 14 14 6
939 17 17 7
940 26 25 7
941 24 23 7
942 20 20 8
943 23 22 6
944 17 17 7
945 28 27 7
946 20 20 6
947 21 21 7
948 16 16 8
949 19 18 6
950 23 23 7
951 12 12 6
952 21 21 7
953 26 26 6
954 23 23 7
955 24 24 8
956 35 34 10
957 17 16 6
958 33 33 9
959 30 29 7
960 22 22 6
961 21 21 7
962 18 18 6
963 21 21 7
964 30 30 8
965 35 35 7
966 16 16 6
967 21 21 7
968 28 28 8
969 27 26 8
970 27 26 6
971 19 19 7
972 20 20 6
973 19 19 7
974 28 28 6
975 19 19 7
976 28 28 6
977 21 21 7
978 20 19 7
979 16 16 6
980 27 27 7
981 36 35 7
982 20 20 6
983 17 17 7
984 36 35 7
985 26 26 6
986 23 23 7
987 22 22 6
988 23 23 7
989 20 20 6
990 21 21 7
991 12 12 6
992 23 23 7
993 22 21 7
994 30 30 6
995 23 23 7
996 14 14 6
997 29 29 7
998 18 18 8
999 21 20 8
1000 17 16 8
1001 13 12 6
1002 13 13 7
1003 16 16 6
1004 23 23 7
1005 24 24 6
1006 23 23 7
1007 30 30 8
1008 15 14 6
1009 33 33 7
1010 42 41 7
1011 20 19 7
1012 44 44 8
1013 23 22 6
1014 27 27 7
1015 34 33 7
1016 42 42 8
1017 31 30 6
1018 27 27 7
1019 36 36 8
1020 25 24 6
1021 33 33 7
1022 32 31 7
1023 40 40 6
1024 31 31 7
1025 42 41 7
1026 34 34 6
1027 43 43 7
1028 30 29 7
1029 48 48 8
1030 23 23 7
1031 38 37 7
1032 40 40 8
1033 25 24 8
1034 21 21 7
1035 24 24 8
1036 39 38 8
1037 31 30 8
1038 23 22 6
1039 27 27 7
1040 30 30 8
1041 37 37 11
1042 36 36 6
1043 41 41 7
1044 38 37 7
1045 30 30 8
1046 49 48 12
1047 39 39 9
1048 34 33 7
1049 40 39 9
1050 18 18 6
1051 45 45 9
1052 32 32 8
1053 31 31 7
1054 28 27 7
1055 42 41 15
1056 20 20 6
1057 37 37 7
1058 32 31 7
1059 26 26 6
1060 37 37 9
1061 32 32 10
1062 33 33 9
1063 34 33 11
1064 40 39 11
1065 28 27 9
1066 34 33 13
1067 36 36 14
1068 31 30 8
1069 39 39 17
1070 36 36 12
1071 33 33 11
1072 30 30 8
1073 17 17 7
1074 16 16 6
1075 35 35 7
1076 30 29 7
1077 20 20 6
1078 35 35 7
1079 20 19 7
1080 32 32 10
1081 29 28 10
1082 23 22 6
1083 33 33 17
1084 36 35 13
1085 22 21 7
1086 22 22 6
1087 19 19 9
1088 32 32 10
1089 29 28 6
1090 23 23 7
1091 26 26 6
1092 27 27 9
1093 24 24 6
1094 33 33 11
1095 22 21 7
1096 30 29 7
1097 26 26 10
1098 25 24 10
1099 27 26 8
1100 33 32 10
1101 39 39 7
1102 26 25 7
1103 14 13 7
1104 36 36 12
1105 19 18 6
1106 23 23 7
1107 24 24 6
1108 21 21 7
1109 24 24 8
1110 17 16 8
1111 25 25 7
1112 30 30 8
1113 17 17 7
1114 26 25 7
1115 12 11 7
1116 12 12 6
1117 13 13 7
1118 18 17 7
1119 32 32 12
1120 25 24 8
1121 25 24 8
1122 21 21 9
1123 22 22 6
1124 19 19 7
1125 16 16 8
1126 15 15 7
1127 24 24 8
1128 25 24 8
1129 29 28 6
1130 23 23 7
1131 24 23 9
1132 22 21 7
1133 26 25 9
1134 22 21 7
1135 18 18 6
1136 27 27 7
1137 24 24 8
1138 19 19 7
1139 16 16 6
1140 15 15 7
1141 24 24 8
1142 21 20 6
1143 39 39 9
1144 22 21 7
1145 28 27 9
1146 16 15 7
1147 14 14 8
1148 11 10 6
1149 19 19 7
1150 26 26 8
1151 13 12 6
1152 21 21 7
1153 14 14 6
1154 17 17 7
1155 24 23 7
1156 22 22 6
1157 19 19 7
1158 14 14 6
1159 27 27 9
1160 18 18 6
1161 17 17 7
1162 16 15 7
1163 26 26 6
1164 25 25 9
1165 20 20 8
1166 27 26 6
1167 23 23 7
1168 16 16 8
1169 23 22 6
1170 17 17 7
1171 18 17 7
1172 34 34 8
1173 17 17 7
1174 16 16 6
1175 23 23 7
1176 20 20 8
1177 21 20 8
1178 15 14 6
1179 19 19 7
1180 22 22 6
1181 19 19 7
1182 20 20 8
1183 21 20 8
1184 17 17 7
1185 10 10 6
1186 13 13 7
1187 6 6 6
1188 11 11 7
1189 20 20 8
1190 13 12 6
1191 21 21 7
1192 16 16 8
1193 11 10 6
1194 35 35 7
1195 16 15 7
1196 16 16 6
1197 21 21 7
1198 18 17 7
1199 18 18 6
1200 23 23 7
1201 24 24 6
1202 27 27 7
1203 20 19 9
1204 18 18 6
1205 13 13 7
1206 26 26 8
1207 17 16 8
1208 17 16 6
1209 21 21 7
1210 24 23 7
1211 24 23 7
1212 10 10 6
1213 13 13 7
1214 14 14 8
1215 19 19 7
1216 20 19 7
1217 20 20 6
1218 17 17 7
1219 16 16 6
1220 11 11 7
1221 18 18 6
1222 17 17 7
1223 22 21 7
1224 10 10 6
1225 21 21 9
1226 14 14 6
1227 19 19 7
1228 18 17 7
1229 18 18 8
1230 25 24 8
1231 13 12 6
1232 17 17 7
1233 30 30 8
1234 17 16 6
1235 21 21 7
1236 22 22 6
1237 23 23 7
1238 18 17 7
1239 18 18 6
1240 13 13 7
1241 16 16 8
1242 15 14 6
1243 21 21 7
1244 32 32 8
1245 19 18 10
1246 17 16 6
1247 19 19 7
1248 6 6 6
1249 15 15 7
1250 24 23 7
1251 12 12 8
1252 27 26 8
1253 23 22 6
1254 19 19 7
1255 22 21 7
1256 38 37 9
1257 22 22 8
1258 23 22 8
1259 23 22 6
1260 35 35 7
1261 26 26 8
1262 21 20 6
1263 15 15 7
1264 30 30 8
1265 27 26 8
1266 21 20 6
1267 37 37 7
1268 36 35 7
1269 48 47 9
1270 26 26 6
1271 17 17 7
1272 16 16 8
1273 21 20 8
1274 27 26 8
1275 13 12 6
1276 23 23 7
1277 16 15 7
1278 20 20 8
1279 19 18 8
1280 13 12 6
1281 11 11 7
1282 30 29 7
1283 22 22 8
1284 25 24 8
1285 17 16 6
1286 13 13 7
1287 14 13 7
1288 14 13 7
1289 18 17 7
1290 16 16 6
1291 25 25 7
1292 16 16 6
1293 21 21 7
1294 14 13 7
1295 20 20 6
1296 13 13 7
1297 20 20 6
1298 11 11 7
1299 20 20 6
1300 17 17 7
1301 18 18 6
1302 23 23 7
1303 22 22 8
1304 21 21 7
1305 22 22 6
1306 15 15 7
1307 14 14 6
1308 23 23 7
1309 16 16 6
1310 11 11 7
1311 14 14 6
1312 17 17 9
1313 14 14 6
1314 15 15 7
1315 22 22 8
1316 21 20 8
1317 19 18 8
1318 21 21 7
1319 14 13 7
1320 30 30 8
1321 15 14 6
1322 19 19 9
1323 12 11 7
1324 12 12 6
1325 13 13 7
1326 18 17 7
1327 14 14 6
1328 11 11 7
1329 26 26 8
1330 17 17 7
1331 28 28 8
1332 17 17 7
1333 30 30 6
1334 23 23 7
1335 24 24 8
1336 23 22 8
1337 27 26 8
1338 13 12 6
1339 15 15 7
1340 16 16 6
1341 15 15 7
1342 16 16 6
1343 13 13 7
1344 24 24 8
1345 17 16 6
1346 27 27 7
1347 18 17 7
1348 20 20 6
1349 21 21 7
1350 26 25 7
1351 30 29 7
1352 20 20 8
1353 17 16 6
1354 17 17 7
1355 20 20 6
1356 13 13 7
1357 22 22 6
1358 29 29 7
1359 36 36 8
1360 29 28 8
1361 23 22 6
1362 13 13 7
1363 18 18 6
1364 17 17 7
1365 28 28 6
1366 17 17 7
1367 18 18 6
1368 27 27 7
1369 18 17 7
1370 18 18 6
1371 15 15 7
1372 26 26 8
1373 13 12 6
1374 25 25 7
1375 22 22 6
1376 19 19 7
1377 20 19 7
1378 24 24 8
1379 27 26 8
1380 27 26 8
1381 23 22 6
1382 21 21 7
1383 32 32 8
1384 29 28 6
1385 27 27 7
1386 30 29 7
1387 18 18 8
1388 23 22 6
1389 21 21 7
1390 32 32 8
1391 29 28 6
1392 27 27 9
1393 26 26 8
1394 35 34 8
1395 23 22 8
1396 25 25 7
1397 24 24 6
1398 31 31 7
1399 38 37 9
1400 20 20 6
1401 19 19 7
1402 18 18 6
1403 31 31 9
1404 52 52 8
1405 33 33 7
1406 18 17 7
1407 22 22 6
1408 19 19 7
1409 36 35 9
1410 40 40 8
1411 29 28 8
1412 43 43 9
1413 24 23 7
1414 24 24 8
1415 29 28 8
1416 47 46 6
1417 41 41 7
1418 36 36 10
1419 23 22 6
1420 25 25 7
1421 54 54 16
1422 29 28 6
1423 39 39 7
1424 36 35 7
1425 38 38 8
1426 33 32 6
1427 39 39 9
1428 34 34 8
1429 27 26 8
1430 33 33 7
1431 32 31 7
1432 36 35 9
1433 36 36 8
1434 29 28 8
1435 39 38 10
1436 35 35 7
1437 32 31 7
1438 30 29 11
1439 54 54 12
1440 35 34 14
1441 15 14 6
1442 21 21 7
1443 30 30 8
1444 15 14 6
1445 21 21 7
1446 34 34 8
1447 23 22 6
1448 35 35 9
1449 44 44 12
1450 23 22 6
1451 31 31 9
1452 32 31 9
1453 30 30 8
1454 39 38 8
1455 25 24 12
1456 35 34 10
1457 39 38 10
1458 35 34 8
1459 29 28 16
1460 27 26 10
1461 45 45 17
1462 52 51 17
1463 34 34 8
1464 15 14 6
1465 23 23 7
1466 34 33 7
1467 42 42 12
1468 35 35 7
1469 28 27 7
1470 26 25 9
1471 30 29 9
1472 34 33 11
1473 24 24 8
1474 23 23 7
1475 22 22 6
1476 21 21 7
1477 30 30 8
1478 47 46 10
1479 27 26 8
1480 21 20 8
1481 33 33 9
1482 32 32 12
1483 35 35 9
1484 34 33 13
1485 40 39 11
1486 24 24 6
1487 33 33 7
1488 16 15 7
1489 20 19 7
1490 48 47 9
1491 26 26 8
1492 25 24 8
1493 37 37 13
1494 24 24 10
1495 21 20 8
1496 33 33 11
1497 28 27 9
1498 40 39 13
1499 24 24 10
1500 31 30 8
1501 23 22 12
1502 33 33 15
1503 40 39 11
1504 32 32 8
1505 51 50 18
1506 41 40 12
1507 21 21 7
1508 32 32 12
1509 29 29 9
1510 70 69 29
1511 20 20 6
1512 35 35 7
1513 24 23 9
1514 28 27 11
1515 24 24 6
1516 39 39 13
1517 24 23 7
1518 22 21 9
1519 28 28 8
1520 27 26 8
1521 19 19 7
1522 24 24 8
1523 29 28 8
1524 29 28 6
1525 19 19 9
1526 28 28 8
1527 25 25 7
1528 40 40 8
1529 39 39 9
1530 18 18 6
1531 27 27 7
1532 20 19 7
1533 32 32 10
1534 49 48 8
1535 37 37 7
1536 30 29 7
1537 30 30 6
1538 23 23 7
1539 36 35 7
1540 26 26 6
1541 31 31 9
1542 28 28 10
1543 35 34 6
1544 25 25 7
1545 24 24 6
1546 23 23 7
1547 36 36 8
1548 21 20 8
1549 21 21 7
1550 18 18 6
1551 17 17 7
1552 22 22 6
1553 19 19 7
1554 14 14 6
1555 19 19 7
1556 24 23 7
1557 34 33 7
1558 20 20 6
1559 27 27 7
1560 16 15 7
1561 24 24 6
1562 23 23 7
1563 18 17 7
1564 24 24 8
1565 15 14 6
1566 17 17 7
1567 14 14 6
1568 19 19 7
1569 16 16 8
1570 13 13 7
1571 16 15 7
1572 18 18 8
1573 25 24 8
1574 21 21 7
1575 14 14 6
1576 17 17 7
1577 16 16 6
1578 19 19 7
1579 14 14 8
1580 25 24 6
1581 13 13 7
1582 10 10 6
1583 29 29 9
1584 22 21 7
1585 14 14 6
1586 13 13 7
1587 16 16 6
1588 17 17 7
1589 20 20 8
1590 11 11 7
1591 16 16 8
1592 17 16 6
1593 33 33 7
1594 28 28 6
1595 25 25 7
1596 24 23 7
1597 14 14 6
1598 21 21 7
1599 28 28 8
1600 41 40 6
1601 41 41 7
1602 30 30 8
1603 37 36 8
1604 37 37 9
1605 38 37 9
1606 36 36 8
1607 71 70 18
1608 65 64 12
1609 47 47 11
1610 30 30 10
1611 37 37 9
1612 22 21 7
1613 44 43 9
1614 40 39 9
1615 28 27 9
1616 36 36 8
1617 29 29 7
1618 24 24 6
1619 47 47 15
1620 18 18 8
1621 27 26 6
1622 19 19 7
1623 28 28 8
1624 27 26 8
1625 19 18 6
1626 29 29 9
1627 28 28 8
1628 25 25 7
1629 16 15 7
1630 22 22 6
1631 19 19 7
1632 28 28 8
1633 25 24 6
1634 21 21 7
1635 20 19 7
1636 18 18 6
1637 25 25 7
1638 24 23 7
1639 20 20 6
1640 19 19 7
1641 26 26 8
1642 25 24 6
1643 27 27 7
1644 20 19 7
1645 22 22 6
1646 23 23 7
1647 26 26 8
1648 19 18 6
1649 17 17 7
1650 16 16 8
1651 25 24 6
1652 17 17 7
1653 18 18 6
1654 21 21 7
1655 16 16 8
1656 25 24 8
1657 27 26 8
1658 29 28 6
1659 25 25 7
1660 20 20 8
1661 17 16 6
1662 15 15 7
1663 18 17 7
1664 6 6 6
1665 15 15 9
1666 14 14 6
1667 21 21 7
1668 18 18 6
1669 23 23 7
1670 16 16 8
1671 25 24 8
1672 21 21 7
1673 20 20 8
1674 17 17 7
1675 22 22 6
1676 13 13 7
1677 10 10 6
1678 19 19 7
1679 20 20 8
1680 25 24 8
1681 21 21 7
1682 12 12 6
1683 21 21 7
1684 14 13 7
1685 18 18 8
1686 17 16 6
1687 17 17 7
1688 16 15 7
1689 22 21 7
1690 12 12 8
1691 13 12 6
1692 17 17 7
1693 16 16 6
1694 17 17 7
1695 12 12 6
1696 15 15 7
1697 16 15 7
1698 22 22 8
1699 21 20 8
1700 13 12 6
1701 23 23 7
1702 18 17 7
1703 16 15 7
1704 18 18 6
1705 25 25 7
1706 20 20 8
1707 15 14 6
1708 17 17 7
1709 20 20 8
1710 19 18 6
1711 31 31 7
1712 20 19 7
1713 18 18 8
1714 23 22 8
1715 17 16 6
1716 23 23 9
1717 18 18 8
1718 23 22 8
1719 13 13 7
1720 20 20 6
1721 15 15 7
1722 18 18 6
1723 23 23 7
1724 24 24 6
1725 13 13 7
1726 22 22 6
1727 17 17 7
1728 14 13 7
1729 16 16 6
1730 17 17 7
1731 22 21 7
1732 36 36 6
1733 17 17 7
1734 12 12 6
1735 15 15 7
1736 20 19 7
1737 20 19 7
1738 16 16 6
1739 31 31 9
1740 16 16 6
1741 21 21 7
1742 8 8 8
1743 27 26 6
1744 19 19 7
1745 24 24 6
1746 23 23 9
1747 26 26 6
1748 21 21 7
1749 12 12 6
1750 15 15 7
1751 22 21 7
1752 24 23 7
1753 22 21 7
1754 12 12 8
1755 23 22 8
1756 17 16 6
1757 17 17 7
1758 18 17 9
1759 16 16 6
1760 19 19 7
1761 18 17 7
1762 16 16 6
1763 11 11 7
1764 24 24 8
1765 23 23 7
1766 18 18 8
1767 17 16 8
1768 21 20 8
1769 19 18 6
1770 21 21 7
1771 26 26 6
1772 27 27 7
1773 12 12 6
1774 11 11 7
1775 24 24 8
1776 13 13 7
1777 16 16 6
1778 11 11 7
1779 20 20 6
1780 19 19 7
1781 14 14 6
1782 13 13 7
1783 26 25 7
1784 20 20 6
1785 23 23 7
1786 18 17 7
1787 22 21 7
1788 28 27 7
1789 22 22 6
1790 11 11 7
1791 30 30 6
1792 25 25 7
1793 24 24 8
1794 23 23 7
1795 28 28 8
1796 31 30 6
1797 33 33 7
1798 36 35 7
1799 28 28 8
1800 29 28 6
1801 29 29 7
1802 24 23 7
1803 30 30 8
1804 43 42 6
1805 41 41 7
1806 28 27 7
1807 42 41 7
1808 38 38 8
1809 29 29 7
1810 36 35 7
1811 38 37 7
1812 26 25 9
1813 40 39 7
1814 58 58 8
1815 65 64 8
1816 45 45 7
1817 36 36 8
1818 35 34 8
1819 41 41 7
1820 38 38 8
1821 47 47 9
1822 46 46 6
1823 21 21 7
1824 40 40 6
1825 39 39 7
1826 28 27 7
1827 38 37 7
1828 50 49 9
1829 32 32 10
1830 29 28 10
1831 23 22 8
1832 33 32 10
1833 33 33 7
1834 54 54 12
1835 45 45 9
1836 36 35 11
1837 44 44 8
1838 29 28 8
1839 19 18 6
1840 39 39 13
1841 42 42 16
1842 25 25 7
1843 40 39 11
1844 28 28 8
1845 27 27 7
1846 30 29 7
1847 46 45 9
1848 38 38 8
1849 25 24 6
1850 35 35 7
1851 26 25 11
1852 30 30 10
1853 53 52 18
1854 53 53 9
1855 44 44 20
1856 27 27 7
1857 22 21 7
1858 34 33 7
1859 30 30 10
1860 37 36 8
1861 37 36 6
1862 21 21 7
1863 24 24 6
1864 19 19 7
1865 30 29 7
1866 34 34 8
1867 27 27 7
1868 18 18 6
1869 23 23 9
1870 28 28 8
1871 47 46 12
1872 45 44 14
1873 27 27 15
1874 42 42 12
1875 41 40 16
1876 37 37 11
1877 24 24 8
1878 37 36 12
1879 27 26 8
1880 21 20 6
1881 43 43 15
1882 56 55 13
1883 34 34 16
1884 39 38 14
1885 33 32 12
1886 23 23 7
1887 30 29 7
1888 36 35 13
1889 32 32 6
1890 35 35 9
1891 44 43 15
1892 38 38 16
1893 25 25 9
1894 32 32 10
1895 41 40 14
1896 23 22 6
1897 35 35 11
1898 48 48 20
1899 45 45 19
1900 32 32 10
1901 43 42 12
1902 33 32 10
1903 27 26 8
1904 41 41 13
1905 34 33 9
1906 30 29 7
1907 36 36 10
1908 33 33 9
1909 50 49 11
1910 30 29 7
1911 38 37 7
1912 30 30 8
1913 23 23 9
1914 14 13 7
1915 28 28 8
1916 23 22 6
1917 33 33 7
1918 28 27 7
1919 32 32 8
1920 25 24 6
1921 25 25 7
1922 28 28 6
1923 23 23 7
1924 30 30 8
1925 33 32 8
1926 39 38 8
1927 15 14 6
1928 29 29 7
1929 28 28 8
1930 25 24 8
1931 43 42 8
1932 17 17 7
1933 34 33 9
1934 32 31 7
1935 30 30 12
1936 23 23 9
1937 20 20 6
1938 33 33 7
1939 26 26 6
1940 29 29 7
1941 32 32 6
1942 21 21 7
1943 22 22 8
1944 29 28 6
1945 35 35 7
1946 36 35 9
1947 36 36 10
1948 15 14 6
1949 25 25 7
1950 28 28 8
1951 29 28 8
1952 29 28 8
1953 29 29 7
1954 30 30 8
1955 21 21 7
1956 34 34 8
1957 33 32 8
1958 29 29 7
1959 24 24 8
1960 35 35 7
1961 34 34 8
1962 21 20 8
1963 31 30 8
1964 19 18 6
1965 19 19 7
1966 22 21 7
1967 36 36 8
1968 31 30 6
1969 29 29 7
1970 38 37 7
1971 22 22 8
1972 27 26 8
1973 33 33 9
1974 38 38 8
1975 47 46 8
1976 53 53 7
1977 20 19 7
1978 30 29 7
1979 30 29 7
1980 52 52 10
1981 49 48 10
1982 43 43 11
1983 44 44 8
1984 25 24 8
1985 43 43 7
1986 28 27 7
1987 28 28 10
1988 41 40 6
1989 29 29 7
1990 36 35 7
1991 32 31 11
1992 22 22 8
1993 47 46 10
1994 59 58 12
1995 53 52 8
1996 41 40 10
1997 35 35 11
1998 36 35 9
1999 20 19 7
2000 28 27 7
2001 16 16 8
2002 29 28 10
2003 25 24 8
2004 35 35 11
2005 20 20 8
2006 23 23 7
2007 24 24 6
2008 19 19 7
2009 20 19 7
2010 38 38 6
2011 33 33 7
2012 28 27 7
2013 42 42 6
2014 17 17 7
2015 34 34 6
2016 17 17 7
2017 22 21 7
2018 28 28 6
2019 39 39 7
2020 20 20 8
2021 23 22 6
2022 27 27 7
2023 28 28 6
2024 19 19 7
2025 16 16 8
2026 19 18 6
2027 27 27 7
2028 20 19 7
2029 16 16 6
2030 23 23 9
2031 12 12 6
2032 27 27 9
2033 18 18 6
2034 21 21 7
2035 26 25 7
2036 14 14 6
2037 25 25 7
2038 22 21 7
2039 26 26 6
2040 19 19 7
2041 26 26 6
2042 25 25 7
2043 24 24 8
2044 25 24 6
2045 35 35 9
2046 32 31 7
2047 28 28 8
2048 23 23 7
2049 20 20 6
2050 25 25 9
2051 40 40 10
2052 29 29 7
2053 36 35 7
2054 14 14 6
2055 27 27 7
2056 22 22 8
2057 27 26 6
2058 21 21 7
2059 32 31 7
2060 24 24 6
2061 17 17 7
2062 22 22 6
2063 29 29 7
2064 34 34 8
2065 21 20 6
2066 35 35 9
2067 34 34 8
2068 31 31 9
2069 18 18 8
2070 11 10 6
2071 25 25 7
2072 28 28 6
2073 25 25 9
2074 20 20 6
2075 23 23 7
2076 18 17 7
2077 16 16 8
2078 19 18 6
2079 21 21 9
2080 14 14 6
2081 19 19 9
2082 20 20 6
2083 25 25 7
2084 26 26 8
2085 29 28 8
2086 25 24 6
2087 17 17 7
2088 18 17 7
2089 28 28 6
2090 23 23 7
2091 26 26 8
2092 25 24 10
2093 25 24 6
2094 17 17 7
2095 14 14 6
2096 17 17 7
2097 10 10 6
2098 23 23 7
2099 18 18 6
2100 23 23 7
2101 16 16 8
2102 15 14 6
2103 19 19 7
2104 18 18 8
2105 15 14 6
2106 15 15 7
2107 18 18 6
2108 19 19 7
2109 36 35 7
2110 24 24 8
2111 15 14 6
2112 13 13 7
2113 18 18 8
2114 21 20 6
2115 17 17 7
2116 26 26 6
2117 15 15 7
2118 28 28 8
2119 13 12 6
2120 13 13 7
2121 30 30 8
2122 15 14 8
2123 17 16 8
2124 21 20 6
2125 19 19 7
2126 16 15 7
2127 6 6 6
2128 15 15 7
2129 24 23 9
2130 18 18 6
2131 11 11 7
2132 26 26 8
2133 17 16 6
2134 19 19 7
2135 14 13 7
2136 20 20 6
2137 15 15 7
2138 16 15 7
2139 14 14 6
2140 13 13 7
2141 12 12 6
2142 29 29 7
2143 14 13 7
2144 12 12 6
2145 15 15 7
2146 14 14 8
2147 21 20 6
2148 15 15 7
2149 18 18 6
2150 19 19 7
2151 14 14 6
2152 11 11 7
2153 14 14 8
2154 25 24 6
2155 21 21 7
2156 28 28 8
2157 19 19 7
2158 16 16 6
2159 31 31 7
2160 26 26 8
2161 27 26 6
2162 23 23 7
2163 22 22 6
2164 17 17 7
2165 22 21 7
2166 22 22 8
2167 31 30 6
2168 21 21 7
2169 16 15 7
2170 26 26 6
2171 21 21 7
2172 24 24 6
2173 37 37 7
2174 32 32 8
2175 27 26 6
2176 17 17 7
2177 30 30 6
2178 25 25 7
2179 30 30 6
2180 27 27 7
2181 16 16 6
2182 13 13 7
2183 30 30 8
2184 25 24 6
2185 29 29 7
2186 30 30 6
2187 15 15 7
2188 22 22 6
2189 25 25 7
2190 22 22 10
2191 23 22 8
2192 29 29 7
2193 28 27 7
2194 22 22 6
2195 17 17 9
2196 28 28 6
2197 29 29 7
2198 32 32 10
2199 35 34 8
2200 31 30 8
2201 43 42 8
2202 23 22 8
2203 27 26 8
2204 27 26 8
2205 27 26 8
2206 29 28 6
2207 29 29 7
2208 24 23 7
2209 28 27 7
2210 20 19 7
2211 30 29 7
2212 24 24 6
2213 29 29 9
2214 12 12 6
2215 29 29 7
2216 26 25 9
2217 34 34 8
2218 25 24 12
2219 27 26 8
2220 25 24 10
2221 29 29 11
2222 38 37 13
2223 26 26 10
2224 35 34 10
2225 31 30 10
2226 27 26 12
2227 31 30 10
2228 33 33 11
2229 18 18 8
2230 21 21 7
2231 30 29 9
2232 44 43 17
2233 22 21 7
2234 18 18 8
2235 21 20 6
2236 21 21 7
2237 22 22 8
2238 19 19 7
2239 22 21 7
2240 20 20 8
2241 25 24 10
2242 19 19 7
2243 32 32 8
2244 17 17 7
2245 28 27 7
2246 18 17 7
2247 24 24 8
2248 17 16 8
2249 21 20 8
2250 19 19 7
2251 32 32 12
2252 21 21 9
2253 48 47 15
2254 32 32 14
2255 17 16 6
2256 15 15 7
2257 30 30 6
2258 25 25 9
2259 22 22 10
2260 27 27 7
2261 36 36 8
2262 39 38 14
2263 23 22 8
2264 21 20 10
2265 33 33 11
2266 30 30 10
2267 39 38 16
2268 31 31 9
2269 32 31 11
2270 42 41 19
2271 20 19 9
2272 38 38 16
2273 65 65 21
2274 40 40 14
2275 21 21 9
2276 22 22 6
2277 21 21 7
2278 42 41 11
2279 24 24 10
2280 25 24 6
2281 23 23 7
2282 24 24 8
2283 31 31 11
2284 24 24 8
2285 27 27 9
2286 14 14 6
2287 31 31 9
2288 32 32 8
2289 33 33 13
2290 38 37 13
2291 24 24 8
2292 25 25 7
2293 24 23 9
2294 22 21 7
2295 32 31 9
2296 36 36 14
2297 21 20 8
2298 25 25 9
2299 24 24 8
2300 29 28 14
2301 23 23 11
2302 26 26 8
2303 21 21 7
2304 18 17 7
2305 10 10 6
2306 23 23 7
2307 22 21 7
2308 20 19 7
2309 24 23 7
2310 28 27 7
2311 28 27 7
2312 38 38 14
2313 15 15 7
2314 34 34 8
2315 35 34 12
2316 31 30 12
2317 21 20 8
2318 27 26 6
2319 25 25 9
2320 20 20 8
2321 25 24 6
2322 19 19 7
2323 30 29 7
2324 26 26 6
2325 29 29 7
2326 18 18 8
2327 33 33 13
2328 34 33 11
2329 26 26 8
2330 33 33 7
2331 36 36 8
2332 29 28 10
2333 37 36 8
2334 35 34 10
2335 29 28 10
2336 29 29 11
2337 26 25 7
2338 18 17 7
2339 18 18 6
2340 21 21 7
2341 38 38 6
2342 33 33 11
2343 40 40 14
2344 31 31 9
2345 22 21 7
2346 40 40 14
2347 25 24 8
2348 21 21 7
2349 40 40 8
2350 19 18 6
2351 37 37 7
2352 32 31 9
2353 14 14 6
2354 43 43 9
2355 28 28 8
2356 27 26 8
2357 13 12 6
2358 21 21 7
2359 22 22 8
2360 23 22 8
2361 35 34 8
2362 39 39 9
2363 42 41 9
2364 42 42 8
2365 31 31 7
2366 26 25 7
2367 38 37 7
2368 32 32 8
2369 33 32 8
2370 23 22 6
2371 33 33 7
2372 20 19 7
2373 30 30 8
2374 37 37 11
2375 20 20 6
2376 35 35 7
2377 20 20 6
2378 25 25 7
2379 26 26 6
2380 45 45 7
2381 28 28 6
2382 23 23 7
2383 40 40 8
2384 33 32 6
2385 25 25 7
2386 24 24 6
2387 35 35 7
2388 34 34 8
2389 27 27 7
2390 34 33 7
2391 26 25 7
2392 30 30 6
2393 23 23 9
2394 26 26 8
2395 33 32 6
2396 25 25 7
2397 16 16 6
2398 15 15 7
2399 34 33 9
2400 44 44 12
2401 29 28 6
2402 23 23 7
2403 22 22 6
2404 17 17 7
2405 26 25 9
2406 32 32 6
2407 35 35 9
2408 30 30 8
2409 33 32 6
2410 37 37 7
2411 44 44 8
2412 37 37 7
2413 22 22 6
2414 23 23 9
2415 20 19 7
2416 24 24 6
2417 23 23 7
2418 42 41 7
2419 36 36 8
2420 29 28 8
2421 33 32 8
2422 17 17 7
2423 24 24 10
2424 27 26 6
2425 37 37 9
2426 30 29 9
2427 28 28 8
2428 19 18 8
2429 25 24 6
2430 21 21 7
2431 28 28 8
2432 27 27 7
2433 26 25 7
2434 24 23 7
2435 30 29 7
2436 18 17 7
2437 10 10 6
2438 33 33 9
2439 26 26 6
2440 23 23 7
2441 26 25 7
2442 16 16 6
2443 31 31 7
2444 14 14 8
2445 21 21 7
2446 12 12 6
2447 19 19 7
2448 18 17 7
2449 26 26 8
2450 25 24 8
2451 19 18 6
2452 17 17 7
2453 22 21 7
2454 26 25 9
2455 16 15 7
2456 24 24 6
2457 29 29 7
2458 12 11 7
2459 24 24 6
2460 21 21 7
2461 16 15 7
2462 16 16 6
2463 13 13 7
2464 6 6 6
2465 11 11 7
2466 24 24 8
2467 19 18 6
2468 21 21 7
2469 20 19 7
2470 18 18 8
2471 25 25 7
2472 20 20 6
2473 13 13 7
2474 14 14 6
2475 17 17 7
2476 8 7 6
2477 16 16 6
2478 25 25 7
2479 20 20 8
2480 19 19 7
2481 24 24 8
2482 7 6 5
2483 15 15 7
2484 32 32 8
2485 27 26 8
2486 21 21 7
2487 24 24 6
2488 23 23 7
2489 12 12 6
2490 17 17 7
2491 12 12 6
2492 23 23 7
2493 30 30 8
2494 19 18 6
2495 21 21 7
2496 26 25 7
2497 18 18 6
2498 25 25 7
2499 22 22 8
2500 19 18 6
2501 13 13 7
2502 12 12 6
2503 11 11 7
2504 20 20 6
2505 23 23 7
2506 24 24 6
2507 11 11 7
2508 14 14 6
2509 23 23 7
2510 22 22 8
2511 15 15 7
2512 26 26 6
2513 19 19 7
2514 18 18 6
2515 21 21 7
2516 24 24 6
2517 19 19 9
2518 26 26 8
2519 13 13 7
2520 14 14 6
2521 23 23 7
2522 20 20 8
2523 11 10 6
2524 13 13 7
2525 18 18 8
2526 15 14 6
2527 15 15 7
2528 28 27 7
2529 20 20 8
2530 25 24 6
2531 17 17 7
2532 24 24 8
2533 29 28 8
2534 13 12 6
2535 11 11 7
2536 20 20 6
2537 21 21 7
2538 22 22 8
2539 25 25 7
2540 14 14 8
2541 19 18 6
2542 27 27 7
2543 20 20 6
2544 19 19 7
2545 14 14 8
2546 17 16 8
2547 15 14 6
2548 25 25 7
2549 22 22 8
2550 19 18 8
2551 15 14 6
2552 21 21 7
2553 20 20 6
2554 21 21 7
2555 24 24 8
2556 17 16 6
2557 19 19 7
2558 28 28 8
2559 21 20 6
2560 23 23 7
2561 16 16 6
2562 25 25 7
2563 18 18 6
2564 17 17 7
2565 26 25 7
2566 32 31 7
2567 18 17 7
2568 20 20 6
2569 25 25 7
2570 24 23 7
2571 22 22 6
2572 29 29 7
2573 18 17 7
2574 8 7 6
2575 10 10 6
2576 19 19 7
2577 18 18 6
2578 15 15 7
2579 22 22 8
2580 23 23 7
2581 16 16 6
2582 19 19 7
2583 18 17 7
2584 28 28 6
2585 23 23 7
2586 36 36 6
2587 19 19 7
2588 12 11 7
2589 20 20 8
2590 27 26 6
2591 19 19 7
2592 26 26 6
2593 13 13 7
2594 24 23 7
2595 26 26 6
2596 19 19 7
2597 28 28 6
2598 23 23 7
2599 44 43 7
2600 32 32 8
2601 23 23 7
2602 16 16 6
2603 33 33 7
2604 28 28 8
2605 21 20 6
2606 37 37 7
2607 26 26 8
2608 25 24 6
2609 23 23 7
2610 30 29 9
2611 38 38 6
2612 33 33 7
2613 20 20 6
2614 31 31 7
2615 40 40 8
2616 33 32 8
2617 33 32 6
2618 25 25 7
2619 44 44 8
2620 31 30 6
2621 47 47 7
2622 38 37 7
2623 24 23 7
2624 22 22 6
2625 23 23 7
2626 40 40 8
2627 31 30 8
2628 25 24 6
2629 31 31 7
2630 26 26 8
2631 27 26 6
2632 29 29 7
2633 42 42 8
2634 37 37 7
2635 24 23 7
2636 36 36 8
2637 29 28 6
2638 35 35 7
2639 22 22 6
2640 35 35 9
2641 24 24 6
2642 23 23 7
2643 42 41 7
2644 38 38 6
2645 37 37 7
2646 38 38 8
2647 47 46 8
2648 39 39 7
2649 50 49 9
2650 46 46 6
2651 33 33 7
2652 30 30 6
2653 45 45 7
2654 30 29 7
2655 40 40 10
2656 47 47 7
2657 26 26 6
2658 23 23 9
2659 52 52 6
2660 61 61 9
2661 46 46 8
2662 51 50 6
2663 35 35 7
2664 28 27 7
2665 42 41 7
2666 54 53 7
2667 44 44 8
2668 31 30 6
2669 37 37 7
2670 48 47 7
2671 46 46 8
2672 31 30 6
2673 33 33 7
2674 38 38 6
2675 31 31 7
2676 34 34 6
2677 33 33 7
2678 28 27 7
2679 36 36 8
2680 29 29 7
2681 36 36 6
2682 41 41 7
2683 40 40 6
2684 33 33 7
2685 52 51 7
2686 46 45 7
2687 34 34 8
2688 49 49 7
2689 50 49 7
2690 46 46 8
2691 35 34 8
2692 35 34 8
2693 49 48 6
2694 55 55 9
2695 38 37 7
2696 28 28 6
2697 43 43 7
2698 40 39 7
2699 42 42 10
2700 49 48 10
2701 43 43 7
2702 30 30 8
2703 49 49 9
2704 46 46 10
2705 55 55 9
2706 44 43 7
2707 40 39 7
2708 40 40 8
2709 25 24 6
2710 71 71 11
2711 44 43 7
2712 48 47 9
2713 36 35 7
2714 46 46 12
2715 53 53 7
2716 30 30 8
2717 73 73 9
2718 44 43 9
2719 48 47 15
2720 48 47 15
2721 32 32 6
2722 23 23 7
2723 28 27 7
2724 64 63 13
2725 46 45 13
2726 34 34 8
2727 29 28 6
2728 45 45 7
2729 38 38 10
2730 39 38 8
2731 31 30 8
2732 39 38 8
2733 39 38 10
2734 41 41 9
2735 40 39 7
2736 42 41 9
2737 48 48 12
2738 47 46 12
2739 33 32 6
2740 33 33 9
2741 48 48 12
2742 49 49 11
2743 30 30 6
2744 37 37 11
2745 38 37 7
2746 52 51 11
2747 30 30 10
2748 53 53 9
2749 42 41 7
2750 34 34 12
2751 43 43 7
2752 34 33 11
2753 40 39 7
2754 36 35 11
2755 22 22 6
2756 43 43 7
2757 30 29 9
2758 40 40 12
2759 37 36 8
2760 29 28 6
2761 43 43 7
2762 36 35 7
2763 32 31 7
2764 16 16 8
2765 33 32 8
2766 35 34 8
2767 53 52 8
2768 31 30 8
2769 25 25 7
2770 12 11 7
2771 24 24 6
2772 27 27 7
2773 18 18 6
2774 25 25 7
2775 40 40 8
2776 19 18 6
2777 21 21 7
2778 18 18 6
2779 31 31 9
2780 34 34 10
2781 25 24 6
2782 23 23 7
2783 24 24 6
2784 35 35 7
2785 20 20 6
2786 21 21 7
2787 18 18 6
2788 25 25 7
2789 30 30 8
2790 21 21 7
2791 16 16 6
2792 25 25 7
2793 22 22 6
2794 35 35 7
2795 24 24 8
2796 19 19 7
2797 22 22 6
2798 27 27 9
2799 34 34 8
2800 49 48 8
2801 19 18 6
2802 17 17 7
2803 26 26 6
2804 19 19 7
2805 24 24 8
2806 29 28 6
2807 27 27 7
2808 26 25 9
2809 28 28 8
2810 35 34 6
2811 31 31 7
2812 24 24 6
2813 23 23 7
2814 6 6 6
2815 17 17 7
2816 30 30 8
2817 21 21 7
2818 14 14 6
2819 27 27 7
2820 22 21 7
2821 26 25 7
2822 26 26 6
2823 43 43 7
2824 32 32 8
2825 27 26 8
2826 33 32 6
2827 37 37 7
2828 20 19 9
2829 24 24 6
2830 33 33 9
2831 30 30 10
2832 29 29 7
2833 28 28 8
2834 33 32 8
2835 27 26 8
2836 23 23 9
2837 26 26 10
2838 15 14 6
2839 25 25 7
2840 28 28 10
2841 19 18 6
2842 37 37 7
2843 20 19 7
2844 28 28 8
2845 13 13 7
2846 30 30 6
2847 15 15 7
2848 30 30 8
2849 27 27 7
2850 22 22 8
2851 25 24 6
2852 23 23 9
2853 36 36 8
2854 23 23 7
2855 30 30 8
2856 27 26 6
2857 29 29 7
2858 16 15 7
2859 22 22 8
2860 19 18 6
2861 15 15 7
2862 22 22 6
2863 21 21 7
2864 32 31 9
2865 12 12 6
2866 13 13 7
2867 24 24 6
2868 15 15 7
2869 14 14 6
2870 23 23 9
2871 16 16 8
2872 25 24 6
2873 17 17 7
2874 24 23 7
2875 26 25 7
2876 24 23 7
2877 16 16 6
2878 15 15 7
2879 16 16 6
2880 17 17 7
2881 16 15 7
2882 28 28 8
2883 17 16 6
2884 21 21 7
2885 16 16 6
2886 19 19 7
2887 18 18 8
2888 21 20 8
2889 23 22 8
2890 17 17 7
2891 18 18 6
2892 35 35 9
2893 24 23 7
2894 22 22 6
2895 19 19 7
2896 14 13 7
2897 32 32 8
2898 23 22 6
2899 27 27 7
2900 24 24 8
2901 21 20 6
2902 23 23 7
2903 20 19 7
2904 18 18 8
2905 29 28 8
2906 33 32 6
2907 29 29 7
2908 26 26 8
2909 13 13 7
2910 14 14 6
2911 15 15 7
2912 20 19 7
2913 12 12 6
2914 21 21 7
2915 18 17 7
2916 26 25 7
2917 12 12 6
2918 19 19 9
2919 14 14 6
2920 21 21 7
2921 16 16 8
2922 39 39 7
2923 32 31 7
2924 16 16 8
2925 15 14 6
2926 15 15 7
2927 14 14 6
2928 13 13 7
2929 20 19 7
2930 26 26 6
2931 23 23 7
2932 28 27 7
2933 16 16 6
2934 13 13 7
2935 20 20 6
2936 23 23 7
2937 30 30 6
2938 21 21 7
2939 12 11 7
2940 28 28 8
2941 15 14 6
2942 11 11 7
2943 14 14 6
2944 13 13 7
2945 18 18 8
2946 25 24 6
2947 31 31 7
2948 18 18 6
2949 19 19 7
2950 18 17 7
2951 30 30 8
2952 15 14 6
2953 25 25 9
2954 14 14 6
2955 25 25 7
2956 18 17 7
2957 30 30 8
2958 25 24 8
2959 13 12 6
2960 23 23 7
2961 32 32 6
2962 19 19 7
2963 12 12 6
2964 27 27 7
2965 14 14 6
2966 21 21 9
2967 20 19 7
2968 20 20 6
2969 17 17 7
2970 18 18 6
2971 21 21 7
2972 24 23 7
2973 18 17 7
2974 26 25 7
2975 36 35 9
2976 18 18 6
2977 29 29 7
2978 28 28 8
2979 29 28 6
2980 21 21 7
2981 18 18 6
2982 27 27 7
2983 12 12 6
2984 21 21 7
2985 32 32 6
2986 27 27 7
2987 22 22 6
2988 23 23 7
2989 6 6 6
2990 15 15 7
2991 22 22 6
2992 29 29 7
2993 32 32 8
2994 17 16 6
2995 19 19 7
2996 44 44 8
2997 23 22 6
2998 15 15 7
2999 26 26 6
3000 27 27 7
3001 20 20 6
3002 25 25 7
3003 32 32 6
3004 25 25 7
3005 16 16 6
3006 31 31 7
3007 34 34 6
3008 41 41 7
3009 22 22 8
3010 21 20 6
3011 39 39 7
3012 26 26 6
3013 53 53 7
3014 46 45 7
3015 40 39 9
3016 14 13 7
3017 22 22 6
3018 17 17 7
3019 50 49 9
3020 28 28 6
3021 51 51 7
3022 30 29 7
3023 40 40 10
3024 17 16 6
3025 29 29 7
3026 38 38 6
3027 51 51 7
3028 40 39 9
3029 46 46 8
3030 29 28 8
3031 41 40 10
3032 33 32 6
3033 23 23 7
3034 60 59 9
3035 52 52 8
3036 43 43 9
3037 48 48 10
3038 25 24 8
3039 19 18 6
3040 29 29 7
3041 28 28 8
3042 45 44 8
3043 53 52 10
3044 27 26 8
3045 37 36 8
3046 33 32 10
3047 57 56 10
3048 33 33 7
3049 34 34 10
3050 43 42 6
3051 33 33 7
3052 30 30 6
3053 31 31 9
3054 52 51 13
3055 40 40 8
3056 53 53 7
3057 46 45 9
3058 34 34 12
3059 39 39 7
3060 46 46 10
3061 61 60 20
3062 57 57 9
3063 30 30 6
3064 31 31 7
3065 40 40 8
3066 43 42 10
3067 35 34 8
3068 31 30 10
3069 43 42 16
3070 21 21 7
3071 34 33 9
3072 34 33 11
3073 36 36 10
3074 51 50 12
3075 51 50 12
3076 23 22 8
3077 39 39 11
3078 58 58 18
3079 47 46 16
3080 37 37 11
3081 36 36 14
3082 55 54 20
3083 51 50 12
3084 39 39 11
3085 34 34 14
3086 33 32 8
3087 35 34 10
3088 41 41 11
3089 42 41 17
3090 28 28 10
3091 39 39 13
3092 34 33 11
3093 52 52 22
3094 37 36 8
3095 45 45 21
3096 38 38 12
3097 25 24 8
3098 31 30 8
3099 19 19 7
3100 28 27 9
3101 54 54 20
3102 29 28 10
3103 31 30 8
3104 43 42 10
3105 35 34 10
3106 49 49 11
3107 36 36 10
3108 39 39 13
3109 32 31 13
3110 40 40 10
3111 29 29 9
3112 42 42 14
3113 27 26 10
3114 39 38 14
3115 39 39 17
3116 26 25 9
3117 28 27 9
3118 32 31 11
3119 30 30 10
3120 37 37 9
3121 26 25 9
3122 34 34 14
3123 31 30 10
3124 29 28 8
3125 29 28 8
3126 17 17 7
3127 24 23 7
3128 34 34 10
3129 29 29 7
3130 30 29 11
3131 24 24 6
3132 31 31 7
3133 30 29 7
3134 38 37 9
3135 42 41 11
3136 16 16 6
3137 23 23 7
3138 32 32 8
3139 21 20 8
3140 29 29 9
3141 26 25 9
3142 28 28 12
3143 29 28 12
3144 11 11 7
3145 16 16 8
3146 23 22 8
3147 27 27 9
3148 20 20 10
3149 19 18 10
3150 21 21 7
3151 18 18 6
3152 25 25 7
3153 32 31 7
3154 24 24 6
3155 23 23 7
3156 18 17 7
3157 12 12 6
3158 17 17 7
3159 12 12 6
3160 37 37 9
3161 20 20 8
3162 19 19 7
3163 24 24 8
3164 13 13 7
3165 18 17 7
3166 30 30 12
3167 19 18 6
3168 39 39 11
3169 20 20 6
3170 23 23 7
3171 20 20 8
3172 27 27 7
3173 20 19 7
3174 18 18 6
3175 23 23 7
3176 16 15 7
3177 20 19 7
3178 26 25 7
3179 12 12 6
3180 29 29 7
3181 16 16 8
3182 21 21 7
3183 20 20 6
3184 27 27 7
3185 20 20 6
3186 33 33 7
3187 18 17 7
3188 24 24 8
3189 25 24 8
3190 17 17 7
3191 18 18 6
3192 33 33 7
3193 28 27 7
3194 20 20 6
3195 27 27 7
3196 28 27 9
3197 20 20 8
3198 33 32 8
3199 21 20 6
3200 25 25 9
3201 30 30 6
3202 21 21 7
3203 20 19 7
3204 22 21 7
3205 16 15 7
3206 30 29 9
3207 16 16 6
3208 35 35 9
3209 28 28 6
3210 27 27 13
3211 22 22 8
3212 17 16 6
3213 13 13 7
3214 24 24 6
3215 23 23 7
3216 34 33 7
3217 18 18 6
3218 23 23 7
3219 18 18 6
3220 15 15 7
3221 12 12 6
3222 19 19 7
3223 18 17 7
3224 26 26 8
3225 11 10 6
3226 17 17 7
3227 30 30 8
3228 15 14 6
3229 25 25 7
3230 14 13 7
3231 6 6 6
3232 19 19 7
3233 24 24 8
3234 25 24 6
3235 13 13 7
3236 34 34 6
3237 27 27 9
3238 12 12 6
3239 15 15 7
3240 20 19 7
3241 20 19 7
3242 16 16 6
3243 21 21 7
3244 18 17 7
3245 18 17 7
3246 14 13 7
3247 20 20 6
3248 21 21 7
3249 16 15 7
3250 32 32 8
3251 21 20 8
3252 17 17 7
3253 10 10 6
3254 19 19 7
3255 14 14 6
3256 13 13 7
3257 32 32 6
3258 27 27 9
3259 30 30 8
3260 25 24 6
3261 19 19 7
3262 20 20 8
3263 33 32 8
3264 27 26 6
3265 15 15 7
3266 28 28 8
3267 23 23 7
3268 24 24 6
3269 11 11 7
3270 22 22 8
3271 21 20 6
3272 21 21 7
3273 22 22 6
3274 31 31 9
3275 30 30 8
3276 33 32 6
3277 25 25 9
3278 26 26 8
3279 29 29 7
3280 18 17 7
3281 38 37 7
3282 32 31 7
3283 22 22 8
3284 25 24 6
3285 19 19 9
3286 32 32 8
3287 19 18 8
3288 31 30 6
3289 41 41 7
3290 34 33 7
3291 42 42 10
3292 33 32 8
3293 35 34 8
3294 33 32 6
3295 43 43 9
3296 36 36 6
3297 39 39 7
3298 20 20 6
3299 43 43 9
3300 20 20 8
3301 39 38 8
3302 31 31 7
3303 40 39 9
3304 36 36 8
3305 37 36 8
3306 19 18 6
3307 23 23 7
3308 30 29 7
3309 32 32 6
3310 49 49 9
3311 32 32 8
3312 31 30 8
3313 41 40 8
3314 21 20 8
3315 31 31 7
3316 30 30 6
3317 25 25 7
3318 26 25 7
3319 32 31 7
3320 24 23 7
3321 18 17 7
3322 26 26 6
3323 13 13 7
3324 18 18 8
3325 31 30 8
3326 25 24 8
3327 17 17 7
3328 30 30 6
3329 15 15 7
3330 24 24 8
3331 21 20 10
3332 23 23 7
3333 22 22 6
3334 7 7 7
3335 28 28 6
3336 13 13 7
3337 18 18 6
3338 15 15 7
3339 24 23 7
3340 18 18 6
3341 17 17 7
3342 18 18 8
3343 25 24 8
3344 23 22 6
3345 25 25 7
3346 20 19 7
3347 24 24 8
3348 23 22 6
3349 25 25 7
3350 12 11 7
3351 18 18 6
3352 17 17 7
3353 24 24 8
3354 17 16 6
3355 25 25 7
3356 16 15 7
3357 18 18 8
3358 23 22 8
3359 19 19 7
3360 26 26 6
3361 19 19 7
3362 16 16 6
3363 17 17 7
3364 10 10 6
3365 15 15 7
3366 24 24 6
3367 21 21 7
3368 28 28 8
3369 15 14 6
3370 15 15 7
3371 16 16 8
3372 21 20 6
3373 21 21 7
3374 22 22 6
3375 23 23 7
3376 14 13 7
3377 24 24 6
3378 21 21 7
3379 14 14 6
3380 17 17 7
3381 20 20 6
3382 21 21 7
3383 18 18 8
3384 21 20 6
3385 17 17 7
3386 10 10 6
3387 19 19 7
3388 34 34 8
3389 33 32 8
3390 19 18 6
3391 11 11 7
3392 22 22 6
3393 17 17 7
3394 20 20 6
3395 29 29 7
3396 18 17 7
3397 18 18 8
3398 13 12 6
3399 13 13 7
3400 14 14 8
3401 15 14 6
3402 23 23 7
3403 28 28 8
3404 27 26 8
3405 17 16 6
3406 19 19 7
3407 16 16 6
3408 19 19 7
3409 28 28 6
3410 27 27 7
3411 22 21 7
3412 18 18 8
3413 11 10 6
3414 15 15 7
3415 18 18 6
3416 21 21 7
3417 18 17 7
3418 28 28 8
3419 13 12 6
3420 19 19 7
3421 14 13 7
3422 18 18 6
3423 21 21 9
3424 20 20 6
3425 21 21 7
3426 22 22 8
3427 23 23 7
3428 14 14 6
3429 15 15 7
3430 26 26 6
3431 25 25 9
3432 14 14 6
3433 17 17 7
3434 16 16 8
3435 29 28 8
3436 29 29 7
3437 40 39 7
3438 34 34 8
3439 21 20 6
3440 11 11 7
3441 14 14 6
3442 35 35 7
3443 28 27 7
3444 18 17 7
3445 16 16 6
3446 15 15 7
3447 14 14 6
3448 17 17 7
3449 48 47 7
3450 52 51 7
3451 38 37 9
3452 12 12 6
3453 21 21 7
3454 20 20 6
3455 21 21 7
3456 40 40 8
3457 25 24 6
3458 33 33 7
3459 26 25 7
3460 18 18 8
3461 11 10 6
3462 33 33 9
3463 38 38 6
3464 35 35 7
3465 38 37 7
3466 24 24 6
3467 27 27 7
3468 20 19 7
3469 38 38 12
3470 43 42 8
3471 43 42 8
3472 37 37 7
3473 16 16 8
3474 21 20 8
3475 23 22 10
3476 33 32 8
3477 41 41 9
3478 24 23 7
3479 20 20 8
3480 29 29 11
3481 38 37 7
3482 38 37 9
3483 36 36 10
3484 17 17 7
3485 30 30 8
3486 19 18 8
3487 19 18 8
3488 23 22 8
3489 19 18 8
3490 27 26 8
3491 21 20 8
3492 25 25 7
3493 6 6 6
3494 19 19 7
3495 18 18 8
3496 23 22 6
3497 23 23 7
3498 24 23 7
3499 22 22 6
3500 25 25 9
3501 12 12 6
3502 23 23 7
3503 18 17 7
3504 12 12 6
3505 21 21 7
3506 20 19 7
3507 36 36 8
3508 29 28 8
3509 23 23 7
3510 16 16 8
3511 13 13 7
3512 16 16 6
3513 21 21 7
3514 18 17 7
3515 16 16 6
3516 19 19 7
3517 20 20 8
3518 25 24 8
3519 15 14 6
3520 17 17 7
3521 16 15 7
3522 18 18 6
3523 19 19 7
3524 14 13 7
3525 12 11 7
3526 12 12 6
3527 13 13 7
3528 14 14 6
3529 15 15 7
3530 22 22 8
3531 23 22 6
3532 11 11 7
3533 16 16 8
3534 19 19 7
3535 20 20 6
3536 15 15 7
3537 14 13 7
3538 10 10 6
3539 21 21 7
3540 18 18 8
3541 23 23 7
3542 14 13 7
3543 22 22 8
3544 17 16 6
3545 11 11 7
3546 18 18 6
3547 11 11 7
3548 6 6 6
3549 15 15 7
3550 22 22 6
3551 19 19 9
3552 22 22 6
3553 17 17 9
3554 16 15 7
3555 14 14 6
3556 17 17 7
3557 12 12 6
3558 11 11 7
3559 26 26 8
3560 27 26 8
3561 15 14 6
3562 11 11 7
3563 16 16 6
3564 19 19 7
3565 22 21 7
3566 22 22 6
3567 17 17 7
3568 18 17 7
3569 12 11 7
3570 10 10 6
3571 19 19 7
3572 22 21 7
3573 14 14 6
3574 19 19 9
3575 14 14 6
3576 19 19 7
3577 16 15 7
3578 14 14 8
3579 17 16 6
3580 15 15 7
3581 24 24 8
3582 39 38 8
3583 19 18 6
3584 13 13 7
3585 14 13 7
3586 16 16 8
3587 17 16 6
3588 21 21 7
3589 34 33 9
3590 22 22 6
3591 17 17 7
3592 14 14 8
3593 21 20 8
3594 11 10 6
3595 13 13 7
3596 24 24 6
3597 25 25 9
3598 34 34 8
3599 19 18 6
3600 23 23 7
3601 18 17 7
3602 26 25 7
3603 30 29 7
3604 28 28 6
3605 25 25 7
3606 20 20 8
3607 23 22 8
3608 21 20 6
3609 15 15 7
3610 14 13 7
3611 16 15 7
3612 20 19 7
3613 24 24 8
3614 13 12 6
3615 15 15 7
3616 16 15 7
3617 14 14 6
3618 25 25 7
3619 26 26 8
3620 25 24 6
3621 29 29 7
3622 14 14 6
3623 17 17 9
3624 20 20 6
3625 11 11 7
3626 12 12 6
3627 17 17 7
3628 24 23 9
3629 18 18 8
3630 19 18 6
3631 15 15 7
3632 16 16 8
3633 17 16 8
3634 25 24 6
3635 29 29 7
3636 26 26 8
3637 23 22 6
3638 17 17 7
3639 12 12 6
3640 11 11 7
3641 24 24 6
3642 11 11 7
3643 10 10 6
3644 27 27 7
3645 12 11 7
3646 18 18 6
3647 15 15 7
3648 14 14 6
3649 15 15 9
3650 18 18 6
3651 15 15 7
3652 38 38 8
3653 29 29 7
3654 12 12 6
3655 15 15 7
3656 12 12 6
3657 17 17 7
3658 24 24 8
3659 17 16 6
3660 21 21 7
3661 14 14 6
3662 13 13 7
3663 16 15 7
3664 6 6 6
3665 19 19 7
3666 30 30 6
3667 19 19 7
3668 28 28 6
3669 17 17 7
3670 14 14 6
3671 11 11 7
3672 24 24 8
3673 27 26 6
3674 29 29 9
3675 18 18 8
3676 17 16 8
3677 19 18 6
3678 13 13 7
3679 16 16 6
3680 19 19 7
3681 14 14 6
3682 25 25 7
3683 22 22 8
3684 27 26 8
3685 15 14 6
3686 17 17 7
3687 34 34 6
3688 21 21 7
3689 28 27 7
3690 14 13 7
3691 18 18 6
3692 21 21 7
3693 18 17 7
3694 24 23 7
3695 18 18 6
3696 17 17 7
3697 18 17 7
3698 22 22 8
3699 19 18 6
3700 25 25 7
3701 20 19 7
3702 16 15 7
3703 40 40 8
3704 33 32 8
3705 43 43 9
3706 36 36 6
3707 15 15 7
3708 20 20 6
3709 23 23 7
3710 48 48 8
3711 41 40 6
3712 31 31 7
3713 32 31 7
3714 24 23 7
3715 52 52 8
3716 43 43 7
3717 42 42 8
3718 37 37 7
3719 34 34 8
3720 33 32 8
3721 31 30 6
3722 55 55 9
3723 38 38 8
3724 57 57 7
3725 52 52 8
3726 31 30 8
3727 39 39 7
3728 56 55 7
3729 44 44 10
3730 45 44 8
3731 51 50 6
3732 45 45 13
3733 40 39 9
3734 44 43 13
3735 42 42 6
3736 39 39 7
3737 46 45 7
3738 34 33 9
3739 48 48 6
3740 33 33 7
3741 48 47 7
3742 56 55 9
3743 42 42 6
3744 31 31 7
3745 30 30 8
3746 39 39 7
3747 54 54 8
3748 29 28 6
3749 19 19 7
3750 34 33 7
3751 22 21 7
3752 20 20 8
3753 35 35 9
3754 42 42 8
3755 35 34 8
3756 27 27 9
3757 36 35 7
3758 26 26 10
3759 29 28 14
3760 31 30 8
3761 25 24 6
3762 25 25 9
3763 34 34 14
3764 39 39 11
3765 26 25 7
3766 16 16 6
3767 17 17 9
3768 42 42 16
3769 53 52 18
3770 35 35 11
3771 26 25 7
3772 26 25 13
3773 20 19 7
3774 18 18 6
3775 35 35 11
3776 20 20 6
3777 15 15 7
3778 30 30 8
3779 19 18 6
3780 23 23 7
3781 18 18 6
3782 29 29 11
3783 22 22 10
3784 31 31 17
3785 20 19 7
3786 22 22 6
3787 17 17 7
3788 26 25 7
3789 30 29 9
3790 32 31 9
3791 30 29 9
3792 22 21 7
3793 16 15 7
3794 24 24 8
3795 19 18 6
3796 23 23 7
3797 22 21 7
3798 16 16 6
3799 23 23 7
3800 16 16 6
3801 19 19 7
3802 18 17 7
3803 32 31 7
3804 24 23 7
3805 36 35 11
3806 32 32 12
3807 21 20 8
3808 35 34 8
3809 25 25 7
3810 30 29 13
3811 26 25 7
3812 22 21 9
3813 32 32 10
3814 27 26 8
3815 13 13 7
3816 32 31 15
3817 34 33 7
3818 30 29 7
3819 30 30 8
3820 29 28 6
3821 21 21 7
3822 34 33 9
3823 36 36 10
3824 31 30 8
3825 29 29 7
3826 26 26 6
3827 21 21 7
3828 32 32 8
3829 29 28 8
3830 17 17 7
3831 34 33 9
3832 30 30 6
3833 39 39 7
3834 36 35 7
3835 22 22 8
3836 19 18 6
3837 29 29 7
3838 26 26 8
3839 39 38 8
3840 25 25 7
3841 42 42 12
3842 37 36 8
3843 35 34 8
3844 37 36 10
3845 19 19 7
3846 32 32 8
3847 21 20 6
3848 31 31 9
3849 46 46 16
3850 29 28 8
3851 37 36 12
3852 17 16 6
3853 11 11 7
3854 30 30 8
3855 31 30 8
3856 45 44 14
3857 25 25 7
3858 26 25 9
3859 22 22 8
3860 19 19 7
3861 18 18 8
3862 31 30 8
3863 25 25 11
3864 30 30 8
3865 21 20 8
3866 19 18 8
3867 15 14 8
3868 23 23 7
3869 22 22 6
3870 23 23 7
3871 28 27 7
3872 28 27 7
3873 36 35 7
3874 22 22 6
3875 23 23 7
3876 24 24 8
3877 23 22 6
3878 35 35 9
3879 28 28 8
3880 11 10 6
3881 15 15 7
3882 18 18 6
3883 19 19 7
3884 14 14 8
3885 25 24 8
3886 31 30 8
3887 19 19 7
3888 12 12 8
3889 29 28 8
3890 19 18 6
3891 21 21 7
3892 24 24 8
3893 15 14 6
3894 17 17 7
3895 18 18 8
3896 21 20 6
3897 21 21 7
3898 18 18 8
3899 21 20 6
3900 15 15 7
3901 20 20 6
3902 21 21 7
3903 24 23 7
3904 16 16 8
3905 19 18 8
3906 25 24 8
3907 21 21 9
3908 26 26 6
3909 15 15 7
3910 14 14 8
3911 23 22 8
3912 7 6 5
3913 19 19 7
3914 34 34 6
3915 23 23 7
3916 24 23 7
3917 24 24 8
3918 19 18 6
3919 17 17 7
3920 20 20 8
3921 27 26 6
3922 27 27 7
3923 16 15 7
3924 30 30 6
3925 11 11 7
3926 18 18 8
3927 25 24 6
3928 23 23 7
3929 16 16 8
3930 13 12 6
3931 15 15 7
3932 22 21 7
3933 20 20 8
3934 25 24 8
3935 25 24 8
3936 29 28 8
3937 21 20 6
3938 17 17 7
3939 14 13 7
3940 22 22 8
3941 17 17 7
3942 16 16 6
3943 23 23 7
3944 26 25 7
3945 14 14 6
3946 27 27 9
3947 24 24 8
3948 25 24 8
3949 23 22 6
3950 25 25 7
3951 16 15 7
3952 30 30 8
3953 29 28 6
3954 23 23 7
3955 18 17 7
3956 18 18 8
3957 17 16 6
3958 19 19 7
3959 18 17 7
3960 12 12 6
3961 17 17 7
3962 18 18 8
3963 17 17 7
3964 12 12 8
3965 21 20 8
3966 21 20 6
3967 11 11 7
3968 14 14 6
3969 13 13 7
3970 20 20 8
3971 19 19 7
3972 30 30 8
3973 13 13 7
3974 20 20 8
3975 23 22 6
3976 19 19 7
3977 12 12 6
3978 17 17 7
3979 32 32 8
3980 13 13 7
3981 16 15 7
3982 20 19 7
3983 22 21 7
3984 20 20 6
3985 27 27 9
3986 24 24 6
3987 17 17 7
3988 14 14 6
3989 17 17 7
3990 18 18 8
3991 19 18 8
3992 19 18 8
3993 15 14 6
3994 13 13 7
3995 16 15 7
3996 10 10 6
3997 13 13 7
3998 12 12 6
3999 15 15 7
4000 28 28 8
4001 21 20 6
4002 25 25 7
4003 18 17 7
4004 24 24 8
4005 15 14 6
4006 17 17 7
4007 18 18 6
4008 19 19 7
4009 28 28 8
4010 19 18 8
4011 15 14 6
4012 21 21 7
4013 14 14 6
4014 11 11 7
4015 14 14 8
4016 11 10 6
4017 21 21 7
4018 18 17 7
4019 14 13 7
4020 14 14 8
4021 13 12 6
4022 13 13 7
4023 34 33 7
4024 18 17 7
4025 28 27 7
4026 16 16 8
4027 7 6 5
4028 15 15 7
4029 14 14 6
4030 11 11 7
4031 24 24 6
4032 11 11 7
4033 10 10 6
4034 17 17 7
4035 8 7 6
4036 6 6 6
4037 13 13 7
4038 10 10 6
4039 15 15 7
4040 20 20 8
4041 11 10 6
4042 15 15 7
4043 18 18 6
4044 15 15 7
4045 20 19 7
4046 16 16 6
4047 17 17 7
4048 16 16 8
4049 13 12 6
4050 17 17 7
4051 14 14 6
4052 11 11 7
4053 12 12 6
4054 19 19 7
4055 16 15 7
4056 20 19 7
4057 16 15 7
4058 14 14 6
4059 13 13 7
4060 14 14 6
4061 13 13 7
4062 20 20 6
4063 15 15 7
4064 10 10 6
4065 19 19 7
4066 10 10 6
4067 15 15 7
4068 14 13 7
4069 22 22 6
4070 21 21 9
4071 14 14 6
4072 17 17 7
4073 10 10 6
4074 29 29 9
4075 26 26 6
4076 21 21 7
4077 22 22 6
4078 17 17 7
4079 14 14 8
4080 17 16 6
4081 17 17 9
4082 12 12 6
4083 23 23 7
4084 14 14 6
4085 27 27 7
4086 26 25 7
4087 22 21 7
4088 12 11 7
4089 18 18 6
4090 15 15 7
4091 24 24 8
4092 39 38 6
4093 27 27 7
4094 28 28 6
4095 15 15 7
4096 18 17 7
4097 14 14 6
4098 27 27 7
4099 48 48 8
4100 59 58 8
4101 35 34 8
4102 21 20 6
4103 17 17 7
4104 22 22 6
4105 25 25 7
4106 32 32 8
4107 47 47 7
4108 46 45 7
4109 32 31 7
4110 16 15 7
4111 14 14 6
4112 19 19 7
4113 28 28 6
4114 39 39 7
4115 48 47 7
4116 38 38 8
4117 23 22 6
4118 13 13 7
4119 24 24 8
4120 45 44 6
4121 73 73 7
4122 62 61 7
4123 30 29 7
4124 22 22 6
4125 25 25 7
4126 28 28 8
4127 29 28 8
4128 29 28 6
4129 33 33 7
4130 36 36 8
4131 23 22 6
4132 25 25 7
4133 26 25 7
4134 34 34 8
4135 23 22 6
4136 37 37 7
4137 38 37 7
4138 32 32 8
4139 23 22 6
4140 33 33 7
4141 26 26 6
4142 29 29 7
4143 18 18 6
4144 25 25 7
4145 24 24 6
4146 23 23 9
4147 18 18 6
4148 21 21 7
4149 24 23 7
4150 18 18 6
4151 39 39 7
4152 34 33 7
4153 28 28 6
4154 19 19 7
4155 40 39 7
4156 24 23 7
4157 32 31 7
4158 42 41 7
4159 14 13 7
4160 22 22 6
4161 27 27 7
4162 26 25 7
4163 26 26 8
4164 39 38 10
4165 27 26 6
4166 25 25 7
4167 38 37 7
4168 32 31 9
4169 14 14 8
4170 31 30 8
4171 33 32 6
4172 27 27 7
4173 18 18 6
4174 23 23 7
4175 28 28 8
4176 25 25 7
4177 28 28 8
4178 27 26 8
4179 33 32 12
4180 29 28 14
4181 17 16 6
4182 27 27 13
4183 28 27 9
4184 38 38 12
4185 27 26 10
4186 31 31 7
4187 34 34 10
4188 23 22 8
4189 31 30 8
4190 29 28 6
4191 19 19 7
4192 26 26 8
4193 21 21 9
4194 28 28 10
4195 19 18 8
4196 17 16 6
4197 11 11 7
4198 28 28 6
4199 11 11 7
4200 22 22 8
4201 35 34 16
4202 23 22 10
4203 39 39 13
4204 28 27 9
4205 24 23 7
4206 16 16 8
4207 25 24 10
4208 25 24 6
4209 23 23 7
4210 20 20 6
4211 21 21 7
4212 28 27 7
4213 30 29 7
4214 16 16 8
4215 19 18 8
4216 19 19 7
4217 26 26 8
4218 53 53 13
4219 30 30 12
4220 25 25 7
4221 16 16 8
4222 19 18 6
4223 19 19 7
4224 24 24 8
4225 19 18 6
4226 27 27 7
4227 20 19 7
4228 26 25 9
4229 18 18 6
4230 13 13 7
4231 32 32 12
4232 19 18 8
4233 21 21 7
4234 20 19 7
4235 16 15 7
4236 20 20 8
4237 19 18 8
4238 19 18 8
4239 31 30 8
4240 25 24 10
4241 19 18 6
4242 23 23 7
4243 12 11 7
4244 14 14 6
4245 21 21 7
4246 20 20 6
4247 33 33 9
4248 16 15 7
4249 10 10 6
4250 19 19 7
4251 24 23 7
4252 28 28 10
4253 25 25 7
4254 22 22 6
4255 29 29 7
4256 20 20 8
4257 23 22 8
4258 19 18 6
4259 31 31 9
4260 38 38 8
4261 17 17 7
4262 28 27 9
4263 22 22 6
4264 25 25 7
4265 22 22 6
4266 27 27 7
4267 22 22 8
4268 37 36 10
4269 19 18 8
4270 13 12 6
4271 27 27 9
4272 14 14 6
4273 23 23 7
4274 22 21 7
4275 30 29 7
4276 28 28 10
4277 21 20 8
4278 23 22 6
4279 19 19 9
4280 34 33 7
4281 20 19 7
4282 36 35 7
4283 30 30 12
4284 35 34 8
4285 17 17 7
4286 22 22 8
4287 25 25 7
4288 24 23 7
4289 32 31 7
4290 20 19 7
4291 28 27 7
4292 34 33 11
4293 16 15 7
4294 16 16 8
4295 19 18 6
4296 21 21 7
4297 18 18 6
4298 27 27 9
4299 18 18 6
4300 19 19 7
4301 32 32 8
4302 25 25 9
4303 28 27 7
4304 28 27 9
4305 14 13 7
4306 22 22 6
4307 27 27 7
4308 44 44 8
4309 33 33 7
4310 20 19 9
4311 18 18 6
4312 11 11 7
4313 32 32 8
4314 29 28 8
4315 25 25 7
4316 14 14 6
4317 25 25 7
4318 16 15 7
4319 18 18 8
4320 13 12 6
4321 33 33 7
4322 18 18 8
4323 15 14 6
4324 21 21 7
4325 22 22 6
4326 17 17 7
4327 22 22 6
4328 25 25 7
4329 32 31 7
4330 12 12 6
4331 17 17 7
4332 12 12 6
4333 15 15 7
4334 12 12 6
4335 19 19 7
4336 24 23 7
4337 14 14 6
4338 15 15 7
4339 18 18 6
4340 17 17 7
4341 16 16 6
4342 23 23 9
4343 20 20 8
4344 25 24 8
4345 27 26 8
4346 17 16 6
4347 13 13 7
4348 12 12 6
4349 17 17 7
4350 20 20 8
4351 21 20 8
4352 17 16 6
4353 15 15 7
4354 18 17 7
4355 14 13 7
4356 10 10 6
4357 21 21 7
4358 14 14 6
4359 19 19 7
4360 24 23 7
4361 14 14 6
4362 19 19 7
4363 20 20 8
4364 17 16 8
4365 15 15 7
4366 16 16 6
4367 15 15 7
4368 18 18 8
4369 15 14 8
4370 27 26 6
4371 13 13 7
4372 18 18 6
4373 19 19 7
4374 22 22 6
4375 13 13 7
4376 18 18 8
4377 19 18 8
4378 17 16 8
4379 11 10 6
4380 21 21 7
4381 24 23 7
4382 30 29 7
4383 20 20 8
4384 19 18 8
4385 15 14 8
4386 7 6 5
4387 11 11 7
4388 22 22 6
4389 15 15 7
4390 10 10 6
4391 17 17 7
4392 26 26 8
4393 19 18 6
4394 17 17 7
4395 24 24 8
4396 23 23 7
4397 14 14 6
4398 17 17 7
4399 22 22 8
4400 15 15 7
4401 10 10 6
4402 17 17 7
4403 16 16 6
4404 21 21 7
4405 14 13 7
4406 14 14 6
4407 11 11 7
4408 12 12 6
4409 19 19 7
4410 14 13 7
4411 12 12 6
4412 27 27 7
4413 14 13 7
4414 12 12 6
4415 11 11 7
4416 26 25 7
4417 18 17 7
4418 6 6 6
4419 11 11 7
4420 18 18 8
4421 21 20 6
4422 15 15 7
4423 24 23 7
4424 16 16 6
4425 13 13 7
4426 16 15 7
4427 24 24 6
4428 21 21 7
4429 22 22 6
4430 13 13 7
4431 18 17 7
4432 20 20 6
4433 13 13 7
4434 16 15 7
4435 22 21 7
4436 14 14 6
4437 19 19 7
4438 18 17 7
4439 16 16 8
4440 25 24 6
4441 17 17 7
4442 16 15 7
4443 18 17 7
4444 28 27 7
4445 24 24 8
4446 17 16 6
4447 15 15 7
4448 18 17 7
4449 16 16 6
4450 29 29 7
4451 16 16 6
4452 31 31 9
4453 28 28 6
4454 13 13 7
4455 18 17 7
4456 16 15 7
4457 20 20 6
4458 23 23 7
4459 26 26 6
4460 27 27 7
4461 20 20 6
4462 25 25 7
4463 28 27 7
4464 38 37 7
4465 38 38 8
4466 15 14 6
4467 37 37 7
4468 42 41 7
4469 32 31 7
4470 34 33 7
4471 42 41 7
4472 42 42 8
4473 53 52 8
4474 37 36 8
4475 55 54 8
4476 47 46 8
4477 59 58 8
4478 35 35 7
4479 48 48 8
4480 45 44 8
4481 53 52 8
4482 55 55 9
4483 46 46 8
4484 51 51 9
4485 56 55 9
4486 46 45 9
4487 50 49 7
4488 26 25 7
4489 36 36 8
4490 29 29 7
4491 38 38 8
4492 27 26 6
4493 31 31 9
4494 32 31 7
4495 42 41 7
4496 34 33 9
4497 36 35 9
4498 24 24 8
4499 51 51 11
4500 36 35 7
4501 32 32 6
4502 33 33 9
4503 48 47 9
4504 44 44 10
4505 63 62 8
4506 45 44 10
4507 37 36 8
4508 45 44 6
4509 47 47 9
4510 20 20 6
4511 39 39 7
4512 42 42 8
4513 33 32 6
4514 41 41 9
4515 24 24 8
4516 29 28 8
4517 35 34 8
4518 31 31 7
4519 28 28 6
4520 27 27 7
4521 42 42 14
4522 45 44 10
4523 35 35 7
4524 30 29 7
4525 36 35 7
4526 36 35 11
4527 34 33 11
4528 34 33 9
4529 46 45 9
4530 22 22 8
4531 25 25 11
4532 36 36 8
4533 51 51 15
4534 48 47 15
4535 66 66 16
4536 39 39 13
4537 26 25 9
4538 46 46 16
4539 23 23 7
4540 40 39 11
4541 16 16 8
4542 55 54 14
4543 35 35 7
4544 30 29 11
4545 30 29 7
4546 40 39 13
4547 50 50 14
4548 45 45 15
4549 44 44 12
4550 15 15 7
4551 40 40 10
4552 37 36 8
4553 31 31 7
4554 28 27 7
4555 36 35 11
4556 40 39 9
4557 36 36 8
4558 31 30 12
4559 41 40 10
4560 33 33 9
4561 44 43 13
4562 36 36 10
4563 51 50 20
4564 41 41 17
4565 38 37 15
4566 38 37 7
4567 32 31 11
4568 34 33 7
4569 24 23 7
4570 32 31 7
4571 26 25 7
4572 18 18 8
4573 25 24 8
4574 33 33 9
4575 30 30 8
4576 45 44 10
4577 29 29 7
4578 32 32 6
4579 13 13 7
4580 30 30 8
4581 29 28 6
4582 23 23 7
4583 26 25 7
4584 30 30 8
4585 35 34 10
4586 21 20 8
4587 35 34 10
4588 41 40 12
4589 37 36 12
4590 31 31 13
4591 26 26 10
4592 15 14 6
4593 37 37 9
4594 36 36 10
4595 31 31 9
4596 24 24 8
4597 27 26 6
4598 29 29 7
4599 32 31 7
4600 40 39 11
4601 32 32 8
4602 33 32 6
4603 29 29 7
4604 34 34 8
4605 29 28 6
4606 29 29 9
4607 32 31 9
4608 28 28 6
4609 23 23 7
4610 40 40 8
4611 31 31 7
4612 14 14 6
4613 27 27 7
4614 18 17 7
4615 38 37 9
4616 32 31 7
4617 36 35 11
4618 38 37 11
4619 26 26 6
4620 41 41 9
4621 28 28 8
4622 33 32 10
4623 23 22 8
4624 39 39 9
4625 32 32 8
4626 27 26 6
4627 23 23 7
4628 30 29 7
4629 48 47 15
4630 32 31 7
4631 30 30 8
4632 39 38 10
4633 37 36 10
4634 33 33 7
4635 24 23 9
4636 26 26 8
4637 33 33 9
4638 34 34 10
4639 51 51 13
4640 28 28 6
4641 27 27 7
4642 30 30 8
4643 19 18 8
4644 33 32 8
4645 35 34 10
4646 25 24 6
4647 19 19 7
4648 22 22 8
4649 27 26 8
4650 33 32 10
4651 29 29 11
4652 22 21 7
4653 24 24 8
4654 25 24 8
4655 29 28 8
4656 29 28 6
4657 35 35 7
4658 20 19 7
4659 20 20 6
4660 21 21 7
4661 28 28 8
4662 27 26 8
4663 23 22 6
4664 35 35 7
4665 22 21 7
4666 32 31 7
4667 26 26 8
4668 21 21 7
4669 26 26 6
4670 35 35 7
4671 22 22 8
4672 29 28 8
4673 21 20 6
4674 31 31 7
4675 20 20 8
4676 19 18 6
4677 31 31 7
4678 36 35 7
4679 20 20 6
4680 15 15 7
4681 22 22 6
4682 19 19 7
4683 26 26 6
4684 39 39 7
4685 26 26 8
4686 17 17 7
4687 18 17 7
4688 16 16 6
4689 15 15 7
4690 14 13 7
4691 14 14 6
4692 25 25 7
4693 18 18 6
4694 23 23 7
4695 22 22 6
4696 25 25 7
4697 20 20 6
4698 17 17 7
4699 22 22 8
4700 37 36 6
4701 21 21 7
4702 12 12 6
4703 13 13 7
4704 22 22 8
4705 17 16 6
4706 27 27 7
4707 20 19 7
4708 18 18 8
4709 11 10 6
4710 19 19 7
4711 16 16 6
4712 25 25 9
4713 22 22 6
4714 23 23 7
4715 20 20 6
4716 21 21 7
4717 18 18 8
4718 25 24 6
4719 15 15 7
4720 22 22 8
4721 19 18 6
4722 23 23 7
4723 18 18 6
4724 11 11 7
4725 28 28 8
4726 23 22 8
4727 11 10 6
4728 27 27 7
4729 18 18 6
4730 19 19 7
4731 26 26 8
4732 27 26 6
4733 25 25 7
4734 20 19 7
4735 16 16 6
4736 19 19 7
4737 18 17 7
4738 22 21 7
4739 18 18 6
4740 17 17 7
4741 22 22 8
4742 29 29 7
4743 28 27 9
4744 20 20 6
4745 15 15 7
4746 12 12 6
4747 17 17 7
4748 24 24 6
4749 29 29 9
4750 18 18 6
4751 25 25 9
4752 18 17 7
4753 18 18 8
4754 23 22 8
4755 15 14 6
4756 13 13 7
4757 22 22 8
4758 15 14 6
4759 27 27 7
4760 16 16 6
4761 29 29 7
4762 26 25 7
4763 26 25 7
4764 10 10 6
4765 17 17 7
4766 22 22 6
4767 21 21 7
4768 26 26 8
4769 21 20 6
4770 21 21 7
4771 20 20 8
4772 13 13 7
4773 14 14 6
4774 13 13 7
4775 14 14 6
4776 25 25 7
4777 26 26 8
4778 35 34 6
4779 19 19 7
4780 24 24 6
4781 21 21 9
4782 18 18 6
4783 25 25 7
4784 32 32 6
4785 41 41 7
4786 24 23 7
4787 14 14 6
4788 17 17 7
4789 24 24 6
4790 25 25 7
4791 28 28 8
4792 27 26 8
4793 15 14 6
4794 27 27 7
4795 30 30 8
4796 17 16 6
4797 17 17 7
4798 26 26 8
4799 37 37 7
4800 34 34 8
4801 25 24 6
4802 15 15 7
4803 24 24 10
4804 33 32 6
4805 27 27 7
4806 18 18 8
4807 25 24 6
4808 35 35 9
4809 28 28 6
4810 19 19 7
4811 28 28 6
4812 25 25 7
4813 22 22 6
4814 23 23 7
4815 26 26 6
4816 29 29 7
4817 24 24 8
4818 27 27 7
4819 24 24 8
4820 23 22 6
4821 23 23 7
4822 16 16 6
4823 25 25 7
4824 24 24 6
4825 33 33 9
4826 12 12 6
4827 23 23 7
4828 20 20 8
4829 17 16 6
4830 37 37 7
4831 40 39 7
4832 50 50 6
4833 35 35 7
4834 20 19 7
4835 34 34 8
4836 37 36 8
4837 57 56 8
4838 39 38 8
4839 23 23 7
4840 40 40 10
4841 19 18 6
4842 43 43 9
4843 46 45 7
4844 42 41 11
4845 20 20 6
4846 37 37 13
4847 44 44 10
4848 49 49 13
4849 48 48 6
4850 27 27 7
4851 34 33 7
4852 34 33 7
4853 26 26 6
4854 59 59 11
4855 38 37 9
4856 42 42 8
4857 31 30 8
4858 53 53 7
4859 52 51 15
4860 36 36 10
4861 59 59 23
4862 46 45 7
4863 30 29 7
4864 38 37 7
4865 50 49 11
4866 40 40 8
4867 45 44 16
4868 31 31 9
4869 40 40 8
4870 47 46 10
4871 41 41 13
4872 20 20 6
4873 43 43 9
4874 34 34 14
4875 27 27 7
4876 38 38 14
4877 41 41 17
4878 26 25 7
4879 36 36 8
4880 21 20 8
4881 37 37 7
4882 30 29 11
4883 60 59 21
4884 20 19 7
4885 30 30 8
4886 31 30 10
4887 41 40 12
4888 41 40 10
4889 39 38 16
4890 31 30 8
4891 15 14 6
4892 33 33 9
4893 24 24 6
4894 17 17 7
4895 22 22 6
4896 29 29 7
4897 26 25 7
4898 34 34 8
4899 45 45 9
4900 50 50 12
4901 27 27 9
4902 42 42 18
4903 21 21 7
4904 30 29 9
4905 24 23 9
4906 44 44 10
4907 35 34 8
4908 25 24 6
4909 37 37 9
4910 32 32 8
4911 49 48 14
4912 45 45 19
4913 30 30 10
4914 35 34 8
4915 39 39 7
4916 36 35 7
4917 28 28 6
4918 53 53 15
4919 24 24 10
4920 49 48 14
4921 39 38 12
4922 27 27 7
4923 38 37 9
4924 20 19 9
4925 44 44 14
4926 49 48 16
4927 53 52 16
4928 27 27 7
4929 22 22 6
4930 29 29 7
4931 28 28 6
4932 39 39 9
4933 18 18 6
4934 27 27 9
4935 18 18 8
4936 27 26 8
4937 37 37 9
4938 24 24 8
4939 19 18 8
4940 25 24 8
4941 33 32 6
4942 35 35 9
4943 32 32 12
4944 21 21 7
4945 16 15 7
4946 22 22 10
4947 15 15 7
4948 36 36 12
4949 31 31 7
4950 32 32 10
4951 27 26 8
4952 23 22 8
4953 23 22 6
4954 27 27 9
4955 28 27 7
4956 24 24 10
4957 35 34 14
4958 33 32 12
4959 23 23 9
4960 20 20 8
4961 17 17 9
4962 36 36 18
4963 13 13 7
4964 26 26 6
4965 13 13 7
4966 18 18 6
4967 23 23 7
4968 22 22 8
4969 19 18 6
4970 17 17 7
4971 20 19 7
4972 20 20 8
4973 23 23 7
4974 16 16 6
4975 19 19 9
4976 20 19 7
4977 22 21 7
4978 26 25 7
4979 18 18 6
4980 27 27 7
4981 16 15 7
4982 26 26 6
4983 19 19 7
4984 18 18 6
4985 17 17 7
4986 18 18 8
4987 19 18 6
4988 25 25 7
4989 16 16 6
4990 21 21 7
4991 32 31 13
4992 18 17 7
4993 18 18 8
4994 23 22 6
4995 19 19 7
4996 34 33 7
4997 22 22 6
4998 13 13 7
4999 22 22 8
