0 1642 1634 1619
1 1691 1625 1619
2 1695 1628 1620
3 1712 1639 1619
4 1697 1629 1619
5 1701 1632 1620
6 1704 1634 1620
7 1694 1627 1619
8 1703 1633 1619
9 1703 1633 1619
10 1695 1628 1620
11 1692 1626 1620
12 1686 1622 1620
13 1688 1623 1619
14 1695 1628 1620
15 1694 1627 1619
16 1695 1628 1620
17 1706 1635 1619
18 1691 1625 1619
19 1695 1628 1620
20 1698 1630 1620
21 1692 1626 1620
22 1698 1630 1620
23 1694 1627 1619
24 1689 1624 1620
25 1692 1626 1620
26 1694 1627 1619
27 1689 1624 1620
28 1688 1623 1619
29 1697 1629 1619
30 1695 1628 1620
31 1694 1627 1619
32 1689 1624 1620
33 1688 1623 1619
34 1691 1625 1619
35 1691 1625 1619
36 1695 1628 1620
37 1686 1622 1620
38 1704 1634 1620
39 1698 1630 1620
40 1692 1626 1620
41 1694 1627 1619
42 1695 1628 1620
43 1688 1623 1619
44 1691 1625 1619
45 1691 1625 1619
46 1695 1628 1620
47 1692 1626 1620
48 1710 1638 1620
49 1692 1626 1620
50 1700 1631 1619
51 1707 1636 1620
52 1686 1622 1620
53 1694 1627 1619
54 1685 1621 1619
55 1689 1624 1620
56 1694 1627 1619
57 1701 1632 1620
58 1712 1639 1619
59 1701 1632 1620
60 1706 1635 1619
61 1697 1629 1619
62 1697 1629 1619
63 1725 1648 1620
64 1718 1643 1619
65 1727 1649 1619
66 1709 1637 1619
67 1697 1629 1619
68 1695 1628 1620
69 1706 1635 1619
70 1701 1632 1620
71 1704 1634 1620
72 1712 1639 1619
73 1707 1636 1620
74 1692 1626 1620
75 1704 1634 1620
76 1698 1630 1620
77 1710 1638 1620
78 1710 1638 1620
79 1698 1630 1620
80 1704 1634 1620
81 1692 1626 1620
82 1716 1642 1620
83 1710 1638 1620
84 1706 1635 1619
85 1709 1637 1619
86 1733 1653 1619
87 1725 1648 1620
88 1698 1630 1620
89 1704 1634 1620
90 1712 1639 1619
91 1727 1649 1619
92 1707 1636 1620
93 1724 1647 1619
94 1713 1640 1620
95 1706 1635 1619
96 1707 1636 1620
97 1710 1638 1620
98 1706 1635 1619
99 1703 1633 1619
100 1709 1637 1619
101 1707 1636 1620
102 1718 1643 1619
103 1707 1636 1620
104 1700 1631 1619
105 1695 1628 1620
106 1700 1631 1619
107 1713 1640 1620
108 1704 1634 1620
109 1704 1634 1620
110 1700 1631 1619
111 1713 1640 1620
112 1704 1634 1620
113 1704 1634 1620
114 1718 1643 1619
115 1703 1633 1619
116 1707 1636 1620
117 1718 1643 1619
118 1707 1636 1620
119 1712 1639 1619
120 1695 1628 1620
121 1700 1631 1619
122 1701 1632 1620
123 1724 1647 1619
124 1707 1636 1620
125 1716 1642 1620
126 1710 1638 1620
127 1724 1647 1619
128 1715 1641 1619
129 1701 1632 1620
130 1698 1630 1620
131 1706 1635 1619
132 1701 1632 1620
133 1700 1631 1619
134 1713 1640 1620
135 1718 1643 1619
136 1701 1632 1620
137 1698 1630 1620
138 1710 1638 1620
139 1706 1635 1619
140 1701 1632 1620
141 1712 1639 1619
142 1707 1636 1620
143 1722 1646 1620
144 1704 1634 1620
145 1710 1638 1620
146 1694 1627 1619
147 1703 1633 1619
148 1703 1633 1619
149 1703 1633 1619
150 1715 1641 1619
151 1713 1640 1620
152 1710 1638 1620
153 1712 1639 1619
154 1701 1632 1620
155 1722 1646 1620
156 1700 1631 1619
157 1713 1640 1620
158 1700 1631 1619
159 1715 1641 1619
160 1709 1637 1619
161 1703 1633 1619
162 1719 1644 1620
163 1718 1643 1619
164 1707 1636 1620
165 1698 1630 1620
166 1700 1631 1619
167 1703 1633 1619
168 1719 1644 1620
169 1712 1639 1619
170 1703 1633 1619
171 1709 1637 1619
172 1709 1637 1619
173 1707 1636 1620
174 1718 1643 1619
175 1703 1633 1619
176 1709 1637 1619
177 1727 1649 1619
178 1715 1641 1619
179 1719 1644 1620
180 1712 1639 1619
181 1713 1640 1620
182 1710 1638 1620
183 1716 1642 1620
184 1712 1639 1619
185 1719 1644 1620
186 1722 1646 1620
187 1716 1642 1620
188 1712 1639 1619
189 1707 1636 1620
190 1718 1643 1619
191 1713 1640 1620
192 1694 1627 1619
193 1697 1629 1619
194 1701 1632 1620
195 1700 1631 1619
196 1707 1636 1620
197 1704 1634 1620
198 1712 1639 1619
199 1713 1640 1620
