0 22 21 5
1 11 11 5
2 15 14 6
3 28 27 7
4 15 15 5
5 17 17 5
6 21 20 6
7 14 13 5
8 19 19 5
9 21 21 7
10 13 12 4
11 12 11 5
12 9 8 7
13 9 8 4
14 14 13 5
15 15 15 7
16 13 13 5
17 25 24 8
18 12 11 5
19 13 12 4
20 16 15 5
21 11 11 5
22 15 14 4
23 18 17 9
24 9 8 4
25 12 11 5
26 17 16 8
27 8 8 4
28 12 11 7
29 17 16 6
30 14 14 6
31 14 13 5
32 9 8 4
33 12 11 7
34 13 12 6
35 12 11 5
36 13 13 5
37 7 6 5
38 23 22 8
39 16 15 5
40 11 10 4
41 14 13 5
42 13 13 5
43 11 10 6
44 12 11 5
45 13 13 7
46 13 13 5
47 11 10 4
48 24 23 5
49 11 10 4
50 18 17 5
51 23 22 6
52 6 6 6
53 15 15 7
54 5 5 5
55 10 9 5
56 17 16 8
57 16 16 4
58 26 25 5
59 21 20 8
60 22 22 6
61 16 16 6
62 14 14 4
63 34 33 5
64 31 31 7
65 37 36 6
66 24 24 6
67 16 16 6
68 14 14 6
69 22 22 6
70 18 17 5
71 21 20 6
72 26 25 5
73 23 22 6
74 12 11 5
75 21 20 6
76 16 15 5
77 27 27 9
78 25 24 6
79 16 15 5
80 21 21 7
81 11 10 4
82 30 29 7
83 23 23 5
84 23 22 6
85 26 25 7
86 41 40 6
87 34 33 5
88 15 15 5
89 19 19 5
90 27 26 6
91 36 36 6
92 20 20 4
93 34 33 5
94 27 27 7
95 23 22 6
96 24 24 8
97 22 22 4
98 22 21 5
99 19 18 4
100 24 23 5
101 23 23 7
102 31 30 6
103 22 22 6
104 16 16 4
105 14 13 5
106 19 18 6
107 26 26 6
108 18 18 4
109 22 21 7
110 17 16 4
111 26 25 5
112 19 18 4
113 22 21 7
114 31 31 7
115 21 21 7
116 21 20 4
117 32 31 7
118 23 23 7
119 35 34 14
120 12 12 4
121 18 17 5
122 19 18 6
123 34 33 5
124 21 21 5
125 29 28 6
126 26 25 7
127 35 34 6
128 28 28 6
129 20 19 7
130 17 16 6
131 22 22 6
132 20 19 7
133 21 21 9
134 25 24 4
135 30 29 5
136 19 18 6
137 18 18 8
138 24 24 6
139 22 21 5
140 19 19 7
141 29 28 8
142 22 21 5
143 31 31 5
144 21 21 7
145 23 23 5
146 15 15 7
147 23 22 8
148 18 18 4
149 22 21 7
150 29 28 6
151 28 28 8
152 22 22 4
153 26 25 5
154 17 17 5
155 35 34 8
156 18 17 5
157 25 24 4
158 18 17 5
159 27 27 5
160 27 26 8
161 18 18 4
162 30 29 5
163 31 30 6
164 24 23 7
165 15 14 4
166 18 17 5
167 19 18 4
168 30 29 5
169 25 24 4
170 24 23 9
171 25 24 6
172 24 23 5
173 23 22 6
174 32 31 7
175 23 23 9
176 25 24 6
177 36 35 5
178 37 36 14
179 30 30 6
180 26 25 5
181 25 25 5
182 25 24 6
183 28 28 6
184 26 25 5
185 33 32 8
186 36 35 9
187 27 27 5
188 27 26 6
189 22 21 5
190 29 29 5
191 25 25 5
192 13 12 4
193 18 17 7
194 17 16 4
195 18 17 5
196 23 22 6
197 20 19 5
198 27 27 7
199 27 26 6
200 12 12 4
201 24 23 7
202 23 22 4
203 24 23 5
204 17 17 5
205 21 21 5
206 27 27 7
207 17 17 5
208 37 36 6
209 26 25 7
210 19 18 4
211 20 19 5
212 27 27 5
213 41 41 7
214 19 18 4
215 22 21 5
216 19 19 5
217 29 28 4
218 26 25 9
219 17 16 6
220 24 24 8
221 16 16 4
222 22 21 7
223 27 26 6
224 24 24 6
225 24 23 7
226 29 28 4
227 32 31 5
228 21 21 7
229 27 26 6
230 26 25 5
231 27 26 4
232 16 15 5
233 21 20 6
234 18 18 4
235 32 31 5
236 25 25 5
237 25 25 5
238 15 15 5
239 25 25 7
240 25 24 6
241 22 22 4
242 18 17 5
243 33 33 5
244 13 12 4
245 10 9 5
246 15 15 5
247 17 16 6
248 26 26 8
249 16 16 4
250 12 11 5
251 9 9 5
252 13 12 6
253 14 13 5
254 13 13 5
255 9 9 5
256 9 8 4
257 18 17 7
258 15 14 6
259 18 18 6
260 18 18 6
261 10 10 4
262 16 15 5
263 9 8 4
264 20 19 5
265 9 9 5
266 21 21 7
267 23 22 6
268 22 21 7
269 27 27 5
270 17 17 5
271 19 18 4
272 18 17 5
273 15 15 5
274 11 11 5
275 17 16 4
276 20 19 5
277 21 21 5
278 15 15 5
279 21 20 6
280 20 20 4
281 16 15 5
282 15 15 7
283 39 38 4
284 22 21 5
285 17 17 5
286 23 22 4
287 16 15 5
288 15 14 6
289 14 14 4
290 20 19 5
291 21 21 5
292 27 27 5
293 9 8 4
294 20 19 5
295 17 16 6
296 24 24 8
297 36 36 4
298 32 31 5
299 21 21 5
300 33 32 6
301 50 50 6
302 26 26 8
303 28 28 6
304 32 32 6
305 36 35 7
306 43 43 7
307 41 40 6
308 42 42 6
309 34 34 6
310 34 33 5
311 35 35 5
312 19 19 7
313 41 41 9
314 29 29 7
315 25 24 8
316 36 36 10
317 20 20 6
318 24 24 6
319 24 24 8
320 48 47 9
321 37 36 6
322 42 41 5
323 53 53 11
324 39 39 7
325 17 17 5
326 29 29 5
327 27 27 5
328 33 32 4
329 32 31 7
330 23 23 5
331 21 21 5
332 29 28 8
333 22 21 5
334 11 11 5
335 11 10 4
336 16 15 5
337 25 24 6
338 14 14 4
339 18 17 5
340 33 32 6
341 22 22 6
342 8 8 4
343 16 15 5
344 19 19 5
345 25 25 5
346 17 16 4
347 22 21 7
348 25 24 6
349 18 17 5
350 25 24 6
351 16 16 6
352 14 14 4
353 10 9 5
354 17 16 6
355 18 18 6
356 24 23 5
357 13 13 5
358 11 10 4
359 24 23 7
360 21 20 4
361 14 13 5
362 13 12 6
363 22 21 5
364 17 17 5
365 17 17 5
366 15 15 5
367 27 26 6
368 16 15 5
369 27 26 6
370 12 12 4
371 22 21 5
372 15 14 4
373 20 19 5
374 19 19 5
375 19 18 6
376 18 18 6
377 12 11 5
378 17 16 4
379 20 19 7
380 29 28 6
381 14 14 4
382 12 11 5
383 15 14 4
384 22 21 7
385 13 12 4
386 28 27 7
387 13 13 5
388 17 17 5
389 19 18 6
390 18 18 6
391 14 13 5
392 13 12 6
393 16 16 6
394 14 14 4
395 22 21 5
396 19 18 4
397 22 21 5
398 15 15 5
399 11 10 6
400 8 8 4
401 18 17 5
402 11 11 5
403 17 17 7
404 11 11 5
405 13 12 6
406 6 6 6
407 11 10 6
408 12 11 5
409 23 23 5
410 9 9 5
411 9 8 4
412 12 11 7
413 11 10 4
414 16 15 5
415 23 22 8
416 18 18 6
417 16 16 6
418 12 11 5
419 13 12 4
420 10 9 5
421 13 13 5
422 11 11 5
423 15 14 6
424 12 12 6
425 18 18 4
426 14 13 7
427 11 10 4
428 14 13 5
429 15 15 5
430 15 15 5
431 11 11 5
432 23 22 6
433 30 29 5
434 25 25 7
435 25 24 4
436 16 15 5
437 9 8 4
438 16 15 7
439 17 16 6
440 16 15 5
441 13 13 5
442 23 22 6
443 24 24 8
444 16 16 4
445 12 11 5
446 9 9 5
447 17 16 4
448 12 11 5
449 11 10 6
450 18 18 6
451 12 12 6
452 18 17 5
453 9 8 4
454 16 15 5
455 21 20 8
456 16 16 4
457 14 13 5
458 17 17 7
459 17 17 5
460 13 13 5
461 9 8 4
462 10 9 5
463 19 19 7
464 11 10 6
465 14 13 5
466 11 10 4
467 14 13 5
468 9 8 4
469 8 7 6
470 10 9 5
471 13 13 5
472 9 8 4
473 16 15 5
474 19 19 5
475 27 26 4
476 14 13 5
477 13 12 6
478 6 6 6
479 15 14 6
480 18 18 6
481 8 8 4
482 10 9 5
483 11 10 6
484 6 5 4
485 10 9 5
486 13 12 6
487 16 15 5
488 17 16 6
489 18 17 7
490 9 8 4
491 12 11 5
492 13 13 5
493 13 13 5
494 9 8 4
495 22 21 7
496 9 9 5
497 9 9 5
498 17 16 6
499 10 10 6
500 10 10 4
501 14 13 5
502 15 15 5
503 9 9 5
504 15 14 6
505 18 17 5
506 9 9 5
507 15 14 4
508 10 9 5
509 15 15 5
510 13 13 5
511 17 16 6
512 14 14 6
513 16 16 4
514 12 11 5
515 13 13 5
516 15 15 7
517 15 15 5
518 19 18 4
519 16 15 5
520 9 9 5
521 9 8 4
522 16 15 5
523 11 11 5
524 11 11 5
525 11 10 4
526 12 11 5
527 13 13 5
528 13 12 6
529 8 7 6
530 12 12 6
531 10 10 6
532 12 12 4
533 18 17 5
534 9 9 5
535 11 10 6
536 10 10 6
537 14 14 6
538 20 19 5
539 31 31 5
540 21 21 5
541 15 15 5
542 17 17 5
543 9 9 5
544 9 8 4
545 12 11 5
546 7 7 7
547 18 18 6
548 18 18 6
549 22 22 4
550 24 23 7
551 21 21 5
552 23 22 8
553 14 13 5
554 13 12 6
555 12 12 6
556 10 10 4
557 6 5 4
558 18 17 7
559 17 16 6
560 20 19 5
561 25 24 6
562 14 14 6
563 22 22 6
564 18 18 4
565 16 15 5
566 19 19 5
567 9 9 5
568 7 6 5
569 25 24 8
570 12 12 4
571 14 13 5
572 27 26 4
573 14 13 5
574 13 13 5
575 13 12 4
576 20 19 5
577 21 20 4
578 18 17 5
579 9 9 5
580 27 26 6
581 24 24 6
582 16 15 5
583 25 24 6
584 18 18 6
585 20 19 5
586 19 18 4
587 24 23 5
588 31 30 6
589 26 25 7
590 33 33 5
591 37 36 6
592 20 20 4
593 26 25 7
594 35 34 8
595 16 16 4
596 22 21 5
597 47 46 6
598 40 39 9
599 23 22 6
600 22 22 6
601 20 20 4
602 26 25 5
603 31 30 8
604 38 38 8
605 40 40 10
606 38 38 8
607 46 46 14
608 22 22 6
609 28 28 8
610 36 35 7
611 23 23 7
612 35 35 7
613 29 28 6
614 34 34 8
615 30 29 7
616 29 29 7
617 15 14 4
618 34 33 7
619 29 29 5
620 31 30 8
621 28 28 10
622 40 40 10
623 34 34 10
624 28 28 8
625 30 29 7
626 23 22 6
627 32 31 9
628 27 26 10
629 40 39 7
630 51 51 11
631 29 28 6
632 24 24 8
633 20 20 6
634 30 29 11
635 41 40 12
636 20 20 6
637 30 29 9
638 31 31 7
639 33 32 8
640 32 31 9
641 25 24 8
642 20 20 6
643 26 26 4
644 32 31 11
645 31 30 12
646 34 34 14
647 36 36 4
648 32 31 7
649 25 25 7
650 23 22 6
651 36 36 8
652 26 25 9
653 23 22 6
654 42 41 9
655 23 23 7
656 23 23 7
657 23 23 7
658 39 38 10
659 38 38 10
660 20 20 6
661 36 36 8
662 36 36 8
663 48 47 15
664 39 38 10
665 34 34 8
666 34 33 9
667 25 24 6
668 34 33 5
669 45 44 8
670 32 31 9
671 13 12 4
672 18 17 5
673 39 38 8
674 24 24 6
675 42 42 14
676 32 32 8
677 44 44 10
678 24 24 6
679 32 32 8
680 32 31 7
681 17 17 5
682 27 27 7
683 29 29 7
684 25 24 6
685 26 26 6
686 34 33 7
687 15 15 5
688 33 32 8
689 26 25 5
690 19 18 6
691 28 27 7
692 15 14 4
693 22 21 5
694 31 31 7
695 27 27 7
696 23 22 6
697 30 30 6
698 18 17 5
699 19 18 4
700 26 25 5
701 17 16 6
702 12 12 4
703 16 15 5
704 33 32 8
705 20 19 5
706 11 11 5
707 13 12 4
708 20 19 5
709 21 20 8
710 16 15 5
711 19 19 5
712 17 17 5
713 21 20 6
714 18 17 5
715 23 23 7
716 21 21 5
717 23 23 5
718 13 13 5
719 9 8 4
720 16 15 5
721 15 14 4
722 18 17 5
723 9 9 5
724 9 8 4
725 16 15 5
726 11 10 4
727 20 19 5
728 17 17 5
729 23 22 6
730 16 16 6
731 22 22 6
732 12 12 4
733 16 15 5
734 13 12 6
735 18 18 6
736 16 16 6
737 18 17 7
738 21 20 6
739 18 17 5
740 25 24 6
741 20 20 6
742 12 12 4
743 22 21 5
744 19 18 4
745 20 19 5
746 13 12 4
747 12 11 5
748 21 20 6
749 14 13 5
750 25 25 5
751 15 15 5
752 13 12 4
753 26 25 5
754 15 15 5
755 17 16 6
756 28 27 7
757 13 13 5
758 11 11 5
759 15 14 4
760 20 19 5
761 17 17 5
762 11 10 4
763 20 19 5
764 11 10 4
765 14 13 5
766 9 9 5
767 11 10 6
768 12 12 4
769 14 13 5
770 13 13 7
771 15 14 4
772 24 23 5
773 17 16 4
774 24 23 5
775 21 20 6
776 20 20 6
777 18 17 5
778 13 12 4
779 10 9 5
780 11 11 5
781 13 13 5
782 11 11 5
783 11 11 5
784 13 13 5
785 31 30 8
786 14 14 4
787 12 11 5
788 17 17 7
789 29 28 6
790 10 9 5
791 15 14 6
792 16 15 5
793 13 13 5
794 17 16 6
795 32 31 5
796 13 13 5
797 25 25 5
798 31 30 6
799 36 35 7
800 27 27 5
801 13 12 4
802 10 9 5
803 11 10 4
804 12 11 5
805 17 17 5
806 19 18 6
807 24 24 6
808 14 14 4
809 24 23 5
810 25 24 6
811 10 10 4
812 12 11 5
813 15 14 6
814 14 13 5
815 19 18 4
816 16 15 5
817 27 26 6
818 10 10 4
819 18 17 5
820 19 18 6
821 10 10 4
822 18 17 5
823 27 27 5
824 15 15 5
825 11 11 5
826 27 26 6
827 20 19 5
828 17 16 4
829 14 13 7
830 23 22 6
831 6 5 4
832 12 11 5
833 21 20 8
834 12 12 4
835 12 11 5
836 15 14 6
837 10 10 6
838 12 12 4
839 18 17 5
840 13 13 5
841 13 13 5
842 15 14 6
843 18 18 6
844 22 22 6
845 18 17 5
846 25 24 8
847 16 16 6
848 16 16 4
849 20 19 5
850 21 21 5
851 25 25 7
852 7 6 5
853 23 23 5
854 9 8 4
855 10 9 5
856 17 17 5
857 21 20 6
858 20 20 6
859 8 8 4
860 18 17 7
861 11 10 4
862 18 17 7
863 13 12 6
864 12 12 6
865 12 12 4
866 10 9 5
867 11 10 6
868 28 28 8
869 10 10 4
870 22 21 7
871 21 20 6
872 12 12 4
873 10 9 5
874 19 18 6
875 10 10 4
876 10 9 5
877 13 12 4
878 16 15 5
879 21 20 6
880 10 9 5
881 17 17 7
882 13 12 6
883 16 16 6
884 14 13 5
885 15 15 5
886 15 15 5
887 17 16 6
888 12 12 6
889 8 7 6
890 18 18 6
891 8 8 4
892 16 15 7
893 13 13 5
894 11 11 5
895 15 14 6
896 16 15 7
897 19 18 6
898 18 18 6
899 14 14 4
900 14 13 5
901 21 20 6
902 24 23 5
903 13 13 5
904 11 11 5
905 11 11 5
906 11 10 4
907 10 9 5
908 9 9 5
909 15 15 5
910 11 10 4
911 16 15 5
912 13 12 6
913 10 9 5
914 5 5 5
915 16 15 7
916 11 10 4
917 12 11 5
918 13 12 6
919 14 14 6
920 20 20 6
921 18 18 6
922 8 8 4
923 12 11 5
924 11 10 6
925 10 10 4
926 8 7 6
927 10 10 6
928 10 10 6
929 18 17 5
930 17 16 6
931 24 24 6
932 10 10 4
933 20 19 7
934 13 12 4
935 18 17 5
936 19 19 5
937 15 14 6
938 8 8 4
939 14 13 5
940 23 22 8
941 8 8 4
942 12 11 5
943 13 12 6
944 14 13 5
945 13 12 6
946 28 28 6
947 22 22 6
948 18 18 4
949 20 19 5
950 17 17 7
951 17 16 4
952 8 7 6
953 12 12 6
954 10 10 4
955 12 11 7
956 19 18 6
957 12 12 4
958 12 11 5
959 13 13 7
960 13 12 4
961 20 19 7
962 13 12 4
963 16 15 5
964 13 13 5
965 15 15 5
966 19 18 4
967 14 13 5
968 15 14 4
969 18 17 7
970 13 12 4
971 14 13 5
972 17 17 5
973 11 11 5
974 13 13 5
975 13 12 6
976 10 10 6
977 12 12 4
978 26 25 5
979 25 24 6
980 10 9 5
981 25 25 5
982 19 19 5
983 11 10 4
984 28 27 7
985 19 19 5
986 21 21 7
987 17 16 4
988 16 15 7
989 21 20 6
990 26 26 6
991 36 35 7
992 27 26 6
993 16 16 4
994 24 23 5
995 37 36 8
996 36 35 9
997 27 26 6
998 54 54 14
999 24 24 6
1000 24 24 4
1001 42 41 9
1002 31 30 10
1003 30 29 7
1004 27 26 6
1005 20 20 4
1006 28 27 7
1007 25 24 4
1008 38 37 5
1009 25 25 5
1010 25 25 7
1011 29 28 8
1012 30 30 8
1013 30 30 6
1014 22 22 6
1015 36 35 7
1016 27 26 6
1017 30 29 9
1018 33 32 8
1019 38 38 8
1020 22 21 5
1021 37 36 8
1022 22 21 7
1023 31 30 8
1024 24 24 6
1025 40 39 15
1026 23 23 5
1027 21 20 4
1028 26 25 5
1029 25 25 5
1030 15 14 6
1031 14 13 5
1032 13 12 4
1033 18 17 5
1034 21 21 5
1035 21 21 5
1036 27 26 6
1037 24 24 6
1038 26 25 7
1039 35 34 10
1040 26 26 12
1041 32 32 10
1042 36 35 9
1043 25 25 5
1044 33 33 7
1045 23 22 6
1046 20 20 6
1047 10 10 4
1048 28 27 5
1049 17 17 5
1050 13 13 5
1051 19 19 5
1052 21 21 5
1053 13 13 5
1054 31 31 5
1055 37 36 6
1056 24 23 5
1057 21 20 8
1058 22 21 7
1059 27 26 8
1060 22 22 4
1061 26 25 7
1062 33 33 7
1063 27 26 10
1064 22 22 6
1065 16 15 5
1066 27 27 5
1067 31 31 7
1068 23 22 6
1069 28 28 6
1070 30 30 10
1071 30 30 12
1072 16 16 6
1073 12 12 6
1074 24 24 6
1075 18 18 6
1076 22 22 4
1077 24 23 5
1078 7 6 5
1079 23 22 6
1080 22 22 6
1081 26 26 8
1082 22 22 6
1083 20 20 8
1084 26 26 8
1085 32 32 12
1086 22 22 8
1087 16 16 4
1088 20 19 5
1089 27 26 10
1090 20 20 6
1091 12 12 4
1092 28 27 9
1093 15 14 4
1094 16 15 7
1095 21 20 8
1096 26 25 9
1097 19 18 6
1098 26 25 7
1099 19 18 4
1100 22 21 5
1101 15 15 5
1102 9 9 5
1103 15 15 5
1104 19 19 7
1105 17 16 4
1106 12 11 5
1107 11 11 5
1108 29 28 8
1109 20 20 8
1110 28 27 11
1111 21 20 6
1112 24 24 12
1113 12 12 4
1114 26 25 5
1115 25 25 7
1116 25 24 8
1117 20 20 4
1118 22 21 5
1119 13 12 4
1120 22 21 7
1121 11 11 5
1122 17 17 7
1123 11 11 5
1124 15 14 4
1125 18 17 5
1126 13 12 4
1127 16 15 5
1128 21 20 6
1129 14 13 5
1130 9 8 4
1131 22 21 5
1132 15 14 4
1133 30 29 7
1134 15 14 6
1135 14 14 6
1136 16 16 4
1137 20 19 7
1138 13 13 5
1139 23 22 4
1140 18 17 5
1141 11 11 5
1142 9 9 5
1143 21 20 4
1144 14 13 5
1145 13 13 5
1146 23 22 6
1147 28 27 5
1148 21 21 5
1149 13 13 5
1150 29 28 6
1151 16 16 6
1152 12 12 6
1153 12 12 4
1154 20 19 7
1155 17 16 6
1156 16 16 4
1157 16 15 5
1158 17 16 6
1159 16 15 5
1160 23 23 5
1161 11 11 5
1162 13 12 6
1163 24 24 6
1164 12 12 4
1165 20 19 5
1166 19 18 6
1167 16 16 6
1168 14 14 4
1169 18 17 7
1170 15 15 5
1171 15 14 4
1172 18 17 5
1173 19 19 5
1174 15 14 4
1175 12 11 5
1176 11 10 4
1177 12 11 5
1178 13 12 4
1179 14 13 5
1180 17 16 6
1181 14 14 6
1182 6 6 6
1183 7 6 5
1184 17 16 6
1185 18 17 7
1186 11 11 5
1187 13 13 5
1188 9 9 5
1189 17 17 5
1190 15 14 8
1191 6 5 4
1192 18 17 7
1193 11 11 5
1194 7 6 5
1195 13 13 5
1196 11 10 4
1197 14 13 5
1198 17 16 6
1199 12 11 5
1200 27 26 6
1201 14 13 5
1202 23 22 8
1203 10 10 6
1204 8 8 4
1205 14 13 5
1206 17 17 7
1207 13 12 6
1208 16 16 4
1209 8 7 6
1210 12 11 5
1211 11 10 4
1212 24 23 7
1213 13 12 4
1214 14 13 5
1215 15 14 8
1216 16 16 4
1217 12 11 5
1218 15 14 6
1219 10 9 5
1220 11 11 7
1221 11 10 4
1222 12 11 5
1223 13 13 5
1224 11 11 7
1225 11 10 4
1226 10 9 5
1227 19 19 7
1228 11 10 4
1229 20 19 5
1230 9 8 4
1231 16 15 7
1232 9 9 5
1233 9 8 4
1234 12 11 5
1235 9 8 7
1236 19 18 6
1237 16 16 4
1238 6 5 4
1239 10 9 5
1240 11 11 5
1241 9 8 4
1242 12 11 5
1243 11 11 5
1244 21 20 6
1245 10 9 5
1246 13 12 6
1247 14 13 5
1248 9 9 5
1249 9 9 5
1250 9 9 5
1251 9 9 5
1252 11 10 6
1253 16 15 5
1254 19 18 6
1255 14 14 6
1256 16 15 5
1257 15 14 6
1258 10 9 5
1259 15 14 6
1260 16 16 4
1261 12 11 5
1262 5 5 5
1263 10 9 5
1264 7 7 7
1265 16 16 6
1266 6 5 4
1267 16 15 7
1268 11 11 5
1269 23 22 6
1270 16 15 5
1271 13 13 5
1272 13 13 5
1273 11 10 6
1274 12 12 6
1275 10 9 5
1276 15 14 6
1277 16 16 4
1278 18 17 5
1279 15 14 8
1280 18 18 6
1281 14 14 6
1282 18 17 5
1283 7 7 7
1284 18 18 4
1285 14 13 5
1286 9 9 5
1287 11 11 5
1288 13 12 4
1289 12 11 5
1290 17 16 6
1291 10 10 4
1292 16 15 7
1293 17 17 5
1294 17 16 6
1295 10 10 4
1296 18 17 5
1297 11 10 4
1298 10 9 5
1299 13 12 6
1300 12 12 6
1301 8 8 4
1302 22 21 5
1303 9 9 5
1304 13 12 4
1305 20 19 5
1306 13 12 4
1307 10 9 5
1308 9 8 7
1309 17 16 4
1310 14 13 5
1311 13 13 5
1312 9 9 5
1313 11 11 5
1314 23 22 8
1315 20 20 6
1316 6 6 6
1317 13 13 5
1318 9 8 4
1319 12 11 5
1320 9 9 5
1321 11 11 5
1322 11 10 4
1323 32 31 5
1324 15 14 4
1325 10 9 5
1326 9 8 4
1327 16 15 5
1328 13 13 5
1329 15 15 5
1330 15 15 5
1331 17 16 6
1332 12 12 6
1333 14 14 6
1334 18 18 6
1335 20 20 6
1336 24 23 5
1337 11 11 5
1338 17 17 5
1339 11 11 5
1340 11 10 4
1341 22 21 7
1342 13 12 4
1343 10 9 5
1344 25 24 6
1345 6 5 4
1346 18 17 5
1347 17 16 6
1348 18 17 5
1349 13 12 6
1350 24 24 6
1351 16 16 6
1352 12 12 6
1353 20 20 6
1354 12 12 6
1355 22 22 8
1356 14 13 5
1357 11 10 6
1358 20 20 4
1359 40 39 7
1360 17 17 5
1361 21 20 6
1362 20 20 4
1363 26 25 7
1364 19 18 4
1365 22 21 5
1366 19 19 5
1367 17 17 5
1368 17 16 6
1369 24 23 5
1370 19 19 5
1371 21 21 7
1372 17 16 4
1373 12 11 5
1374 27 26 6
1375 22 22 6
1376 18 18 4
1377 30 29 7
1378 21 20 6
1379 12 12 4
1380 16 15 5
1381 13 12 4
1382 28 27 5
1383 11 11 5
1384 21 20 6
1385 12 12 4
1386 16 15 5
1387 19 19 5
1388 25 24 4
1389 18 17 5
1390 15 14 6
1391 20 20 4
1392 24 23 7
1393 33 32 8
1394 16 15 5
1395 13 12 6
1396 16 16 6
1397 18 18 6
1398 16 16 6
1399 16 16 4
1400 24 23 7
1401 23 22 8
1402 26 26 6
1403 12 12 4
1404 14 13 5
1405 15 15 5
1406 7 7 7
1407 20 20 6
1408 20 19 5
1409 19 19 7
1410 13 12 4
1411 16 15 5
1412 13 13 5
1413 13 12 4
1414 20 19 7
1415 21 20 6
1416 18 18 6
1417 14 13 5
1418 19 18 6
1419 16 15 5
1420 19 19 5
1421 29 28 6
1422 22 22 6
1423 18 18 6
1424 16 16 6
1425 20 20 6
1426 18 18 6
1427 8 8 4
1428 12 11 5
1429 13 12 4
1430 14 13 7
1431 11 10 4
1432 14 13 5
1433 15 14 6
1434 12 11 7
1435 9 8 4
1436 10 9 5
1437 15 14 6
1438 10 10 6
1439 18 18 6
1440 8 8 4
1441 12 11 5
1442 9 8 4
1443 14 13 7
1444 9 8 4
1445 12 11 5
1446 13 12 4
1447 12 11 5
1448 11 11 5
1449 25 25 5
1450 13 12 4
1451 14 13 5
1452 17 17 5
1453 15 15 5
1454 15 14 6
1455 8 8 4
1456 12 11 5
1457 11 11 7
1458 15 14 6
1459 12 12 6
1460 10 10 4
1461 10 9 5
1462 9 9 5
1463 9 9 5
1464 13 13 5
1465 17 17 5
1466 11 11 5
1467 11 10 4
1468 16 15 7
1469 9 8 4
1470 10 9 5
1471 33 32 6
1472 14 14 6
1473 16 16 6
1474 12 12 6
1475 8 8 4
1476 18 17 5
1477 15 14 6
1478 22 22 6
1479 12 11 5
1480 15 15 5
1481 19 19 5
1482 17 17 5
1483 13 12 6
1484 12 11 5
1485 13 13 5
1486 27 27 7
1487 13 12 4
1488 16 15 5
1489 19 18 6
1490 12 12 6
1491 24 24 6
1492 22 22 6
1493 12 11 5
1494 29 28 4
1495 14 13 5
1496 27 26 8
1497 8 8 4
1498 34 33 5
1499 25 25 5
1500 43 42 6
1501 26 26 6
1502 18 17 5
1503 15 15 5
1504 43 42 8
1505 14 14 4
1506 30 29 5
1507 19 18 6
1508 30 30 8
1509 14 14 4
1510 18 17 5
1511 21 20 4
1512 24 23 5
1513 27 27 5
1514 9 9 5
1515 17 16 4
1516 30 29 5
1517 31 31 5
1518 17 16 4
1519 24 23 7
1520 21 20 6
1521 20 20 6
1522 26 26 6
1523 22 22 6
1524 24 24 6
1525 20 20 6
1526 20 19 5
1527 23 22 6
1528 14 14 4
1529 18 17 5
1530 23 22 4
1531 18 17 5
1532 19 18 6
1533 26 26 4
1534 32 31 7
1535 25 25 11
1536 17 16 4
1537 24 23 5
1538 29 28 6
1539 22 22 4
1540 24 23 5
1541 21 21 7
1542 41 40 6
1543 38 38 6
1544 28 28 6
1545 32 32 8
1546 18 18 4
1547 18 17 7
1548 17 17 5
1549 25 24 6
1550 28 28 6
1551 18 18 6
1552 16 15 5
1553 23 22 6
1554 24 24 8
1555 18 18 4
1556 14 13 5
1557 13 12 4
1558 26 25 5
1559 21 21 5
1560 15 14 4
1561 28 27 7
1562 19 18 4
1563 16 15 5
1564 19 18 6
1565 28 28 4
1566 28 27 7
1567 21 20 4
1568 20 19 5
1569 21 20 6
1570 20 20 6
1571 24 23 7
1572 21 20 6
1573 6 5 4
1574 32 31 5
1575 19 19 5
1576 23 22 6
1577 14 13 5
1578 19 18 6
1579 18 17 5
1580 19 18 4
1581 24 23 7
1582 25 24 6
1583 24 24 6
1584 20 20 6
1585 18 17 5
1586 23 22 4
1587 32 31 7
1588 17 17 5
1589 9 8 4
1590 22 21 7
1591 25 24 4
1592 10 9 5
1593 19 18 4
1594 24 23 7
1595 15 15 5
1596 19 18 4
1597 38 37 11
1598 17 17 5
1599 13 13 5
1600 15 14 6
1601 6 6 6
1602 25 24 4
1603 16 15 5
1604 19 18 6
1605 14 14 4
1606 16 15 5
1607 17 17 5
1608 19 18 6
1609 20 19 5
1610 15 15 7
1611 13 12 4
1612 20 19 7
1613 15 15 5
1614 13 13 5
1615 13 12 4
1616 26 25 7
1617 21 20 6
1618 14 14 4
1619 14 13 5
1620 23 23 5
1621 15 15 5
1622 15 15 5
1623 11 10 4
1624 20 19 5
1625 13 12 6
1626 16 16 6
1627 12 11 5
1628 11 11 5
1629 23 23 7
1630 11 10 4
1631 24 23 7
1632 15 14 4
1633 14 13 5
1634 25 25 5
1635 15 15 5
1636 17 16 4
1637 12 11 5
1638 13 12 4
1639 14 13 5
1640 19 19 5
1641 17 16 6
1642 14 14 4
1643 28 27 5
1644 23 23 5
1645 29 29 5
1646 23 23 5
1647 15 15 5
1648 19 19 5
1649 33 32 8
1650 28 27 5
1651 23 22 4
1652 22 21 5
1653 33 33 5
1654 29 29 7
1655 21 20 4
1656 26 25 7
1657 19 18 4
1658 36 35 7
1659 33 32 4
1660 30 29 7
1661 31 30 8
1662 24 24 6
1663 20 20 4
1664 18 17 5
1665 25 25 5
1666 31 30 6
1667 26 26 8
1668 18 18 6
1669 26 26 4
1670 22 21 7
1671 13 12 4
1672 20 19 5
1673 17 17 5
1674 13 13 5
1675 13 12 4
1676 28 27 7
1677 19 19 5
16