0 14 13 5
1 15 14 4
2 10 9 5
3 17 16 6
4 14 14 6
5 10 9 5
6 7 6 5
7 29 29 5
8 19 19 5
9 5 5 5
10 12 11 5
11 13 12 6
12 12 12 4
13 14 13 7
14 17 16 4
15 12 11 5
16 15 14 6
17 12 12 6
18 10 10 4
19 10 9 5
20 11 10 4
21 10 9 5
22 15 15 5
23 15 14 6
24 6 6 6
25 15 14 4
26 10 9 5
27 15 15 7
28 25 24 4
29 20 19 5
30 11 10 6
31 14 14 4
32 18 17 5
33 11 11 5
34 17 16 4
35 16 15 5
36 35 34 6
37 20 20 4
38 20 19 5
39 19 18 4
40 20 19 5
41 39 39 5
42 25 24 4
43 24 23 5
44 13 12 4
45 24 23 5
46 21 20 4
47 18 17 5
48 11 10 4
49 18 17 5
50 21 20 4
51 22 21 5
52 11 10 4
53 24 23 5
54 17 16 4
55 14 13 5
56 11 10 6
57 24 24 4
58 18 17 5
59 29 28 4
60 22 21 5
61 13 13 5
62 25 24 6
63 24 24 4
64 18 17 5
65 19 18 4
66 12 11 5
67 19 18 4
68 18 17 5
69 13 13 5
70 19 18 6
71 24 23 5
72 27 26 8
73 16 16 6
74 28 27 9
75 19 18 6
76 18 17 5
77 15 14 4
78 20 19 5
79 15 14 4
80 18 17 5
81 13 13 5
82 19 18 4
83 18 17 5
84 13 13 5
85 11 11 5
86 15 15 5
87 19 18 8
88 12 12 6
89 16 16 6
90 12 11 5
91 15 15 5
92 15 14 4
93 14 13 7
94 25 24 4
95 10 9 5
96 17 16 4
97 26 25 9
98 17 16 4
99 22 21 7
100 19 19 5
101 13 13 7
102 15 15 5
103 7 7 7
104 16 16 6
105 14 14 4
106 14 13 5
107 23 22 6
108 12 11 7
109 21 20 8
110 14 14 6
111 16 16 6
112 12 12 6
113 18 18 8
114 12 11 5
115 13 13 5
116 17 16 6
117 16 16 6
118 10 10 6
119 12 12 6
120 8 8 4
121 18 17 5
122 15 14 6
123 18 18 6
124 18 18 6
125 24 23 5
126 7 6 5
127 13 13 5
128 13 12 6
129 18 18 6
130 10 10 4
131 26 25 7
132 17 17 5
133 21 20 6
134 8 8 4
135 10 9 5
136 11 11 5
137 19 19 7
138 7 7 7
139 16 16 4
140 14 13 5
141 13 12 6
142 12 12 4
143 24 23 5
144 11 10 6
145 32 32 10
146 8 8 4
147 12 11 5
148 11 11 5
149 21 20 6
150 12 12 6
151 14 14 6
152 22 21 7
153 17 16 6
154 10 10 4
155 16 15 7
156 13 12 4
157 14 13 7
158 23 22 8
159 10 10 4
160 16 15 7
161 11 10 6
162 10 10 4
163 12 11 5
164 15 14 6
165 16 15 5
166 19 18 4
167 16 15 5
168 13 12 6
169 16 16 6
170 14 13 5
171 17 17 7
172 5 5 5
173 12 11 5
174 17 16 8
175 14 13 7
176 29 28 6
177 10 10 4
178 18 17 5
179 9 8 4
180 20 19 5
181 9 8 4
182 22 21 5
183 13 13 5
184 17 16 6
185 10 10 6
186 10 10 4
187 12 11 5
188 15 14 6
189 10 9 5
190 15 14 6
191 12 11 5
192 11 11 5
193 11 11 7
194 9 8 4
195 16 15 7
196 17 16 4
197 14 13 5
198 13 12 6
199 10 10 6
200 18 17 5
201 9 9 5
202 23 22 6
203 16 15 5
204 13 13 5
205 11 10 4
206 10 9 5
207 11 11 5
208 15 15 5
209 11 10 6
210 18 18 4
211 8 7 6
212 18 18 6
213 22 21 7
214 15 14 4
215 14 13 5
216 21 20 4
217 14 13 5
218 15 14 6
219 14 14 6
220 24 23 5
221 11 11 5
222 17 16 6
223 20 20 4
224 18 17 5
225 13 12 4
226 10 9 5
227 27 26 4
228 14 13 5
229 11 11 5
230 15 14 4
231 18 17 7
232 15 14 4
233 12 11 5
234 15 14 6
235 16 15 5
236 15 14 6
237 12 12 4
238 14 13 7
239 11 10 6
240 14 14 6
241 16 16 4
242 20 19 7
243 11 10 6
244 14 14 4
245 8 7 6
246 10 10 6
247 8 8 4
248 14 13 7
249 7 6 5
250 15 15 5
251 7 6 5
252 7 7 7
253 18 18 6
254 10 10 6
255 10 10 6
256 18 17 5
257 13 13 5
258 13 12 6
259 12 12 6
260 12 12 8
261 16 16 6
262 10 10 6
263 12 12 4
264 12 11 5
265 9 9 5
266 9 8 7
267 13 12 8
268 10 9 5
269 11 11 5
270 7 6 5
271 9 8 4
272 12 11 7
273 11 11 7
274 15 14 6
275 10 10 6
276 12 12 6
277 16 15 5
278 9 9 5
279 13 13 7
280 11 10 4
281 14 13 5
282 7 7 7
283 10 10 6
284 10 10 6
285 10 10 4
286 8 7 6
287 10 10 6
288 6 5 4
289 12 11 7
290 17 17 7
291 11 10 4
292 14 13 5
293 15 14 8
294 12 12 6
295 12 11 5
296 11 10 4
297 14 13 7
298 13 12 6
299 16 15 5
300 19 19 5
301 13 12 6
302 6 6 6
303 11 10 4
304 20 19 7
305 15 14 6
306 16 16 6
307 10 10 4
308 12 11 5
309 13 12 6
310 16 15 7
311 13 12 4
312 6 5 4
313 20 19 5
314 13 13 5
315 15 14 6
316 6 6 6
317 13 13 5
318 9 9 5
319 11 10 4
320 20 19 5
321 13 12 6
322 6 6 6
323 21 20 6
324 12 12 4
325 10 9 5
326 17 16 4
327 8 7 6
328 12 12 6
329 16 16 6
330 12 11 5
331 23 23 5
332 15 14 6
333 8 8 4
334 14 13 5
335 7 6 5
336 13 12 6
337 14 14 6
338 14 14 4
339 20 19 5
340 17 17 5
341 11 10 6
342 12 12 4
343 6 5 4
344 12 11 7
345 11 10 6
346 16 16 6
347 20 20 6
348 18 18 4
349 10 9 5
350 13 12 4
351 10 9 5
352 13 12 6
353 10 10 4
354 30 29 5
355 17 17 5
356 17 16 4
357 6 5 4
358 14 13 5
359 11 10 4
360 32 31 5
361 21 21 5
362 25 24 4
363 20 19 5
364 15 14 6
365 10 10 4
366 16 15 5
367 11 10 4
368 20 19 5
369 27 26 6
370 26 26 4
371 12 11 5
372 15 14 4
373 24 23 5
374 15 15 5
375 13 12 4
376 18 17 5
377 17 16 4
378 24 23 5
379 17 16 4
380 16 15 5
381 15 14 6
382 18 18 6
383 22 22 6
384 16 16 6
385 14 14 4
386 16 15 5
387 15 15 5
388 17 16 4
389 18 17 5
390 11 10 4
391 22 21 9
392 27 26 6
393 16 16 4
394 18 17 5
395 19 19 5
396 17 17 5
397 17 16 6
398 18 18 6
399 16 16 6
400 24 24 10
401 20 19 5
402 13 13 7
403 29 28 4
404 26 25 9
405 21 20 8
406 26 25 11
407 17 16 8
408 22 22 8
409 10 10 4
410 18 17 5
411 19 18 4
412 14 13 5
413 15 14 6
414 16 16 6
415 18 17 7
416 21 20 6
417 10 10 4
418 16 15 7
419 19 18 6
420 28 27 7
421 13 12 6
422 24 23 7
423 21 20 8
424 18 18 8
425 10 10 4
426 12 11 5
427 23 22 6
428 16 16 4
429 34 33 11
430 15 15 5
431 23 23 9
432 15 14 6
433 14 13 5
434 19 19 5
435 19 18 4
436 18 17 9
437 25 24 8
438 18 18 8
439 24 23 9
440 17 16 4
441 20 19 5
442 17 17 5
443 17 16 6
444 10 10 6
445 20 20 8
446 12 12 4
447 22 21 5
448 17 16 6
449 14 14 4
450 10 9 5
451 13 12 6
452 12 12 6
453 14 14 4
454 16 15 7
455 17 16 4
456 12 11 5
457 17 16 6
458 18 17 7
459 11 10 4
460 20 19 5
461 19 18 4
462 12 11 5
463 11 10 4
464 16 15 5
465 11 11 5
466 21 20 8
467 18 18 4
468 12 11 5
469 13 12 4
470 16 15 5
471 11 10 6
472 6 5 4
473 16 15 7
474 15 14 4
475 20 19 5
476 9 8 4
477 12 11 5
478 19 19 7
479 13 12 6
480 10 10 4
481 10 9 5
482 13 13 7
483 15 14 6
484 14 13 5
485 13 12 6
486 12 12 6
487 10 10 4
488 10 9 5
489 13 13 5
490 9 9 5
491 13 13 5
492 13 12 4
493 10 9 5
494 15 14 4
495 24 23 7
496 9 8 4
497 16 15 5
498 11 11 5
499 15 14 6
