0 22 21 5
1 13 12 6
2 14 14 6
3 28 28 8
4 14 14 4
5 18 17 5
6 23 22 8
7 14 14 6
8 18 18 4
9 22 21 7
10 13 12 4
11 12 11 5
12 7 6 5
13 9 9 5
14 15 14 6
15 14 13 5
16 13 13 5
17 23 23 7
18 11 10 4
19 14 13 5
20 17 16 6
21 10 10 4
22 16 15 5
23 15 15 7
24 9 9 5
25 13 12 6
26 14 14 6
27 10 10 6
28 10 10 6
29 16 15 5
30 13 13 5
31 13 12 4
32 12 11 7
33 11 10 6
34 10 10 4
35 12 11 5
36 13 12 4
37 8 7 6
38 22 21 7
39 15 15 5
40 13 12 6
41 14 13 5
42 13 13 5
43 9 9 5
44 13 12 6
45 12 12 6
46 14 13 5
47 11 10 4
48 24 23 5
49 11 10 4
50 18 17 5
51 23 22 6
52 6 5 4
53 14 13 5
54 7 6 5
55 11 10 6
56 14 14 6
57 18 17 5
58 27 26 6
59 18 18 6
60 22 21 5
61 15 15 5
62 17 16 6
63 34 34 6
64 30 30 6
65 36 35 5
66 25 25 7
67 15 15 5
68 15 14 6
69 20 20 4
70 18 17 5
71 21 20 6
72 26 26 6
73 22 22 6
74 12 12 6
75 20 19 5
76 15 15 5
77 25 25 7
78 25 24 6
79 16 16 6
80 20 20 6
81 10 10 4
82 30 29 7
83 23 23 5
84 21 21 5
85 23 23 5
86 41 41 7
87 33 32 4
88 16 15 5
89 19 19 5
90 27 26 6
91 36 36 6
92 20 20 4
93 36 35 7
94 29 28 8
95 20 20 4
96 24 23 7
97 23 22 4
98 22 21 5
99 19 18 4
100 24 23 5
101 21 21 5
102 29 29 5
103 23 22 6
104 18 18 6
105 12 12 4
106 18 17 5
107 27 26 6
108 18 18 4
109 20 19 5
110 17 17 5
111 27 26 6
112 20 19 5
113 21 20 6
114 32 32 8
115 20 20 6
116 22 21 5
117 31 31 7
118 21 21 5
119 33 32 12
120 14 13 5
121 17 17 5
122 17 16 4
123 34 33 5
124 21 21 5
125 27 27 5
126 25 25 7
127 33 32 4
128 32 31 9
129 17 17 5
130 15 15 5
131 21 21 5
132 21 21 9
133 19 18 6
134 26 25 5
135 29 28 4
136 18 17 5
137 15 15 5
138 23 23 5
139 23 22 6
140 18 17 5
141 29 29 9
142 21 21 5
143 33 32 6
144 22 22 8
145 26 25 7
146 17 16 8
147 22 22 8
148 18 18 4
149 20 19 5
150 29 29 7
151 27 27 7
152 25 24 6
153 28 27 7
154 17 17 5
155 35 34 8
156 16 16 4
157 26 25 5
158 19 18 6
159 28 27 5
160 29 28 10
161 18 18 4
162 30 29 5
163 31 31 7
164 23 22 6
165 14 14 4
166 18 17 5
167 19 18 4
168 30 29 5
169 25 25 5
170 21 21 7
171 25 24 6
172 26 25 7
173 21 20 4
174 32 31 7
175 23 22 8
176 24 24 6
177 38 37 7
178 35 35 13
179 29 28 4
180 28 27 7
181 27 26 6
182 24 24 6
183 26 26 4
184 28 27 7
185 31 30 6
186 36 35 9
187 27 26 4
188 26 25 5
189 23 23 7
190 29 28 4
191 26 25 5
192 13 13 5
193 15 15 5
194 17 16 4
195 22 21 9
196 23 22 6
197 20 20 6
198 26 26 6
199 26 25 5
200 13 12 4
201 22 21 5
202 23 22 4
203 24 23 5
204 17 17 5
205 21 21 5
206 27 27 7
207 17 17 5
208 35 35 5
209 23 23 5
210 19 19 5
211 21 20 6
212 26 26 4
213 42 41 7
214 19 18 4
215 22 21 5
216 19 19 5
217 29 28 4
218 24 23 7
219 15 15 5
220 25 24 8
221 18 17 5
222 19 19 5
223 27 26 6
224 24 24 6
225 22 21 5
226 31 30 6
227 32 32 6
228 22 22 8
229 26 26 6
230 26 25 5
231 27 26 4
232 16 15 5
233 19 19 5
234 19 19 5
235 31 30 4
236 26 25 5
237 27 27 7
238 15 15 5
239 25 24 6
240 24 23 5
241 25 25 7
242 17 16 4
243 34 33 5
244 13 13 5
245 9 8 4
246 16 15 5
247 15 15 5
248 23 22 4
249 18 17 5
250 13 12 6
251 8 8 4
252 12 11 5
253 15 14 6
254 16 15 7
255 9 8 4
256 10 9 5
257 15 14 4
258 16 15 7
259 19 18 6
260 16 16 4
261 12 11 5
262 17 16 6
263 8 8 4
264 20 19 5
265 9 9 5
266 23 22 8
267 22 22 6
268 24 23 9
269 27 26 4
270 18 17 5
271 19 19 5
272 17 16 4
273 16 15 5
274 11 10 4
275 18 17 5
276 21 20 6
277 22 21 5
278 15 15 5
279 19 19 5
280 21 20 4
281 18 17 7
282 13 12 4
283 40 39 5
284 21 21 5
285 17 17 5
286 25 24 6
287 16 15 5
288 15 14 6
289 14 14 4
290 20 19 5
291 21 21 5
292 27 27 5
293 9 8 4
294 20 19 5
295 15 14 4
296 24 23 7
297 39 38 6
298 32 32 6
299 22 22 6
300 30 30 4
301 52 51 7
302 23 23 5
303 29 28 6
304 32 32 6
305 36 35 7
306 41 41 5
307 41 41 7
308 43 42 6
309 34 34 6
310 36 36 8
311 36 36 6
312 18 17 5
313 43 42 10
314 30 30 8
315 22 22 6
316 36 36 10
317 22 22 8
318 24 24 6
319 24 23 7
320 45 44 6
321 38 37 7
322 43 43 7
323 51 50 8
324 42 41 9
325 17 16 4
326 30 29 5
327 27 27 5
328 33 32 4
329 32 31 7
330 23 23 5
331 23 22 6
332 28 28 8
333 22 22 6
334 10 10 4
335 12 11 5
336 15 14 4
337 24 23 5
338 15 15 5
339 17 16 4
340 32 31 5
341 23 23 7
342 11 10 6
343 14 14 4
344 20 19 5
345 25 25 5
346 17 16 4
347 20 19 5
348 25 25 7
349 17 16 4
350 26 25 7
351 15 14 4
352 16 15 5
353 9 8 4
354 18 17 7
355 17 16 4
356 24 23 5
357 13 13 5
358 13 12 6
359 20 20 4
360 22 21 5
361 13 13 5
362 11 11 5
363 23 22 6
364 16 16 4
365 20 19 7
366 17 16 6
367 26 26 6
368 16 16 6
369 24 24 4
370 14 13 5
371 23 22 6
372 16 15 5
373 21 20 6
374 20 20 6
375 16 16 4
376 20 19 7
377 11 10 4
378 18 17 5
379 19 18 6
380 28 27 5
381 15 15 5
382 11 11 5
383 17 16 6
384 18 18 4
385 14 13 5
386 27 26 6
387 14 13 5
388 19 18 6
389 18 18 6
390 20 20 8
391 12 12 4
392 12 11 5
393 17 16 6
394 14 14 4
395 22 21 5
396 19 18 4
397 22 21 5
398 17 17 7
399 9 8 4
400 10 9 5
401 19 18 6
402 12 11 5
403 15 14 4
404 12 11 5
405 13 12 6
406 8 7 6
407 10 9 5
408 11 10 4
409 26 25 7
410 11 10 6
411 10 10 6
412 10 10 6
413 10 10 4
414 16 15 5
415 21 20 6
416 18 17 5
417 19 18 8
418 10 10 4
419 14 13 5
420 9 8 4
421 14 13 5
422 13 12 6
423 14 14 6
424 10 10 4
425 20 19 5
426 11 11 5
427 13 12 6
428 14 14 6
429 16 16 6
430 14 14 4
431 12 11 5
432 23 22 6
433 32 31 7
434 23 23 5
435 25 24 4
436 16 15 5
437 9 9 5
438 13 13 5
439 15 15 5
440 17 17 7
441 15 14 6
442 20 20 4
443 24 23 7
444 17 16 4
445 12 11 5
446 9 8 4
447 18 17 5
448 11 10 4
449 12 11 7
450 17 16 4
451 14 13 7
452 17 16 4
453 10 9 5
454 15 14 4
455 20 19 7
456 17 17 5
457 15 14 6
458 18 17 7
459 17 16 4
460 14 13 5
461 11 10 6
462 10 10 6
463 20 20 8
464 8 8 4
465 14 13 5
466 11 11 5
467 13 12 4
468 12 11 7
469 7 6 5
470 11 10 6
471 14 14 6
472 10 9 5
473 15 14 4
474 20 19 5
475 27 27 5
476 13 12 4
477 12 11 5
478 7 6 5
479 15 14 6
480 18 18 6
481 10 9 5
482 9 8 4
483 10 9 5
484 7 6 5
485 9 9 5
486 11 11 5
487 15 15 5
488 17 17 7
489 17 16 6
490 10 9 5
491 11 10 4
492 14 13 5
493 15 15 7
494 9 8 4
495 22 21 7
496 11 10 6
497 10 9 5
498 17 16 6
499 8 8 4
500 12 11 5
501 13 13 5
502 15 15 5
503 9 9 5
504 15 14 6
505 18 18 6
506 10 9 5
507 15 15 5
508 9 8 4
509 16 15 5
510 15 14 6
511 14 14 4
512 14 13 5
513 17 17 5
514 11 11 5
515 15 14 6
516 14 13 5
517 17 17 7
518 21 20 6
519 14 14 4
520 10 9 5
521 9 8 4
522 16 15 5
523 11 11 5
524 13 12 6
525 12 12 6
526 10 10 4
527 14 13 5
528 13 12 6
529 6 6 6
530 13 13 7
531 9 8 4
532 14 13 5
533 19 18 6
534 10 10 6
535 8 8 4
536 10 9 5
537 13 13 5
538 21 21 7
539 31 30 4
540 22 21 5
541 17 17 7
542 17 16 4
543 10 9 5
544 11 10 6
545 12 12 6
546 8 7 6
547 16 16 4
548 20 19 7
549 23 22 4
550 24 23 7
551 23 22 6
552 22 22 8
553 12 12 4
554 12 11 5
555 11 11 5
556 11 10 4
557 6 5 4
558 18 17 7
559 17 16 6
560 20 20 6
561 24 23 5
562 15 14 6
563 22 21 5
564 19 19 5
565 17 16 6
566 20 20 6
567 8 8 4
568 8 7 6
569 22 22 6
570 12 12 4
571 14 13 5
572 27 27 5
573 15 14 6
574 12 12 4
575 14 13 5
576 19 18 4
577 22 21 5
578 19 18 6
579 8 8 4
580 26 25 5
581 23 23 5
582 15 15 5
583 23 23 5
584 17 17 5
585 19 18 4
586 20 19 5
587 23 23 5
588 31 31 7
589 29 28 10
590 32 32 4
591 36 35 5
592 21 21 5
593 25 25 7
594 33 32 6
595 18 18 6
596 20 20 4
597 48 47 7
598 37 37 7
599 21 21 5
600 21 20 4
601 24 23 7
602 27 26 6
603 28 27 5
604 41 40 10
605 38 38 8
606 36 36 6
607 46 45 13
608 21 20 4
609 28 27 7
610 35 35 7
611 21 21 5
612 37 37 9
613 29 28 6
614 34 34 8
615 30 30 8
616 28 27 5
617 15 15 5
618 31 31 5
619 31 31 7
620 31 30 8
621 28 27 9
622 37 37 7
623 35 34 10
624 28 28 8
625 30 30 8
626 22 22 6
627 30 29 7
628 23 23 7
629 43 42 10
630 50 50 10
631 32 31 9
632 21 21 5
633 21 20 6
634 26 26 8
635 38 37 9
636 23 23 9
637 29 28 8
638 34 33 9
639 33 32 8
640 32 31 9
641 25 24 8
642 20 20 6
643 30 29 7
644 29 29 9
645 31 30 12
646 30 29 9
647 37 37 5
648 29 29 5
649 27 26 8
650 22 21 5
651 39 39 11
652 21 21 5
653 23 23 7
654 45 44 12
655 22 21 5
656 21 21 5
657 23 22 6
658 38 37 9
659 37 37 9
660 21 20 6
661 40 40 12
662 36 36 8
663 46 46 14
664 36 36 8
665 38 38 12
666 32 31 7
667 27 26 8
668 38 38 10
669 44 43 7
670 29 29 7
671 13 13 5
672 19 18 6
673 38 38 8
674 24 24 6
675 40 39 11
676 31 31 7
677 45 44 10
678 24 24 6
679 32 32 8
680 32 31 7
681 17 17 5
682 25 25 5
683 27 27 5
684 23 23 5
685 27 26 6
686 32 31 5
687 15 15 5
688 31 31 7
689 27 26 6
690 18 17 5
691 27 27 7
692 17 16 6
693 22 22 6
694 32 32 8
695 24 24 4
696 24 23 7
697 31 30 6
698 18 17 5
699 19 19 5
700 25 24 4
701 16 15 5
702 13 13 5
703 15 15 5
704 33 32 8
705 18 18 4
706 12 11 5
707 13 12 4
708 20 19 5
709 19 19 7
710 15 15 5
711 19 19 5
712 17 17 5
713 19 19 5
714 17 17 5
715 21 21 5
716 23 23 7
717 25 24 6
718 12 12 4
719 10 9 5
720 15 14 4
721 16 15 5
722 17 16 4
723 10 9 5
724 9 8 4
725 16 15 5
726 11 10 4
727 20 19 5
728 19 18 6
729 24 23 7
730 17 16 6
731 22 22 6
732 12 12 4
733 16 15 5
734 13 12 6
735 18 18 6
736 16 16 6
737 16 16 6
738 22 21 7
739 17 16 4
740 26 25 7
741 21 20 6
742 12 12 4
743 22 21 5
744 19 18 4
745 20 19 5
746 15 14 6
747 10 10 4
748 22 21 7
749 15 14 6
750 26 25 5
751 15 14 4
752 14 13 5
753 27 26 6
754 14 14 4
755 16 15 5
756 27 27 7
757 13 13 5
758 13 12 6
759 14 14 4
760 20 19 5
761 17 17 5
762 11 11 5
763 19 18 4
764 12 11 5
765 13 12 4
766 10 9 5
767 13 12 8
768 12 12 4
769 16 15 7
770 13 12 6
771 14 14 4
772 24 23 5
773 17 16 4
774 24 23 5
775 21 20 6
776 20 19 5
777 17 17 5
778 13 13 5
779 9 8 4
780 12 11 5
781 15 14 6
782 12 11 5
783 11 11 5
784 15 14 6
785 28 28 6
786 16 15 5
787 11 11 5
788 15 14 4
789 30 29 7
790 9 8 4
791 14 13 5
792 15 15 5
793 13 13 5
794 15 15 5
795 31 31 5
796 13 13 5
797 25 25 5
798 31 31 7
799 35 34 6
800 28 28 6
801 14 13 5
802 9 8 4
803 12 11 5
804 11 10 4
805 18 17 5
806 17 16 4
807 24 23 5
808 15 15 5
809 23 23 5
810 23 23 5
811 11 10 4
812 12 11 5
813 13 13 5
814 13 12 4
815 20 19 5
816 15 14 4
817 28 27 7
818 11 11 5
819 19 18 6
820 16 16 4
821 12 11 5
822 17 17 5
823 31 30 8
824 16 16 6
825 10 10 4
826 26 25 5
827 19 19 5
828 17 16 4
829 12 11 5
830 21 21 5
831 7 6 5
832 13 12 6
833 18 18 6
834 14 13 5
835 11 10 4
836 16 15 7
837 9 8 4
838 14 13 5
839 19 18 6
840 14 14 6
841 12 12 4
842 14 13 5
843 19 19 7
844 23 22 6
845 18 17 5
846 23 22 6
847 16 15 5
848 17 17 5
849 21 20 6
850 22 22 6
851 26 25 7
852 5 5 5
853 24 23 5
854 9 8 4
855 10 9 5
856 19 18 6
857 22 21 7
858 21 20 6
859 8 8 4
860 16 15 5
861 11 11 5
862 17 16 6
863 10 10 4
864 12 11 5
865 15 14 6
866 10 10 6
867 10 10 6
868 26 26 6
869 12 11 5
870 21 20 6
871 20 20 6
872 12 12 4
873 10 9 5
874 17 16 4
875 12 11 5
876 11 10 6
877 12 12 4
878 16 15 5
879 21 20 6
880 10 10 6
881 18 18 8
882 10 10 4
883 18 17 7
884 13 12 4
885 16 15 5
886 17 16 6
887 16 16 6
888 12 12 6
889 6 6 6
890 21 20 8
891 8 8 4
892 16 15 7
893 15 14 6
894 12 11 5
895 15 14 6
896 16 15 7
897 17 16 4
898 20 19 7
899 15 14 4
900 14 13 5
901 21 20 6
902 24 23 5
903 13 13 5
904 11 11 5
905 11 10 4
906 14 13 7
907 9 8 4
908 10 9 5
909 15 14 4
910 12 11 5
911 15 15 5
912 13 12 6
913 10 10 6
914 6 5 4
915 14 13 5
916 13 12 6
917 10 10 4
918 14 13 7
919 13 12 4
920 22 21 7
921 17 17 5
922 9 9 5
923 11 10 4
924 10 9 5
925 13 12 6
926 6 6 6
927 11 10 6
928 12 12 8
929 16 16 4
930 16 15 5
931 23 22 4
932 12 11 5
933 21 20 8
934 12 12 4
935 18 17 5
936 19 19 5
937 15 14 6
938 8 8 4
939 14 13 5
940 21 20 6
941 10 9 5
942 13 12 6
943 12 12 6
944 14 13 5
945 11 10 4
946 28 27 5
947 21 21 5
948 19 18 4
949 22 21 7
950 15 15 5
951 19 18 6
952 6 6 6
953 13 12 6
954 12 12 6
955 8 8 4
956 20 19 7
957 13 13 5
958 11 11 5
959 11 10 4
960 14 13 5
961 19 18 6
962 14 13 5
963 17 16 6
964 14 13 5
965 15 14 4
966 20 19 5
967 13 12 4
968 16 15 5
969 15 15 5
970 15 14 6
971 14 13 5
972 21 20 8
973 14 14 8
974 12 12 4
975 12 11 5
976 9 8 4
977 14 13 5
978 27 26 6
979 24 24 6
980 10 10 6
981 24 24 4
982 20 19 5
983 13 12 6
984 26 26 6
985 20 20 6
986 22 22 8
987 16 16 4
988 14 13 5
989 19 19 5
990 29 28 8
991 34 34 6
992 24 24 4
993 20 19 7
994 25 24 6
995 34 34 6
996 36 35 9
997 27 26 6
998 54 53 13
999 23 23 5
1000 27 27 7
1001 39 38 6
1002 32 31 11
1003 29 28 6
1004 26 26 6
1005 22 22 6
1006 24 24 4
1007 28 27 7
1008 39 38 6
1009 26 26 6
1010 26 25 7
1011 27 26 6
1012 30 29 7
1013 31 30 6
1014 22 21 5
1015 37 37 9
1016 27 27 7
1017 27 26 6
1018 32 31 7
1019 39 39 9
1020 21 20 4
1021 40 39 11
1022 19 19 5
1023 29 28 6
1024 26 25 7
1025 39 38 14
1026 24 24 6
1027 22 21 5
1028 27 26 6
1029 24 24 4
1030 14 13 5
1031 13 13 5
1032 13 13 5
1033 17 16 4
1034 24 23 7
1035 21 20 4
1036 26 25 5
1037 23 23 5
1038 23 23 5
1039 33 33 9
1040 27 26 12
1041 32 31 9
1042 35 35 9
1043 25 25 5
1044 31 31 5
1045 23 22 6
1046 18 18 4
1047 12 11 5
1048 27 27 5
1049 19 18 6
1050 14 14 6
1051 18 18 4
1052 24 23 7
1053 13 12 4
1054 34 33 7
1055 37 36 6
1056 24 23 5
1057 19 19 7
1058 21 21 7
1059 27 26 8
1060 24 24 6
1061 24 24 6
1062 36 35 9
1063 21 21 5
1064 21 21 5
1065 19 18 8
1066 28 28 6
1067 30 30 6
1068 22 22 6
1069 28 28 6
1070 30 29 9
1071 25 25 7
1072 15 15 5
1073 11 11 5
1074 25 24 6
1075 18 17 5
1076 27 26 8
1077 22 22 4
1078 6 5 4
1079 22 21 5
1080 21 21 5
1081 25 25 7
1082 21 21 5
1083 19 19 7
1084 27 26 8
1085 34 34 14
1086 20 20 6
1087 18 18 6
1088 20 20 6
1089 24 24 8
1090 18 18 4
1091 14 13 5
1092 25 24 6
1093 16 16 6
1094 16 15 7
1095 23 22 10
1096 22 22 6
1097 20 19 7
1098 25 24 6
1099 18 18 4
1100 22 21 5
1101 15 14 4
1102 10 9 5
1103 19 18 8
1104 16 16 4
1105 18 17 5
1106 11 11 5
1107 11 10 4
1108 26 25 5
1109 23 23 11
1110 23 23 7
1111 21 20 6
1112 20 19 7
1113 13 13 5
1114 27 26 6
1115 28 27 9
1116 23 22 6
1117 20 20 4
1118 22 21 5
1119 13 12 4
1120 22 21 7
1121 13 12 6
1122 16 15 5
1123 11 11 5
1124 15 14 4
1125 18 17 5
1126 15 14 6
1127 18 17 7
1128 21 20 6
1129 12 12 4
1130 10 9 5
1131 21 21 5
1132 15 14 4
1133 28 27 5
1134 15 14 6
1135 14 14 6
1136 18 17 5
1137 19 18 6
1138 14 14 6
1139 22 22 4
1140 18 17 5
1141 11 11 5
1142 9 9 5
1143 21 21 5
1144 15 14 6
1145 12 12 4
1146 24 23 7
1147 29 28 6
1148 22 22 6
1149 12 12 4
1150 28 27 5
1151 17 16 6
1152 10 10 4
1153 14 13 5
1154 19 19 7
1155 15 15 5
1156 17 16 4
1157 16 15 5
1158 15 14 4
1159 18 17 7
1160 25 24 6
1161 10 10 4
1162 12 11 5
1163 25 25 7
1164 13 12 4
1165 20 19 5
1166 19 18 6
1167 14 14 4
1168 16 15 5
1169 15 15 5
1170 15 15 5
1171 15 15 5
1172 19 18 6
1173 20 20 6
1174 14 14 4
1175 12 11 5
1176 11 10 4
1177 12 11 5
1178 15 14 6
1179 12 12 4
1180 16 15 5
1181 13 13 5
1182 7 6 5
1183 7 6 5
1184 17 16 6
1185 16 15 5
1186 11 11 5
1187 15 15 7
1188 9 8 4
1189 20 19 7
1190 11 10 4
1191 6 5 4
1192 18 17 7
1193 11 11 5
1194 7 6 5
1195 13 12 4
1196 12 11 5
1197 15 15 7
1198 15 14 4
1199 12 11 5
1200 27 27 7
1201 13 12 4
1202 22 21 7
1203 9 8 4
1204 12 11 7
1205 15 14 6
1206 16 15 5
1207 11 10 4
1208 18 17 5
1209 7 7 7
1210 12 12 6
1211 12 12 6
1212 22 22 6
1213 12 12 4
1214 14 13 5
1215 15 14 8
1216 18 18 6
1217 12 12 6
1218 14 14 6
1219 10 10 6
1220 10 10 6
1221 12 12 6
1222 12 12 6
1223 12 12 4
1224 10 9 5
1225 11 11 5
1226 9 9 5
1227 19 18 6
1228 12 11 5
1229 19 18 4
1230 10 9 5
1231 13 13 5
1232 9 9 5
1233 9 9 5
1234 11 11 5
1235 5 5 5
1236 18 17 5
1237 17 17 5
1238 7 6 5
1239 11 10 6
1240 10 10 4
1241 10 9 5
1242 13 12 6
1243 12 11 5
1244 21 20 6
1245 10 9 5
1246 11 11 5
1247 13 13 5
1248 11 10 6
1249 10 10 6
1250 10 9 5
1251 9 8 4
1252 10 9 5
1253 15 15 5
1254 17 16 4
1255 16 15 7
1256 17 16 6
1257 12 12 4
1258 10 9 5
1259 15 15 7
1260 19 18 6
1261 10 10 4
1262 8 7 6
1263 10 10 6
1264 6 6 6
1265 17 16 6
1266 6 6 6
1267 13 13 5
1268 13 12 6
1269 22 21 5
1270 19 18 8
1271 14 14 6
1272 12 12 4
1273 10 9 5
1274 13 13 7
1275 9 8 4
1276 14 13 5
1277 17 17 5
1278 17 17 5
1279 13 12 6
1280 20 20 8
1281 12 12 4
1282 20 19 7
1283 7 6 5
1284 19 18 4
1285 14 13 5
1286 9 9 5
1287 11 11 5
1288 13 13 5
1289 11 10 4
1290 16 15 5
1291 11 11 5
1292 15 15 7
1293 19 18 6
1294 16 16 6
1295 10 10 4
1296 18 17 5
1297 11 11 5
1298 9 8 4
1299 12 11 5
1300 11 11 5
1301 9 8 4
1302 22 21 5
1303 9 9 5
1304 13 12 4
1305 20 19 5
1306 13 12 4
1307 10 9 5
1308 7 6 5
1309 17 17 5
1310 15 14 6
1311 14 13 5
1312 9 9 5
1313 11 11 5
1314 21 20 6
1315 20 20 6
1316 6 5 4
1317 16 15 7
1318 9 8 4
1319 12 11 5
1320 9 9 5
1321 11 11 5
1322 13 12 6
1323 32 32 6
1324 14 14 4
1325 10 9 5
1326 11 10 6
1327 16 16 6
1328 12 12 4
1329 18 17 7
1330 17 16 6
1331 14 14 4
1332 12 11 5
1333 13 13 5
1334 19 18 6
1335 20 20 6
1336 24 23 5
1337 11 10 4
1338 18 17 5
1339 11 11 5
1340 11 11 5
1341 19 19 5
1342 13 13 5
1343 9 9 5
1344 25 24 6
1345 6 6 6
1346 17 16 4
1347 18 17 7
1348 17 16 4
1349 12 11 5
1350 25 25 7
1351 17 16 6
1352 12 11 5
1353 19 19 5
1354 11 11 5
1355 21 20 6
1356 14 14 6
1357 10 10 6
1358 22 22 6
1359 38 38 6
1360 18 18 6
1361 20 20 6
1362 22 22 6
1363 24 24 6
1364 18 18 4
1365 22 21 5
1366 19 19 5
1367 17 17 5
1368 15 14 4
1369 24 23 5
1370 19 19 5
1371 19 19 5
1372 17 17 5
1373 13 12 6
1374 24 24 4
1375 22 21 5
1376 19 19 5
1377 29 28 6
1378 20 20 6
1379 12 12 4
1380 16 15 5
1381 13 12 4
1382 28 27 5
1383 13 12 6
1384 20 20 6
1385 14 14 6
1386 14 14 4
1387 20 19 5
1388 25 24 4
1389 18 17 5
1390 13 12 4
1391 22 21 5
1392 23 22 6
1393 32 32 8
1394 16 15 5
1395 11 10 4
1396 16 15 5
1397 17 17 5
1398 17 16 6
1399 18 17 5
1400 23 22 6
1401 20 20 6
1402 28 27 7
1403 13 13 5
1404 15 14 6
1405 14 14 4
1406 6 5 4
1407 22 21 7
1408 21 20 6
1409 18 18 6
1410 14 13 5
1411 17 16 6
1412 12 12 4
1413 14 13 5
1414 17 16 4
1415 22 21 7
1416 19 18 6
1417 14 13 5
1418 17 16 4
1419 18 17 7
1420 19 19 5
1421 29 28 6
1422 20 20 4
1423 18 17 5
1424 15 15 5
1425 19 19 5
1426 17 17 5
1427 9 9 5
1428 11 10 4
1429 14 13 5
1430 13 12 6
1431 12 11 5
1432 13 12 4
1433 16 15 7
1434 9 8 4
1435 10 9 5
1436 9 9 5
1437 13 13 5
1438 11 10 6
1439 18 18 6
1440 8 8 4
1441 12 11 5
1442 11 10 6
1443 12 12 6
1444 8 8 4
1445 12 11 5
1446 13 13 5
1447 11 11 5
1448 13 12 6
1449 26 25 5
1450 15 14 6
1451 12 12 4
1452 18 17 5
1453 15 14 4
1454 14 13 5
1455 11 11 7
1456 11 10 4
1457 10 9 5
1458 13 13 5
1459 13 13 7
1460 13 12 6
1461 8 8 4
1462 10 9 5
1463 13 12 8
1464 14 14 6
1465 16 16 4
1466 12 11 5
1467 11 10 4
1468 16 15 7
1469 9 8 4
1470 10 9 5
1471 33 32 6
1472 12 12 4
1473 16 15 5
1474 11 11 5
1475 9 9 5
1476 17 16 4
1477 14 13 5
1478 25 25 9
1479 11 10 4
1480 16 15 5
1481 21 21 7
1482 17 16 4
1483 14 13 7
1484 13 12 6
1485 14 14 6
1486 24 24 4
1487 14 13 5
1488 17 16 6
1489 18 18 6
1490 12 12 6
1491 26 25 7
1492 23 22 6
1493 12 11 5
1494 29 28 4
1495 14 13 5
1496 23 23 5
1497 9 9 5
1498 33 32 4
1499 26 25 5
1500 43 43 7
1501 25 25 5
1502 17 17 5
1503 15 14 4
1504 42 41 7
1505 15 15 5
1506 31 30 6
1507 18 17 5
1508 31 30 8
1509 14 14 4
1510 18 17 5
1511 23 22 6
1512 24 23 5
1513 29 28 6
1514 10 9 5
1515 17 17 5
1516 31 30 6
1517 32 32 6
1518 16 16 4
1519 22 21 5
1520 21 21 7
1521 19 18 4
1522 26 25 5
1523 25 24 8
1524 22 22 4
1525 20 19 5
1526 19 19 5
1527 21 20 4
1528 16 15 5
1529 19 18 6
1530 24 24 6
1531 16 16 4
1532 18 17 5
1533 27 27 5
1534 33 32 8
1535 24 23 9
1536 17 17 5
1537 23 23 5
1538 29 29 7
1539 23 22 4
1540 26 25 7
1541 21 20 6
1542 40 39 5
1543 37 37 5
1544 29 29 7
1545 31 30 6
1546 20 19 5
1547 15 15 5
1548 19 18 6
1549 22 22 4
1550 30 29 7
1551 17 16 4
1552 16 15 5
1553 21 21 5
1554 23 22 6
1555 20 19 5
1556 15 14 6
1557 14 14 6
1558 26 26 6
1559 20 20 4
1560 16 15 5
1561 25 25 5
1562 21 20 6
1563 16 16 6
1564 16 16 4
1565 30 29 5
1566 25 25 5
1567 23 22 6
1568 20 19 5
1569 19 18 4
1570 22 21 7
1571 25 24 8
1572 18 18 4
1573 6 5 4
1574 32 31 5
1575 19 19 5
1576 21 21 5
1577 13 12 4
1578 20 19 7
1579 17 16 4
1580 20 19 5
1581 23 22 6
1582 24 24 6
1583 24 23 5
1584 21 20 6
1585 18 17 5
1586 25 24 6
1587 32 32 8
1588 18 17 5
1589 11 10 6
1590 18 18 4
1591 26 25 5
1592 9 9 5
1593 21 20 6
1594 22 22 6
1595 16 15 5
1596 19 18 4
1597 38 37 11
1598 17 16 4
1599 14 13 5
1600 13 12 4
1601 6 5 4
1602 26 25 5
1603 15 15 5
1604 17 16 4
1605 18 17 7
1606 15 14 4
1607 20 19 7
1608 17 17 5
1609 19 19 5
1610 13 13 5
1611 15 14 6
1612 18 18 6
1613 16 16 6
1614 12 12 4
1615 14 13 5
1616 23 23 5
1617 21 20 6
1618 14 14 4
1619 14 13 5
1620 23 23 5
1621 15 15 5
1622 17 16 6
1623 10 10 4
1624 20 19 5
1625 15 14 8
1626 14 14 4
1627 12 11 5
1628 11 11 5
1629 21 21 5
1630 11 11 5
1631 25 24 8
1632 14 14 4
1633 14 13 5
1634 25 25 5
1635 19 19 9
1636 17 16 4
1637 12 11 5
1638 13 12 4
1639 14 13 5
1640 19 19 5
1641 15 14 4
1642 18 17 7
1643 29 28 6
1644 22 22 4
1645 30 29 5
1646 25 24 6
1647 16 15 5
1648 21 20 6
1649 32 32 8
1650 26 26 4
1651 24 23 5
1652 23 22 6
1653 34 34 6
1654 28 28 6
1655 22 22 6
1656 24 24 6
1657 20 19 5
1658 35 34 6
1659 36 35 7
1660 29 28 6
1661 30 29 7
1662 23 23 5
1663 23 22 6
1664 18 17 5
1665 25 24 4
1666 32 31 7
1667 25 25 7
1668 17 16 4
1669 28 27 5
1670 19 19 5
1671 13 13 5
1672 21 20 6
1673 16 16 4
1674 14 13 5
1675 15 14 6
1676 28 28 8
1677 18 18 4
1678 12 11 5
1679 15 15 5
1680 17 16 4
1681 14 13 7
1682 19 18 4
1683 14 13 5
1684 15 14 4
1685 12 11 5
1686 7 6 5
1687 19 19 5
1688 19 18 6
1689 12 11 5
1690 11 11 5
1691 13 13 5
1692 17 16 4
1693 18 17 5
1694 11 11 5
1695 13 13 5
1696 13 12 6
1697 18 17 5
1698 13 13 7
1699 17 16 6
1700 8 8 4
1701 14 13 5
1702 13 13 5
1703 15 15 5
1704 5 5 5
1705 6 5 4
1706 8 7 6
1707 10 10 4
1708 12 11 5
1709 17 17 7
1710 21 20 6
1711 20 20 8
1712 14 14 6
1713 20 20 6
1714 12 11 5
1715 11 10 4
1716 12 11 5
1717 9 9 5
1718 15 15 5
1719 9 8 4
1720 18 17 5
1721 23 22 6
1722 20 20 6
1723 14 14 4
1724 16 15 5
1725 13 13 5
1726 13 12 6
1727 20 20 4
1728 28 27 5
1729 23 22 8
1730 18 18 6
1731 16 16 4
1732 12 11 5
1733 19 19 5
1734 19 18 4
1735 16 15 7
1736 9 8 4
1737 12 11 5
1738 13 13 5
1739 13 12 6
1740 12 11 5
1741 17 16 4
1742 12 11 5
1743 13 12 6
1744 10 10 4
1745 8 7 6
1746 14 14 4
1747 18 17 7
1748 13 13 5
1749 17 16 4
1750 14 13 5
1751 15 14 6
1752 10 10 4
1753 12 11 5
1754 13 13 7
1755 15 14 4
1756 12 11 5
1757 7 6 5
1758 13 13 5
1759 13 13 5
1760 11 11 5
1761 19 18 6
1762 28 27 7
1763 19 19 5
1764 11 11 5
1765 13 12 6
1766 10 10 6
1767 10 10 4
1768 16 15 5
1769 17 16 6
1770 16 15 5
1771 19 18 6
1772 14 13 7
1773 15 14 6
1774 16 16 4
1775 16 15 5
1776 19 18 6
1777 14 14 4
1778 12 11 5
1779 23 23 7
1780 11 10 4
1781 24 23 5
1782 21 20 6
1783 16 15 5
1784 15 15 5
1785 13 13 7
1786 7 6 5
1787 11 11 5
1788 13 12 4
1789 10 9 5
1790 17 16 8
1791 10 10 6
1792 10 9 5
1793 7 6 5
1794 13 13 5
1795 15 14 6
1796 14 14 6
1797 14 13 5
1798 15 14 4
1799 14 13 7
1800 17 16 6
1801 28 28 6
1802 10 10 6
1803 16 16 6
1804 12 12 6
1805 8 8 4
1806 12 11 5
1807 11 11 5
1808 13 13 5
1809 23 22 6
1810 18 17 5
1811 17 17 7
1812 15 14 6
1813 26 26 6
1814 24 24 6
1815 22 22 4
1816 18 17 5
1817 9 8 7
1818 19 18 6
1819 14 14 6
1820 14 14 4
1821 20 19 5
1822 23 23 5
1823 23 22 6
1824 12 12 4
1825 12 11 5
1826 15 14 4
1827 12 11 5
1828 23 22 6
1829 12 12 4
1830 12 11 5
1831 13 12 6
1832 12 11 5
1833 15 14 4
1834 14 13 5
1835 21 21 5
1836 15 14 4
1837 26 25 7
1838 15 14 4
1839 16 15 7
1840 19 18 6
1841 22 21 7
1842 23 23 5
1843 27 27 7
1844 33 32 6
1845 36 36 4
1846 14 13 5
1847 19 19 5
1848 35 34 8
1849 28 28 8
1850 30 30 6
1851 30 30 6
1852 18 18 6
1853 22 22 6
1854 32 32 10
1855 30 30 6
1856 20 19 7
1857 27 26 8
1858 20 20 4
1859 32 31 5
1860 27 26 6
1861 34 34 8
1862 42 41 11
1863 29 28 8
1864 22 22 4
1865 24 23 7
1866 33 32 8
1867 36 36 10
1868 28 28 8
1869 22 22 6
1870 42 41 13
1871 29 28 4
1872 34 33 11
1873 43 42 12
1874 26 25 7
1875 51 50 14
1876 24 23 5
1877 29 29 5
1878 23 23 5
1879 31 30 8
1880 32 32 8
1881 34 34 8
1882 32 32 10
1883 42 41 9
1884 31 30 12
1885 48 48 10
1886 24 23 5
1887 55 55 17
1888 27 27 7
1889 27 26 6
1890 22 22 6
1891 34 34 6
1892 28 28 8
1893 32 32 6
1894 34 33 5
1895 21 20 8
1896 12 12 6
1897 44 43 5
1898 55 55 9
1899 21 21 5
1900 27 26 10
1901 30 30 8
1902 28 28 6
1903 28 28 4
1904 30 29 7
1905 37 36 6
1906 34 34 8
1907 26 26 8
1908 40 39 9
1909 25 24 6
1910 28 28 8
1911 40 40 10
1912 50 49 15
1913 43 42 8
1914 36 35 7
1915 33 33 7
1916 25 24 6
1917 22 22 10
1918 52 52 12
1919 28 28 6
1920 40 40 6
1921 28 27 7
1922 43 42 12
1923 36 35 11
1924 29 29 5
1925 29 29 7
1926 29 28 10
1927 44 43 13
1928 49 48 10
1929 26 26 6
1930 26 26 8
1931 18 18 4
1932 26 25 5
1933 35 35 9
1934 25 24 6
1935 28 28 4
1936 38 37 9
1937 27 26 6
1938 38 37 7
1939 43 42 8
1940 32 32 10
1941 16 16 4
1942 26 25 5
1943 21 20 4
1944 26 25 9
1945 29 28 8
1946 28 28 6
1947 32 32 6
1948 22 21 5
1949 21 21 5
1950 27 27 7
1951 25 25 5
1952 17 17 5
1953 21 20 6
1954 20 20 6
1955 18 18 4
1956 24 23 5
1957 23 22 8
1958 20 19 5
1959 29 28 6
1960 26 26 6
1961 18 17 5
1962 25 24 8
1963 26 26 6
1964 24 24 6
1965 22 21 5
1966 19 19 5
1967 21 20 6
1968 18 18 4
1969 26 25 9
1970 23 22 6
1971 18 17 5
1972 23 23 5
1973 31 31 7
1974 21 20 4
1975 24 23 5
1976 11 11 5
1977 19 18 4
1978 20 19 5
1979 31 30 6
1980 20 19 5
1981 17 16 6
1982 12 12 4
1983 14 13 5
1984 15 15 5
1985 11 10 6
1986 18 18 6
1987 20 19 5
1988 13 13 5
1989 23 22 6
1990 18 17 5
1991 13 12 4
1992 12 11 5
1993 21 20 6
1994 16 15 5
1995 23 22 6
1996 14 13 5
1997 17 16 4
1998 6 5 4
1999 22 21 7
2000 15 14 6
2001 12 12 6
2002 12 12 4
2003 16 15 5
2004 23 22 6
2005 10 10 6
2006 20 20 6
2007 20 19 7
2008 7 6 5
2009 17 16 6
2010 14 14 6
2011 20 20 6
2012 14 14 4
2013 14 13 5
2014 21 21 5
2015 25 24 4
2016 22 21 7
2017 19 18 6
2018 10 10 6
2019 16 16 6
2020 20 20 6
2021 20 20 6
2022 16 16 4
2023 14 13 5
2024 15 14 6
2025 12 12 4
2026 20 19 5
2027 15 14 6
2028 16 16 6
2029 12 12 4
2030 8 7 6
2031 6 6 6
2032 11 10 6
2033 16 16 6
2034 16 15 5
2035 19 19 7
2036 23 22 6
2037 12 12 4
2038 12 11 5
2039 13 12 4
2040 12 11 5
2041 11 10 4
2042 10 9 5
2043 17 17 7
2044 15 14 4
2045 14 13 5
2046 25 25 5
2047 11 11 5
2048 11 10 6
2049 8 8 4
2050 14 13 7
2051 13 12 6
2052 8 8 8
2053 7 6 5
2054 9 8 4
2055 14 13 5
2056 19 18 8
2057 22 22 4
2058 28 27 7
2059 21 20 4
2060 18 17 5
2061 13 13 5
2062 17 17 5
2063 19 19 7
2064 13 12 4
2065 12 11 5
2066 15 14 6
2067 14 14 6
2068 12 12 4
2069 12 11 5
2070 23 22 6
2071 22 22 6
2072 20 19 5
2073 25 24 6
2074 16 15 5
2075 11 10 6
2076 8 8 4
2077 14 13 5
2078 25 24 8
2079 10 10 4
2080 16 15 5
2081 9 9 5
2082 23 22 4
2083 28 27 7
2084 13 12 6
2085 6 5 4
2086 12 11 5
2087 15 14 6
2088 12 11 5
2089 13 12 6
2090 16 15 7
2091 13 12 6
2092 6 6 6
2093 19 18 6
2094 10 9 5
2095 11 10 6
2096 10 10 6
2097 6 6 6
2098 21 20 4
2099 20 19 5
2100 19 19 5
2101 7 6 5
2102 11 10 4
2103 16 15 5
2104 11 11 5
2105 7 6 5
2106 11 11 5
2107 17 16 6
2108 18 18 6
2109 12 11 5
2110 11 10 4
2111 10 9 5
2112 25 24 6
2113 18 18 4
2114 16 15 5
2115 11 11 5
2116 11 10 6
2117 14 14 6
2118 18 18 6
2119 16 16 6
2120 38 38 6
2121 26 25 5
2122 29 28 8
2123 20 20 6
2124 30 30 6
2125 22 21 5
2126 25 24 6
2127 20 20 4
2128 24 23 5
2129 21 21 5
2130 23 22 4
2131 20 19 5
2132 23 23 5
2133 25 25 5
2134 23 22 4
2135 32 31 7
2136 25 24 6
2137 30 30 4
2138 32 31 7
2139 45 45 5
2140 25 25 5
2141 25 25 5
2142 15 15 5
2143 19 18 4
2144 22 21 7
2145 19 18 4
2146 40 39 7
2147 29 28 6
2148 22 22 4
2149 20 19 5
2150 25 25 5
2151 21 21 5
2152 29 28 6
2153 20 19 5
2154 25 24 6
2155 18 18 4
2156 36 35 5
2157 17 17 5
2158 27 26 4
2159 18 17 5
2160 31 31 5
2161 17 17 5
2162 29 29 7
2163 25 24 8
2164 14 13 5
2165 19 18 6
2166 26 26 6
2167 24 23 7
2168 17 17 5
2169 25 25 9
2170 27 26 6
2171 26 25 5
2172 21 21 7
2173 25 25 5
2174 15 14 4
2175 28 27 7
2176 25 24 6
2177 30 30 8
2178 20 19 5
2179 33 32 10
2180 14 13 5
2181 33 33 9
2182 23 23 5
2183 23 23 5
2184 17 16 6
2185 10 10 4
2186 26 25 5
2187 19 19 5
2188 25 24 6
2189 22 21 5
2190 15 15 5
2191 19 18 6
2192 20 20 6
2193 30 30 4
2194 20 19 5
2195 29 29 5
2196 15 15 5
2197 21 20 6
2198 18 18 6
2199 16 15 5
2200 15 14 4
2201 24 23 5
2202 21 21 5
2203 7 7 7
2204 22 22 6
2205 14 14 4
2206 16 15 5
2207 21 20 6
2208 24 23 7
2209 11 10 4
2210 22 21 5
2211 17 16 6
2212 16 16 6
2213 20 20 6
2214 24 24 6
2215 14 13 5
2216 17 16 4
2217 36 35 5
2218 13 13 5
2219 19 19 5
2220 11 11 5
2221 21 21 5
2222 21 21 5
2223 19 18 6
2224 16 16 6
2225 14 14 6
2226 18 18 8
2227 20 20 6
2228 20 20 6
2229 24 24 6
2230 20 20 6
2231 12 11 5
2232 27 26 6
2233 12 12 4
2234 22 21 5
2235 15 14 6
2236 26 26 6
2237 24 23 5
2238 15 15 5
2239 9 8 4
2240 24 23 5
2241 11 11 5
2242 13 13 5
2243 19 18 4
2244 16 15 5
2245 13 12 6
2246 8 8 4
2247 18 17 5
2248 5 5 5
2249 14 13 7
2250 19 18 6
2251 12 11 5
2252 17 16 4
2253 16 15 7
2254 15 14 4
2255 14 13 5
2256 23 22 4
2257 16 15 7
2258 11 10 4
2259 16 15 5
2260 13 13 5
2261 15 14 6
2262 14 13 5
2263 15 15 5
2264 11 11 5
2265 11 11 5
2266 11 10 4
2267 14 13 7
2268 11 10 4
2269 20 19 7
2270 17 16 6
2271 6 6 6
2272 13 12 6
2273 6 6 6
2274 19 19 5
2275 9 9 5
2276 21 20 8
2277 16 15 7
2278 13 12 4
2279 14 13 5
2280 7 6 5
2281 15 15 5
2282 11 11 5
2283 9 9 5
2284 11 11 5
2285 17 17 5
2286 17 17 7
2287 13 13 5
2288 11 11 5
2289 9 9 5
2290 11 10 6
2291 12 12 6
2292 12 12 6
2293 8 8 8
2294 21 20 4
2295 18 17 5
2296 21 20 6
2297 10 9 5
2298 11 10 4
2299 6 5 4
2300 6 5 4
2301 10 9 5
2302 9 9 5
2303 15 14 6
2304 14 13 7
2305 17 16 4
2306 18 17 5
2307 19 18 8
2308 18 18 6
2309 20 20 4
2310 14 13 5
2311 13 12 8
2312 8 8 4
2313 16 15 5
2314 19 18 6
2315 12 12 6
2316 8 8 4
2317 10 9 5
2318 15 14 8
2319 12 12 4
2320 16 15 5
2321 15 15 7
2322 7 6 5
2323 19 18 6
2324 18 18 6
2325 8 8 8
2326 11 10 4
2327 6 5 4
2328 10 9 5
2329 11 10 6
2330 8 8 4
2331 14 13 7
2332 17 16 6
2333 16 15 5
2334 5 5 5
2335 10 9 5
2336 19 19 5
2337 15 15 7
2338 11 10 4
2339 14 13 7
2340 9 8 4
2341 12 11 5
2342 9 8 4
2343 14 13 5
2344 15 14 8
2345 14 14 6
2346 8 8 4
2347 8 7 6
2348 12 12 4
2349 14 13 5
2350 13 12 4
2351 16 15 7
2352 9 9 5
2353 9 8 4
2354 12 11 5
2355 9 9 5
2356 7 7 7
2357 14 14 6
2358 6 5 4
2359 12 11 5
2360 13 12 4
2361 18 17 7
2362 11 10 6
2363 6 6 6
2364 13 12 4
2365 10 9 5
2366 9 8 7
2367 11 10 4
2368 6 5 4
2369 14 13 5
2370 15 15 5
2371 13 13 5
2372 13 13 7
2373 13 13 5
2374 7 6 5
2375 7 6 5
2376 9 8 4
2377 16 15 7
2378 9 8 4
2379 10 9 5
2380 13 12 6
2381 8 8 4
2382 14 13 5
2383 13 12 6
2384 8 8 4
2385 14 13 5
2386 13 12 4
2387 10 9 5
2388 13 12 4
2389 8 7 6
2390 8 8 4
2391 12 11 5
2392 13 13 5
2393 15 15 5
2394 15 14 8
2395 14 13 5
2396 13 12 6
2397 8 7 6
2398 10 10 4
2399 12 11 5
2400 15 15 5
2401 9 8 4
2402 18 17 5
2403 15 14 4
2404 14 13 5
2405 15 15 7
2406 9 8 4
2407 12 11 5
2408 13 13 5
2409 15 14 6
2410 10 10 4
2411 16 15 5
2412 13 12 6
2413 18 18 4
2414 18 17 7
2415 11 10 4
2416 10 9 5
2417 11 11 5
2418 13 13 5
2419 23 22 6
2420 22 21 5
2421 13 12 4
2422 16 15 5
2423 29 29 5
2424 37 36 6
2425 30 29 5
2426 23 23 5
2427 23 22 4
2428 14 13 5
2429 21 20 6
2430 32 32 6
2431 14 14 4
2432 18 17 7
2433 17 16 6
2434 18 18 6
2435 32 32 6
2436 24 23 5
2437 37 37 7
2438 23 23 5
2439 29 28 10
2440 34 34 6
2441 34 33 5
2442 23 23 7
2443 27 26 8
2444 26 26 6
2445 34 34 6
2446 24 24 6
2447 26 25 5
2448 21 21 5
2449 41 40 10
2450 28 28 8
2451 26 25 7
2452 53 52 6
2453 34 33 5
2454 29 28 4
2455 28 27 5
2456 45 45 7
2457 37 36 8
2458 20 20 6
2459 34 34 6
2460 40 39 9
2461 37 36 6
2462 36 35 7
2463 33 32 8
2464 30 30 8
2465 26 26 6
2466 24 23 5
2467 25 25 5
2468 27 26 6
2469 34 33 9
2470 37 37 9
2471 19 18 6
2472 34 33 7
2473 19 18 6
2474 20 20 6
2475 20 19 5
2476 19 18 4
2477 28 27 7
2478 17 16 6
2479 30 30 6
2480 18 18 6
2481 18 18 4
2482 16 15 5
2483 19 19 5
2484 23 23 5
2485 29 28 4
2486 22 21 5
2487 23 23 5
2488 33 33 5
2489 17 16 6
2490 18 17 5
2491 25 24 6
2492 16 16 6
2493 18 18 6
2494 22 22 6
2495 22 22 6
2496 14 13 5
2497 17 17 7
2498 27 26 6
2499 12 12 4
2500 16 15 5
2501 19 18 6
2502 22 22 6
2503 14 14 6
2504 10 9 5
2505 9 8 4
2506 12 11 5
2507 19 19 7
2508 19 18 4
2509 22 21 5
2510 25 25 7
2511 23 22 6
2512 18 18 6
2513 16 16 6
2514 18 18 4
2515 16 15 5
2516 17 16 6
2517 18 18 6
2518 22 21 5
2519 13 12 4
2520 18 17 7
2521 13 12 6
2522 18 18 4
2523 10 9 5
2524 15 15 5
2525 11 11 5
2526 23 22 6
2527 12 11 5
2528 13 13 5
2529 25 24 6
2530 14 14 6
2531 20 20 4
2532 16 15 5
2533 11 11 5
2534 11 11 5
2535 19 18 6
2536 10 10 4
2537 20 19 5
2538 15 14 6
2539 14 13 5
2540 17 16 6
2541 16 15 5
2542 17 16 6
2543 26 25 5
2544 21 20 8
2545 12 12 4
2546 10 9 5
2547 13 12 4
2548 18 17 5
2549 19 18 6
2550 14 13 5
2551 19 18 4
2552 12 11 5
2553 23 23 7
2554 11 11 5
2555 21 20 6
2556 20 20 4
2557 22 21 5
2558 21 20 6
2559 18 18 4
2560 18 17 5
2561 21 20 4
2562 20 19 5
2563 27 27 5
2564 25 24 4
2565 18 17 5
2566 11 11 5
2567 13 13 5
2568 15 14 4
2569 30 29 5
2570 21 21 5
2571 21 20 6
2572 14 14 4
2573 20 19 7
2574 23 22 4
2575 26 25 5
2576 11 10 4
2577 32 31 5
2578 17 16 4
2579 30 29 7
2580 25 24 6
2581 18 17 5
2582 19 18 6
2583 20 19 5
2584 17 16 4
2585 22 21 5
2586 19 18 6
2587 18 18 4
2588 22 21 5
2589 19 19 5
2590 19 18 4
2591 16 15 5
2592 15 15 5
2593 23 22 6
2594 10 10 4
2595 22 21 5
2596 17 17 7
2597 17 16 4
2598 22 21 7
2599 21 20 6
2600 20 20 4
2601 16 15 5
2602 15 14 6
2603 20 20 6
2604 8 8 4
2605 14 13 5
2606 11 11 5
2607 13 13 5
2608 19 18 6
2609 10 10 4
2610 26 25 7
2611 21 20 6
2612 12 12 4
2613 12 11 5
2614 15 14 6
2615 14 14 4
2616 18 17 7
2617 9 8 4
2618 22 21 7
2619 21 20 4
2620 16 15 5
2621 17 16 4
2622 18 17 7
2623 15 14 6
2624 12 12 4
2625 12 11 5
2626 15 14 6
2627 12 12 6
2628 8 7 6
2629 20 20 4
2630 18 17 7
2631 17 16 4
2632 12 11 5
2633 15 15 5
2634 15 14 4
2635 24 23 5
2636 11 11 5
2637 13 13 5
2638 9 8 4
2639 20 19 5
2640 9 8 4
2641 14 13 5
2642 15 15 7
2643 13 12 4
2644 22 21 9
2645 11 10 4
2646 12 11 5
2647 11 10 6
2648 22 21 5
2649 11 11 5
2650 15 14 4
2651 10 9 5
2652 21 20 6
2653 12 12 4
2654 14 13 5
2655 13 13 7
2656 19 18 6
2657 12 12 4
2658 10 9 5
2659 15 14 6
2660 12 12 6
2661 24 24 6
2662 10 9 5
2663 11 10 6
2664 12 12 6
2665 12 12 6
2666 10 10 4
2667 14 13 7
2668 15 14 4
2669 16 15 5
2670 13 13 5
2671 15 14 6
2672 6 6 6
2673 7 6 5
2674 13 13 5
2675 7 6 5
2676 15 15 7
2677 13 12 4
2678 12 11 5
2679 11 11 5
2680 25 24 6
2681 16 16 4
2682 20 19 7
2683 17 16 6
2684 6 5 4
2685 16 15 5
2686 7 6 5
2687 19 19 5
2688 13 13 5
2689 17 16 6
2690 10 9 5
2691 9 9 5
2692 17 16 4
2693 14 13 5
2694 11 11 5
2695 13 13 5
2696 21 21 5
2697 19 19 5
2698 13 13 5
2699 13 12 6
2700 20 20 6
2701 18 18 6
2702 20 20 6
2703 18 18 6
2704 28 27 5
2705 15 15 7
2706 27 26 6
2707 26 26 8
2708 26 25 5
2709 17 17 5
2710 25 25 5
2711 19 19 5
2712 21 20 6
2713 26 26 4
2714 28 27 7
2715 29 28 6
2716 26 25 5
2717 27 26 6
2718 28 28 6
2719 18 18 6
2720 18 18 6
2721 28 27 7
2722 21 20 6
2723 22 21 5
2724 23 22 6
2725 28 27 5
2726 21 21 5
2727 29 28 6
2728 32 32 8
2729 28 27 7
2730 29 28 4
2731 28 27 7
2732 23 22 6
2733 28 28 6
2734 40 39 5
2735 25 25 5
2736 43 43 9
2737 19 19 5
2738 29 28 6
2739 34 33 9
2740 19 18 4
2741 20 19 7
2742 19 18 6
2743 22 22 6
2744 20 20 6
2745 26 26 8
2746 30 29 9
2747 25 24 6
2748 20 19 5
2749 13 13 5
2750 29 28 12
2751 34 34 10
2752 12 12 4
2753 18 17 5
2754 21 20 8
2755 32 32 6
2756 26 25 7
2757 21 20 6
2758 26 25 5
2759 31 31 5
2760 25 24 4
2761 20 19 7
2762 19 18 6
2763 24 24 6
2764 34 34 12
2765 18 17 7
2766 41 40 12
2767 36 35 9
2768 27 26 8
2769 28 27 9
2770 35 35 7
2771 39 38 12
2772 22 22 4
2773 30 29 11
2774 27 27 7
2775 37 36 8
2776 16 16 6
2777 40 40 12
2778 22 22 8
2779 24 23 7
2780 21 20 8
2781 28 28 10
2782 28 28 10
2783 34 34 6
2784 26 26 8
2785 24 23 7
2786 17 17 5
2787 27 26 10
2788 32 32 12
2789 24 23 5
2790 15 14 4
2791 12 11 5
2792 41 40 14
2793 20 19 7
2794 29 28 6
2795 24 23 5
2796 29 29 5
2797 43 43 15
2798 23 23 9
2799 17 16 4
2800 14 13 5
2801 17 16 6
2802 12 12 4
2803 12 11 5
2804 13 13 5
2805 25 25 5
2806 33 33 5
2807 23 23 11
2808 37 36 8
2809 28 28 10
2810 10 10 4
2811 36 35 9
2812 9 8 4
2813 28 27 7
2814 19 19 7
2815 21 20 6
2816 24 24 4
2817 10 9 5
2818 21 20 6
2819 16 15 5
2820 29 28 6
2821 12 12 4
2822 26 25 5
2823 9 9 5
2824 17 16 4
2825 18 17 5
2826 15 14 4
2827 18 17 5
2828 9 9 5
2829 9 9 5
2830 11 10 4
2831 16 15 5
2832 11 11 5
2833 11 10 4
2834 12 11 5
2835 15 14 6
2836 14 14 4
2837 12 11 7
2838 13 12 6
2839 16 16 6
2840 14 14 6
2841 16 16 4
2842 32 31 7
2843 17 16 4
2844 20 19 5
2845 13 13 5
2846 21 21 5
2847 13 13 5
2848 17 16 4
2849 12 11 5
2850 13 12 6
2851 12 12 6
2852 20 20 6
2853 30 30 6
2854 20 20 4
2855 20 19 5
2856 13 13 5
2857 13 13 5
2858 11 10 4
2859 16 15 5
2860 11 10 4
2861 14 13 7
2862 13 12 4
2863 14 13 5
2864 13 12 6
2865 12 12 6
2866 18 17 5
2867 15 14 4
2868 8 7 6
2869 24 24 6
2870 14 14 6
2871 20 19 5
2872 15 14 4
2873 10 9 5
2874 15 15 7
2875 19 18 6
2876 14 13 5
2877 9 8 4
2878 6 5 4
2879 18 17 5
2880 23 23 5
2881 11 11 7
2882 11 10 6
2883 6 6 6
2884 9 8 4
2885 20 19 5
2886 17 16 6
2887 16 15 5
2888 15 15 5
2889 31 30 6
2890 16 16 4
2891 24 23 7
2892 9 9 5
2893 17 16 6
2894 18 18 4
2895 16 15 5
2896 9 8 4
2897 14 13 5
2898 17 16 4
2899 18 17 5
2900 17 16 8
2901 16 16 4
2902 12 11 5
2903 19 19 7
2904 15 14 6
2905 16 16 4
2906 14 13 5
2907 13 12 6
2908 12 12 6
2909 16 16 4
2910 18 17 7
2911 23 22 6
2912 18 18 6
2913 16 15 5
2914 23 22 6
2915 12 12 4
2916 26 25 7
2917 15 15 5
2918 13 12 4
2919 20 19 7
2920 9 9 5
2921 11 10 4
2922 16 15 5
2923 11 11 5
2924 17 16 6
2925 22 21 5
2926 19 18 4
2927 18 17 5
2928 17 17 5
2929 9 8 4
2930 12 11 5
2931 11 11 5
2932 19 18 4
2933 18 17 5
2934 15 15 7
2935 11 10 4
2936 18 17 5
2937 13 13 5
2938 19 18 6
2939 14 14 4
2940 10 9 5
2941 13 13 5
2942 9 9 5
2943 15 14 4
2944 16 15 5
2945 17 17 5
2946 15 15 5
2947 15 14 6
2948 14 14 6
2949 12 12 6
2950 16 16 4
2951 32 31 7
2952 15 14 4
2953 20 19 5
2954 23 22 6
2955 16 16 6
2956 18 17 7
2957 19 18 4
2958 14 13 5
2959 25 24 6
2960 24 23 7
2961 15 15 5
2962 25 24 8
2963 28 27 9
2964 13 13 7
2965 29 28 10
2966 24 24 8
2967 32 31 11
2968 19 18 6
2969 22 21 5
2970 29 29 7
2971 27 27 7
2972 27 26 6
2973 18 17 5
2974 21 20 6
2975 22 22 6
2976 16 16 4
2977 16 15 5
2978 27 26 6
2979 20 19 5
2980 21 20 8
2981 14 14 6
2982 18 18 6
2983 14 14 6
2984 12 12 4
2985 20 19 5
2986 23 22 8
2987 22 22 8
2988 16 15 5
2989 19 18 6
2990 24 24 8
2991 18 18 4
2992 18 17 7
2993 23 22 6
2994 24 24 8
2995 30 29 5
2996 25 25 5
2997 23 23 5
2998 35 35 7
2999 21 21 5
3000 27 27 5
3001 13 12 4
3002 18 17 5
3003 25 24 4
3004 28 27 7
3005 25 24 4
3006 28 27 7
3007 25 24 4
3008 22 21 7
3009 21 21 7
3010 25 24 6
3011 14 13 5
3012 17 17 5
3013 25 25 5
3014 25 25 5
3015 15 15 5
3016 29 29 11
3017 13 12 6
3018 20 19 7
3019 33 32 4
3020 14 13 5
3021 21 20 6
3022 26 26 6
3023 18 18 6
3024 28 28 14
3025 18 17 5
3026 17 17 5
3027 21 20 4
3028 26 25 7
3029 27 27 7
3030 23 23 7
3031 27 26 8
3032 22 22 6
3033 30 29 7
3034 25 25 7
3035 19 18 6
3036 24 23 5
3037 21 21 7
3038 29 28 6
3039 28 28 6
3040 30 29 9
3041 25 25 5
3042 37 37 11
3043 29 28 8
3044 30 30 6
3045 28 27 9
3046 25 25 5
3047 25 25 9
3048 21 20 4
3049 14 13 5
3050 27 26 4
3051 28 27 7
3052 17 16 4
3053 14 13 5
3054 15 14 4
3055 18 17 7
3056 19 18 6
3057 24 24 6
3058 20 20 6
3059 20 20 6
3060 24 23 9
3061 15 14 6
3062 24 24 10
3063 20 20 6
3064 22 22 8
3065 14 13 5
3066 25 24 6
3067 12 12 4
3068 16 15 5
3069 21 20 6
3070 20 20 6
3071 26 25 7
3072 11 11 5
3073 17 16 6
3074 14 14 6
3075 22 22 4
3076 20 19 5
3077 21 20 6
3078 22 22 6
3079 16 16 4
3080 18 17 5
3081 19 19 5
3082 11 10 4
3083 22 21 5
3084 15 15 5
3085 17 16 8
3086 16 15 5
3087 13 12 4
3088 18 17 5
3089 29 29 7
3090 11 10 4
3091 14 13 5
3092 15 15 5
3093 11 10 4
3094 14 13 5
3095 17 16 6
3096 12 11 5
3097 15 14 4
3098 12 11 5
3099 15 14 6
3100 28 28 8
3101 14 13 5
3102 19 18 4
3103 20 19 5
3104 23 22 6
3105 12 12 6
3106 34 34 8
3107 18 18 6
3108 24 24 4
3109 20 19 5
3110 25 24 6
3111 16 15 5
3112 21 21 5
3113 29 29 7
3114 33 33 7
3115 23 22 6
3116 26 25 7
3117 29 28 6
3118 30 30 8
3119 46 46 14
3120 24 24 6
3121 16 16 4
3122 34 33 7
3123 27 26 4
3124 24 23 5
3125 31 30 6
3126 36 36 8
3127 32 31 5
3128 37 37 5
3129 25 25 5
3130 25 25 5
3131 31 31 7
3132 31 30 8
3133 10 10 4
3134 26 25 5
3135 27 27 9
3136 23 22 6
3137 26 25 7
3138 19 19 5
3139 19 18 4
3140 22 21 7
3141 23 23 7
3142 11 11 5
3143 17 17 5
3144 17 16 4
3145 16 15 5
3146 15 14 6
3147 16 15 5
3148 17 16 6
3149 12 12 6
3150 12 12 4
3151 14 13 5
3152 13 13 5
3153 11 11 5
3154 9 8 4
3155 10 9 5
3156 13 12 6
3157 14 13 5
3158 13 13 5
3159 11 10 4
3160 20 19 5
3161 15 15 7
3162 11 11 5
3163 15 14 6
3164 10 9 5
3165 9 8 4
3166 16 15 5
3167 21 20 6
3168 16 16 6
3169 10 10 4
3170 12 11 5
3171 11 10 6
3172 10 10 6
3173 14 13 5
3174 23 22 4
3175 22 21 7
3176 19 18 4
3177 10 9 5
3178 9 9 5
3179 11 11 5
3180 9 8 4
3181 18 17 7
3182 11 10 4
3183 14 13 7
3184 11 10 6
3185 8 8 4
3186 6 5 4
3187 14 13 5
3188 13 13 5
3189 15 14 6
3190 12 11 5
3191 17 17 7
3192 19 18 8
3193 8 8 4
3194 10 9 5
3195 17 16 6
3196 14 14 6
3197 6 5 4
3198 10 9 5
3199 9 8 4
3200 14 13 7
3201 13 12 6
3202 16 16 6
3203 16 15 7
3204 21 20 4
3205 14 13 5
3206 15 14 6
3207 6 6 6
3208 15 14 6
3209 12 11 5
3210 9 9 5
3211 13 12 6
3212 10 10 4
3213 6 5 4
3214 22 21 7
3215 25 24 6
3216 20 20 6
3217 20 20 6
3218 12 11 5
3219 17 16 6
3220 20 20 6
3221 14 14 4
3222 16 15 7
3223 9 8 4
3224 20 19 5
3225 7 7 7
3226 10 10 4
3227 10 9 5
3228 13 13 5
3229 19 19 5
3230 11 11 5
3231 11 10 4
3232 6 5 4
3233 12 11 5
3234 19 18 6
3235 20 19 7
3236 23 22 6
3237 14 14 4
3238 18 17 5
3239 15 14 6
3240 16 15 7
3241 13 12 4
3242 14 13 5
3243 11 11 5
3244 13 13 5
3245 13 13 5
3246 11 10 4
3247 16 15 5
3248 9 9 5
3249 15 14 8
3250 10 10 4
3251 20 19 7
3252 15 14 4
3253 18 17 5
3254 17 16 6
3255 16 16 6
3256 16 16 8
3257 10 10 6
3258 6 6 6
3259 9 8 4
3260 18 17 7
3261 17 16 6
3262 10 10 6
3263 16 16 4
3264 12 11 5
3265 19 19 7
3266 17 16 4
3267 6 5 4
3268 10 9 5
3269 11 11 5
3270 13 13 7
3271 9 8 4
3272 14 13 5
3273 13 12 4
3274 14 13 5
3275 23 23 7
3276 13 13 5
3277 23 22 8
3278 12 12 4
3279 20 19 5
3280 23 23 5
3281 27 26 8
3282 26 26 4
3283 22 21 7
3284 25 24 6
3285 20 19 5
3286 19 18 6
3287 14 14 6
3288 16 16 4
3289 18 17 5
3290 15 14 6
3291 16 16 6
3292 30 30 6
3293 16 15 5
3294 13 13 5
3295 13 13 5
3296 9 8 4
3297 22 21 5
3298 13 12 4
3299 28 27 5
3300 15 14 4
3301 22 21 7
3302 19 19 5
3303 19 19 5
3304 23 23 7
3305 17 16 6
3306 14 14 4
3307 22 21 5
3308 21 21 5
3309 21 21 5
3310 23 22 4
3311 18 17 7
3312 17 16 6
3313 26 26 4
3314 14 13 5
3315 19 18 6
3316 18 18 4
3317 18 17 5
3318 11 10 4
3319 12 11 5
3320 17 16 6
3321 20 20 6
3322 8 8 4
3323 16 15 5
3324 11 11 5
3325 17 17 7
3326 17 16 4
3327 12 11 5
3328 21 20 4
3329 14 13 5
3330 17 16 6
3331 14 13 5
3332 21 20 8
3333 14 14 4
3334 12 11 5
3335 23 22 6
3336 14 13 5
3337 15 14 4
3338 20 19 5
3339 17 17 7
3340 7 6 5
3341 11 10 6
3342 14 14 6
3343 8 8 4
3344 22 21 7
3345 19 18 8
3346 20 20 6
3347 12 12 6
3348 10 10 4
3349 16 15 7
3350 7 6 5
3351 17 16 6
3352 12 12 6
3353 22 21 7
3354 11 10 4
3355 10 9 5
3356 17 16 6
3357 18 17 5
3358 13 13 7
3359 15 14 6
3360 24 24 8
3361 10 10 4
3362 20 19 7
3363 17 16 6
3364 16 16 6
3365 16 16 6
3366 14 13 5
3367 17 17 7
3368 15 14 6
3369 12 11 5
3370 21 20 8
3371 12 12 4
3372 26 25 5
3373 15 14 6
3374 16 16 6
3375 20 19 5
3376 17 16 4
3377 14 13 5
3378 11 11 5
3379 21 21 5
3380 15 14 4
3381 18 17 5
3382 15 15 5
3383 15 14 4
3384 16 15 7
3385 7 6 5
3386 15 14 4
3387 16 15 7
3388 9 9 5
3389 17 17 5
3390 17 16 6
3391 14 13 5
3392 17 17 5
3393 11 10 4
3394 10 9 5
3395 9 9 5
3396 11 11 5
3397 15 14 6
3398 16 16 6
3399 12 11 5
3400 15 14 6
3401 16 16 6
3402 18 18 6
3403 16 15 5
3404 23 23 5
3405 9 9 5
3406 13 12 4
3407 12 11 5
3408 13 13 5
3409 13 12 4
3410 26 25 7
3411 9 8 4
3412 12 11 5
3413 13 13 7
3414 11 10 4
3415 10 9 5
3416 15 14 6
3417 14 14 6
3418 18 17 7
3419 13 12 4
3420 10 9 5
3421 15 14 6
3422 22 21 5
3423 13 12 4
3424 20 19 7
3425 11 10 4
3426 16 15 5
3427 17 17 5
3428 15 14 4
3429 18 17 5
3430 17 17 5
3431 9 8 4
3432 12 11 5
3433 29 28 4
3434 12 11 5
3435 11 10 4
3436 20 19 7
3437 15 14 4
3438 12 11 5
3439 9 9 5
3440 15 15 5
3441 15 14 4
3442 16 15 5
3443 17 17 5
3444 13 13 5
3445 19 18 6
3446 16 16 4
3447 14 13 5
3448 11 10 4
3449 12 11 5
3450 21 20 8
3451 10 10 4
3452 14 13 5
3453 15 14 6
3454 14 14 4
3455 14 13 5
3456 11 10 6
3457 12 12 4
3458 16 15 5
3459 9 8 4
3460 10 9 5
3461 13 13 7
3462 7 6 5
3463 13 12 6
3464 18 17 5
3465 13 12 4
3466 6 5 4
3467 20 19 5
3468 7 6 5
3469 23 22 6
3470 16 16 4
3471 6 5 4
3472 14 13 7
3473 11 10 4
3474 14 13 5
3475 11 10 4
3476 16 15 5
3477 17 17 5
3478 11 11 5
3479 13 12 6
3480 8 8 4
3481 22 21 5
3482 27 26 4
3483 20 19 5
3484 19 19 5
3485 13 13 5
3486 13 13 5
3487 21 20 6
3488 14 14 6
3489 18 18 6
3490 14 13 5
3491 17 16 4
3492 28 27 7
3493 9 9 5
3494 11 11 5
3495 15 14 4
3496 10 9 5
3497 11 10 4
3498 16 15 5
3499 25 25 5
3500 37 36 6
3501 12 12 6
3502 14 13 5
3503 23 22 4
3504 20 19 5
3505 19 18 4
3506 20 19 7
3507 13 12 4
3508 20 19 5
3509 17 17 5
3510 21 21 7
3511 13 12 4
3512 14 13 5
3513 7 6 5
3514 17 16 6
3515 18 18 4
3516 24 23 7
3517 25 24 6
3518 22 21 7
3519 13 12 4
3520 16 15 5
3521 11 10 4
3522 22 21 5
3523 23 23 5
3524 27 27 7
3525 23 22 6
3526 28 28 6
3527 28 28 8
3528 16 16 6
3529 14 14 4
3530 16 15 5
3531 27 27 5
3532 47 47 7
3533 21 20 4
3534 20 19 5
3535 21 20 4
3536 18 17 5
3537 11 11 5
3538 21 21 5
3539 17 16 4
3540 24 23 7
3541 17 17 5
3542 25 25 5
3543 27 26 4
3544 28 27 7
3545 25 24 6
3546 12 12 4
3547 22 21 5
3548 13 13 5
3549 19 19 5
3550 19 18 6
3551 22 22 8
3552 18 17 5
3553 35 34 6
3554 14 14 4
3555 20 19 5
3556 27 26 8
3557 26 25 7
3558 21 21 5
3559 33 32 8
3560 32 31 5
3561 33 33 7
3562 21 21 5
3563 37 36 8
3564 26 26 6
3565 38 37 5
3566 29 29 7
3567 17 17 5
3568 43 43 7
3569 51 51 11
3570 45 44 10
3571 22 22 6
3572 28 27 7
3573 31 30 6
3574 30 29 7
3575 33 32 6
3576 30 29 7
3577 27 27 7
3578 35 34 8
3579 20 19 5
3580 47 46 12
3581 36 36 8
3582 20 20 6
3583 22 22 6
3584 28 28 6
3585 24 24 6
3586 28 28 6
3587 20 20 4
3588 20 19 5
3589 21 21 5
3590 21 21 5
3591 21 21 5
3592 13 13 5
3593 25 24 4
3594 18 17 5
3595 17 16 6
3596 20 20 6
3597 24 24 6
3598 16 16 4
3599 14 13 5
3600 25 24 6
3601 20 19 5
3602 19 19 5
3603 15 15 5
3604 11 10 4
3605 12 11 5
3606 25 25 5
3607 15 14 6
3608 12 12 4
3609 20 19 5
3610 21 21 5
3611 17 17 5
3612 15 14 6
3613 16 16 6
3614 16 16 6
3615 14 14 4
3616 14 13 5
3617 9 9 5
3618 15 14 6
3619 10 10 6
3620 10 9 5
3621 19 18 6
3622 18 17 5
3623 11 11 5
3624 13 12 6
3625 14 13 5
3626 13 12 4
3627 12 11 5
3628 15 14 4
3629 12 11 5
3630 13 13 5
3631 15 14 6
3632 20 20 6
3633 12 12 4
3634 24 23 7
3635 15 15 5
3636 19 18 6
3637 16 15 5
3638 11 10 4
3639 12 11 5
3640 19 19 5
3641 9 8 4
3642 16 15 7
3643 17 16 4
3644 20 19 5
3645 11 10 4
3646 20 19 5
3647 5 5 5
3648 10 9 5
3649 19 18 6
3650 22 21 5
3651 9 8 4
3652 26 25 5
3653 25 25 7
3654 25 24 6
3655 38 37 7
3656 37 36 6
3657 30 30 6
3658 20 20 6
3659 16 16 4
3660 20 19 5
3661 23 23 5
3662 25 25 7
3663 19 18 4
3664 26 25 7
3665 11 10 4
3666 20 19 5
3667 35 34 6
3668 24 23 7
3669 15 14 4
3670 26 25 5
3671 29 29 5
3672 19 18 6
3673 12 12 4
3674 22 21 5
3675 19 18 4
3676 34 33 5
3677 19 19 5
3678 27 27 5
3679 27 26 4
3680 14 13 5
3681 21 20 4
3682 12 11 5
3683 19 18 6
3684 8 8 4
3685 22 21 7
3686 15 14 6
3687 16 16 6
3688 26 26 6
3689 18 18 4
3690 14 13 5
3691 23 23 5
3692 23 22 6
3693 22 21 5
3694 9 9 5
3695 15 14 4
3696 16 15 5
3697 23 23 5
3698 17 17 5
3699 21 20 6
3700 14 13 5
3701 21 20 4
3702 14 13 5
3703 21 21 5
3704 23 23 7
3705 15 14 6
3706 10 10 4
3707 16 15 5
3708 17 16 6
3709 26 25 7
3710 21 20 6
3711 12 12 6
3712 16 16 4
3713 20 19 5
3714 15 14 6
3715 10 10 6
3716 16 16 8
3717 10 10 4
3718 16 15 5
3719 17 16 4
3720 12 11 5
3721 19 19 7
3722 9 9 5
3723 17 16 6
3724 16 16 6
3725 20 20 8
3726 14 14 4
3727 8 7 6
3728 20 20 6
3729 26 25 5
3730 7 6 5
3731 17 17 5
3732 13 12 4
3733 22 21 5
3734 11 11 5
3735 11 11 5
3736 9 8 4
3737 14 13 7
3738 13 12 6
3739 10 9 5
3740 11 11 5
3741 15 14 6
3742 8 8 4
3743 10 9 5
3744 13 13 5
3745 15 14 4
3746 20 19 5
3747 9 9 5
3748 11 11 5
3749 11 10 4
3750 10 9 5
3751 15 15 7
3752 11 10 4
3753 10 9 5
3754 11 10 6
3755 10 10 6
3756 16 16 6
3757 12 12 6
3758 16 16 8
3759 10 10 4
3760 10 9 5
3761 15 15 5
3762 11 11 5
3763 19 18 6
3764 16 16 6
3765 12 12 4
3766 16 15 5
3767 11 11 5
3768 9 8 4
3769 18 17 7
3770 7 6 5
3771 13 12 4
3772 16 15 7
3773 7 6 5
3774 11 11 5
3775 15 14 6
3776 18 18 8
3777 14 14 4
3778 16 15 7
3779 9 8 4
3780 6 5 4
3781 10 9 5
3782 11 11 7
3783 15 14 6
3784 20 19 5
3785 9 8 4
3786 22 21 5
3787 23 22 6
3788 24 23 5
3789 11 10 4
3790 10 9 5
3791 19 18 6
3792 10 10 4
3793 18 17 5
3794 11 11 5
3795 9 8 4
3796 16 15 5
3797 23 23 7
3798 19 18 6
3799 6 6 6
3800 13 12 4
3801 12 11 5
3802 13 12 6
3803 10 10 4
3804 18 17 7
3805 11 10 4
3806 12 11 5
3807 11 11 7
3808 19 19 7
3809 17 16 4
3810 10 9 5
3811 11 10 4
3812 6 5 4
3813 14 13 5
3814 21 20 8
3815 14 14 6
3816 8 8 4
3817 14 13 5
3818 21 20 6
3819 16 16 6
3820 8 8 4
3821 12 11 5
3822 11 11 5
3823 17 16 8
3824 18 18 4
3825 24 23 5
3826 13 12 4
3827 18 17 7
3828 11 10 6
3829 6 6 6
3830 17 16 4
3831 14 13 5
3832 23 22 8
3833 20 20 6
3834 14 14 4
3835 16 15 5
3836 13 13 5
3837 17 16 4
3838 22 21 5
3839 9 8 4
3840 18 17 5
3841 13 13 5
3842 17 16 4
3843 18 17 7
3844 17 17 5
3845 21 20 6
3846 14 14 4
3847 18 17 5
3848 15 15 5
3849 13 12 6
3850 20 19 5
3851 17 17 5
3852 19 19 7
3853 21 20 8
3854 32 31 7
3855 35 35 5
3856 25 25 5
3857 27 27 7
3858 23 22 6
3859 22 22 4
3860 26 25 5
3861 21 21 5
3862 11 11 5
3863 23 23 7
3864 23 23 5
3865 25 25 7
3866 21 20 4
3867 34 33 7
3868 15 14 6
3869 28 28 4
3870 16 15 5
3871 15 15 5
3872 15 15 5
3873 21 21 5
3874 25 24 6
3875 24 23 7
3876 15 14 4
3877 16 15 5
3878 17 16 6
3879 22 22 6
3880 20 20 6
3881 26 25 9
3882 17 17 5
3883 29 28 8
3884 18 18 4
3885 30 29 5
3886 21 20 4
3887 16 15 5
3888 21 20 4
3889 22 21 5
3890 19 19 5
3891 17 17 5
3892 17 17 5
3893 13 12 4
3894 22 21 5
3895 15 15 5
3896 19 19 5
3897 17 17 5
3898 17 17 5
3899 11 11 5
3900 19 19 5
3901 11 11 5
3902 11 11 5
3903 13 12 4
3904 12 11 5
3905 17 17 5
3906 13 13 5
3907 19 18 4
3908 16 15 5
3909 25 24 8
3910 12 12 4
3911 26 25 7
3912 9 8 4
3913 8 7 6
3914 14 14 4
3915 12 11 5
3916 13 12 4
3917 10 9 5
3918 13 13 7
3919 19 19 5
3920 19 18 4
3921 10 9 5
3922 23 23 5
3923 11 10 6
3924 6 6 6
3925 27 26 6
3926 24 23 5
3927 17 16 4
3928 14 13 5
3929 17 16 6
3930 14 14 6
3931 24 24 6
3932 12 12 4
3933 18 17 5
3934 21 21 7
3935 15 14 4
3936 12 11 5
3937 17 16 6
3938 16 15 5
3939 15 14 6
3940 22 22 6
3941 18 18 6
3942 16 15 5
3943 17 16 6
3944 14 14 6
3945 10 10 4
3946 18 17 5
3947 17 16 6
3948 14 13 5
3949 11 11 5
3950 13 12 4
3951 12 11 5
3952 17 16 6
3953 16 15 5
3954 13 13 5
3955 13 13 5
3956 13 12 4
3957 12 11 5
3958 21 20 6
3959 10 10 4
3960 16 15 5
3961 15 14 6
3962 10 10 6
3963 16 16 6
3964 18 18 4
3965 20 19 5
3966 21 20 6
3967 18 17 5
3968 21 20 4
3969 26 25 7
3970 13 12 4
3971 18 17 7
3972 17 16 6
3973 12 12 4
3974 14 13 7
3975 15 14 4
3976 26 25 5
3977 11 11 5
3978 15 14 4
3979 12 11 5
3980 19 18 6
3981 10 10 6
3982 8 8 4
3983 8 7 6
3984 10 10 6
3985 12 12 6
3986 10 10 6
3987 12 11 5
3988 23 22 6
3989 18 17 7
3990 25 24 6
3991 14 13 5
3992 13 12 6
3993 18 18 6
3994 28 28 6
3995 20 20 6
3996 14 14 4
3997 24 23 7
3998 13 12 4
3999 20 19 5
4000 9 9 5
4001 7 6 5
4002 13 13 5
4003 9 9 5
4004 13 12 4
4005 12 11 5
4006 5 5 5
4007 20 19 7
4008 13 13 5
4009 11 10 6
4010 10 10 4
4011 18 17 7
4012 7 6 5
4013 11 10 4
4014 14 13 5
4015 7 7 7
4016 10 9 5
4017 17 16 6
4018 10 10 4
4019 16 15 7
4020 13 12 4
4021 18 17 5
4022 13 13 5
4023 9 9 5
4024 7 6 5
4025 11 11 5
4026 5 5 5
4027 18 17 5
4028 9 9 5
4029 11 10 6
4030 16 16 6
4031 10 10 4
4032 12 11 7
4033 13 12 4
4034 14 13 7
4035 9 8 4
4036 16 15 7
4037 21 21 5
4038 15 14 4
4039 14 13 5
4040 7 6 5
4041 9 8 4
4042 16 15 7
4043 9 9 5
4044 13 12 6
4045 16 16 6
4046 10 10 4
4047 18 17 7
4048 13 12 6
4049 16 16 8
4050 12 12 6
4051 8 8 4
4052 12 11 5
4053 13 12 4
4054 16 15 5
4055 11 10 6
4056 12 12 6
4057 10 9 5
4058 11 10 4
4059 12 11 5
4060 13 12 6
4061 14 13 5
4062 5 5 5
4063 6 5 4
4064 18 17 5
4065 13 12 6
4066 8 8 4
4067 10 9 5
4068 9 9 5
4069 11 11 5
4070 11 11 5
4071 11 11 5
4072 13 12 6
4073 16 15 5
4074 11 11 5
4075 15 14 6
4076 14 14 6
4077 14 14 4
4078 16 15 5
4079 19 19 5
4080 19 18 6
4081 10 10 4
4082 20 19 5
4083 13 12 4
4084 18 17 5
4085 23 22 6
4086 24 24 6
4087 34 34 4
4088 40 39 5
4089 21 21 5
4090 35 34 6
4091 14 14 6
4092 16 16 4
4093 26 25 5
4094 13 12 6
4095 14 14 4
4096 16 15 5
4097 21 21 5
4098 27 26 6
4099 26 25 5
4100 23 23 7
4101 25 24 6
4102 26 25 5
4103 23 22 6
4104 28 27 5
4105 31 30 6
4106 40 40 8
4107 24 24 4
4108 40 39 7
4109 21 20 4
4110 18 17 5
4111 25 24 4
4112 30 29 5
4113 19 19 5
4114 25 24 6
4115 14 14 4
4116 22 21 5
4117 25 24 6
4118 16 16 6
4119 18 18 6
4120 20 20 4
4121 26 25 5
4122 17 17 5
4123 27 26 6
4124 24 23 5
4125 19 19 5
4126 17 16 6
4127 12 11 5
4128 17 16 6
4129 24 24 6
4130 20 20 4
4131 28 27 7
4132 19 18 4
4133 34 33 7
4134 37 36 6
4135 20 20 4
4136 36 35 5
4137 17 16 6
4138 20 20 4
4139 30 29 5
4140 43 43 9
4141 27 26 6
4142 16 15 5
4143 21 20 6
4144 20 20 8
4145 16 16 6
4146 32 32 6
4147 26 25 5
4148 19 19 5
4149 21 21 7
4150 41 40 8
4151 22 22 6
4152 26 26 6
4153 12 11 5
4154 13 13 5
4155 27 26 4
4156 34 33 7
4157 31 31 5
4158 23 23 5
4159 11 11 5
4160 27 26 6
4161 32 32 4
4162 16 15 5
4163 19 19 5
4164 19 18 4
4165 22 21 7
4166 27 26 8
4167 18 18 6
4168 18 18 8
4169 16 16 4
4170 22 21 5
4171 25 24 6
4172 22 22 6
4173 16 16 4
4174 16 15 5
4175 25 24 6
4176 18 17 5
4177 17 16 4
4178 28 27 7
4179 19 18 4
4180 22 21 5
4181 15 15 5
4182 31 30 4
4183 30 29 9
4184 15 14 4
4185 24 23 5
4186 27 27 5
4187 21 21 5
4188 9 9 5
4189 27 26 4
4190 36 35 7
4191 19 18 8
4192 16 16 4
4193 24 23 7
4194 23 22 6
4195 18 18 6
4196 22 21 5
4197 25 24 8
4198 20 20 4
4199 26 25 7
4200 21 20 6
4201 20 20 6
4202 28 28 6
4203 24 23 7
4204 23 22 4
4205 12 11 5
4206 19 18 4
4207 20 19 5
4208 21 20 6
4209 18 17 5
4210 33 32 8
4211 16 16 4
4212 18 17 5
4213 19 18 4
4214 18 17 7
4215 19 19 5
4216 13 13 5
4217 7 6 5
4218 13 13 5
4219 15 14 6
4220 12 12 4
4221 12 11 5
4222 23 23 5
4223 17 17 5
4224 17 16 6
4225 12 12 4
4226 18 17 5
4227 13 13 5
4228 23 22 4
4229 16 15 5
4230 19 19 5
4231 19 18 6
4232 16 15 5
4233 13 13 5
4234 11 10 6
4235 10 10 4
4236 12 11 7
4237 15 14 6
4238 14 14 4
4239 22 21 7
4240 15 14 4
4241 18 17 5
4242 11 11 5
4243 15 14 8
4244 6 6 6
4245 15 15 5
4246 11 10 6
4247 16 16 4
4248 14 13 5
4249 7 6 5
4250 13 12 4
4251 12 11 5
4252 7 6 5
4253 15 15 5
4254 17 16 6
4255 16 16 6
4256 6 6 6
4257 17 16 6
4258 14 13 5
4259 17 16 6
4260 14 13 5
4261 13 12 6
4262 14 14 4
4263 14 13 5
4264 13 12 6
4265 14 14 4
4266 10 9 5
4267 9 8 4
4268 16 15 7
4269 13 13 5
4270 11 10 4
4271 10 9 5
4272 17 16 6
4273 14 14 6
4274 10 10 6
4275 6 6 6
4276 17 16 6
4277 12 11 5
4278 13 13 5
4279 13 13 5
4280 13 13 5
4281 11 11 5
4282 13 13 7
4283 13 12 4
4284 10 9 5
4285 11 11 5
4286 13 13 5
4287 13 12 6
4288 6 6 6
4289 15 14 8
4290 12 12 4
4291 12 11 5
4292 13 12 4
4293 12 11 5
4294 21 21 7
4295 13 12 6
4296 16 16 6
4297 8 8 4
4298 16 15 5
4299 9 9 5
4300 9 9 5
4301 9 9 5
4302 11 11 5
4303 11 10 4
4304 16 15 7
4305 21 21 5
4306 9 9 5
4307 9 9 5
4308 15 15 5
4309 23 23 7
4310 11 11 5
4311 11 10 6
4312 14 14 6
4313 14 13 5
4314 11 11 5
4315 9 8 4
4316 12 11 5
4317 15 15 5
4318 5 5 5
4319 12 11 5
4320 15 14 6
4321 10 10 4
4322 18 17 7
4323 11 11 5
4324 15 14 6
4325 10 9 5
4326 13 12 4
4327 18 17 5
4328 11 11 5
4329 11 11 5
4330 13 12 6
4331 14 14 6
4332 8 8 4
4333 14 13 5
4334 15 14 6
4335 12 12 6
4336 10 10 6
4337 8 8 4
4338 12 11 7
4339 11 10 4
4340 14 13 5
4341 13 13 5
4342 11 10 4
4343 16 15 5
4344 15 14 6
4345 6 6 6
4346 13 13 5
4347 7 6 5
4348 9 9 5
4349 15 14 6
4350 10 10 4
4351 14 13 5
4352 7 6 5
4353 11 10 4
4354 12 11 7
4355 21 20 6
4356 20 19 5
4357 11 11 5
4358 11 11 5
4359 15 15 5
4360 25 25 5
4361 13 12 6
4362 20 20 6
4363 14 13 5
4364 23 23 5
4365 9 9 5
4366 21 20 6
4367 20 19 5
4368 21 21 7
4369 25 24 8
4370 14 14 4
4371 14 13 5
4372 27 26 6
4373 16 15 5
4374 27 26 8
4375 16 16 6
4376 12 12 6
4377 20 20 4
4378 28 27 5
4379 43 43 7
4380 23 22 6
4381 32 31 5
4382 23 23 5
4383 25 24 4
4384 26 25 5
4385 23 22 4
4386 36 35 9
4387 39 39 7
4388 35 34 6
4389 32 32 8
4390 44 44 12
4391 38 37 9
4392 45 44 8
4393 32 31 9
4394 23 23 5
4395 25 25 9
4396 57 56 14
4397 22 21 7
4398 17 16 4
4399 22 21 7
4400 29 28 8
4401 10 10 4
4402 24 23 5
4403 15 14 6
4404 24 24 6
4405 22 22 8
4406 28 27 7
4407 29 28 6
4408 20 19 7
4409 23 23 9
4410 17 16 6
4411 26 26 6
4412 26 25 11
4413 31 30 8
4414 22 22 6
4415 20 19 5
4416 19 19 5
4417 21 20 4
4418 26 25 7
4419 13 12 6
4420 20 20 4
4421 26 25 5
4422 15 15 5
4423 41 40 8
4424 36 36 8
4425 20 20 6
4426 22 22 4
4427 28 27 5
4428 17 17 5
4429 23 23 5
4430 37 36 8
4431 26 26 6
4432 20 20 4
4433 20 19 5
4434 17 17 5
4435 39 39 13
4436 31 30 6
4437 18 17 5
4438 19 18 6
4439 18 17 5
4440 17 17 7
4441 29 28 8
4442 24 24 4
4443 24 23 7
4444 15 15 5
4445 27 27 7
4446 15 14 6
4447 24 24 6
4448 30 30 10
4449 24 24 6
4450 20 19 5
4451 19 18 4
4452 22 21 7
4453 11 11 5
4454 27 26 4
4455 16 15 5
4456 31 31 9
4457 17 17 5
4458 13 13 5
4459 35 35 11
4460 17 17 5
4461 23 23 9
4462 25 25 5
4463 29 29 11
4464 15 15 5
4465 27 27 9
4466 25 24 6
4467 20 19 7
4468 35 34 6
4469 38 37 7
4470 19 19 5
4471 35 35 9
4472 15 15 5
4473 25 24 6
4474 28 28 8
4475 20 19 5
4476 23 23 7
4477 27 26 6
4478 26 26 4
4479 14 13 5
4480 35 34 6
4481 28 27 7
4482 31 30 8
4483 24 24 4
4484 24 23 5
4485 23 23 7
4486 23 22 6
4487 16 16 4
4488 28 27 7
4489 25 24 6
4490 18 18 6
4491 12 12 4
4492 34 33 5
4493 19 19 5
4494 29 28 8
4495 26 26 6
4496 14 13 5
4497 17 17 5
4498 17 17 5
4499 31 30 6
4500 22 21 5
4501 19 18 8
4502 28 28 8
4503 20 20 6
4504 14 14 6
4505 20 20 4
4506 16 15 5
4507 13 12 4
4508 26 25 5
4509 19 18 6
4510 14 14 4
4511 32 31 5
4512 21 21 5
4513 23 23 5
4514 13 13 5
4515 23 22 6
4516 32 32 6
4517 12 12 4
4518 16 15 5
4519 11 10 4
4520 32 31 9
4521 23 22 6
4522 22 21 5
4523 19 19 5
4524 23 23 5
4525 19 19 5
4526 15 15 5
4527 21 20 6
4528 16 15 5
4529 17 17 5
4530 17 16 6
4531 18 17 5
4532 13 13 5
4533 19 18 6
4534 22 22 4
4535 10 9 5
4536 19 19 5
4537 11 11 5
4538 9 8 4
4539 14 13 7
4540 11 11 5
4541 15 14 4
4542 12 11 5
4543 9 9 5
4544 13 12 6
4545 14 14 4
4546 14 13 5
4547 15 14 8
4548 24 24 6
4549 12 12 4
4550 20 19 5
4551 13 13 5
4552 11 10 4
4553 18 17 5
4554 17 17 5
4555 13 12 4
4556 16 15 5
4557 17 17 5
4558 13 12 6
4559 14 14 6
4560 16 15 5
4561 15 14 6
4562 12 12 4
4563 26 25 7
4564 13 12 4
4565 12 11 5
4566 21 20 6
4567 10 9 5
4568 11 11 5
4569 11 10 4
4570 14 13 5
4571 13 13 5
4572 17 16 6
4573 6 6 6
4574 9 8 4
4575 16 15 7
4576 13 12 4
4577 20 19 5
4578 7 7 7
4579 8 8 4
4580 16 15 5
4581 21 21 9
4582 7 6 5
4583 19 18 4
4584 10 9 5
4585 19 19 7
4586 13 12 6
4587 20 19 5
4588 23 22 6
4589 12 11 5
4590 21 20 6
4591 16 16 4
4592 18 17 5
4593 19 19 5
4594 25 24 4
4595 44 43 7
4596 35 34 4
4597 34 33 7
4598 17 16 4
4599 26 25 7
4600 31 31 7
4601 43 42 12
4602 34 34 4
4603 48 47 11
4604 37 36 8
4605 48 47 9
4606 37 36 6
4607 36 35 7
4608 29 29 5
4609 21 20 6
4610 40 40 8
4611 44 43 13
4612 27 26 6
4613 24 23 5
4614 27 26 6
4615 32 31 7
4616 31 31 5
4617 35 35 9
4618 29 28 8
4619 18 18 4
4620 30 29 7
4621 31 30 8
4622 18 18 6
4623 36 36 8
4624 30 30 6
4625 28 28 6
4626 14 13 5
4627 15 14 6
4628 16 15 5
4629 17 17 5
4630 33 33 11
4631 29 29 5
4632 27 26 12
4633 28 28 6
4634 38 37 5
4635 23 23 5
4636 15 15 5
4637 19 18 6
4638 12 12 4
4639 16 15 5
4640 21 20 6
4641 12 12 6
4642 24 24 6
4643 22 22 6
4644 18 18 4
4645 20 19 7
4646 11 10 6
4647 14 14 4
4648 18 17 5
4649 15 14 6
4650 20 19 5
4651 11 11 5
4652 21 20 6
4653 20 19 5
4654 17 16 4
4655 12 11 5
4656 15 14 6
4657 16 15 5
4658 11 11 5
4659 23 22 6
4660 16 15 5
4661 19 18 6
4662 16 16 4
4663 16 15 5
4664 13 13 5
4665 19 18 6
4666 14 14 4
4667 14 13 5
4668 15 15 5
4669 7 6 5
4670 13 12 6
4671 18 18 6
4672 12 12 6
4673 26 25 7
4674 13 12 4
4675 18 17 5
4676 13 12 6
4677 18 18 8
4678 18 18 4
4679 24 23 5
4680 21 20 6
4681 16 16 6
4682 18 18 6
4683 14 13 5
4684 19 18 6
4685 18 18 6
4686 8 8 4
4687 28 27 5
4688 33 33 5
4689 17 16 4
4690 34 33 5
4691 33 32 6
4692 24 23 7
4693 13 13 5
4694 29 28 6
4695 18 18 6
4696 24 24 6
4697 18 18 6
4698 18 18 6
4699 30 30 6
4700 20 19 5
4701 21 21 5
4702 31 31 5
4703 21 20 6
4704 32 31 9
4705 15 14 4
4706 24 23 5
4707 23 23 5
4708 25 25 5
4709 23 22 6
4710 46 45 7
4711 27 27 7
4712 23 23 5
4713 35 35 7
4714 21 20 6
4715 26 26 4
4716 24 23 5
4717 27 26 6
4718 18 18 4
4719 28 27 5
4720 33 32 6
4721 30 30 6
4722 24 23 5
4723 31 31 7
4724 29 28 6
4725 22 22 6
4726 34 33 5
4727 25 25 5
4728 25 25 7
4729 25 24 6
4730 20 20 6
4731 26 26 6
4732 36 36 6
4733 20 19 5
4734 27 26 6
4735 28 27 5
4736 39 38 8
4737 38 37 9
4738 25 24 4
4739 40 39 9
4740 53 52 14
4741 32 32 8
4742 36 36 8
4743 26 25 7
4744 53 53 15
4745 31 31 5
4746 31 31 7
4747 21 21 7
4748 29 29 7
4749 33 32 6
4750 28 27 7
4751 37 36 6
4752 28 27 5
4753 37 37 7
4754 25 25 7
4755 21 21 5
4756 27 26 6
4757 28 27 9
4758 23 23 7
4759 33 32 8
4760 34 34 10
4761 28 27 5
4762 31 31 9
4763 21 20 4
4764 28 27 9
4765 33 32 6
4766 24 23 5
4767 23 23 5
4768 29 28 4
4769 34 33 7
4770 17 17 5
4771 39 38 6
4772 18 18 6
4773 32 32 6
4774 40 40 8
4775 36 36 6
4776 34 34 10
4777 48 47 5
4778 35 34 6
4779 28 27 5
4780 27 27 5
4781 23 23 7
4782 27 26 6
4783 28 28 6
4784 22 21 5
4785 29 28 6
4786 28 27 7
4787 25 24 8
4788 22 22 4
4789 24 23 5
4790 29 29 7
4791 27 26 6
4792 26 26 6
4793 22 21 7
4794 37 36 6
4795 16 16 6
4796 14 14 4
4797 22 21 5
4798 15 15 5
4799 13 13 5
4800 27 26 6
4801 26 25 5
4802 11 10 4
4803 16 15 5
4804 23 22 6
4805 12 12 4
4806 20 19 5
4807 21 20 4
4808 14 13 5
4809 19 18 6
4810 14 13 5
4811 19 19 5
4812 23 23 5
4813 19 18 6
4814 14 14 4
4815 14 13 5
4816 17 16 6
4817 22 22 4
4818 22 21 5
4819 25 24 6
4820 18 18 4
4821 20 19 7
4822 21 20 4
4823 24 23 5
4824 21 20 6
4825 22 21 7
4826 13 12 6
4827 16 16 6
4828 20 20 4
4829 14 13 5
4830 11 10 4
4831 38 37 9
4832 23 23 7
4833 25 25 5
4834 21 21 5
4835 25 24 6
4836 20 20 6
4837 16 16 4
4838 16 15 5
4839 19 18 4
4840 24 23 5
4841 17 17 5
4842 19 18 4
4843 18 17 5
4844 17 16 6
4845 20 19 5
4846 25 24 6
4847 24 24 6
4848 18 18 4
4849 18 17 5
4850 21 20 6
4851 20 20 4
4852 12 11 5
4853 11 11 5
4854 21 20 4
4855 12 11 5
4856 21 20 6
4857 18 17 7
4858 11 10 4
4859 14 13 5
4860 21 20 6
4861 12 11 5
4862 15 15 5
4863 13 13 5
4864 9 9 5
4865 11 11 5
4866 9 8 4
4867 14 13 5
4868 13 12 6
4869 22 21 5
4870 9 9 5
4871 17 16 6
4872 10 10 4
4873 12 11 5
4874 21 21 5
4875 19 19 5
4876 17 17 7
4877 19 18 6
4878 10 10 4
4879 12 11 5
4880 17 16 8
4881 18 18 6
4882 10 10 4
4883 8 7 6
4884 14 14 6
4885 12 12 6
4886 24 24 8
4887 10 10 4
4888 14 13 5
4889 11 10 6
4890 18 17 7
4891 17 16 6
4892 18 17 7
4893 15 14 6
4894 10 10 4
4895 12 11 5
4896 17 16 6
4897 12 11 5
4898 19 18 4
4899 12 11 5
4900 9 9 5
4901 13 13 5
4902 11 11 5
4903 11 10 4
4904 12 11 5
4905 11 11 5
4906 11 11 5
4907 15 15 5
4908 9 9 5
4909 11 11 5
4910 9 8 4
4911 14 13 5
4912 11 11 5
4913 17 17 5
4914 17 16 6
4915 16 16 4
4916 14 13 5
4917 11 10 4
4918 12 11 5
4919 9 9 5
4920 19 18 6
4921 10 10 4
4922 20 19 5
4923 15 14 6
4924 10 10 4
4925 10 9 5
4926 11 11 5
4927 9 8 4
4928 10 9 5
4929 13 12 6
4930 16 16 6
4931 14 13 5
4932 15 14 6
4933 10 9 5
4934 11 10 6
4935 12 12 6
4936 14 14 6
4937 10 10 4
4938 12 11 5
4939 9 8 4
4940 18 17 7
4941 13 12 4
4942 18 17 7
4943 15 14 6
4944 14 14 6
4945 12 12 6
4946 10 10 6
4947 12 11 5
4948 7 6 5
4949 17 16 8
4950 16 15 5
4951 15 14 6
4952 12 12 4
4953 28 27 7
4954 11 11 5
4955 11 10 4
4956 14 13 5
4957 13 13 5
4958 9 8 4
4959 14 13 5
4960 15 15 5
4961 11 10 4
4962 10 9 5
4963 7 6 5
4964 19 18 6
4965 14 13 5
4966 5 5 5
4967 12 11 5
4968 11 10 6
4969 18 18 6
4970 16 15 5
4971 9 8 4
4972 12 11 5
4973 15 14 6
4974 16 15 5
4975 13 13 5
4976 15 14 6
4977 6 5 4
4978 18 17 5
4979 15 14 6
4980 20 20 6
4981 32 32 4
4982 22 21 5
4983 15 15 5
4984 27 27 5
4985 17 16 6
4986 18 18 6
4987 14 14 4
4988 16 15 5
4989 17 17 7
4990 19 18 6
4991 32 32 6
4992 18 18 4
4993 24 23 5
4994 23 23 5
4995 13 13 5
4996 17 16 4
4997 18 17 5
4998 27 26 6
4999 14 14 6
