0 14 13 5
1 15 14 4
2 10 9 5
3 17 16 6
4 14 14 6
5 8 8 4
6 8 7 6
7 30 30 6
8 20 20 6
9 6 6 6
10 11 11 5
11 11 11 5
12 13 13 5
13 11 11 5
14 17 17 5
15 13 12 6
16 14 14 6
17 12 12 6
18 12 11 5
19 11 10 6
20 10 10 4
21 12 11 7
22 17 16 6
23 12 12 4
24 6 5 4
25 16 15 5
26 9 9 5
27 15 14 6
28 26 25 5
29 19 19 5
30 11 10 6
31 16 16 6
32 16 16 4
33 12 11 5
34 17 16 4
35 18 17 7
36 37 36 8
37 20 20 4
38 20 19 5
39 19 18 4
40 20 19 5
41 39 39 5
42 27 26 6
43 22 22 4
44 14 13 5
45 23 22 4
46 22 21 5
47 19 18 6
48 10 10 4
49 18 17 5
50 21 20 4
51 22 21 5
52 11 10 4
53 24 23 5
54 17 17 5
55 15 14 6
56 10 9 5
57 27 26 6
58 16 16 4
59 30 29 5
60 25 24 8
61 14 14 6
62 24 24 6
63 30 30 10
64 18 17 5
65 19 18 4
66 12 11 5
67 21 21 7
68 19 18 6
69 12 12 4
70 18 17 5
71 27 26 8
72 24 23 5
73 17 16 6
74 28 28 10
75 20 20 8
76 18 17 5
77 17 16 6
78 20 20 6
79 16 15 5
80 17 17 5
81 13 12 4
82 20 19 5
83 17 17 5
84 15 14 6
85 12 11 5
86 17 16 6
87 16 16 6
88 12 12 6
89 16 15 5
90 11 11 5
91 15 15 5
92 15 15 5
93 13 12 6
94 28 28 8
95 8 8 4
96 18 17 5
97 21 21 5
98 17 16 4
99 22 21 7
100 21 20 6
101 12 11 5
102 15 15 5
103 7 6 5
104 17 16 6
105 16 16 6
106 14 14 6
107 24 23 7
108 11 10 6
109 18 17 5
110 15 15 7
111 17 17 7
112 11 10 4
113 18 17 7
114 11 11 5
115 13 12 4
116 18 17 7
117 17 17 7
118 11 10 6
119 12 11 5
120 11 10 6
121 18 18 6
122 14 14 6
123 18 17 5
124 21 21 9
125 23 23 5
126 5 5 5
127 14 13 5
128 13 12 6
129 18 17 5
130 11 11 5
131 27 26 8
132 18 17 5
133 19 19 5
134 11 11 7
135 9 8 4
136 12 11 5
137 25 24 12
138 6 6 6
139 19 18 6
140 14 14 6
141 10 10 4
142 14 13 5
143 25 25 7
144 9 9 5
145 31 30 8
146 12 11 7
147 13 12 6
148 12 11 5
149 21 20 6
150 10 10 4
151 16 15 7
152 21 20 6
153 18 17 7
154 13 13 7
155 15 14 6
156 14 14 6
157 12 12 6
158 20 20 6
159 12 12 6
160 14 13 5
161 9 9 5
162 11 10 4
163 12 11 5
164 15 15 7
165 15 14 4
166 20 19 5
167 15 15 5
168 13 13 7
169 19 18 8
170 14 14 6
171 16 16 6
172 6 6 6
173 13 12 6
174 16 15 7
175 13 12 6
176 28 28 6
177 10 10 4
178 20 19 7
179 9 9 5
180 21 21 7
181 11 10 6
182 24 24 8
183 16 15 7
184 17 16 6
185 8 8 4
186 12 11 5
187 13 12 6
188 14 13 5
189 9 9 5
190 13 13 5
191 15 15 9
192 13 12 6
193 10 10 6
194 10 9 5
195 15 15 7
196 17 16 4
197 14 13 5
198 13 12 6
199 8 8 4
200 22 21 9
201 11 10 6
202 24 23 7
203 17 16 6
204 12 12 4
205 12 11 5
206 9 8 4
207 14 13 7
208 17 17 7
209 11 10 6
210 22 22 8
211 6 5 4
212 18 17 5
213 21 20 6
214 16 16 6
215 14 14 6
216 22 21 5
217 13 12 4
218 14 13 5
219 13 13 5
220 25 25 7
221 11 11 5
222 15 14 4
223 22 21 5
224 17 17 5
225 13 13 5
226 11 10 6
227 28 27 5
228 13 13 5
229 11 10 4
230 16 15 5
231 17 16 6
232 16 15 5
233 11 11 5
234 13 13 5
235 15 14 4
236 16 15 7
237 15 15 7
238 11 11 5
239 9 9 5
240 13 13 5
241 21 20 8
242 20 19 7
243 9 9 5
244 17 16 6
245 6 6 6
246 9 8 4
247 10 9 5
248 13 13 7
249 7 6 5
250 19 19 9
251 5 5 5
252 8 7 6
253 20 20 8
254 10 9 5
255 9 9 5
256 19 18 6
257 14 13 5
258 13 12 6
259 10 10 4
260 12 11 7
261 19 18 8
262 10 10 6
263 14 14 6
264 12 12 6
265 10 9 5
266 5 5 5
267 12 11 7
268 13 12 8
269 12 12 6
270 6 5 4
271 10 9 5
272 11 10 6
273 10 10 6
274 16 15 7
275 11 11 7
276 13 12 6
277 18 18 8
278 10 9 5
279 13 13 7
280 11 10 4
281 16 15 7
282 7 6 5
283 11 10 6
284 10 10 6
285 12 12 6
286 8 7 6
287 10 9 5
288 7 7 7
289 8 8 4
290 18 17 7
291 13 12 6
292 14 13 5
293 11 11 5
294 11 11 5
295 13 13 7
296 11 11 5
297 13 12 6
298 12 11 5
299 17 17 7
300 21 20 6
301 12 12 6
302 6 6 6
303 11 10 4
304 18 17 5
305 15 15 7
306 17 16 6
307 12 12 6
308 12 12 6
309 14 13 7
310 13 12 4
311 14 13 5
312 7 6 5
313 21 21 7
314 15 14 6
315 14 14 6
316 6 6 6
317 15 14 6
318 10 9 5
319 13 12 6
320 20 19 5
321 11 11 5
322 7 6 5
323 21 20 6
324 12 12 4
325 12 11 7
326 19 18 6
327 6 5 4
328 12 11 5
329 15 14 4
330 12 11 5
331 25 24 6
332 14 14 6
333 10 9 5
334 13 13 5
335 5 5 5
336 12 11 5
337 13 12 4
338 18 17 7
339 21 20 6
340 16 16 4
341 10 9 5
342 17 16 8
343 6 5 4
344 10 9 5
345 9 8 4
346 16 15 5
347 23 22 8
348 18 18 4
349 10 9 5
350 13 12 4
351 10 9 5
352 13 12 6
353 12 11 5
354 29 28 4
355 18 17 5
356 17 17 5
357 7 6 5
358 13 12 4
359 12 11 5
360 31 30 4
361 22 21 5
362 27 26 6
363 20 20 6
364 12 12 4
365 12 11 5
366 15 14 4
367 12 11 5
368 19 18 4
369 26 25 5
370 29 29 7
371 11 10 4
372 16 15 5
373 25 24 6
374 14 14 4
375 14 13 5
376 19 18 6
377 18 17 5
378 23 22 4
379 20 19 7
380 15 14 4
381 14 13 5
382 17 17 5
383 23 22 6
384 16 16 6
385 14 14 4
386 18 17 7
387 15 15 5
388 17 16 4
389 20 19 7
390 11 11 5
391 21 21 9
392 25 24 4
393 18 17 5
394 21 20 8
395 18 18 4
396 18 17 5
397 15 15 5
398 17 17 5
399 17 16 6
400 24 24 10
401 20 20 6
402 14 13 7
403 31 30 6
404 22 22 6
405 20 20 8
406 24 24 10
407 18 17 9
408 23 22 8
409 12 11 5
410 17 16 4
411 20 19 5
412 13 13 5
413 15 14 6
414 16 16 6
415 16 15 5
416 19 19 5
417 13 13 7
418 13 13 5
419 19 19 7
420 25 24 4
421 12 11 5
422 23 23 7
423 19 19 7
424 19 18 8
425 12 12 6
426 14 14 8
427 22 22 6
428 18 17 5
429 33 32 10
430 16 16 6
431 22 22 8
432 14 14 6
433 14 14 6
434 22 21 7
435 21 20 6
436 16 15 7
437 31 30 14
438 18 17 7
439 21 20 6
440 20 19 7
441 21 20 6
442 16 16 4
443 16 15 5
444 11 11 7
445 21 20 8
446 14 14 6
447 22 22 6
448 18 17 7
449 15 14 4
450 10 9 5
451 13 12 6
452 12 12 6
453 14 14 4
454 16 15 7
455 19 18 6
456 12 12 6
457 16 16 6
458 18 18 8
459 10 10 4
460 20 19 5
461 19 18 4
462 12 11 5
463 11 11 5
464 17 16 6
465 10 10 4
466 18 17 5
467 19 19 5
468 11 11 5
469 15 15 7
470 15 15 5
471 9 9 5
472 7 6 5
473 15 14 6
474 16 16 6
475 20 20 6
476 8 8 4
477 12 11 5
478 19 19 7
479 11 10 4
480 12 11 5
481 9 9 5
482 15 14 8
483 14 14 6
484 14 14 6
485 10 10 4
486 14 13 7
487 13 12 6
488 8 8 4
489 16 15 7
490 9 8 4
491 16 15 7
492 15 14 6
493 10 10 6
494 16 16 6
495 22 21 5
496 11 10 6
497 14 14 4
498 12 11 5
499 13 12 4
