0 204 203 83
1 119 119 84
2 136 136 84
3 238 238 84
4 152 152 83
5 169 169 83
6 187 187 84
7 136 136 84
8 186 186 83
9 187 187 84
10 136 136 84
11 118 118 83
12 85 85 85
13 102 102 84
14 136 136 84
15 136 136 84
16 136 136 84
17 204 204 84
18 118 118 83
19 135 135 83
20 153 153 84
21 118 118 83
22 153 153 84
23 136 136 84
24 102 102 84
25 118 118 83
26 135 135 83
27 101 101 83
28 101 101 83
29 153 153 84
30 136 136 84
31 136 136 84
32 102 102 84
33 102 102 84
34 118 118 83
35 119 119 84
36 136 136 84
37 84 84 84
38 187 187 84
39 152 152 83
40 119 119 84
41 136 136 84
42 136 136 84
43 102 102 84
44 118 118 83
45 119 119 84
46 136 136 84
47 118 118 83
48 221 221 84
49 118 118 83
50 169 169 83
51 203 203 83
52 85 85 85
53 136 136 84
54 84 84 84
55 101 101 83
56 135 135 83
57 169 169 83
58 237 237 83
59 169 169 83
60 203 203 83
61 153 153 84
62 152 152 83
63 305 305 83
64 271 271 83
65 323 323 84
66 220 220 83
67 153 153 84
68 136 136 84
69 204 204 84
70 170 170 84
71 186 186 83
72 237 237 83
73 203 203 83
74 119 119 84
75 186 186 83
76 153 153 84
77 220 220 83
78 221 221 84
79 152 152 83
80 187 187 84
81 118 118 83
82 255 255 84
83 220 220 83
84 203 203 83
85 221 221 84
86 356 356 83
87 305 305 83
88 153 153 84
89 186 186 83
90 237 237 83
91 323 323 84
92 204 204 84
93 306 306 84
94 238 238 84
95 204 204 84
96 204 204 84
97 220 220 83
98 203 203 83
99 187 187 84
100 220 220 83
101 203 203 83
102 271 271 83
103 203 203 83
104 169 169 83
105 135 135 83
106 169 169 83
107 237 237 83
108 187 187 84
109 186 186 83
110 169 169 83
111 237 237 83
112 187 187 84
113 186 186 83
114 271 271 83
115 187 187 84
116 204 204 84
117 272 272 84
118 204 204 84
119 238 238 84
120 136 136 84
121 170 170 84
122 170 170 84
123 306 306 84
124 204 204 84
125 254 254 83
126 221 221 84
127 306 306 84
128 254 254 83
129 169 169 83
130 153 153 84
131 204 204 84
132 170 170 84
133 170 170 84
134 238 238 84
135 272 272 84
136 170 170 84
137 152 152 83
138 221 221 84
139 204 204 84
140 170 170 84
141 238 238 84
142 204 204 84
143 288 288 83
144 187 187 84
145 220 220 83
146 135 135 83
147 187 187 84
148 186 186 83
149 187 187 84
150 254 254 83
151 237 237 83
152 221 221 84
153 238 238 84
154 170 170 84
155 288 288 83
156 169 169 83
157 237 237 83
158 169 169 83
159 255 255 84
160 220 220 83
161 187 187 84
162 272 272 84
163 272 272 84
164 204 204 84
165 152 152 83
166 169 169 83
167 187 187 84
168 272 272 84
169 238 238 84
170 186 186 83
171 221 221 84
172 220 220 83
173 203 203 83
174 271 271 83
175 187 187 84
176 220 220 83
177 323 323 84
178 254 254 83
179 271 271 83
180 237 237 83
181 237 237 83
182 221 221 84
183 254 254 83
184 237 237 83
185 271 271 83
186 289 289 84
187 254 254 83
188 237 237 83
189 203 203 83
190 271 271 83
191 237 237 83
192 135 135 83
193 153 153 84
194 170 170 84
195 170 170 84
196 204 204 84
197 186 186 83
198 237 237 83
199 237 237 83
200 135 135 83
201 203 203 83
202 221 221 84
203 220 220 83
204 169 169 83
205 203 203 83
206 237 237 83
207 169 169 83
208 323 323 84
209 220 220 83
210 187 187 84
211 186 186 83
212 255 255 84
213 356 356 83
214 187 187 84
215 204 204 84
216 186 186 83
217 271 271 83
218 203 203 83
219 153 153 84
220 204 204 84
221 170 170 84
222 186 186 83
223 237 237 83
224 221 221 84
225 204 204 84
226 272 272 84
227 288 288 83
228 187 187 84
229 238 238 84
230 238 238 84
231 254 254 83
232 153 153 84
233 186 186 83
234 187 187 84
235 288 288 83
236 237 237 83
237 237 237 83
238 153 153 84
239 220 220 83
240 221 221 84
241 220 220 83
242 169 169 83
243 305 305 83
244 135 135 83
245 101 101 83
246 153 153 84
247 152 152 83
248 221 221 84
249 170 170 84
250 118 118 83
251 101 101 83
252 119 119 84
253 136 136 84
254 136 136 84
255 102 102 84
256 102 102 84
257 152 152 83
258 135 135 83
259 169 169 83
260 169 169 83
261 119 119 84
262 152 152 83
263 101 101 83
264 187 187 84
265 102 102 84
266 186 186 83
267 203 203 83
268 187 187 84
269 254 254 83
270 169 169 83
271 187 187 84
272 170 170 84
273 152 152 83
274 119 119 84
275 170 170 84
276 186 186 83
277 203 203 83
278 153 153 84
279 186 186 83
280 203 203 83
281 153 153 84
282 136 136 84
283 356 356 83
284 203 203 83
285 169 169 83
286 221 221 84
287 152 152 83
288 135 135 83
289 153 153 84
290 186 186 83
291 203 203 83
292 255 255 84
293 102 102 84
294 186 186 83
295 153 153 84
296 204 204 84
297 340 340 84
298 288 288 83
299 203 203 83
300 289 289 84
301 442 442 84
302 220 220 83
303 255 255 84
304 288 288 83
305 305 305 83
306 373 373 83
307 357 357 84
308 374 374 84
309 306 306 84
310 306 306 84
311 322 322 83
312 169 169 83
313 339 339 83
314 255 255 84
315 204 204 84
316 288 288 83
317 187 187 84
318 220 220 83
319 203 203 83
320 391 391 84
321 322 322 83
322 373 373 83
323 425 425 84
324 340 340 84
325 170 170 84
326 272 272 84
327 254 254 83
328 305 305 83
329 271 271 83
330 221 221 84
331 204 204 84
332 238 238 84
333 204 204 84
334 118 118 83
335 119 119 84
336 152 152 83
337 221 221 84
338 152 152 83
339 169 169 83
340 289 289 84
341 204 204 84
342 102 102 84
343 152 152 83
344 187 187 84
345 238 238 84
346 170 170 84
347 186 186 83
348 221 221 84
349 170 170 84
350 220 220 83
351 153 153 84
352 152 152 83
353 101 101 83
354 153 153 84
355 170 170 84
356 220 220 83
357 135 135 83
358 119 119 84
359 204 204 84
360 204 204 84
361 136 136 84
362 118 118 83
363 203 203 83
364 169 169 83
365 169 169 83
366 153 153 84
367 238 238 84
368 152 152 83
369 237 237 83
370 135 135 83
371 203 203 83
372 153 153 84
373 186 186 83
374 187 187 84
375 170 170 84
376 170 170 84
377 118 118 83
378 169 169 83
379 169 169 83
380 255 255 84
381 152 152 83
382 119 119 84
383 152 152 83
384 187 187 84
385 136 136 84
386 238 238 84
387 136 136 84
388 170 170 84
389 170 170 84
390 170 170 84
391 136 136 84
392 118 118 83
393 153 153 84
394 152 152 83
395 203 203 83
396 187 187 84
397 204 204 84
398 152 152 83
399 101 101 83
400 101 101 83
401 169 169 83
402 119 119 84
403 152 152 83
404 119 119 84
405 118 118 83
406 85 85 85
407 102 102 84
408 118 118 83
409 221 221 84
410 102 102 84
411 102 102 84
412 102 102 84
413 118 118 83
414 153 153 84
415 186 186 83
416 169 169 83
417 153 153 84
418 118 118 83
419 135 135 83
420 101 101 83
421 135 135 83
422 119 119 84
423 136 136 84
424 118 118 83
425 187 187 84
426 118 118 83
427 119 119 84
428 136 136 84
429 152 152 83
430 153 153 84
431 118 118 83
432 203 203 83
433 271 271 83
434 221 221 84
435 238 238 84
436 152 152 83
437 101 101 83
438 135 135 83
439 153 153 84
440 152 152 83
441 135 135 83
442 203 203 83
443 203 203 83
444 169 169 83
445 119 119 84
446 102 102 84
447 170 170 84
448 118 118 83
449 101 101 83
450 169 169 83
451 119 119 84
452 170 170 84
453 102 102 84
454 152 152 83
455 169 169 83
456 169 169 83
457 135 135 83
458 153 153 84
459 170 170 84
460 136 136 84
461 102 102 84
462 102 102 84
463 170 170 84
464 102 102 84
465 136 136 84
466 118 118 83
467 135 135 83
468 101 101 83
469 85 85 85
470 102 102 84
471 136 136 84
472 102 102 84
473 152 152 83
474 187 187 84
475 254 254 83
476 135 135 83
477 119 119 84
478 84 84 84
479 135 135 83
480 169 169 83
481 101 101 83
482 101 101 83
483 101 101 83
484 85 85 85
485 102 102 84
486 118 118 83
487 153 153 84
488 152 152 83
489 153 153 84
490 102 102 84
491 118 118 83
492 135 135 83
493 135 135 83
494 101 101 83
495 187 187 84
496 102 102 84
497 102 102 84
498 152 152 83
499 101 101 83
