0 22 21 5
1 11 10 4
2 14 13 5
3 25 25 5
4 15 14 4
5 18 17 5
6 19 19 5
7 15 14 6
8 20 20 6
9 18 18 4
10 14 13 5
11 11 10 4
12 8 7 6
13 10 10 6
14 12 12 4
15 14 13 5
16 13 13 5
17 23 22 6
18 12 11 5
19 15 14 6
20 14 14 4
21 12 11 5
22 15 15 5
23 13 12 4
24 10 9 5
25 13 12 6
26 12 12 4
27 10 9 5
28 11 10 6
29 16 16 6
30 12 12 4
31 16 15 7
32 9 8 4
33 10 9 5
34 13 12 6
35 10 10 4
36 14 13 5
37 7 6 5
38 21 20 6
39 16 16 6
40 12 12 6
41 14 14 6
42 12 12 4
43 10 9 5
44 11 10 4
45 12 11 5
46 15 14 6
47 12 12 6
48 22 22 4
49 12 11 5
50 19 18 6
51 20 20 4
52 6 5 4
53 14 13 5
54 5 5 5
55 10 9 5
56 15 14 6
57 16 16 4
58 26 25 5
59 19 18 6
60 22 21 5
61 15 14 4
62 18 17 7
63 35 34 6
64 28 28 4
65 36 35 5
66 23 23 5
67 17 16 6
68 12 12 4
69 22 21 5
70 17 16 4
71 20 19 5
72 25 25 5
73 23 22 6
74 10 10 4
75 20 19 5
76 17 16 6
77 22 22 4
78 24 23 5
79 15 15 5
80 21 20 6
81 10 10 4
82 28 27 5
83 25 25 7
84 21 20 4
85 24 23 5
86 41 40 6
87 34 34 6
88 16 15 5
89 19 18 4
90 28 27 7
91 35 34 4
92 22 21 5
93 33 33 5
94 25 24 4
95 22 21 5
96 23 22 6
97 24 24 6
98 22 22 6
99 20 20 6
100 24 24 6
101 22 21 5
102 29 29 5
103 21 20 4
104 18 17 5
105 15 14 6
106 16 16 4
107 26 25 5
108 21 20 6
109 20 19 5
110 17 16 4
111 28 27 7
112 21 20 6
113 20 20 6
114 30 29 5
115 19 18 4
116 22 21 5
117 29 29 5
118 21 21 5
119 27 26 6
120 14 13 5
121 19 18 6
122 18 18 6
123 34 34 6
124 22 22 6
125 28 28 6
126 22 22 4
127 34 33 5
128 27 27 5
129 17 16 4
130 16 15 5
131 23 22 6
132 18 18 6
133 18 17 5
134 27 26 6
135 28 28 4
136 18 17 5
137 17 16 6
138 24 24 6
139 20 20 4
140 18 17 5
141 27 26 6
142 22 22 6
143 30 30 4
144 20 19 5
145 23 23 5
146 13 12 4
147 20 19 5
148 19 18 4
149 20 19 5
150 31 30 8
151 26 26 6
152 22 22 4
153 26 25 5
154 19 18 6
155 32 32 6
156 18 18 6
157 26 26 6
158 18 17 5
159 27 27 5
160 25 25 7
161 19 19 5
162 33 32 8
163 28 28 4
164 22 21 5
165 15 15 5
166 17 17 5
167 19 18 4
168 30 29 5
169 27 27 7
170 19 18 4
171 24 23 5
172 23 23 5
173 21 21 5
174 29 28 4
175 20 19 5
176 23 23 5
177 35 34 4
178 30 29 7
179 29 29 5
180 25 24 4
181 26 25 5
182 23 23 5
183 27 26 4
184 26 25 5
185 29 28 4
186 32 31 5
187 27 27 5
188 25 25 5
189 23 22 6
190 30 30 6
191 24 24 4
192 14 13 5
193 15 14 4
194 18 17 5
195 17 17 5
196 23 22 6
197 18 18 4
198 26 25 5
199 27 26 6
200 14 13 5
201 23 22 6
202 22 22 4
203 24 23 5
204 19 18 6
205 22 22 6
206 24 24 4
207 18 17 5
208 37 36 6
209 24 23 5
210 19 19 5
211 21 20 6
212 26 26 4
213 42 41 7
214 19 18 4
215 22 21 5
216 19 18 4
217 30 29 5
218 21 20 4
219 16 15 5
220 23 22 6
221 18 18 6
222 18 18 4
223 26 25 5
224 25 24 6
225 22 21 5
226 29 28 4
227 34 33 7
228 19 18 4
229 26 25 5
230 27 26 6
231 28 27 5
232 15 14 4
233 20 19 5
234 21 20 6
235 32 31 5
236 25 25 5
237 27 26 6
238 16 15 5
239 25 24 6
240 24 24 6
241 22 22 4
242 18 17 5
243 33 33 5
244 13 12 4
245 10 9 5
246 15 15 5
247 15 15 5
248 23 22 4
249 18 17 5
250 11 11 5
251 11 10 6
252 10 10 4
253 14 13 5
254 13 13 5
255 9 8 4
256 10 9 5
257 17 16 6
258 14 14 6
259 16 16 4
260 18 17 5
261 11 10 4
262 18 17 7
263 9 8 4
264 20 19 5
265 9 9 5
266 21 20 6
267 20 20 4
268 20 19 5
269 29 28 6
270 18 17 5
271 19 19 5
272 19 18 6
273 14 14 4
274 12 11 5
275 19 18 6
276 18 18 4
277 22 21 5
278 15 15 5
279 19 19 5
280 21 20 4
281 16 15 5
282 13 13 5
283 41 40 6
284 22 22 6
285 16 16 4
286 26 25 7
287 15 14 4
288 14 13 5
289 15 15 5
290 21 20 6
291 20 20 4
292 30 29 7
293 9 8 4
294 20 19 5
295 15 14 4
296 24 23 7
297 37 36 4
298 32 31 5
299 21 20 4
300 32 31 5
301 49 49 5
302 23 23 5
303 27 27 5
304 33 32 6
305 34 34 6
306 42 41 5
307 39 39 5
308 41 41 5
309 33 33 5
310 33 33 5
311 37 37 7
312 17 16 4
313 42 41 9
314 29 28 6
315 22 21 5
316 37 36 10
317 22 22 8
318 24 23 5
319 21 21 5
320 43 43 5
321 37 36 6
322 42 42 6
323 52 52 10
324 38 38 6
325 16 16 4
326 30 29 5
327 27 27 5
328 33 32 4
329 32 31 7
330 23 22 4
331 22 21 5
332 25 25 5
333 21 21 5
334 13 12 6
335 12 11 5
336 15 14 4
337 24 23 5
338 15 15 5
339 17 17 5
340 33 32 6
341 22 22 6
342 8 8 4
343 16 15 5
344 21 20 6
345 24 24 4
346 18 17 5
347 19 19 5
348 25 24 6
349 16 16 4
350 24 23 5
351 15 15 5
352 17 16 6
353 8 8 4
354 16 15 5
355 17 17 5
356 23 23 5
357 15 14 6
358 10 10 4
359 22 21 5
360 21 21 5
361 13 13 5
362 11 10 4
363 24 23 7
364 17 16 4
365 18 17 5
366 15 15 5
367 25 25 5
368 15 15 5
369 27 26 6
370 12 12 4
371 22 21 5
372 17 16 6
373 20 20 6
374 18 18 4
375 18 17 5
376 19 18 6
377 12 12 6
378 16 16 4
379 18 17 5
380 27 27 5
381 15 14 4
382 12 11 5
383 17 16 6
384 20 19 5
385 13 12 4
386 26 25 5
387 13 13 5
388 17 17 5
389 17 16 4
390 18 17 5
391 13 13 5
392 11 10 4
393 16 15 5
394 15 15 5
395 21 21 5
396 21 20 6
397 22 22 6
398 14 14 4
399 10 9 5
400 11 10 6
401 18 17 5
402 11 10 4
403 16 15 5
404 11 11 5
405 11 10 4
406 6 5 4
407 10 9 5
408 11 11 5
409 25 24 6
410 10 9 5
411 9 8 4
412 10 9 5
413 11 11 5
414 15 15 5
415 21 20 6
416 18 18 6
417 14 14 4
418 12 11 5
419 13 12 4
420 10 9 5
421 15 14 6
422 12 12 6
423 12 12 4
424 12 11 5
425 21 20 6
426 12 11 5
427 11 11 5
428 15 14 6
429 16 16 6
430 14 14 4
431 12 11 5
432 21 20 4
433 30 29 5
434 23 23 5
435 27 26 6
436 14 14 4
437 10 9 5
438 13 12 4
439 16 15 5
440 15 15 5
441 13 13 5
442 21 21 5
443 21 20 4
444 18 17 5
445 11 11 5
446 9 8 4
447 18 17 5
448 11 11 5
449 11 10 6
450 16 16 4
451 12 11 5
452 17 17 5
453 9 9 5
454 15 14 4
455 18 17 5
456 17 17 5
457 13 13 5
458 15 14 4
459 18 17 5
460 13 12 4
461 10 9 5
462 9 9 5
463 19 18 6
464 10 9 5
465 13 12 4
466 12 11 5
467 13 13 5
468 9 8 4
469 6 5 4
470 10 9 5
471 13 13 5
472 9 9 5
473 15 14 4
474 20 19 5
475 27 27 5
476 13 12 4
477 12 11 5
478 7 6 5
479 15 14 6
480 18 18 6
481 8 8 4
482 10 9 5
483 9 8 4
484 6 5 4
485 10 9 5
486 11 11 5
487 15 15 5
488 17 16 6
489 14 14 4
490 10 9 5
491 11 11 5
492 15 14 6
493 12 12 4
494 10 9 5
495 21 20 6
496 8 8 4
497 10 9 5
498 15 15 5
499 9 8 4
