0 22 21 5
1 11 10 4
2 14 13 5
3 27 27 7
4 15 14 4
5 18 17 5
6 23 22 8
7 14 14 6
8 20 20 6
9 18 18 4
10 14 13 5
11 13 12 6
12 6 6 6
13 9 8 4
14 14 13 5
15 17 16 8
16 14 14 6
17 22 22 6
18 12 11 5
19 13 13 5
20 17 17 7
21 13 12 6
22 14 14 4
23 14 13 5
24 9 9 5
25 13 12 6
26 14 14 6
27 8 8 4
28 10 9 5
29 21 20 10
30 12 12 4
31 14 13 5
32 9 8 4
33 10 9 5
34 11 11 5
35 11 11 5
36 13 13 5
37 7 6 5
38 21 21 7
39 17 16 6
40 10 10 4
41 16 15 7
42 13 13 5
43 9 9 5
44 15 14 8
45 12 12 6
46 14 13 5
47 13 12 6
48 22 22 4
49 12 11 5
50 17 16 4
51 22 21 5
52 5 5 5
53 14 13 5
54 7 6 5
55 11 11 7
56 13 12 4
57 18 17 5
58 27 26 6
59 18 18 6
60 20 20 4
61 18 17 7
62 15 14 4
63 34 33 5
64 31 30 6
65 34 34 4
66 26 25 7
67 17 16 6
68 14 14 6
69 20 20 4
70 20 19 7
71 19 18 4
72 26 25 5
73 23 22 6
74 12 11 5
75 23 22 8
76 16 15 5
77 25 24 6
78 26 25 7
79 17 16 6
80 18 18 4
81 12 11 5
82 29 28 6
83 22 22 4
84 24 23 7
85 23 22 4
86 42 41 7
87 35 34 6
88 14 14 4
89 20 19 5
90 25 25 5
91 37 37 7
92 21 20 4
93 38 37 9
94 27 26 6
95 22 22 6
96 22 22 6
97 22 22 4
98 22 21 5
99 19 19 5
