0 27 26 10
1 13 12 6
2 19 19 11
3 32 32 12
4 21 20 10
5 19 18 6
6 25 25 11
7 18 18 10
8 25 24 10
9 25 24 10
10 15 15 7
11 12 12 6
12 11 11 11
13 10 10 6
14 17 17 9
15 20 19 11
16 16 15 7
17 28 28 12
18 13 13 7
19 14 14 6
20 19 19 9
21 14 13 7
22 16 16 6
23 21 21 13
24 10 10 6
25 13 13 7
26 20 20 12
27 11 10 6
28 15 15 11
29 20 20 10
30 19 18 10
31 15 15 7
32 10 10 6
33 15 15 11
34 16 16 10
35 15 15 9
36 16 15 7
37 6 6 6
38 27 27 13
39 16 16 6
40 13 13 7
41 18 18 10
42 15 14 6
43 15 15 11
44 16 16 10
45 19 18 12
46 15 14 6
47 13 13 7
48 24 24 6
49 13 13 7
50 18 18 6
51 25 25 9
52 10 9 8
53 20 19 11
54 8 7 6
55 10 10 6
56 19 19 11
57 20 19 7
58 26 26 6
59 23 23 11
60 26 25 9
61 20 19 9
62 18 17 7
63 38 38 10
64 35 34 10
65 39 39 9
66 28 27 9
67 20 19 9
68 18 17 9
69 28 27 11
70 18 18 6
71 25 25 11
72 26 26 6
73 27 27 11
74 12 12 6
75 25 25 11
76 20 20 10
77 31 30 12
78 29 29 11
79 20 20 10
80 25 24 10
81 13 13 7
82 34 34 12
83 25 24 6
84 27 27 11
85 28 28 10
86 45 45 11
87 38 38 10
88 21 20 10
89 21 20 6
90 29 29 9
91 40 39 9
92 24 23 7
93 38 38 10
94 31 30 10
95 25 25 9
96 28 27 11
97 26 25 7
98 22 22 6
99 21 21 7
100 28 28 10
101 27 26 10
102 33 33 9
103 26 25 9
104 20 19 7
105 14 14 6
106 21 21 9
107 30 29 9
108 22 21 7
109 24 24 10
110 19 19 7
111 26 26 6
112 21 21 7
113 26 26 12
114 37 36 12
115 25 24 10
116 23 23 7
117 36 36 12
118 27 26 10
119 37 37 17
120 16 15 7
121 18 18 6
122 23 23 11
123 38 38 10
124 23 22 6
125 33 33 11
126 28 28 10
127 37 37 9
128 34 33 11
129 22 22 10
130 19 19 9
131 28 27 11
132 24 24 12
133 25 24 12
134 27 27 7
135 30 30 6
136 21 21 9
137 22 21 11
138 30 29 11
139 26 26 10
140 23 22 10
141 33 33 13
142 26 26 10
143 37 36 10
144 27 26 12
145 29 28 10
146 19 18 10
147 25 25 11
148 22 21 7
149 24 24 10
150 31 31 9
151 32 31 11
152 26 25 7
153 30 30 10
154 19 18 6
155 39 39 13
156 18 18 6
157 27 27 7
158 22 22 10
159 29 28 6
160 29 29 11
161 22 21 7
162 30 30 6
163 35 35 11
164 26 26 10
165 17 17 7
166 18 18 6
167 21 21 7
168 30 30 6
169 27 27 7
170 26 26 12
171 29 29 11
172 24 24 6
173 27 27 11
174 36 36 12
175 27 26 12
176 29 29 11
177 36 36 6
178 39 39 17
179 36 35 11
180 30 30 10
181 27 26 6
182 27 27 9
183 34 33 11
184 26 26 6
185 37 37 13
186 40 40 14
187 29 28 6
188 31 31 11
189 26 26 10
190 35 34 10
191 27 26 6
192 15 15 7
193 20 20 10
194 19 19 7
195 18 18 6
196 27 27 11
197 24 24 10
198 31 30 10
199 29 29 9
200 16 15 7
201 26 26 10
202 25 25 7
203 28 28 10
204 23 22 10
205 27 26 10
206 33 32 12
207 19 18 6
208 41 41 11
209 28 28 10
210 21 21 7
211 24 24 10
212 33 32 10
213 45 44 10
214 21 21 7
215 26 26 10
216 21 20 6
217 31 31 7
218 28 28 12
219 19 19 9
220 28 27 11
221 20 19 7
222 24 24 10
223 29 29 9
224 30 29 11
225 26 26 10
226 31 31 7
227 36 36 10
228 25 24 10
229 31 31 11
230 26 26 6
231 29 29 7
232 16 16 6
233 23 23 9
234 22 21 7
235 36 36 10
236 31 30 10
237 31 30 10
238 21 20 10
239 29 28 10
240 27 27 9
241 26 25 7
242 22 22 10
243 35 34 6
244 15 15 7
245 14 14 10
246 17 16 6
247 19 19 9
248 30 29 11
249 20 19 7
250 16 16 10
251 11 10 6
252 17 17 11
253 18 18 10
254 19 18 10
255 11 10 6
256 11 11 7
257 20 20 10
258 17 17 9
259 22 21 9
260 22 21 9
261 14 13 7
262 16 16 6
263 11 11 7
264 24 24 10
265 15 14 10
266 25 24 10
267 27 27 11
268 26 26 12
269 33 32 10
270 19 18 6
271 21 21 7
272 22 22 10
273 21 20 10
274 13 12 6
275 19 19 7
276 24 24 10
277 27 26 10
278 17 16 6
279 23 23 9
280 24 23 7
281 20 20 10
282 19 18 10
283 41 41 7
284 26 26 10
285 19 18 6
286 25 25 7
287 16 16 6
288 17 17 9
289 18 17 7
290 24 24 10
291 27 26 10
292 29 28 6
293 11 11 7
294 20 20 6
295 19 19 9
296 28 27 11
297 40 39 7
298 36 36 10
299 23 22 6
300 35 35 9
301 54 53 9
302 30 29 11
303 32 31 9
304 38 37 11
305 40 40 12
306 47 46 10
307 43 43 9
308 46 45 9
309 40 39 11
310 38 38 10
311 41 40 10
312 25 24 12
313 47 46 14
314 33 32 10
315 27 27 11
316 40 39 13
317 24 23 9
318 28 27 9
319 30 29 13
320 50 50 12
321 41 41 11
322 46 46 10
323 59 58 16
324 45 44 12
325 23 22 10
326 35 34 10
327 29 28 6
328 35 35 7
329 36 36 12
330 29 28 10
331 23 22 6
332 33 33 13
333 26 26 10
334 13 12 6
335 13 13 7
336 16 16 6
337 27 27 9
338 18 17 7
339 18 18 6
340 35 35 9
341 26 25 9
342 12 11 7
343 20 20 10
344 25 24 10
345 27 26 6
346 19 19 7
347 24 24 10
348 29 29 11
349 18 18 6
350 27 27 9
351 20 19 9
352 18 17 7
353 10 10 6
354 19 19 9
355 24 23 11
356 28 28 10
357 15 14 6
358 13 13 7
359 26 26 10
360 23 23 7
361 14 14 6
362 17 17 11
363 26 26 10
364 23 22 10
365 23 22 10
366 17 16 6
367 31 31 11
368 16 16 6
369 29 29 9
370 16 15 7
371 22 22 6
372 17 17 7
373 24 24 10
374 21 20 6
375 21 21 9
376 24 23 11
377 12 12 6
378 19 19 7
379 22 22 10
380 31 31 9
381 18 17 7
382 12 12 6
383 17 17 7
384 24 24 10
385 15 15 7
386 32 32 12
387 19 18 10
388 19 18 6
389 21 21 9
390 24 23 11
391 14 14 6
392 15 15 9
393 20 19 9
394 18 17 7
395 22 22 6
396 21 21 7
397 26 26 10
398 17 16 6
399 13 13 9
400 12 11 7
401 22 22 10
402 17 16 10
403 23 22 12
404 13 12 6
405 15 15 9
406 8 7 6
407 14 14 10
408 15 15 9
409 28 27 9
410 12 11 7
411 10 10 6
412 15 15 11
413 12 12 6
414 17 17 7
415 26 26 12
416 23 22 10
417 21 20 10
418 13 13 7
419 14 14 6
420 13 13 9
421 18 17 9
422 14 13 7
423 18 18 10
424 17 16 10
425 21 20 6
426 17 17 11
427 12 12 6
428 17 17 9
429 20 19 9
430 20 19 9
431 14 13 7
432 26 26 10
433 33 33 9
434 30 29 11
435 26 26 6
436 17 17 7
437 10 10 6
438 19 19 11
439 20 20 10
440 19 19 9
441 16 15 7
442 26 26 10
443 29 28 12
444 19 18 6
445 15 15 9
446 12 11 7
447 18 18 6
448 13 13 7
449 14 14 10
450 23 22 10
451 17 16 10
452 19 19 7
453 10 10 6
454 17 17 7
455 24 24 12
456 19 18 6
457 17 17 9
458 22 21 11
459 22 21 9
460 16 15 7
461 10 10 6
462 13 13 9
463 24 23 11
464 14 14 10
465 15 15 7
466 12 12 6
467 15 15 7
468 10 10 6
469 11 11 11
470 14 14 10
471 15 14 6
472 11 11 7
473 20 20 10
474 21 20 6
475 29 29 7
476 14 14 6
477 15 15 9
478 8 7 6
479 18 18 10
480 23 22 10
481 11 10 6
482 11 11 7
483 14 14 10
484 7 7 7
485 10 10 6
486 17 17 11
487 16 16 6
488 21 21 11
489 20 20 10
490 11 11 7
491 16 16 10
492 19 18 10
493 15 14 6
494 11 11 7
495 26 26 12
496 15 14 10
497 11 10 6
498 19 19 9
499 14 13 9
500 14 13 7
501 18 18 10
502 21 20 10
503 11 10 6
504 19 19 11
505 22 22 10
506 11 10 6
507 17 17 7
508 14 14 10
509 21 20 10
510 15 14 6
511 19 19 9
512 18 17 9
513 20 19 7
514 16 16 10
515 19 18 10
516 21 20 12
517 17 16 6
518 21 21 7
519 20 20 10
520 11 10 6
521 11 11 7
522 20 20 10
523 17 16 10
524 13 12 6
525 13 13 7
526 16 16 10
527 15 14 6
528 17 17 11
529 10 10 10
530 17 16 10
531 15 14 10
532 15 14 6
533 21 21 9
534 12 11 7
535 14 14 10
536 15 14 10
537 19 18 10
538 23 23 9
539 36 35 9
540 26 25 9
541 20 19 9
542 22 21 9
543 12 11 7
544 10 10 6
545 15 15 9
546 10 9 8
547 22 21 9
548 22 21 9
549 26 25 7
550 28 28 12
551 23 22 6
552 27 27 13
553 14 14 6
554 15 15 9
555 16 15 9
556 14 13 7
557 6 6 6
558 21 21 11
559 20 20 10
560 21 21 7
561 28 28 10
562 19 18 10
563 27 26 10
564 21 20 6
565 19 19 9
566 24 23 9
567 12 11 7
568 6 6 6
569 27 27 11
570 16 15 7
571 14 14 6
572 29 29 7
573 18 18 10
574 15 14 6
575 15 15 7
576 20 20 6
577 23 23 7
578 22 22 10
579 11 10 6
580 29 29 9
581 30 29 11
582 16 16 6
583 27 27 9
584 24 23 11
585 20 20 6
586 21 21 7
587 24 24 6
588 35 35 11
589 30 30 12
590 35 34 6
591 39 39 9
592 24 23 7
593 28 28 10
594 37 37 11
595 20 19 7
596 22 22 6
597 51 51 11
598 42 42 12
599 25 25 9
600 26 25 9
601 24 23 7
602 26 26 6
603 33 33 11
604 42 41 11
605 44 43 13
606 42 41 11
607 50 49 17
608 26 25 9
609 34 33 13
610 40 40 12
611 29 28 12
612 39 38 10
613 31 31 9
614 40 39 13
615 34 34 12
616 33 32 10
617 17 17 7
618 38 38 12
619 31 30 6
620 33 33 11
621 32 31 13
622 44 43 13
623 38 37 13
624 34 33 13
625 32 32 10
626 27 27 11
627 34 34 12
628 31 31 15
629 44 44 12
630 55 54 14
631 31 31 9
632 28 27 11
633 26 25 11
634 32 32 14
635 43 43 15
636 26 25 11
637 34 34 14
638 35 34 10
639 37 37 13
640 34 34 12
641 27 27 11
642 24 23 9
643 30 29 7
644 34 34 14
645 33 33 15
646 38 37 17
647 40 39 7
648 36 36 12
649 29 28 10
650 25 25 9
651 42 41 13
652 28 28 12
653 27 27 11
654 46 46 14
655 29 28 12
656 29 28 12
657 27 26 10
658 41 41 13
659 42 41 13
660 24 23 9
661 40 39 11
662 42 41 13
663 50 50 18
664 41 41 13
665 40 39 13
666 36 36 12
667 29 29 11
668 34 34 6
669 49 49 13
670 34 34 12
671 15 15 7
672 18 18 6
673 41 41 11
674 28 27 9
675 46 45 17
676 36 35 11
677 48 47 13
678 28 27 9
679 38 37 13
680 36 36 12
681 23 22 10
682 33 32 12
683 33 32 10
684 27 27 9
685 32 31 11
686 38 38 12
687 17 16 6
688 37 37 13
689 26 26 6
690 23 23 11
691 30 30 10
692 17 17 7
693 26 26 10
694 37 36 12
695 31 30 10
696 25 25 9
697 36 35 11
698 18 18 6
699 21 21 7
700 26 26 6
701 19 19 9
702 16 15 7
703 16 16 6
704 37 37 13
705 24 24 10
706 13 12 6
707 15 15 7
708 20 20 6
709 25 25 13
710 20 20 10
711 25 24 10
712 19 18 6
713 25 25 11
714 22 22 10
715 29 28 12
716 27 26 10
717 29 28 10
718 15 14 6
719 11 11 7
720 16 16 6
721 17 17 7
722 22 22 10
723 11 10 6
724 11 11 7
725 16 16 6
726 13 13 7
727 24 24 10
728 19 18 6
729 25 25 9
730 20 19 9
731 26 25 9
732 16 15 7
733 16 16 6
734 15 15 9
735 22 21 9
736 22 21 11
737 20 20 10
738 25 25 11
739 18 18 6
740 27 27 9
741 24 23 9
742 16 15 7
743 22 22 6
744 21 21 7
745 20 20 6
746 15 15 7
747 12 12 6
748 25 25 11
749 18 18 10
750 31 30 10
751 17 16 6
752 15 15 7
753 30 30 10
754 17 16 6
755 21 21 11
756 32 32 12
757 19 18 10
758 13 12 6
759 17 17 7
760 24 24 10
761 19 18 6
762 13 13 7
763 20 20 6
764 13 13 7
765 18 18 10
766 11 10 6
767 13 13 9
768 16 15 7
769 18 18 10
770 17 16 10
771 17 17 7
772 24 24 6
773 19 19 7
774 24 24 6
775 23 23 9
776 26 25 11
777 18 18 6
778 15 15 7
779 14 14 10
780 17 16 10
781 19 18 10
782 17 16 10
783 17 16 10
784 15 14 6
785 33 33 11
786 18 17 7
787 16 16 10
788 21 20 10
789 33 33 11
790 10 10 6
791 19 19 11
792 20 20 10
793 15 14 6
794 21 21 11
795 36 36 10
796 19 18 10
797 27 26 6
798 35 35 11
799 40 40 12
800 29 28 6
801 15 15 7
802 10 10 6
803 13 13 7
804 16 16 10
805 19 18 6
806 21 21 9
807 28 27 9
808 18 17 7
809 24 24 6
810 27 27 9
811 14 13 7
812 12 12 6
813 19 19 11
814 14 14 6
815 21 21 7
816 16 16 6
817 29 29 9
818 14 13 7
819 18 18 6
820 21 21 9
821 14 13 7
822 22 22 10
823 33 32 10
824 21 20 10
825 13 12 6
826 31 31 11
827 20 20 6
828 19 19 7
829 16 16 10
830 27 27 11
831 6 6 6
832 13 13 7
833 24 24 12
834 15 14 6
835 13 13 7
836 18 18 10
837 15 14 10
838 15 14 6
839 21 21 9
840 18 17 9
841 16 15 7
842 18 18 10
843 23 22 10
844 27 26 10
845 19 19 7
846 28 28 12
847 21 20 10
848 19 18 6
849 23 23 9
850 26 25 9
851 30 29 11
852 10 10 10
853 25 24 6
854 11 11 7
855 14 14 10
856 19 18 6
857 23 23 9
858 24 23 9
859 12 11 7
860 20 20 10
861 13 13 7
862 20 20 10
863 15 15 9
864 16 15 9
865 16 15 7
866 10 10 6
867 13 13 9
868 32 31 11
869 14 13 7
870 24 24 10
871 23 23 9
872 16 15 7
873 10 10 6
874 21 21 9
875 14 13 7
876 10 10 6
877 15 15 7
878 16 16 6
879 25 25 11
880 14 14 10
881 21 20 10
882 15 15 9
883 22 21 11
884 18 18 10
885 21 20 10
886 17 16 6
887 19 19 9
888 18 17 11
889 10 10 10
890 23 22 10
891 11 10 6
892 19 19 11
893 18 17 9
894 14 13 7
895 18 18 10
896 19 19 11
897 22 22 10
898 23 22 10
899 17 16 6
900 15 15 7
901 24 24 10
902 27 27 9
903 18 17 9
904 16 15 9
905 14 13 7
906 12 12 6
907 13 13 9
908 14 13 9
909 18 17 7
910 12 12 6
911 17 17 7
912 16 16 10
913 13 13 9
914 8 7 6
915 18 18 10
916 13 13 7
917 12 12 6
918 15 15 9
919 18 17 9
920 24 23 9
921 22 21 9
922 12 11 7
923 12 12 6
924 13 13 9
925 14 13 7
926 10 10 10
927 15 14 10
928 15 14 10
929 19 19 7
930 20 20 10
931 29 28 10
932 13 12 6
933 23 23 11
934 14 14 6
935 21 21 9
936 22 21 7
937 18 18 10
938 11 10 6
939 15 15 7
940 26 26 12
941 11 10 6
942 13 13 7
943 16 16 10
944 15 15 7
945 16 16 10
946 33 32 10
947 27 26 10
948 21 20 6
949 23 23 9
950 22 21 11
951 18 18 6
952 9 9 9
953 16 15 9
954 14 13 7
955 14 14 10
956 21 21 9
957 16 15 7
958 16 16 10
959 17 16 10
960 15 15 7
961 22 22 10
962 15 15 7
963 20 20 10
964 19 18 10
965 17 16 6
966 21 21 7
967 14 14 6
968 17 17 7
969 20 20 10
970 15 15 7
971 18 18 10
972 23 22 10
973 17 16 10
974 15 14 6
975 15 15 9
976 14 13 9
977 16 15 7
978 26 26 6
979 29 29 11
980 14 14 10
981 31 30 10
982 21 20 6
983 13 13 7
984 32 32 12
985 25 24 10
986 25 24 10
987 19 19 7
988 18 18 10
989 23 23 9
990 32 31 11
991 38 38 10
992 29 29 9
993 20 19 7
994 24 24 6
995 41 41 13
996 38 38 12
997 29 29 9
998 58 57 17
999 28 27 9
1000 28 27 7
1001 44 44 12
1002 35 35 15
1003 32 32 10
1004 29 29 9
1005 24 23 7
1006 30 30 10
1007 27 27 7
1008 42 42 10
1009 31 30 10
1010 29 28 10
1011 31 31 11
1012 34 33 11
1013 34 33 9
1014 28 27 11
1015 38 38 10
1016 31 31 11
1017 32 32 12
1018 35 35 11
1019 44 43 13
1020 22 22 6
1021 41 41 13
1022 24 24 10
1023 33 33 11
1024 30 29 11
1025 44 44 20
1026 25 24 6
1027 23 23 7
1028 30 30 10
1029 27 26 6
1030 19 19 11
1031 14 14 6
1032 15 15 7
1033 22 22 10
1034 27 26 10
1035 23 22 6
1036 29 29 9
1037 30 29 11
1038 28 28 10
1039 37 37 13
1040 30 29 15
1041 38 37 15
1042 40 40 14
1043 31 30 10
1044 37 36 10
1045 25 25 9
1046 24 23 9
1047 14 13 7
1048 32 32 10
1049 23 22 10
1050 19 18 10
1051 25 24 10
1052 27 26 10
1053 19 18 10
1054 33 32 6
1055 41 41 11
1056 24 24 6
1057 25 25 13
1058 24 24 10
1059 29 29 11
1060 26 25 7
1061 30 30 12
1062 37 36 10
1063 29 29 13
1064 28 27 11
1065 20 20 10
1066 33 32 10
1067 35 34 10
1068 25 25 9
1069 32 31 9
1070 34 33 13
1071 34 33 15
1072 20 19 9
1073 16 15 9
1074 28 27 9
1075 22 21 9
1076 26 25 7
1077 24 24 6
1078 7 7 7
1079 26 26 10
1080 27 26 10
1081 31 30 12
1082 27 26 10
1083 25 24 12
1084 31 30 12
1085 37 36 16
1086 27 26 12
1087 19 18 6
1088 21 21 7
1089 30 30 14
1090 25 24 10
1091 15 14 6
1092 31 31 13
1093 16 16 6
1094 19 19 11
1095 24 24 12
1096 29 29 13
1097 22 22 10
1098 29 29 11
1099 20 20 6
1100 25 25 9
1101 20 19 9
1102 14 13 9
1103 20 19 9
1104 24 23 11
1105 18 18 6
1106 15 15 9
1107 14 13 7
1108 32 32 12
1109 25 24 12
1110 31 31 15
1111 24 24 10
1112 29 28 16
1113 15 14 6
1114 29 29 9
1115 30 29 11
1116 28 28 12
1117 23 22 6
1118 23 23 7
1119 14 14 6
1120 25 25 11
1121 16 15 9
1122 22 21 11
1123 14 13 7
1124 16 16 6
1125 19 19 7
1126 14 14 6
1127 17 17 7
1128 24 24 10
1129 15 15 7
1130 10 10 6
1131 23 23 7
1132 16 16 6
1133 33 33 11
1134 18 18 10
1135 19 18 10
1136 19 18 6
1137 23 23 11
1138 16 15 7
1139 24 24 6
1140 21 21 9
1141 16 15 9
1142 12 11 7
1143 22 22 6
1144 17 17 9
1145 16 15 7
1146 26 26 10
1147 31 31 9
1148 26 25 9
1149 16 15 7
1150 32 32 10
1151 21 20 10
1152 17 16 10
1153 15 14 6
1154 23 23 11
1155 20 20 10
1156 19 18 6
1157 17 17 7
1158 20 20 10
1159 19 19 9
1160 28 27 9
1161 14 13 7
1162 16 16 10
1163 29 28 10
1164 15 14 6
1165 21 21 7
1166 22 22 10
1167 21 20 10
1168 17 16 6
1169 21 21 11
1170 18 17 7
1171 16 16 6
1172 21 21 9
1173 22 21 7
1174 16 16 6
1175 13 13 7
1176 12 12 6
1177 13 13 7
1178 14 14 6
1179 15 15 7
1180 20 20 10
1181 19 18 10
1182 7 6 5
1183 7 7 7
1184 20 20 10
1185 21 21 11
1186 16 15 9
1187 18 17 9
1188 14 13 9
1189 20 19 7
1190 18 18 12
1191 7 7 7
1192 22 22 12
1193 13 12 6
1194 9 9 9
1195 16 15 7
1196 12 12 6
1197 15 15 7
1198 20 20 10
1199 13 13 7
1200 30 30 10
1201 15 15 7
1202 26 26 12
1203 15 14 10
1204 11 10 6
1205 17 17 9
1206 22 21 11
1207 16 16 10
1208 19 18 6
1209 11 11 11
1210 12 12 6
1211 13 13 7
1212 26 26 10
1213 15 15 7
1214 14 14 6
1215 17 17 11
1216 20 19 7
1217 12 12 6
1218 19 19 11
1219 14 14 10
1220 15 14 10
1221 13 13 7
1222 16 16 10
1223 19 18 10
1224 15 14 10
1225 13 13 7
1226 14 14 10
1227 23 22 10
1228 13 13 7
1229 20 20 6
1230 11 11 7
1231 20 20 12
1232 11 10 6
1233 11 11 7
1234 12 12 6
1235 11 11 11
1236 22 22 10
1237 19 18 6
1238 7 7 7
1239 14 14 10
1240 13 12 6
1241 11 11 7
1242 16 16 10
1243 13 12 6
1244 25 25 11
1245 10 10 6
1246 17 17 11
1247 18 18 10
1248 15 14 10
1249 15 14 10
1250 15 14 10
1251 11 10 6
1252 15 15 11
1253 16 16 6
1254 21 21 9
1255 20 19 11
1256 16 16 6
1257 19 19 11
1258 10 10 6
1259 17 17 9
1260 20 19 7
1261 16 16 10
1262 7 6 5
1263 13 13 9
1264 10 9 8
1265 22 21 11
1266 6 6 6
1267 19 19 11
1268 14 13 7
1269 26 26 10
1270 19 19 9
1271 18 17 9
1272 16 15 7
1273 14 14 10
1274 17 16 10
1275 11 11 7
1276 18 18 10
1277 19 18 6
1278 19 19 7
1279 18 18 12
1280 23 22 10
1281 19 18 10
1282 21 21 9
1283 10 9 8
1284 22 21 7
1285 18 18 10
1286 15 14 10
1287 13 12 6
1288 15 15 7
1289 12 12 6
1290 19 19 9
1291 14 13 7
1292 20 20 12
1293 19 18 6
1294 19 19 9
1295 14 13 7
1296 18 18 6
1297 13 13 7
1298 10 10 6
1299 15 15 9
1300 16 15 9
1301 12 11 7
1302 26 26 10
1303 11 10 6
1304 15 15 7
1305 20 20 6
1306 15 15 7
1307 10 10 6
1308 11 11 11
1309 18 18 6
1310 17 17 9
1311 18 17 9
1312 14 13 9
1313 14 13 7
1314 26 26 12
1315 25 24 10
1316 11 10 9
1317 15 14 6
1318 11 11 7
1319 16 16 10
1320 15 14 10
1321 13 12 6
1322 13 13 7
1323 32 32 6
1324 17 17 7
1325 10 10 6
1326 11 11 7
1327 20 20 10
1328 19 18 10
1329 21 20 10
1330 17 16 6
1331 19 19 9
1332 16 15 9
1333 18 17 9
1334 22 21 9
1335 26 25 11
1336 28 28 10
1337 17 16 10
1338 23 22 10
1339 13 12 6
1340 13 13 7
1341 24 24 10
1342 15 15 7
1343 10 10 6
1344 29 29 11
1345 6 6 6
1346 19 19 7
1347 20 20 10
1348 19 19 7
1349 16 16 10
1350 29 28 10
1351 21 20 10
1352 17 16 10
1353 25 24 10
1354 17 16 10
1355 27 26 12
1356 15 15 7
1357 14 14 10
1358 23 22 6
1359 43 43 11
1360 20 19 7
1361 24 24 10
1362 23 22 6
1363 29 29 11
1364 20 20 6
1365 25 25 9
1366 24 23 9
1367 20 19 7
1368 20 20 10
1369 27 27 9
1370 24 23 9
1371 26 25 11
1372 18 18 6
1373 13 13 7
1374 30 30 10
1375 27 26 10
1376 21 20 6
1377 33 33 11
1378 24 24 10
1379 15 14 6
1380 17 17 7
1381 14 14 6
1382 31 31 9
1383 14 13 7
1384 24 24 10
1385 15 14 6
1386 19 19 9
1387 22 21 7
1388 26 26 6
1389 19 19 7
1390 18 18 10
1391 23 22 6
1392 27 27 11
1393 36 36 12
1394 17 17 7
1395 16 16 10
1396 21 20 10
1397 23 22 10
1398 21 20 10
1399 19 18 6
1400 27 27 11
1401 26 26 12
1402 31 30 10
1403 15 14 6
1404 17 17 9
1405 20 19 9
1406 10 9 8
1407 26 25 11
1408 24 24 10
1409 23 22 10
1410 15 15 7
1411 20 20 10
1412 15 14 6
1413 15 15 7
1414 22 22 10
1415 23 23 9
1416 24 23 11
1417 14 14 6
1418 23 23 11
1419 20 20 10
1420 21 20 6
1421 31 31 9
1422 26 25 9
1423 22 21 9
1424 20 19 9
1425 24 23 9
1426 22 21 9
1427 12 11 7
1428 12 12 6
1429 15 15 7
1430 16 16 10
1431 13 13 7
1432 14 14 6
1433 19 19 11
1434 14 14 10
1435 11 11 7
1436 10 10 6
1437 17 17 9
1438 14 13 9
1439 22 21 9
1440 12 11 7
1441 12 12 6
1442 11 11 7
1443 16 16 10
1444 11 11 7
1445 12 12 6
1446 15 15 7
1447 16 16 10
1448 17 16 10
1449 27 26 6
1450 15 15 7
1451 18 18 10
1452 23 22 10
1453 17 16 6
1454 17 17 9
1455 12 11 7
1456 16 16 10
1457 15 14 10
1458 17 17 9
1459 16 15 9
1460 14 13 7
1461 14 14 10
1462 15 14 10
1463 15 14 10
1464 19 18 10
1465 23 22 10
1466 13 12 6
1467 13 13 7
1468 18 18 10
1469 11 11 7
1470 10 10 6
1471 35 35 9
1472 18 17 9
1473 20 19 9
1474 16 15 9
1475 12 11 7
1476 18 18 6
1477 17 17 9
1478 28 27 11
1479 16 16 10
1480 21 20 10
1481 25 24 10
1482 19 18 6
1483 17 17 11
1484 16 16 10
1485 19 18 10
1486 31 30 10
1487 15 15 7
1488 16 16 6
1489 21 21 9
1490 16 15 9
1491 28 27 9
1492 28 27 11
1493 12 12 6
1494 31 31 7
1495 14 14 6
1496 29 29 11
1497 12 11 7
1498 38 38 10
1499 27 26 6
1500 45 45 9
1501 32 31 11
1502 22 22 10
1503 17 16 6
1504 45 45 11
1505 18 17 7
1506 30 30 6
1507 21 21 9
1508 34 33 11
1509 18 17 7
1510 18 18 6
1511 23 23 7
1512 28 28 10
1513 33 32 10
1514 11 10 6
1515 19 19 7
1516 34 34 10
1517 33 32 6
1518 19 19 7
1519 26 26 10
1520 23 23 9
1521 24 23 9
1522 30 29 9
1523 26 25 9
1524 28 27 9
1525 26 25 11
1526 20 20 6
1527 25 25 9
1528 18 17 7
1529 18 18 6
1530 25 25 7
1531 18 18 6
1532 21 21 9
1533 30 29 7
1534 36 36 12
1535 29 28 14
1536 19 19 7
1537 24 24 6
1538 31 31 9
1539 26 25 7
1540 28 28 10
1541 25 24 10
1542 43 43 9
1543 42 41 9
1544 32 31 9
1545 36 35 11
1546 22 21 7
1547 22 22 12
1548 19 18 6
1549 27 27 9
1550 32 31 9
1551 24 23 11
1552 16 16 6
1553 25 25 9
1554 28 27 11
1555 22 21 7
1556 14 14 6
1557 15 15 7
1558 30 30 10
1559 23 22 6
1560 17 17 7
1561 30 30 10
1562 21 21 7
1563 16 16 6
1564 21 21 9
1565 32 31 7
1566 30 30 10
1567 23 23 7
1568 20 20 6
1569 23 23 9
1570 26 25 11
1571 26 26 10
1572 25 25 11
1573 6 6 6
1574 35 35 9
1575 22 21 7
1576 26 26 10
1577 15 15 7
1578 22 22 10
1579 19 19 7
1580 20 20 6
1581 27 27 11
1582 28 28 10
1583 29 28 10
1584 25 24 10
1585 19 19 7
1586 24 24 6
1587 35 35 11
1588 20 19 7
1589 10 10 6
1590 25 25 11
1591 26 26 6
1592 11 11 7
1593 20 20 6
1594 27 27 11
1595 18 17 7
1596 20 20 6
1597 41 41 15
1598 22 21 9
1599 16 15 7
1600 18 18 10
1601 7 6 5
1602 27 27 7
1603 16 16 6
1604 21 21 9
1605 18 17 7
1606 20 20 10
1607 19 18 6
1608 23 23 11
1609 24 24 10
1610 19 18 10
1611 15 15 7
1612 24 24 12
1613 21 20 10
1614 15 14 6
1615 15 15 7
1616 28 28 10
1617 23 23 9
1618 18 17 7
1619 18 18 10
1620 29 28 10
1621 21 20 10
1622 17 16 6
1623 13 13 7
1624 20 20 6
1625 15 15 9
1626 22 21 11
1627 16 16 10
1628 17 16 10
1629 27 26 10
1630 13 13 7
1631 26 26 10
1632 17 17 7
1633 18 18 10
1634 31 30 10
1635 17 16 6
1636 19 19 7
1637 12 12 6
1638 15 15 7
1639 18 18 10
1640 21 20 6
1641 19 19 9
1642 18 17 7
1643 32 32 10
1644 29 28 10
1645 35 34 10
1646 29 28 10
1647 21 20 10
1648 21 20 6
1649 37 37 13
1650 28 28 6
1651 25 25 7
1652 26 26 10
1653 39 38 10
1654 33 32 10
1655 23 23 7
1656 28 28 10
1657 21 21 7
1658 38 38 10
1659 35 35 7
1660 32 32 10
1661 33 33 11
1662 28 27 9
1663 24 23 7
1664 22 22 10
1665 27 26 6
1666 33 33 9
1667 30 29 11
1668 22 21 9
1669 30 29 7
1670 24 24 10
1671 15 15 7
1672 24 24 10
1673 23 22 10
1674 15 14 6
1675 15 15 7
1676 32 32 12
1677 21 20 6
1678 15 15 9
1679 20 19 9
1680 20 19 7
1681 16 16 10
1682 21 20 6
1683 15 15 7
1684 16 16 6
1685 15 15 9
1686 8 7 6
1687 24 24 10
1688 25 24 12
1689 17 16 10
1690 13 12 6
1691 15 15 7
1692 18 18 6
1693 21 21 9
1694 16 15 9
1695 20 19 11
1696 12 12 6
1697 25 25 13
1698 12 12 6
1699 21 21 11
1700 14 14 10
1701 15 15 7
1702 18 18 10
1703 17 17 7
1704 6 6 6
1705 9 9 9
1706 10 9 8
1707 16 15 9
1708 16 15 9
1709 18 17 7
1710 20 20 6
1711 23 23 11
1712 20 20 12
1713 25 24 10
1714 13 13 7
1715 12 12 6
1716 13 13 7
1717 14 14 10
1718 21 20 10
1719 15 14 10
1720 19 18 6
1721 23 23 7
1722 24 24 10
1723 17 16 6
1724 19 19 9
1725 18 17 9
1726 14 13 7
1727 22 22 6
1728 31 31 9
1729 24 23 9
1730 22 21 9
1731 20 19 7
1732 16 16 10
1733 21 20 6
1734 23 23 9
1735 16 15 7
1736 10 10 6
1737 15 15 9
1738 18 17 9
1739 18 17 11
1740 12 12 6
1741 21 21 9
1742 14 13 7
1743 16 16 10
1744 13 12 6
1745 9 9 9
1746 18 17 7
1747 20 20 10
1748 15 14 6
1749 23 23 11
1750 14 14 6
1751 15 15 7
1752 12 12 6
1753 17 17 11
1754 16 16 10
1755 17 16 6
1756 17 17 11
1757 6 6 6
1758 17 17 9
1759 20 19 11
1760 12 12 6
1761 21 21 9
1762 30 29 9
1763 26 25 11
1764 16 16 10
1765 15 15 9
1766 14 13 9
1767 16 15 9
1768 18 17 7
1769 20 20 10
1770 19 19 9
1771 22 21 9
1772 14 13 7
1773 18 18 10
1774 23 22 10
1775 17 16 6
1776 21 21 9
1777 20 19 9
1778 16 15 9
1779 26 25 9
1780 14 13 7
1781 24 24 6
1782 25 25 11
1783 16 16 6
1784 21 21 11
1785 16 15 9
1786 10 9 8
1787 16 15 9
1788 20 19 11
1789 14 14 10
1790 15 14 6
1791 15 15 11
1792 14 13 9
1793 8 7 6
1794 14 14 6
1795 19 19 11
1796 18 18 10
1797 19 18 10
1798 17 16 6
1799 17 17 11
1800 20 20 10
1801 33 32 10
1802 15 14 10
1803 17 16 6
1804 17 17 11
1805 10 10 6
1806 15 15 9
1807 14 13 7
1808 14 14 6
1809 25 25 9
1810 24 23 11
1811 22 22 12
1812 19 18 10
1813 31 30 10
1814 27 27 9
1815 26 25 7
1816 22 22 10
1817 7 6 5
1818 19 19 7
1819 18 18 10
1820 19 19 9
1821 24 23 9
1822 26 25 7
1823 26 26 10
1824 15 14 6
1825 13 13 7
1826 16 16 6
1827 13 13 7
1828 26 26 10
1829 15 14 6
1830 15 15 9
1831 16 15 9
1832 16 15 9
1833 18 17 7
1834 18 18 10
1835 23 22 6
1836 19 19 9
1837 28 27 9
1838 18 17 7
1839 18 18 10
1840 21 21 9
1841 28 27 13
1842 24 24 6
1843 31 31 11
1844 36 36 10
1845 41 41 9
1846 16 15 7
1847 24 24 10
1848 37 36 10
1849 31 31 11
1850 36 36 12
1851 35 34 10
1852 23 22 10
1853 27 26 10
1854 37 36 14
1855 31 30 6
1856 21 21 9
1857 30 29 11
1858 22 22 6
1859 37 37 11
1860 32 32 12
1861 37 37 11
1862 44 43 13
1863 30 30 10
1864 29 28 10
1865 25 25 9
1866 34 33 9
1867 40 39 13
1868 30 29 9
1869 30 29 13
1870 46 45 17
1871 36 35 11
1872 36 36 14
1873 47 47 17
1874 24 24 6
1875 53 53 17
1876 30 29 11
1877 34 34 10
1878 27 27 9
1879 34 33 11
1880 36 36 12
1881 37 37 11
1882 38 37 15
1883 44 44 12
1884 37 37 19
1885 48 48 10
1886 25 25 7
1887 62 62 24
1888 31 30 10
1889 27 26 6
1890 25 25 9
1891 40 39 11
1892 30 29 9
1893 36 35 9
1894 36 35 7
1895 22 22 10
1896 17 16 10
1897 49 48 10
1898 61 60 14
1899 23 22 6
1900 29 29 13
1901 34 34 12
1902 33 33 11
1903 30 30 6
1904 33 33 11
1905 40 40 10
1906 39 39 13
1907 30 30 12
1908 43 43 13
1909 26 25 7
1910 30 30 10
1911 45 44 14
1912 53 53 19
1913 46 45 11
1914 40 40 12
1915 39 38 12
1916 27 27 9
1917 26 25 13
1918 56 55 15
1919 32 32 10
1920 45 45 11
1921 32 31 11
1922 42 42 12
1923 41 41 17
1924 36 36 12
1925 31 31 9
1926 34 33 15
1927 48 47 17
1928 52 52 14
1929 31 30 10
1930 29 28 10
1931 21 20 6
1932 27 27 7
1933 38 38 12
1934 25 25 7
1935 34 34 10
1936 43 42 14
1937 31 30 10
1938 41 41 11
1939 46 45 11
1940 36 36 14
1941 19 18 6
1942 27 27 7
1943 26 26 10
1944 31 30 14
1945 33 32 12
1946 31 31 9
1947 36 35 9
1948 28 27 11
1949 28 28 12
1950 31 30 10
1951 33 32 12
1952 19 18 6
1953 23 23 9
1954 22 21 7
1955 20 20 6
1956 27 27 9
1957 26 25 11
1958 22 21 7
1959 32 32 10
1960 29 29 9
1961 22 21 9
1962 26 25 9
1963 32 31 11
1964 28 27 9
1965 28 27 11
1966 20 20 6
1967 23 23 9
1968 26 25 11
1969 28 28 12
1970 27 26 10
1971 23 22 10
1972 29 28 10
1973 33 33 9
1974 26 25 9
1975 28 27 9
1976 14 13 7
1977 20 20 6
1978 21 21 7
1979 34 34 10
1980 25 25 11
1981 20 20 10
1982 15 14 6
1983 15 15 7
1984 22 22 12
1985 15 14 10
1986 23 22 10
1987 21 21 7
1988 14 14 6
1989 27 27 11
1990 18 18 6
1991 15 15 7
1992 12 12 6
1993 25 25 11
1994 16 16 6
1995 25 25 9
1996 18 17 9
1997 20 19 7
1998 6 6 6
1999 23 23 9
2000 18 17 9
2001 16 15 9
2002 16 15 7
2003 20 20 10
2004 23 22 6
2005 11 11 7
2006 26 26 12
2007 19 18 6
2008 9 9 9
2009 20 19 9
2010 16 15 7
2011 26 26 12
2012 17 17 7
2013 14 14 6
2014 25 25 9
2015 32 31 11
2016 24 24 10
2017 19 18 6
2018 15 15 11
2019 20 20 10
2020 25 24 10
2021 25 24 10
2022 23 22 10
2023 15 15 7
2024 14 14 6
2025 17 17 9
2026 22 21 7
2027 14 14 6
2028 21 21 11
2029 14 14 6
2030 9 9 9
2031 8 7 6
2032 10 10 6
2033 21 21 11
2034 20 20 10
2035 23 22 10
2036 25 25 9
2037 16 15 7
2038 12 12 6
2039 15 15 7
2040 12 12 6
2041 17 17 11
2042 10 10 6
2043 21 21 11
2044 16 16 6
2045 15 15 7
2046 30 30 10
2047 13 13 7
2048 10 10 6
2049 11 11 7
2050 16 16 10
2051 17 16 10
2052 7 6 5
2053 7 7 7
2054 16 16 12
2055 15 14 6
2056 21 21 11
2057 28 28 10
2058 31 30 10
2059 23 23 7
2060 18 18 6
2061 19 19 11
2062 22 22 10
2063 23 22 10
2064 19 18 10
2065 13 12 6
2066 15 15 7
2067 14 14 6
2068 19 19 11
2069 12 12 6
2070 25 25 9
2071 26 25 9
2072 24 23 9
2073 28 27 9
2074 20 19 9
2075 14 13 9
2076 14 13 9
2077 20 19 11
2078 26 26 10
2079 13 12 6
2080 17 17 7
2081 14 14 10
2082 29 28 10
2083 31 31 11
2084 16 16 10
2085 11 10 9
2086 17 16 10
2087 19 18 10
2088 17 16 10
2089 17 16 10
2090 15 14 6
2091 17 17 11
2092 6 6 6
2093 23 23 11
2094 14 14 10
2095 11 10 6
2096 13 13 9
2097 8 7 6
2098 26 26 10
2099 21 20 6
2100 23 23 9
2101 8 7 6
2102 12 12 6
2103 17 17 7
2104 12 12 6
2105 9 9 9
2106 14 13 7
2107 20 20 10
2108 23 22 10
2109 13 12 6
2110 13 13 7
2111 14 14 10
2112 25 24 6
2113 21 21 7
2114 16 16 6
2115 15 15 9
2116 12 11 7
2117 18 18 10
2118 23 22 10
2119 21 20 10
2120 45 44 12
2121 31 31 11
2122 30 30 10
2123 25 24 10
2124 35 34 10
2125 23 23 7
2126 28 28 10
2127 23 22 6
2128 25 25 7
2129 26 26 10
2130 25 25 7
2131 24 24 10
2132 25 24 6
2133 29 29 9
2134 26 25 7
2135 34 34 10
2136 27 27 9
2137 38 37 11
2138 34 34 10
2139 51 51 11
2140 30 29 9
2141 30 29 9
2142 18 17 7
2143 20 20 6
2144 23 23 9
2145 22 21 7
2146 42 42 10
2147 31 31 9
2148 26 25 7
2149 24 24 10
2150 27 26 6
2151 23 23 7
2152 34 34 12
2153 21 20 6
2154 27 27 9
2155 24 23 9
2156 42 41 11
2157 22 21 9
2158 32 31 9
2159 20 19 7
2160 32 32 6
2161 23 23 11
2162 34 34 12
2163 29 28 12
2164 15 14 6
2165 19 19 7
2166 32 32 12
2167 27 27 11
2168 18 18 6
2169 31 31 15
2170 26 26 6
2171 31 31 11
2172 24 24 10
2173 31 31 11
2174 16 16 6
2175 31 31 11
2176 28 28 10
2177 35 34 12
2178 25 25 11
2179 32 32 10
2180 17 17 9
2181 40 39 15
2182 24 24 6
2183 25 25 7
2184 20 20 10
2185 13 12 6
2186 31 31 11
2187 20 20 6
2188 27 27 9
2189 26 25 9
2190 18 17 7
2191 18 18 6
2192 23 23 9
2193 36 35 9
2194 22 21 7
2195 34 34 10
2196 17 16 6
2197 25 25 11
2198 22 22 10
2199 17 16 6
2200 17 17 7
2201 28 28 10
2202 27 27 11
2203 10 10 10
2204 27 26 10
2205 17 16 6
2206 17 17 7
2207 24 24 10
2208 29 28 12
2209 13 13 7
2210 22 22 6
2211 21 21 11
2212 20 20 10
2213 25 24 10
2214 25 25 7
2215 14 14 6
2216 21 21 9
2217 40 39 9
2218 16 15 7
2219 24 24 10
2220 17 16 10
2221 27 26 10
2222 23 23 7
2223 22 22 10
2224 21 21 11
2225 14 14 6
2226 21 21 11
2227 24 24 10
2228 25 25 11
2229 28 28 10
2230 23 23 9
2231 14 13 7
2232 30 30 10
2233 19 18 10
2234 27 26 10
2235 15 15 7
2236 30 30 10
2237 27 27 9
2238 18 17 7
2239 10 10 6
2240 29 29 11
2241 12 12 6
2242 17 17 9
2243 22 21 7
2244 16 16 6
2245 13 13 7
2246 14 14 10
2247 25 24 12
2248 11 10 9
2249 13 13 7
2250 22 22 10
2251 17 16 10
2252 19 18 6
2253 17 17 9
2254 18 17 7
2255 14 14 6
2256 25 25 7
2257 18 18 10
2258 17 16 10
2259 17 16 6
2260 15 15 7
2261 18 18 10
2262 17 17 9
2263 22 21 11
2264 16 16 10
2265 13 12 6
2266 13 13 7
2267 16 16 10
2268 17 16 10
2269 23 22 10
2270 21 20 10
2271 7 7 7
2272 12 12 6
2273 9 9 9
2274 26 25 11
2275 12 11 7
2276 24 24 12
2277 17 17 9
2278 18 17 9
2279 18 17 9
2280 10 9 8
2281 20 19 9
2282 18 17 11
2283 14 14 10
2284 17 16 10
2285 19 18 6
2286 21 21 11
2287 18 17 9
2288 14 13 7
2289 14 14 10
2290 15 15 11
2291 12 12 6
2292 13 13 7
2293 10 10 10
2294 27 26 10
2295 19 18 6
2296 23 23 9
2297 14 13 9
2298 14 13 7
2299 6 6 6
2300 7 7 7
2301 14 14 10
2302 15 14 10
2303 19 18 10
2304 15 15 9
2305 20 19 7
2306 22 22 10
2307 19 19 9
2308 24 23 11
2309 24 23 7
2310 18 18 10
2311 15 14 10
2312 11 10 6
2313 19 19 9
2314 20 19 7
2315 16 16 10
2316 15 14 10
2317 15 14 10
2318 19 18 12
2319 19 18 10
2320 21 20 10
2321 15 14 6
2322 9 9 9
2323 22 21 9
2324 24 23 11
2325 8 7 6
2326 12 12 6
2327 7 7 7
2328 14 14 10
2329 15 14 10
2330 15 14 10
2331 13 12 6
2332 21 21 11
2333 20 19 9
2334 10 9 8
2335 14 13 9
2336 26 25 11
2337 18 18 10
2338 13 12 6
2339 13 13 7
2340 10 10 6
2341 13 13 7
2342 16 16 12
2343 19 18 10
2344 13 12 6
2345 19 19 11
2346 14 14 10
2347 7 7 7
2348 14 14 6
2349 17 17 9
2350 18 17 9
2351 18 17 9
2352 14 13 9
2353 12 11 7
2354 16 16 10
2355 15 14 10
2356 11 10 9
2357 19 18 10
2358 7 7 7
2359 12 12 6
2360 15 15 7
2361 22 22 12
2362 11 10 6
2363 7 7 7
2364 14 14 6
2365 11 11 7
2366 10 10 10
2367 17 16 10
2368 7 6 5
2369 17 17 9
2370 18 17 7
2371 20 20 12
2372 13 12 6
2373 17 17 9
2374 10 9 8
2375 8 7 6
2376 14 14 10
2377 21 20 12
2378 11 10 6
2379 11 11 7
2380 16 16 10
2381 15 14 10
2382 15 14 6
2383 13 13 7
2384 14 14 10
2385 15 14 6
2386 15 15 7
2387 10 10 6
2388 17 17 9
2389 8 7 6
2390 14 14 10
2391 17 16 10
2392 19 18 10
2393 21 20 10
2394 17 17 11
2395 14 14 6
2396 15 15 9
2397 8 7 6
2398 16 16 10
2399 13 13 7
2400 16 16 6
2401 13 13 9
2402 20 19 7
2403 16 16 6
2404 15 15 7
2405 18 18 10
2406 11 11 7
2407 16 16 10
2408 15 14 6
2409 17 17 9
2410 16 15 9
2411 20 19 9
2412 16 15 9
2413 22 21 7
2414 20 20 10
2415 13 13 7
2416 14 14 10
2417 17 16 10
2418 15 14 6
2419 25 25 9
2420 24 23 7
2421 14 14 6
2422 17 17 7
2423 30 30 6
2424 41 41 11
2425 30 30 6
2426 25 25 7
2427 24 24 6
2428 17 17 9
2429 24 23 9
2430 38 37 11
2431 18 17 7
2432 16 16 6
2433 19 19 9
2434 22 21 9
2435 38 37 11
2436 26 25 7
2437 42 42 12
2438 27 27 9
2439 30 29 11
2440 42 41 13
2441 38 38 10
2442 25 25 9
2443 30 29 11
2444 32 32 12
2445 39 38 10
2446 25 25 7
2447 30 30 10
2448 27 27 11
2449 42 42 12
2450 35 34 14
2451 31 30 12
2452 57 57 11
2453 34 34 6
2454 33 33 9
2455 32 31 9
2456 50 49 11
2457 40 39 11
2458 24 24 10
2459 41 40 12
2460 45 44 14
2461 43 42 12
2462 39 38 10
2463 35 35 11
2464 32 32 10
2465 31 31 11
2466 28 27 9
2467 28 27 7
2468 32 32 12
2469 33 33 9
2470 42 41 13
2471 22 22 10
2472 37 37 11
2473 22 22 10
2474 25 24 10
2475 21 20 6
2476 25 25 11
2477 30 30 10
2478 21 21 11
2479 34 34 10
2480 19 19 7
2481 24 24 10
2482 17 16 6
2483 21 21 7
2484 28 28 10
2485 35 35 11
2486 26 26 10
2487 25 24 6
2488 37 37 9
2489 20 19 9
2490 22 21 9
2491 30 29 11
2492 16 16 6
2493 23 23 11
2494 28 27 11
2495 26 26 10
2496 19 18 10
2497 19 19 9
2498 32 31 11
2499 14 14 6
2500 17 17 7
2501 18 18 6
2502 27 27 11
2503 20 20 12
2504 15 14 10
2505 11 10 6
2506 15 15 9
2507 24 23 11
2508 24 24 10
2509 27 26 10
2510 27 27 9
2511 28 27 11
2512 22 22 10
2513 17 16 6
2514 21 21 7
2515 16 16 6
2516 21 21 11
2517 22 22 10
2518 23 23 7
2519 18 18 10
2520 17 16 6
2521 13 13 7
2522 24 24 10
2523 13 13 9
2524 20 19 9
2525 14 13 7
2526 26 26 10
2527 15 15 9
2528 16 15 7
2529 28 28 10
2530 19 18 10
2531 23 22 6
2532 19 19 9
2533 14 13 7
2534 12 12 6
2535 21 21 9
2536 14 13 7
2537 20 20 6
2538 15 15 7
2539 18 18 10
2540 21 20 10
2541 17 17 7
2542 20 20 10
2543 31 30 10
2544 19 19 7
2545 14 14 6
2546 11 11 7
2547 14 14 6
2548 21 21 9
2549 22 21 9
2550 16 15 7
2551 24 24 10
2552 15 15 9
2553 28 27 11
2554 12 12 6
2555 25 25 11
2556 22 22 6
2557 23 23 7
2558 24 24 10
2559 21 20 6
2560 19 19 7
2561 22 22 6
2562 25 25 11
2563 30 29 7
2564 26 26 6
2565 21 21 9
2566 14 13 7
2567 14 14 6
2568 17 17 7
2569 34 34 10
2570 23 23 7
2571 24 24 10
2572 17 16 6
2573 19 19 7
2574 28 28 10
2575 27 26 6
2576 13 13 7
2577 36 36 10
2578 19 19 7
2579 32 32 10
2580 31 30 12
2581 19 18 6
2582 23 23 11
2583 20 20 6
2584 19 19 7
2585 22 22 6
2586 21 21 9
2587 22 21 7
2588 26 26 10
2589 21 21 7
2590 20 20 6
2591 19 19 9
2592 18 17 7
2593 22 22 6
2594 15 15 9
2595 28 27 11
2596 20 19 9
2597 22 21 9
2598 22 21 7
2599 24 24 10
2600 23 22 6
2601 19 19 9
2602 18 17 9
2603 22 21 7
2604 10 10 6
2605 19 19 11
2606 16 16 10
2607 19 18 10
2608 25 24 12
2609 17 16 10
2610 25 24 6
2611 21 21 7
2612 18 18 10
2613 17 16 10
2614 15 14 6
2615 21 21 11
2616 20 20 10
2617 11 10 6
2618 23 23 9
2619 24 23 7
2620 20 20 10
2621 19 18 6
2622 19 19 9
2623 16 15 7
2624 18 18 10
2625 17 16 10
2626 15 14 6
2627 17 17 11
2628 10 10 10
2629 23 22 6
2630 19 19 9
2631 24 23 11
2632 14 13 7
2633 16 16 6
2634 17 17 7
2635 28 28 10
2636 17 16 10
2637 19 18 10
2638 11 10 6
2639 21 21 7
2640 14 14 10
2641 15 14 6
2642 15 15 7
2643 18 18 10
2644 25 24 12
2645 17 16 10
2646 13 12 6
2647 11 11 7
2648 28 28 12
2649 13 12 6
2650 17 17 7
2651 10 10 6
2652 21 21 7
2653 14 14 6
2654 17 17 9
2655 18 17 11
2656 20 19 7
2657 18 18 10
2658 15 14 10
2659 19 18 10
2660 13 12 6
2661 29 29 11
2662 12 11 7
2663 10 10 6
2664 15 15 9
2665 18 17 11
2666 12 12 6
2667 13 13 7
2668 20 20 10
2669 17 16 6
2670 19 19 11
2671 18 18 10
2672 7 6 5
2673 7 7 7
2674 14 14 6
2675 9 9 9
2676 18 17 9
2677 18 17 9
2678 18 17 11
2679 12 12 6
2680 29 29 11
2681 18 18 6
2682 21 21 9
2683 22 21 11
2684 6 6 6
2685 17 17 7
2686 6 6 6
2687 23 23 9
2688 18 17 9
2689 20 19 9
2690 14 13 9
2691 12 11 7
2692 22 22 10
2693 15 14 6
2694 13 13 7
2695 20 20 12
2696 25 25 9
2697 22 21 7
2698 18 18 10
2699 17 16 10
2700 21 20 6
2701 19 19 7
2702 24 24 10
2703 23 23 11
2704 32 32 10
2705 19 18 10
2706 33 32 12
2707 25 24 6
2708 31 31 11
2709 20 19 7
2710 26 26 6
2711 23 23 9
2712 24 23 9
2713 34 33 11
2714 30 30 10
2715 33 32 10
2716 27 27 7
2717 30 30 10
2718 29 28 6
2719 23 23 11
2720 22 22 10
2721 27 27 7
2722 24 24 10
2723 27 26 10
2724 27 26 10
2725 33 33 11
2726 22 22 6
2727 33 33 11
2728 34 34 10
2729 31 30 10
2730 31 30 6
2731 33 33 13
2732 22 22 6
2733 33 33 11
2734 44 43 9
2735 32 31 11
2736 46 46 12
2737 25 24 10
2738 33 33 11
2739 38 37 13
2740 22 21 7
2741 18 18 6
2742 19 19 7
2743 22 22 6
2744 23 23 9
2745 32 31 13
2746 34 34 14
2747 29 28 10
2748 21 21 7
2749 14 14 6
2750 31 31 15
2751 34 34 10
2752 19 19 11
2753 18 18 6
2754 19 19 7
2755 40 40 14
2756 27 27 9
2757 28 27 13
2758 30 30 10
2759 37 36 10
2760 31 30 10
2761 21 21 9
2762 20 19 7
2763 28 28 10
2764 39 38 16
2765 23 23 13
2766 42 42 14
2767 39 39 13
2768 28 28 10
2769 33 33 15
2770 42 42 14
2771 41 40 14
2772 27 27 9
2773 32 31 13
2774 28 27 7
2775 38 38 10
2776 21 21 11
2777 44 44 16
2778 27 26 12
2779 23 23 7
2780 24 24 12
2781 33 32 14
2782 33 32 14
2783 39 39 11
2784 30 29 11
2785 26 25 9
2786 20 19 7
2787 26 26 10
2788 39 38 18
2789 29 29 11
2790 16 16 6
2791 13 13 7
2792 42 42 16
2793 23 23 11
2794 34 33 11
2795 30 30 12
2796 35 34 10
2797 47 47 19
2798 28 27 13
2799 22 21 9
2800 16 15 7
2801 20 20 10
2802 15 14 6
2803 17 17 11
2804 18 17 9
2805 30 29 9
2806 38 37 9
2807 24 23 11
2808 42 41 13
2809 34 33 15
2810 16 16 10
2811 39 38 12
2812 13 13 9
2813 32 31 11
2814 22 21 9
2815 28 27 13
2816 26 26 6
2817 11 11 7
2818 24 24 10
2819 21 20 10
2820 29 28 6
2821 15 15 7
2822 30 30 10
2823 11 11 7
2824 18 18 6
2825 19 19 7
2826 20 20 10
2827 23 22 10
2828 11 10 6
2829 11 11 7
2830 16 16 10
2831 17 17 7
2832 12 12 6
2833 13 13 7
2834 16 16 10
2835 19 18 10
2836 17 16 6
2837 11 11 7
2838 16 16 10
2839 19 19 9
2840 18 17 9
2841 22 21 9
2842 34 33 9
2843 20 19 7
2844 26 26 12
2845 15 14 6
2846 27 27 11
2847 14 14 6
2848 19 19 7
2849 12 12 6
2850 15 15 9
2851 14 13 7
2852 24 24 10
2853 35 34 10
2854 23 22 6
2855 23 23 9
2856 18 17 9
2857 16 15 7
2858 12 12 6
2859 17 17 7
2860 16 16 10
2861 17 16 10
2862 15 14 6
2863 15 15 7
2864 16 16 10
2865 15 15 9
2866 22 21 9
2867 20 19 9
2868 10 9 8
2869 28 27 9
2870 18 17 9
2871 22 21 7
2872 22 22 12
2873 11 10 6
2874 17 17 9
2875 24 23 11
2876 16 15 7
2877 10 10 6
2878 7 7 7
2879 22 22 10
2880 29 28 10
2881 11 11 7
2882 14 14 10
2883 9 9 9
2884 12 11 7
2885 20 20 6
2886 21 21 11
2887 18 17 7
2888 16 16 6
2889 33 33 9
2890 20 19 7
2891 28 28 12
2892 11 10 6
2893 19 19 9
2894 24 23 9
2895 18 17 7
2896 10 10 6
2897 15 15 7
2898 18 18 6
2899 19 19 7
2900 18 18 10
2901 23 22 10
2902 13 12 6
2903 23 23 11
2904 18 18 10
2905 23 22 10
2906 19 18 10
2907 13 13 7
2908 16 16 10
2909 19 18 6
2910 21 21 11
2911 26 26 10
2912 23 22 10
2913 17 16 6
2914 23 23 7
2915 14 14 6
2916 31 31 13
2917 16 16 6
2918 15 15 7
2919 22 22 10
2920 15 14 10
2921 13 13 7
2922 20 20 10
2923 13 12 6
2924 17 17 7
2925 26 26 10
2926 21 20 6
2927 21 21 9
2928 20 19 7
2929 14 14 10
2930 17 16 10
2931 13 12 6
2932 23 23 9
2933 24 23 11
2934 14 14 6
2935 15 15 9
2936 24 23 11
2937 14 14 6
2938 19 19 7
2939 20 20 10
2940 15 14 10
2941 19 18 10
2942 11 10 6
2943 17 17 7
2944 16 16 6
2945 19 19 7
2946 16 16 6
2947 15 15 7
2948 18 18 10
2949 13 13 7
2950 22 22 10
2951 35 34 10
2952 17 17 7
2953 20 20 6
2954 25 25 9
2955 22 21 11
2956 20 20 10
2957 25 24 10
2958 19 18 10
2959 31 30 12
2960 29 28 12
2961 19 19 9
2962 24 23 7
2963 34 34 16
2964 17 16 10
2965 33 32 14
2966 33 32 16
2967 33 32 12
2968 23 23 11
2969 26 26 10
2970 35 35 13
2971 30 29 9
2972 30 29 9
2973 20 19 7
2974 20 20 6
2975 25 25 9
2976 22 21 9
2977 20 19 9
2978 32 31 11
2979 20 20 6
2980 23 23 11
2981 18 18 10
2982 19 18 6
2983 19 19 11
2984 18 18 10
2985 21 20 6
2986 27 27 13
2987 24 24 10
2988 17 16 6
2989 23 23 11
2990 28 27 11
2991 20 20 6
2992 21 21 11
2993 28 28 12
2994 29 28 12
2995 35 35 11
2996 30 30 10
2997 29 28 10
2998 39 38 10
2999 23 23 7
3000 34 34 12
3001 15 14 6
3002 19 19 7
3003 26 26 6
3004 27 27 7
3005 32 32 12
3006 31 30 10
3007 31 30 10
3008 25 24 10
3009 25 24 10
3010 29 28 10
3011 21 20 12
3012 23 22 10
3013 29 29 9
3014 28 27 7
3015 20 20 10
3016 33 32 14
3017 15 15 9
3018 22 21 9
3019 38 37 9
3020 16 15 7
3021 24 24 10
3022 31 30 10
3023 19 19 7
3024 32 32 18
3025 23 22 10
3026 19 19 7
3027 22 22 6
3028 31 31 13
3029 32 32 12
3030 29 29 13
3031 28 28 10
3032 25 25 9
3033 38 37 15
3034 30 29 11
3035 24 24 12
3036 25 24 6
3037 23 23 9
3038 34 33 11
3039 34 33 11
3040 32 31 11
3041 32 31 11
3042 40 40 14
3043 33 32 12
3044 31 30 6
3045 31 31 13
3046 30 30 10
3047 29 28 12
3048 29 28 12
3049 15 14 6
3050 29 29 7
3051 30 30 10
3052 21 21 9
3053 18 17 9
3054 22 21 11
3055 16 16 6
3056 23 23 11
3057 28 28 10
3058 25 25 11
3059 26 25 11
3060 26 25 11
3061 16 15 7
3062 30 30 16
3063 23 23 9
3064 28 27 13
3065 18 18 10
3066 25 24 6
3067 15 15 7
3068 20 20 10
3069 21 21 7
3070 26 26 12
3071 29 28 10
3072 17 16 10
3073 21 20 10
3074 17 17 9
3075 26 25 7
3076 20 20 6
3077 23 23 9
3078 26 25 9
3079 20 19 7
3080 22 22 10
3081 21 20 6
3082 13 13 7
3083 26 26 10
3084 21 20 10
3085 19 18 10
3086 17 16 6
3087 15 15 7
3088 18 18 6
3089 33 33 11
3090 16 16 10
3091 15 14 6
3092 19 19 9
3093 14 13 7
3094 14 14 6
3095 19 19 9
3096 18 17 11
3097 16 16 6
3098 13 13 7
3099 14 14 6
3100 33 33 13
3101 14 14 6
3102 21 21 7
3103 20 20 6
3104 25 25 9
3105 18 17 11
3106 36 35 9
3107 20 19 7
3108 30 30 10
3109 25 24 10
3110 29 28 10
3111 21 21 11
3112 26 26 10
3113 35 34 12
3114 37 36 10
3115 29 28 12
3116 29 28 10
3117 29 28 6
3118 35 35 13
3119 48 48 16
3120 29 28 10
3121 19 19 7
3122 36 36 10
3123 29 28 6
3124 25 25 7
3125 34 34 10
3126 39 39 11
3127 36 36 10
3128 43 42 10
3129 31 30 10
3130 31 30 10
3131 33 33 9
3132 34 33 11
3133 16 15 9
3134 30 29 9
3135 30 29 11
3136 28 27 11
3137 34 34 16
3138 21 20 6
3139 23 23 9
3140 26 25 11
3141 28 28 12
3142 17 16 10
3143 19 18 6
3144 21 21 9
3145 18 17 7
3146 18 18 10
3147 17 16 6
3148 21 21 11
3149 16 16 10
3150 19 18 10
3151 19 18 10
3152 19 18 10
3153 13 12 6
3154 11 11 7
3155 16 16 12
3156 17 16 10
3157 19 18 10
3158 15 14 6
3159 13 13 7
3160 24 24 10
3161 19 19 11
3162 12 12 6
3163 19 19 11
3164 12 11 7
3165 10 10 6
3166 19 19 9
3167 26 25 11
3168 20 20 10
3169 13 12 6
3170 13 13 7
3171 14 14 10
3172 11 10 6
3173 17 17 9
3174 30 29 11
3175 24 24 10
3176 21 20 6
3177 13 13 9
3178 12 11 7
3179 12 12 6
3180 11 11 7
3181 20 20 10
3182 15 15 9
3183 16 15 9
3184 14 13 9
3185 12 11 7
3186 10 10 10
3187 19 18 10
3188 19 18 10
3189 15 14 6
3190 17 17 11
3191 22 22 12
3192 21 20 10
3193 11 11 7
3194 10 10 6
3195 21 21 11
3196 18 17 9
3197 8 7 6
3198 10 10 6
3199 11 11 7
3200 18 18 12
3201 17 16 10
3202 21 20 10
3203 21 20 12
3204 27 26 10
3205 15 14 6
3206 15 15 7
3207 6 6 6
3208 19 19 11
3209 12 12 6
3210 11 11 7
3211 16 16 10
3212 17 16 10
3213 7 6 5
3214 23 23 9
3215 30 29 11
3216 24 23 9
3217 22 21 7
3218 18 18 12
3219 21 20 10
3220 21 20 6
3221 19 19 9
3222 18 17 9
3223 16 15 11
3224 20 20 6
3225 7 7 7
3226 16 16 10
3227 15 14 10
3228 19 18 10
3229 21 20 6
3230 13 13 7
3231 16 16 10
3232 7 6 5
3233 13 13 7
3234 22 22 10
3235 19 19 7
3236 28 28 12
3237 17 16 6
3238 23 23 11
3239 20 20 12
3240 19 18 10
3241 15 15 7
3242 18 18 10
3243 17 16 10
3244 15 14 6
3245 15 15 7
3246 12 12 6
3247 21 21 11
3248 14 14 10
3249 13 12 6
3250 17 17 11
3251 22 22 10
3252 21 20 10
3253 19 19 7
3254 16 16 6
3255 19 19 9
3256 16 15 7
3257 14 14 10
3258 11 10 9
3259 15 14 10
3260 21 20 10
3261 17 16 6
3262 15 15 11
3263 22 21 9
3264 14 13 7
3265 22 22 10
3266 19 18 6
3267 9 9 9
3268 14 13 9
3269 16 15 9
3270 18 17 11
3271 10 10 6
3272 15 15 7
3273 14 14 6
3274 17 17 9
3275 28 27 11
3276 18 18 10
3277 25 24 10
3278 15 15 7
3279 24 24 10
3280 29 28 10
3281 29 28 10
3282 33 32 10
3283 21 20 6
3284 27 27 9
3285 22 21 7
3286 22 22 10
3287 19 19 11
3288 18 18 6
3289 19 19 7
3290 18 18 10
3291 17 16 6
3292 35 35 11
3293 16 16 6
3294 17 17 9
3295 18 17 9
3296 12 11 7
3297 22 22 6
3298 17 17 9
3299 30 29 7
3300 16 16 6
3301 25 25 11
3302 24 23 9
3303 24 23 9
3304 24 23 7
3305 20 20 10
3306 17 16 6
3307 25 25 9
3308 26 25 9
3309 26 25 9
3310 28 27 9
3311 20 19 9
3312 20 19 9
3313 30 29 7
3314 18 18 10
3315 23 22 10
3316 25 24 10
3317 19 18 6
3318 13 13 7
3319 12 12 6
3320 19 19 9
3321 24 23 9
3322 12 11 7
3323 22 22 12
3324 13 12 6
3325 19 19 9
3326 20 19 7
3327 16 16 10
3328 23 22 6
3329 15 15 7
3330 20 20 10
3331 15 15 7
3332 24 24 12
3333 17 17 7
3334 12 12 6
3335 27 27 11
3336 18 18 10
3337 19 19 9
3338 22 21 7
3339 20 20 10
3340 9 9 9
3341 14 13 9
3342 18 17 9
3343 12 11 7
3344 24 24 10
3345 23 22 12
3346 25 24 10
3347 13 13 7
3348 12 12 6
3349 19 19 11
3350 10 10 10
3351 17 17 7
3352 12 12 6
3353 23 23 9
3354 16 15 9
3355 16 15 11
3356 16 16 6
3357 23 23 11
3358 16 16 10
3359 19 19 11
3360 26 26 10
3361 13 13 7
3362 24 24 12
3363 21 20 10
3364 21 20 10
3365 17 17 7
3366 14 14 6
3367 21 21 11
3368 18 18 10
3369 17 16 10
3370 23 22 10
3371 19 18 10
3372 27 26 6
3373 17 17 9
3374 20 19 9
3375 24 23 9
3376 20 19 7
3377 18 18 10
3378 17 16 10
3379 23 22 6
3380 17 17 7
3381 22 22 10
3382 21 20 10
3383 17 16 6
3384 17 17 9
3385 10 9 8
3386 18 17 7
3387 20 20 12
3388 15 14 10
3389 19 18 6
3390 21 21 11
3391 14 14 6
3392 23 23 11
3393 12 12 6
3394 11 11 7
3395 10 10 6
3396 17 17 11
3397 18 18 10
3398 19 19 9
3399 18 17 11
3400 14 14 6
3401 17 17 7
3402 24 24 12
3403 21 20 10
3404 29 28 10
3405 11 11 7
3406 14 14 6
3407 13 13 7
3408 18 18 10
3409 15 14 6
3410 27 27 9
3411 12 11 7
3412 18 18 12
3413 13 12 6
3414 13 13 7
3415 14 14 10
3416 15 15 7
3417 18 18 10
3418 17 16 6
3419 17 17 9
3420 12 11 7
3421 14 14 6
3422 27 27 11
3423 14 14 6
3424 23 23 11
3425 14 13 7
3426 16 16 6
3427 19 19 7
3428 16 16 6
3429 21 21 9
3430 20 19 7
3431 10 10 6
3432 13 13 7
3433 34 34 10
3434 13 12 6
3435 13 13 7
3436 22 22 10
3437 17 17 7
3438 16 16 10
3439 11 11 7
3440 20 20 10
3441 17 16 6
3442 17 17 7
3443 22 22 10
3444 15 14 6
3445 21 21 9
3446 20 19 7
3447 14 14 6
3448 17 17 11
3449 16 16 10
3450 23 22 10
3451 13 13 7
3452 14 14 6
3453 15 15 7
3454 20 20 10
3455 15 14 6
3456 13 13 9
3457 18 17 9
3458 20 19 9
3459 12 11 7
3460 10 10 6
3461 17 17 11
3462 6 6 6
3463 13 13 7
3464 18 18 6
3465 17 17 9
3466 10 9 8
3467 22 21 7
3468 6 6 6
3469 25 25 9
3470 20 19 7
3471 6 6 6
3472 15 15 9
3473 14 13 7
3474 14 14 6
3475 13 13 7
3476 20 20 10
3477 19 19 7
3478 12 12 6
3479 15 15 9
3480 14 13 9
3481 24 23 7
3482 28 28 6
3483 23 23 9
3484 26 25 11
3485 14 14 6
3486 15 15 7
3487 20 20 6
3488 15 15 7
3489 22 22 10
3490 15 15 7
3491 18 18 6
3492 27 27 7
3493 10 10 6
3494 15 15 9
3495 18 17 7
3496 10 10 6
3497 13 13 7
3498 20 20 10
3499 27 26 6
3500 39 39 9
3501 16 15 9
3502 16 15 7
3503 24 24 6
3504 21 21 7
3505 24 24 10
3506 23 22 10
3507 15 14 6
3508 25 25 11
3509 22 22 10
3510 21 20 6
3511 19 19 11
3512 18 18 10
3513 7 6 5
3514 21 21 11
3515 20 20 6
3516 25 25 9
3517 30 29 11
3518 24 23 9
3519 18 17 9
3520 18 17 7
3521 16 16 10
3522 23 22 6
3523 29 29 11
3524 30 30 10
3525 29 28 12
3526 33 32 10
3527 31 30 10
3528 19 19 9
3529 18 17 7
3530 20 20 10
3531 33 32 10
3532 49 49 9
3533 24 23 7
3534 20 20 6
3535 25 25 9
3536 20 19 7
3537 12 12 6
3538 25 25 9
3539 20 19 7
3540 26 26 10
3541 19 19 7
3542 30 30 10
3543 29 29 7
3544 30 30 10
3545 25 25 7
3546 18 18 10
3547 27 26 10
3548 15 15 7
3549 24 24 10
3550 21 21 9
3551 28 27 13
3552 22 22 10
3553 35 34 6
3554 19 19 9
3555 24 23 9
3556 28 27 9
3557 30 29 11
3558 24 23 7
3559 36 36 12
3560 37 36 10
3561 35 35 9
3562 26 25 9
3563 40 39 11
3564 32 31 11
3565 44 43 11
3566 32 32 10
3567 23 23 11
3568 50 49 13
3569 56 55 15
3570 48 48 14
3571 23 23 7
3572 30 30 10
3573 35 35 11
3574 32 31 9
3575 38 37 11
3576 32 32 10
3577 29 29 9
3578 38 37 11
3579 22 21 7
3580 50 50 16
3581 39 38 10
3582 25 24 10
3583 27 26 10
3584 29 29 7
3585 28 28 10
3586 29 29 7
3587 22 22 6
3588 23 23 9
3589 24 23 7
3590 26 26 10
3591 25 25 9
3592 16 15 7
3593 26 26 6
3594 19 19 7
3595 20 20 10
3596 25 24 10
3597 27 27 9
3598 22 21 9
3599 18 17 9
3600 28 27 9
3601 24 23 9
3602 22 21 7
3603 20 20 10
3604 13 12 6
3605 13 13 7
3606 26 26 6
3607 17 17 9
3608 16 15 7
3609 24 24 10
3610 23 22 6
3611 19 19 7
3612 18 18 10
3613 21 20 10
3614 17 16 6
3615 17 17 7
3616 18 18 10
3617 15 14 10
3618 21 20 12
3619 11 10 6
3620 13 13 9
3621 22 21 9
3622 24 23 11
3623 14 13 7
3624 16 16 10
3625 19 18 10
3626 19 18 10
3627 13 12 6
3628 19 19 9
3629 14 13 7
3630 14 14 6
3631 15 15 7
3632 24 24 10
3633 19 18 10
3634 29 28 12
3635 21 20 10
3636 23 22 10
3637 21 20 10
3638 17 16 10
3639 13 12 6
3640 21 21 7
3641 10 10 6
3642 15 15 7
3643 22 22 10
3644 21 20 6
3645 13 13 7
3646 20 20 6
3647 7 7 7
3648 14 14 10
3649 23 22 10
3650 23 22 6
3651 13 13 9
3652 32 31 11
3653 28 27 9
3654 28 27 9
3655 38 37 7
3656 40 40 10
3657 35 35 11
3658 26 26 12
3659 23 22 10
3660 21 20 6
3661 25 25 7
3662 28 28 10
3663 25 25 11
3664 28 28 10
3665 13 12 6
3666 23 23 9
3667 40 39 11
3668 26 26 10
3669 19 19 9
3670 28 27 7
3671 34 34 10
3672 23 22 10
3673 15 14 6
3674 25 25 9
3675 22 21 7
3676 38 38 10
3677 21 20 6
3678 31 31 9
3679 30 29 7
3680 14 14 6
3681 23 23 7
3682 12 12 6
3683 19 19 7
3684 10 10 6
3685 25 25 11
3686 14 14 6
3687 17 17 7
3688 30 30 10
3689 23 23 9
3690 20 19 11
3691 28 28 10
3692 27 26 10
3693 27 27 11
3694 14 14 10
3695 17 16 6
3696 21 21 11
3697 24 24 6
3698 19 19 7
3699 24 24 10
3700 15 15 7
3701 26 26 10
3702 19 18 10
3703 23 23 7
3704 26 26 10
3705 19 18 10
3706 13 12 6
3707 19 19 9
3708 20 19 9
3709 30 29 11
3710 24 24 10
3711 13 13 7
3712 18 18 6
3713 21 21 7
3714 18 18 10
3715 11 11 7
3716 18 18 10
3717 13 12 6
3718 19 19 9
3719 24 23 11
3720 12 12 6
3721 23 23 11
3722 14 13 9
3723 22 21 11
3724 20 20 10
3725 25 24 12
3726 17 16 6
3727 7 7 7
3728 24 24 10
3729 29 29 9
3730 10 9 8
3731 20 19 7
3732 14 14 6
3733 25 25 9
3734 14 13 7
3735 16 16 10
3736 11 10 6
3737 17 17 11
3738 16 16 10
3739 15 14 10
3740 17 16 10
3741 19 18 10
3742 11 10 6
3743 15 15 11
3744 14 14 6
3745 17 17 7
3746 24 24 10
3747 11 10 6
3748 13 13 7
3749 16 16 10
3750 11 10 6
3751 19 19 11
3752 12 12 6
3753 13 13 9
3754 14 13 9
3755 12 11 7
3756 20 20 10
3757 13 13 7
3758 14 14 6
3759 15 15 9
3760 16 15 11
3761 20 20 10
3762 13 13 7
3763 22 22 10
3764 21 20 10
3765 19 18 10
3766 17 16 6
3767 13 13 7
3768 14 14 10
3769 21 20 10
3770 7 7 7
3771 14 14 6
3772 15 15 7
3773 10 10 10
3774 17 16 10
3775 17 17 9
3776 20 19 9
3777 20 19 9
3778 22 21 13
3779 10 10 6
3780 7 7 7
3781 14 14 10
3782 15 14 10
3783 19 18 10
3784 21 20 6
3785 11 11 7
3786 26 26 10
3787 27 26 10
3788 29 28 10
3789 17 16 10
3790 11 10 6
3791 19 19 7
3792 16 16 10
3793 23 22 10
3794 17 17 11
3795 10 10 6
3796 21 21 11
3797 26 26 10
3798 19 18 6
3799 7 7 7
3800 18 18 10
3801 13 12 6
3802 17 17 11
3803 12 12 6
3804 19 19 9
3805 16 15 9
3806 18 17 11
3807 14 14 10
3808 23 22 10
3809 23 22 10
3810 11 10 6
3811 13 13 7
3812 10 10 10
3813 19 18 10
3814 23 22 10
3815 19 18 10
3816 15 14 10
3817 15 14 6
3818 25 25 11
3819 20 20 10
3820 15 14 10
3821 13 12 6
3822 17 17 11
3823 16 15 7
3824 24 24 10
3825 27 27 9
3826 16 15 7
3827 20 20 10
3828 13 13 9
3829 8 7 6
3830 18 18 6
3831 15 15 7
3832 26 26 12
3833 21 20 6
3834 17 17 7
3835 20 20 10
3836 15 14 6
3837 19 19 7
3838 22 22 6
3839 11 11 7
3840 22 22 10
3841 15 15 7
3842 18 18 6
3843 21 21 11
3844 18 18 6
3845 21 21 7
3846 16 16 6
3847 23 23 11
3848 20 19 9
3849 14 13 7
3850 24 24 10
3851 23 22 10
3852 25 24 12
3853 23 22 10
3854 37 37 13
3855 40 39 9
3856 30 29 9
3857 30 29 9
3858 24 23 7
3859 28 28 10
3860 31 30 10
3861 27 26 10
3862 13 13 7
3863 28 28 12
3864 29 28 10
3865 27 27 9
3866 28 27 11
3867 34 33 7
3868 14 14 6
3869 33 33 9
3870 18 17 7
3871 20 20 10
3872 21 20 10
3873 27 27 11
3874 28 28 10
3875 27 26 10
3876 17 16 6
3877 21 21 11
3878 16 16 6
3879 25 25 9
3880 26 25 11
3881 26 25 9
3882 24 23 11
3883 34 34 14
3884 25 24 10
3885 31 30 6
3886 27 27 11
3887 16 16 6
3888 25 25 9
3889 24 23 7
3890 24 24 10
3891 23 22 10
3892 19 18 6
3893 19 19 11
3894 26 26 10
3895 17 16 6
3896 23 23 9
3897 20 19 7
3898 22 22 10
3899 13 13 7
3900 24 24 10
3901 15 15 9
3902 14 13 7
3903 14 14 6
3904 15 15 9
3905 22 21 9
3906 16 15 7
3907 20 20 6
3908 21 21 11
3909 26 26 10
3910 17 17 9
3911 28 27 9
3912 16 15 11
3913 6 6 6
3914 17 17 7
3915 12 12 6
3916 15 15 7
3917 14 14 10
3918 17 16 10
3919 21 21 7
3920 20 20 6
3921 13 13 9
3922 26 25 7
3923 14 14 10
3924 7 6 5
3925 31 31 11
3926 28 27 9
3927 22 21 9
3928 16 15 7
3929 20 20 10
3930 15 14 6
3931 27 27 9
3932 18 17 9
3933 22 21 9
3934 24 23 9
3935 22 21 11
3936 16 16 10
3937 17 16 6
3938 17 17 7
3939 18 18 10
3940 27 27 11
3941 18 18 6
3942 17 17 7
3943 16 16 6
3944 15 15 7
3945 12 12 6
3946 23 23 11
3947 20 20 10
3948 15 14 6
3949 13 13 7
3950 18 18 10
3951 17 16 10
3952 17 17 7
3953 20 20 10
3954 15 14 6
3955 19 19 11
3956 14 14 6
3957 13 13 7
3958 20 20 6
3959 15 15 9
3960 18 17 7
3961 18 18 10
3962 15 14 10
3963 21 20 10
3964 25 24 10
3965 25 24 10
3966 21 21 7
3967 22 22 10
3968 23 22 6
3969 29 29 11
3970 18 17 9
3971 18 17 7
3972 16 16 6
3973 19 19 11
3974 16 15 9
3975 18 17 7
3976 30 30 10
3977 13 12 6
3978 17 17 7
3979 16 16 10
3980 19 18 6
3981 17 17 13
3982 10 10 6
3983 7 7 7
3984 14 14 10
3985 17 16 10
3986 15 14 10
3987 17 16 10
3988 25 25 9
3989 20 19 9
3990 30 29 11
3991 18 17 9
3992 14 13 7
3993 22 22 10
3994 31 31 9
3995 22 21 7
3996 20 20 10
3997 23 23 7
3998 18 18 10
3999 25 24 10
4000 15 14 10
4001 11 10 9
4002 19 18 10
4003 11 10 6
4004 17 17 9
4005 16 15 9
4006 10 9 8
4007 24 23 11
4008 14 14 6
4009 13 13 9
4010 16 15 9
4011 22 21 11
4012 6 6 6
4013 13 13 7
4014 20 20 12
4015 11 10 9
4016 11 10 6
4017 17 17 7
4018 16 16 10
4019 19 18 10
4020 17 17 9
4021 24 23 11
4022 18 18 10
4023 15 14 10
4024 7 6 5
4025 13 13 7
4026 10 10 10
4027 23 22 10
4028 11 10 6
4029 11 11 7
4030 20 20 10
4031 13 13 7
4032 16 16 12
4033 19 18 10
4034 13 12 6
4035 11 11 7
4036 18 18 10
4037 27 27 11
4038 20 20 10
4039 19 18 10
4040 7 6 5
4041 11 11 7
4042 14 14 6
4043 15 15 11
4044 16 16 10
4045 17 16 6
4046 15 15 9
4047 24 23 13
4048 16 16 10
4049 15 14 6
4050 15 15 9
4051 12 11 7
4052 12 12 6
4053 17 17 9
4054 20 19 9
4055 14 13 9
4056 16 15 9
4057 12 11 7
4058 12 12 6
4059 13 13 7
4060 16 16 10
4061 15 14 6
4062 9 9 9
4063 8 7 6
4064 18 18 6
4065 17 17 11
4066 12 11 7
4067 14 14 10
4068 11 10 6
4069 17 17 11
4070 16 16 10
4071 17 16 10
4072 13 12 6
4073 19 19 9
4074 14 13 7
4075 14 14 6
4076 17 17 9
4077 18 17 7
4078 16 16 6
4079 21 21 7
4080 18 18 6
4081 15 15 9
4082 24 23 9
4083 16 15 7
4084 18 18 6
4085 25 25 9
4086 28 27 9
4087 38 37 7
4088 44 44 10
4089 23 22 6
4090 37 37 9
4091 18 17 9
4092 20 19 7
4093 30 30 10
4094 17 16 10
4095 17 16 6
4096 19 19 9
4097 24 23 7
4098 26 26 6
4099 33 33 13
4100 22 22 6
4101 25 25 7
4102 30 30 10
4103 25 25 9
4104 32 31 9
4105 34 33 9
4106 44 43 11
4107 32 32 12
4108 45 44 12
4109 27 26 10
4110 23 22 10
4111 27 27 7
4112 34 34 10
4113 21 20 6
4114 29 29 11
4115 16 16 6
4116 25 25 9
4117 28 27 9
4118 18 17 7
4119 22 22 10
4120 27 26 10
4121 31 30 10
4122 23 22 10
4123 33 32 12
4124 29 28 10
4125 25 24 10
4126 21 20 10
4127 13 13 7
4128 20 20 10
4129 29 28 10
4130 23 22 6
4131 31 31 11
4132 20 20 6
4133 35 35 9
4134 42 41 11
4135 24 23 7
4136 36 36 6
4137 19 19 9
4138 28 27 11
4139 30 30 6
4140 45 45 11
4141 32 31 11
4142 16 16 6
4143 25 25 11
4144 22 22 10
4145 21 20 10
4146 37 36 10
4147 31 31 11
4148 24 24 10
4149 21 20 6
4150 43 43 11
4151 26 25 9
4152 32 31 11
4153 12 12 6
4154 15 15 7
4155 32 32 10
4156 39 38 12
4157 37 36 10
4158 29 28 10
4159 13 12 6
4160 29 29 9
4161 40 39 11
4162 20 20 10
4163 25 24 10
4164 23 23 9
4165 24 23 9
4166 30 29 11
4167 22 21 9
4168 22 21 11
4169 22 22 10
4170 27 26 10
4171 29 28 10
4172 27 26 10
4173 19 18 6
4174 19 19 9
4175 30 29 11
4176 20 19 7
4177 18 18 6
4178 31 31 11
4179 20 20 6
4180 25 25 9
4181 18 17 7
4182 32 32 6
4183 31 31 11
4184 20 20 10
4185 25 24 6
4186 33 33 11
4187 26 26 10
4188 11 10 6
4189 31 31 9
4190 36 35 7
4191 22 22 12
4192 23 22 10
4193 25 25 9
4194 28 27 11
4195 24 24 12
4196 27 26 10
4197 25 25 9
4198 24 23 7
4199 30 30 12
4200 25 24 10
4201 27 26 12
4202 33 32 10
4203 25 25 9
4204 26 25 7
4205 12 12 6
4206 23 23 9
4207 22 21 7
4208 24 24 10
4209 19 18 6
4210 35 35 11
4211 20 19 7
4212 18 18 6
4213 23 23 9
4214 20 19 9
4215 22 21 7
4216 18 18 10
4217 7 6 5
4218 19 19 11
4219 14 14 6
4220 15 15 7
4221 12 12 6
4222 27 27 9
4223 22 21 9
4224 18 17 7
4225 14 14 6
4226 21 21 9
4227 18 17 9
4228 28 27 9
4229 18 17 7
4230 24 24 10
4231 23 22 10
4232 21 20 10
4233 19 18 10
4234 11 10 6
4235 19 19 13
4236 14 14 10
4237 15 14 6
4238 19 19 9
4239 26 25 11
4240 16 16 6
4241 23 23 11
4242 12 12 6
4243 17 17 11
4244 6 6 6
4245 19 19 9
4246 16 15 11
4247 18 18 6
4248 15 15 7
4249 6 6 6
4250 15 15 7
4251 12 12 6
4252 7 7 7
4253 16 16 6
4254 19 19 9
4255 20 19 9
4256 8 7 6
4257 16 16 6
4258 17 17 9
4259 22 21 11
4260 14 14 6
4261 13 13 7
4262 16 16 6
4263 17 17 9
4264 16 15 9
4265 18 17 7
4266 10 10 6
4267 15 15 11
4268 18 18 10
4269 15 14 6
4270 13 13 7
4271 10 10 6
4272 19 19 9
4273 20 19 11
4274 10 10 6
4275 9 9 9
4276 22 21 11
4277 16 16 10
4278 19 18 10
4279 19 18 10
4280 19 18 10
4281 13 13 7
4282 16 16 10
4283 17 17 9
4284 12 11 7
4285 12 12 6
4286 15 15 7
4287 16 16 10
4288 9 9 9
4289 14 13 7
4290 18 18 10
4291 13 13 7
4292 14 14 6
4293 13 13 7
4294 24 24 10
4295 17 16 10
4296 21 20 10
4297 11 10 6
4298 21 21 11
4299 14 14 10
4300 11 11 7
4301 10 10 6
4302 15 15 9
4303 18 17 11
4304 20 20 12
4305 27 26 10
4306 15 14 10
4307 11 11 7
4308 24 24 14
4309 27 26 10
4310 13 12 6
4311 13 13 9
4312 20 19 11
4313 14 14 6
4314 17 17 11
4315 12 11 7
4316 12 12 6
4317 19 19 9
4318 10 9 8
4319 14 13 7
4320 18 18 10
4321 13 13 7
4322 22 22 12
4323 13 12 6
4324 17 17 9
4325 14 13 9
4326 16 15 7
4327 18 18 6
4328 17 17 11
4329 16 16 10
4330 13 12 6
4331 17 17 9
4332 12 11 7
4333 18 18 10
4334 19 18 10
4335 13 12 6
4336 13 13 9
4337 14 13 9
4338 16 15 11
4339 12 12 6
4340 17 17 9
4341 16 15 7
4342 16 16 10
4343 17 16 6
4344 19 19 11
4345 6 6 6
4346 15 15 7
4347 6 6 6
4348 11 11 7
4349 18 18 10
4350 13 12 6
4351 15 15 7
4352 6 6 6
4353 13 13 7
4354 14 14 10
4355 27 26 12
4356 25 24 10
4357 13 13 7
4358 16 16 10
4359 17 16 6
4360 29 29 9
4361 16 15 9
4362 26 25 11
4363 18 18 10
4364 25 25 7
4365 10 10 6
4366 25 25 11
4367 20 20 6
4368 25 25 11
4369 28 28 12
4370 17 16 6
4371 17 17 9
4372 28 27 7
4373 22 22 12
4374 29 28 10
4375 21 21 11
4376 16 16 10
4377 23 22 6
4378 31 31 9
4379 50 49 13
4380 26 25 9
4381 36 35 9
4382 26 25 7
4383 26 26 6
4384 27 27 7
4385 28 28 10
4386 41 40 14
4387 39 38 6
4388 39 39 11
4389 36 36 12
4390 47 46 14
4391 39 38 10
4392 51 51 15
4393 34 34 12
4394 29 28 10
4395 29 29 13
4396 56 56 14
4397 23 23 9
4398 24 23 11
4399 24 24 10
4400 33 32 12
4401 13 13 7
4402 28 28 10
4403 15 14 6
4404 27 27 9
4405 26 25 11
4406 34 33 13
4407 34 33 11
4408 22 21 9
4409 30 29 15
4410 22 22 12
4411 27 26 6
4412 27 27 13
4413 34 33 11
4414 24 23 7
4415 24 24 10
4416 21 20 6
4417 23 23 7
4418 28 28 10
4419 17 16 10
4420 23 22 6
4421 29 29 9
4422 18 17 7
4423 42 42 10
4424 41 41 13
4425 24 24 10
4426 29 28 10
4427 33 32 10
4428 23 22 10
4429 27 27 9
4430 42 41 13
4431 26 26 6
4432 23 23 7
4433 24 24 10
4434 23 22 10
4435 43 43 17
4436 36 35 11
4437 22 22 10
4438 23 22 10
4439 23 23 11
4440 16 16 6
4441 33 33 13
4442 28 27 7
4443 26 26 10
4444 19 19 9
4445 30 29 9
4446 16 15 7
4447 30 30 12
4448 33 33 13
4449 28 28 10
4450 25 24 10
4451 25 24 10
4452 25 24 10
4453 13 13 7
4454 32 32 10
4455 17 16 6
4456 35 35 13
4457 22 22 10
4458 17 17 9
4459 42 41 17
4460 24 23 11
4461 28 28 14
4462 31 30 10
4463 33 32 14
4464 19 19 9
4465 32 31 13
4466 30 30 12
4467 23 22 10
4468 39 38 10
4469 41 41 11
4470 22 21 7
4471 38 38 12
4472 21 20 10
4473 29 28 10
4474 35 34 14
4475 25 24 10
4476 27 26 10
4477 29 29 9
4478 30 29 7
4479 14 14 6
4480 39 39 11
4481 32 31 11
4482 32 32 10
4483 31 31 11
4484 28 28 10
4485 23 22 6
4486 27 27 11
4487 18 18 6
4488 31 31 11
4489 24 24 6
4490 23 23 11
4491 18 18 10
4492 35 34 6
4493 21 21 7
4494 32 32 12
4495 31 30 10
4496 17 17 9
4497 22 21 9
4498 22 21 9
4499 32 31 7
4500 26 26 10
4501 17 17 7
4502 30 30 10
4503 23 23 9
4504 18 17 9
4505 24 23 7
4506 16 16 6
4507 15 15 7
4508 30 30 10
4509 19 18 6
4510 19 19 9
4511 34 33 7
4512 28 28 12
4513 25 24 6
4514 19 19 11
4515 26 26 10
4516 37 36 10
4517 15 14 6
4518 17 17 7
4519 12 12 6
4520 33 33 11
4521 26 25 9
4522 24 23 7
4523 24 24 10
4524 25 24 6
4525 21 21 7
4526 20 20 10
4527 27 26 12
4528 17 17 7
4529 18 18 6
4530 21 21 11
4531 20 19 7
4532 14 14 6
4533 21 21 9
4534 28 27 9
4535 12 11 7
4536 26 26 12
4537 13 12 6
4538 11 11 7
4539 16 16 10
4540 13 13 7
4541 20 20 10
4542 13 12 6
4543 13 13 9
4544 18 17 11
4545 18 17 7
4546 14 14 6
4547 15 15 9
4548 30 29 11
4549 18 18 10
4550 21 21 7
4551 18 18 10
4552 13 12 6
4553 21 21 9
4554 20 19 7
4555 14 14 6
4556 19 19 9
4557 20 19 7
4558 12 12 6
4559 19 19 11
4560 20 20 10
4561 15 14 6
4562 17 17 9
4563 26 25 7
4564 18 18 10
4565 13 12 6
4566 25 25 11
4567 10 10 6
4568 13 13 7
4569 12 12 6
4570 19 19 11
4571 14 14 6
4572 19 19 9
4573 10 9 8
4574 12 11 7
4575 18 18 10
4576 19 18 10
4577 21 20 6
4578 9 9 9
4579 12 11 7
4580 16 16 6
4581 25 25 13
4582 6 6 6
4583 21 21 7
4584 14 14 10
4585 25 24 12
4586 13 12 6
4587 21 21 7
4588 26 26 10
4589 13 13 7
4590 24 24 10
4591 21 21 9
4592 20 19 7
4593 24 24 10
4594 27 26 6
4595 47 47 11
4596 40 39 9
4597 34 33 7
4598 22 22 10
4599 29 28 10
4600 35 34 10
4601 41 41 11
4602 42 41 11
4603 48 48 12
4604 41 40 12
4605 49 49 11
4606 42 41 11
4607 38 38 10
4608 33 33 9
4609 26 25 11
4610 44 44 12
4611 45 44 14
4612 31 31 11
4613 28 27 9
4614 32 31 11
4615 36 35 11
4616 36 35 9
4617 40 39 13
4618 32 31 11
4619 24 24 10
4620 31 31 9
4621 36 35 13
4622 22 22 10
4623 39 38 10
4624 37 36 12
4625 33 33 11
4626 16 15 7
4627 18 18 10
4628 23 22 12
4629 23 22 10
4630 37 36 14
4631 33 33 9
4632 34 33 19
4633 32 32 10
4634 43 43 11
4635 28 28 10
4636 17 16 6
4637 19 19 7
4638 18 18 10
4639 17 16 6
4640 25 25 11
4641 12 12 6
4642 29 29 11
4643 28 27 11
4644 20 20 6
4645 19 19 7
4646 14 14 10
4647 19 19 9
4648 22 21 9
4649 18 17 9
4650 22 21 7
4651 12 12 6
4652 25 25 11
4653 22 21 7
4654 18 18 6
4655 15 15 9
4656 20 19 11
4657 16 16 6
4658 13 13 7
4659 28 28 12
4660 17 17 7
4661 18 18 6
4662 23 23 11
4663 16 16 6
4664 15 15 7
4665 22 22 10
4666 17 17 7
4667 14 14 6
4668 17 17 7
4669 6 6 6
4670 13 13 7
4671 22 22 10
4672 15 15 9
4673 30 29 11
4674 18 18 10
4675 19 18 6
4676 17 17 11
4677 20 20 10
4678 21 21 7
4679 28 28 10
4680 21 20 6
4681 17 17 7
4682 22 22 10
4683 15 15 7
4684 22 22 10
4685 19 19 7
4686 10 10 6
4687 31 31 9
4688 38 37 9
4689 22 21 9
4690 38 37 9
4691 38 37 11
4692 26 26 10
4693 15 15 7
4694 32 32 10
4695 23 22 10
4696 29 28 10
4697 23 23 11
4698 18 18 6
4699 35 35 11
4700 22 21 7
4701 22 22 6
4702 33 33 7
4703 24 24 10
4704 35 34 12
4705 17 17 7
4706 24 24 6
4707 27 27 9
4708 30 29 9
4709 28 27 11
4710 50 50 12
4711 31 30 10
4712 29 28 10
4713 41 40 12
4714 23 23 9
4715 30 29 7
4716 24 24 6
4717 27 27 7
4718 24 24 10
4719 33 32 10
4720 33 32 6
4721 35 35 11
4722 26 25 7
4723 34 34 10
4724 31 31 9
4725 26 25 9
4726 40 39 11
4727 30 30 10
4728 29 28 10
4729 29 28 10
4730 21 21 7
4731 26 26 6
4732 41 41 11
4733 24 24 10
4734 31 30 10
4735 33 32 10
4736 41 40 10
4737 43 42 14
4738 31 30 10
4739 43 42 12
4740 55 54 16
4741 35 35 11
4742 42 41 13
4743 30 29 11
4744 56 56 18
4745 37 37 11
4746 38 38 14
4747 25 24 10
4748 35 34 12
4749 37 37 11
4750 32 32 12
4751 41 41 11
4752 34 33 11
4753 40 40 10
4754 29 28 10
4755 25 25 9
4756 28 27 7
4757 30 30 12
4758 27 26 10
4759 39 38 14
4760 37 36 12
4761 35 34 12
4762 33 32 10
4763 23 22 6
4764 31 31 13
4765 38 37 11
4766 24 24 6
4767 27 27 9
4768 34 33 9
4769 40 39 13
4770 18 18 6
4771 43 43 11
4772 22 22 10
4773 33 32 6
4774 43 43 11
4775 40 40 10
4776 37 37 13
4777 48 48 6
4778 39 39 11
4779 30 29 7
4780 32 32 10
4781 27 26 10
4782 31 31 11
4783 34 33 11
4784 22 22 6
4785 31 31 9
4786 34 33 13
4787 26 26 10
4788 27 27 9
4789 28 27 9
4790 34 33 11
4791 30 29 9
4792 28 27 7
4793 24 24 10
4794 37 37 7
4795 20 20 10
4796 17 16 6
4797 27 27 11
4798 20 20 10
4799 15 14 6
4800 29 29 9
4801 30 29 9
4802 14 13 7
4803 16 16 6
4804 25 25 9
4805 16 15 7
4806 20 20 6
4807 25 25 9
4808 16 15 7
4809 22 22 10
4810 19 18 10
4811 21 21 7
4812 28 28 10
4813 23 22 10
4814 17 16 6
4815 15 15 7
4816 20 20 10
4817 29 28 10
4818 23 22 6
4819 25 25 7
4820 24 24 10
4821 23 22 10
4822 27 26 10
4823 25 24 6
4824 25 25 11
4825 24 24 10
4826 17 16 10
4827 21 20 10
4828 23 22 6
4829 15 15 7
4830 12 12 6
4831 41 41 13
4832 28 28 12
4833 31 30 10
4834 27 26 10
4835 29 28 10
4836 25 24 10
4837 19 19 7
4838 16 16 6
4839 25 25 11
4840 28 27 9
4841 20 19 7
4842 20 20 6
4843 21 21 9
4844 20 19 9
4845 22 21 7
4846 28 28 10
4847 25 24 6
4848 21 21 7
4849 22 22 10
4850 21 20 6
4851 27 27 11
4852 12 12 6
4853 13 13 7
4854 22 22 6
4855 13 13 7
4856 24 24 10
4857 17 17 7
4858 16 16 10
4859 19 18 10
4860 27 26 12
4861 13 12 6
4862 19 19 9
4863 16 15 7
4864 10 10 6
4865 15 15 9
4866 14 13 9
4867 16 15 7
4868 12 12 6
4869 23 23 7
4870 14 14 10
4871 21 20 10
4872 13 13 7
4873 16 16 10
4874 27 26 10
4875 21 20 6
4876 17 17 7
4877 22 22 10
4878 13 12 6
4879 13 13 7
4880 18 18 10
4881 23 23 11
4882 12 12 6
4883 9 9 9
4884 20 19 11
4885 12 12 6
4886 27 27 11
4887 16 16 10
4888 15 14 6
4889 15 15 11
4890 16 16 6
4891 21 21 11
4892 20 19 9
4893 18 17 9
4894 14 13 7
4895 16 16 10
4896 17 16 6
4897 13 13 7
4898 24 24 10
4899 17 16 10
4900 11 10 6
4901 15 15 7
4902 16 16 10
4903 17 16 10
4904 17 16 10
4905 17 16 10
4906 13 12 6
4907 21 21 11
4908 14 14 10
4909 13 12 6
4910 11 11 7
4911 18 18 10
4912 13 13 7
4913 18 18 6
4914 19 19 9
4915 20 19 7
4916 14 14 6
4917 13 13 7
4918 16 16 10
4919 15 14 10
4920 23 22 10
4921 13 12 6
4922 23 23 9
4923 18 17 9
4924 14 13 7
4925 10 10 6
4926 15 15 9
4927 16 15 11
4928 10 10 6
4929 13 13 7
4930 20 20 10
4931 19 18 10
4932 15 14 6
4933 13 13 9
4934 14 13 9
4935 18 17 11
4936 14 14 6
4937 13 13 7
4938 16 16 10
4939 11 10 6
4940 17 17 7
4941 18 18 10
4942 19 19 9
4943 20 19 11
4944 18 18 10
4945 19 18 12
4946 11 10 6
4947 13 13 7
4948 6 6 6
4949 21 21 13
4950 16 16 6
4951 17 17 9
4952 16 15 7
4953 30 30 10
4954 15 15 9
4955 16 15 9
4956 18 17 9
4957 16 15 7
4958 10 10 6
4959 17 17 9
4960 18 17 7
4961 16 16 10
4962 11 10 6
4963 7 7 7
4964 22 22 10
4965 15 15 7
4966 6 6 6
4967 15 15 9
4968 14 13 9
4969 24 23 11
4970 16 16 6
4971 11 11 7
4972 12 12 6
4973 17 17 9
4974 22 21 11
4975 18 18 10
4976 19 18 10
4977 11 10 9
4978 23 22 10
4979 15 14 6
4980 23 23 9
4981 38 37 9
4982 26 25 9
4983 20 19 9
4984 30 29 7
4985 16 16 6
4986 19 19 7
4987 16 16 6
4988 21 21 11
4989 20 19 9
4990 24 23 11
4991 36 36 10
4992 21 21 7
4993 28 28 10
4994 29 28 10
4995 15 14 6
4996 19 19 7
4997 18 18 6
4998 29 29 9
4999 20 19 11
