0 272 271 83
1 153 153 84
2 136 136 84
3 84 84 84
4 119 119 84
5 152 152 83
6 135 135 83
7 169 169 83
8 271 271 83
9 237 237 83
10 187 187 84
11 220 220 83
12 169 169 83
13 119 119 84
14 102 102 84
15 220 220 83
16 187 187 84
17 220 220 83
18 101 101 83
19 101 101 83
20 135 135 83
21 153 153 84
22 152 152 83
23 153 153 84
24 204 204 84
25 220 220 83
26 203 203 83
27 153 153 84
28 186 186 83
29 221 221 84
30 136 136 84
31 152 152 83
32 187 187 84
33 204 204 84
34 136 136 84
35 118 118 83
36 135 135 83
37 153 153 84
38 118 118 83
39 221 221 84
40 170 170 84
41 254 254 83
42 203 203 83
43 169 169 83
44 187 187 84
45 288 288 83
46 441 441 83
47 305 305 83
48 255 255 84
49 170 170 84
50 186 186 83
51 255 255 84
52 306 306 84
53 306 306 84
54 238 238 84
55 220 220 83
56 237 237 83
57 255 255 84
58 322 322 83
59 271 271 83
60 203 203 83
61 153 153 84
62 220 220 83
63 187 187 84
64 152 152 83
65 255 255 84
66 220 220 83
67 271 271 83
68 187 187 84
69 340 340 84
70 220 220 83
71 237 237 83
72 237 237 83
73 203 203 83
74 221 221 84
75 118 118 83
76 203 203 83
77 289 289 84
78 254 254 83
79 255 255 84
80 220 220 83
81 271 271 83
82 255 255 84
83 170 170 84
84 322 322 83
85 305 305 83
86 289 289 84
87 272 272 84
88 254 254 83
89 323 323 84
90 288 288 83
91 237 237 83
92 153 153 84
93 272 272 84
94 136 136 84
95 306 306 84
96 220 220 83
97 169 169 83
98 305 305 83
99 135 135 83
100 237 237 83
101 255 255 84
102 340 340 84
103 238 238 84
104 238 238 84
105 288 288 83
106 221 221 84
107 170 170 84
108 272 272 84
109 186 186 83
110 187 187 84
111 288 288 83
112 221 221 84
113 186 186 83
114 305 305 83
115 153 153 84
116 118 118 83
117 305 305 83
118 119 119 84
119 170 170 84
120 220 220 83
121 203 203 83
122 255 255 84
123 136 136 84
124 220 220 83
125 135 135 83
126 169 169 83
127 237 237 83
128 135 135 83
129 237 237 83
130 221 221 84
131 238 238 84
132 272 272 84
133 220 220 83
134 203 203 83
135 203 203 83
136 203 203 83
137 237 237 83
138 203 203 83
139 255 255 84
140 220 220 83
141 203 203 83
142 305 305 83
143 221 221 84
144 204 204 84
145 204 204 84
146 272 272 84
147 288 288 83
148 169 169 83
149 221 221 84
150 220 220 83
151 169 169 83
152 203 203 83
153 237 237 83
154 169 169 83
155 187 187 84
156 204 204 84
157 152 152 83
158 221 221 84
159 220 220 83
160 153 153 84
161 152 152 83
162 203 203 83
163 221 221 84
164 204 204 84
165 204 204 84
166 152 152 83
167 187 187 84
168 170 170 84
169 220 220 83
170 153 153 84
171 118 118 83
172 135 135 83
173 153 153 84
174 288 288 83
175 203 203 83
176 169 169 83
177 119 119 84
178 152 152 83
179 169 169 83
180 187 187 84
181 102 102 84
182 136 136 84
183 288 288 83
184 119 119 84
185 220 220 83
186 169 169 83
187 169 169 83
188 135 135 83
189 203 203 83
190 153 153 84
191 136 136 84
192 152 152 83
193 169 169 83
194 119 119 84
195 136 136 84
196 186 186 83
197 255 255 84
198 220 220 83
199 169 169 83
200 169 169 83
201 85 85 85
202 136 136 84
203 204 204 84
204 152 152 83
205 119 119 84
206 152 152 83
207 119 119 84
208 152 152 83
209 237 237 83
210 153 153 84
211 118 118 83
212 153 153 84
213 186 186 83
214 135 135 83
215 153 153 84
216 136 136 84
217 152 152 83
218 237 237 83
219 221 221 84
220 152 152 83
221 153 153 84
222 118 118 83
223 101 101 83
224 119 119 84
225 186 186 83
226 85 85 85
227 186 186 83
228 187 187 84
229 170 170 84
230 152 152 83
231 153 153 84
232 254 254 83
233 135 135 83
234 221 221 84
235 102 102 84
236 136 136 84
237 186 186 83
238 101 101 83
239 135 135 83
240 101 101 83
241 119 119 84
242 118 118 83
243 169 169 83
244 135 135 83
245 101 101 83
246 119 119 84
247 186 186 83
248 169 169 83
249 237 237 83
250 169 169 83
251 169 169 83
252 119 119 84
253 118 118 83
254 203 203 83
255 135 135 83
256 221 221 84
257 220 220 83
258 203 203 83
259 187 187 84
260 118 118 83
261 135 135 83
262 135 135 83
263 169 169 83
264 255 255 84
265 170 170 84
266 186 186 83
267 119 119 84
268 186 186 83
269 153 153 84
270 118 118 83
271 119 119 84
272 152 152 83
273 135 135 83
274 153 153 84
275 204 204 84
276 152 152 83
277 221 221 84
278 136 136 84
279 272 272 84
280 186 186 83
281 255 255 84
282 170 170 84
283 170 170 84
284 170 170 84
285 186 186 83
286 101 101 83
287 289 289 84
288 152 152 83
289 187 187 84
290 136 136 84
291 288 288 83
292 187 187 84
293 152 152 83
294 153 153 84
295 204 204 84
296 220 220 83
297 153 153 84
298 204 204 84
299 170 170 84
300 118 118 83
301 153 153 84
302 152 152 83
303 255 255 84
304 186 186 83
305 221 221 84
306 118 118 83
307 237 237 83
308 169 169 83
309 255 255 84
310 170 170 84
311 136 136 84
312 118 118 83
313 187 187 84
314 152 152 83
315 221 221 84
316 220 220 83
317 187 187 84
318 152 152 83
319 119 119 84
320 118 118 83
321 203 203 83
322 187 187 84
323 136 136 84
324 220 220 83
325 169 169 83
326 153 153 84
327 204 204 84
328 136 136 84
329 136 136 84
330 272 272 84
331 186 186 83
332 255 255 84
333 186 186 83
334 135 135 83
335 85 85 85
336 152 152 83
337 169 169 83
338 187 187 84
339 254 254 83
340 221 221 84
341 102 102 84
342 118 118 83
343 153 153 84
344 118 118 83
345 153 153 84
346 186 186 83
347 289 289 84
348 152 152 83
349 101 101 83
350 169 169 83
351 135 135 83
352 119 119 84
353 186 186 83
354 153 153 84
355 220 220 83
356 187 187 84
357 152 152 83
358 119 119 84
359 170 170 84
360 118 118 83
361 237 237 83
362 169 169 83
363 237 237 83
364 203 203 83
365 169 169 83
366 237 237 83
367 153 153 84
368 204 204 84
369 204 204 84
370 238 238 84
371 118 118 83
372 169 169 83
373 119 119 84
374 152 152 83
375 203 203 83
376 153 153 84
377 204 204 84
378 238 238 84
379 220 220 83
380 101 101 83
381 169 169 83
382 255 255 84
383 152 152 83
384 187 187 84
385 220 220 83
386 169 169 83
387 357 357 84
388 306 306 84
389 272 272 84
390 306 306 84
391 170 170 84
392 186 186 83
393 153 153 84
394 238 238 84
395 238 238 84
396 254 254 83
397 135 135 83
398 135 135 83
399 153 153 84
400 152 152 83
401 255 255 84
402 220 220 83
403 289 289 84
404 170 170 84
405 118 118 83
406 237 237 83
407 187 187 84
408 238 238 84
409 204 204 84
410 186 186 83
411 135 135 83
412 221 221 84
413 136 136 84
414 306 306 84
415 288 288 83
416 305 305 83
417 153 153 84
418 186 186 83
419 271 271 83
420 289 289 84
421 186 186 83
422 101 101 83
423 187 187 84
424 204 204 84
425 254 254 83
426 373 373 83
427 237 237 83
428 187 187 84
429 152 152 83
430 221 221 84
431 220 220 83
432 323 323 84
433 306 306 84
434 220 220 83
435 135 135 83
436 289 289 84
437 152 152 83
438 271 271 83
439 357 357 84
440 322 322 83
441 305 305 83
442 289 289 84
443 306 306 84
444 322 322 83
445 339 339 83
446 255 255 84
447 306 306 84
448 254 254 83
449 339 339 83
450 169 169 83
451 255 255 84
452 220 220 83
453 459 459 84
454 340 340 84
455 442 442 84
456 424 424 83
457 255 255 84
458 322 322 83
459 305 305 83
460 441 441 83
461 425 425 84
462 272 272 84
463 322 322 83
464 271 271 83
465 339 339 83
466 459 459 84
467 458 458 83
468 323 323 84
469 374 374 84
470 390 390 83
471 425 425 84
472 390 390 83
473 323 323 84
474 408 408 84
475 238 238 84
476 374 374 84
477 424 424 83
478 255 255 84
479 476 476 84
480 356 356 83
481 493 493 84
482 390 390 83
483 391 391 84
484 458 458 83
485 357 357 84
486 390 390 83
487 339 339 83
488 407 407 83
489 373 373 83
490 425 425 84
491 306 306 84
492 424 424 83
493 323 323 84
494 442 442 84
495 356 356 83
496 357 357 84
497 340 340 84
498 340 340 84
499 306 306 84
500 340 340 84
501 340 340 84
502 424 424 83
503 441 441 83
504 407 407 83
505 373 373 83
506 459 459 84
507 510 510 84
508 424 424 83
509 459 459 84
510 424 424 83
511 493 493 84
512 356 356 83
513 391 391 84
514 254 254 83
515 425 425 84
516 510 510 84
517 356 356 83
518 271 271 83
519 357 357 84
520 424 424 83
521 373 373 83
522 373 373 83
523 391 391 84
524 492 492 83
525 441 441 83
526 441 441 83
527 407 407 83
528 459 459 84
529 306 306 84
530 424 424 83
531 391 391 84
532 408 408 84
533 510 510 84
534 322 322 83
535 459 459 84
536 322 322 83
537 373 373 83
538 493 493 84
539 306 306 84
540 356 356 83
541 509 509 83
542 561 561 84
543 476 476 84
544 374 374 84
545 306 306 84
546 390 390 83
547 493 493 84
548 390 390 83
549 407 407 83
550 357 357 84
551 544 544 84
552 492 492 83
553 459 459 84
554 612 612 84
555 390 390 83
556 475 475 83
557 527 527 84
558 526 526 83
559 475 475 83
560 493 493 84
561 374 374 84
562 492 492 83
563 611 611 83
564 391 391 84
565 340 340 84
566 578 578 84
567 510 510 84
568 390 390 83
569 527 527 84
570 272 272 84
571 544 544 84
572 442 442 84
573 374 374 84
574 442 442 84
575 510 510 84
576 476 476 84
577 340 340 84
578 492 492 83
579 391 391 84
580 458 458 83
581 289 289 84
582 390 390 83
583 305 305 83
584 425 425 84
585 408 408 84
586 442 442 84
587 356 356 83
588 441 441 83
589 459 459 84
590 306 306 84
591 560 560 83
592 305 305 83
593 509 509 83
594 527 527 84
595 408 408 84
596 390 390 83
597 391 391 84
598 476 476 84
599 442 442 84
600 374 374 84
601 390 390 83
602 425 425 84
603 340 340 84
604 442 442 84
605 340 340 84
606 374 374 84
607 408 408 84
608 340 340 84
609 356 356 83
610 357 357 84
611 238 238 84
612 306 306 84
613 424 424 83
614 305 305 83
615 305 305 83
616 373 373 83
617 407 407 83
618 373 373 83
619 425 425 84
620 390 390 83
621 289 289 84
622 356 356 83
623 289 289 84
624 272 272 84
625 458 458 83
626 323 323 84
627 526 526 83
628 357 357 84
629 442 442 84
630 408 408 84
631 442 442 84
632 424 424 83
633 323 323 84
634 408 408 84
635 390 390 83
636 475 475 83
637 493 493 84
638 408 408 84
639 476 476 84
640 458 458 83
641 441 441 83
642 475 475 83
643 441 441 83
644 373 373 83
645 373 373 83
646 373 373 83
647 357 357 84
648 254 254 83
649 441 441 83
650 509 509 83
651 271 271 83
652 441 441 83
653 323 323 84
654 492 492 83
655 441 441 83
656 407 407 83
657 493 493 84
658 476 476 84
659 288 288 83
660 357 357 84
661 408 408 84
662 322 322 83
663 289 289 84
664 492 492 83
665 339 339 83
666 459 459 84
667 306 306 84
668 374 374 84
669 340 340 84
670 408 408 84
671 390 390 83
672 305 305 83
673 323 323 84
674 374 374 84
675 526 526 83
676 493 493 84
677 340 340 84
678 526 526 83
679 425 425 84
680 374 374 84
681 340 340 84
682 510 510 84
683 476 476 84
684 492 492 83
685 373 373 83
686 493 493 84
687 424 424 83
688 305 305 83
689 357 357 84
690 442 442 84
691 424 424 83
692 459 459 84
693 526 526 83
694 595 595 84
695 374 374 84
696 356 356 83
697 255 255 84
698 510 510 84
699 442 442 84
700 492 492 83
701 339 339 83
702 441 441 83
703 475 475 83
704 475 475 83
705 391 391 84
706 306 306 84
707 510 510 84
708 424 424 83
709 425 425 84
710 476 476 84
711 374 374 84
712 492 492 83
713 475 475 83
714 289 289 84
715 476 476 84
716 578 578 84
717 424 424 83
718 509 509 83
719 339 339 83
720 391 391 84
721 442 442 84
722 578 578 84
723 424 424 83
724 407 407 83
725 493 493 84
726 424 424 83
727 611 611 83
728 561 561 84
729 442 442 84
730 254 254 83
731 425 425 84
732 340 340 84
733 424 424 83
734 459 459 84
735 476 476 84
736 408 408 84
737 288 288 83
738 493 493 84
739 306 306 84
740 272 272 84
741 340 340 84
742 220 220 83
743 475 475 83
744 271 271 83
745 305 305 83
746 459 459 84
747 322 322 83
748 271 271 83
749 255 255 84
750 272 272 84
751 220 220 83
752 407 407 83
753 305 305 83
754 255 255 84
755 340 340 84
756 322 322 83
757 203 203 83
758 425 425 84
759 186 186 83
760 289 289 84
761 408 408 84
762 306 306 84
763 272 272 84
764 238 238 84
765 238 238 84
766 254 254 83
767 323 323 84
768 238 238 84
769 238 238 84
770 288 288 83
771 255 255 84
772 254 254 83
773 407 407 83
774 339 339 83
775 271 271 83
776 237 237 83
777 203 203 83
778 187 187 84
779 306 306 84
780 238 238 84
781 220 220 83
782 237 237 83
783 153 153 84
784 254 254 83
785 271 271 83
786 323 323 84
787 220 220 83
788 289 289 84
789 204 204 84
790 306 306 84
791 306 306 84
792 390 390 83
793 289 289 84
794 220 220 83
795 203 203 83
796 237 237 83
797 237 237 83
798 357 357 84
799 288 288 83
800 221 221 84
801 288 288 83
802 255 255 84
803 238 238 84
804 272 272 84
805 204 204 84
806 238 238 84
807 374 374 84
808 254 254 83
809 237 237 83
810 271 271 83
811 169 169 83
812 289 289 84
813 322 322 83
814 323 323 84
815 152 152 83
816 271 271 83
817 203 203 83
818 339 339 83
819 187 187 84
820 340 340 84
821 288 288 83
822 357 357 84
823 306 306 84
824 186 186 83
825 203 203 83
826 271 271 83
827 221 221 84
828 272 272 84
829 204 204 84
830 152 152 83
831 203 203 83
832 237 237 83
833 289 289 84
834 390 390 83
835 425 425 84
836 288 288 83
837 237 237 83
838 255 255 84
839 408 408 84
840 510 510 84
841 340 340 84
842 272 272 84
843 306 306 84
844 322 322 83
845 237 237 83
846 169 169 83
847 323 323 84
848 204 204 84
849 186 186 83
850 203 203 83
851 289 289 84
852 254 254 83
853 237 237 83
854 221 221 84
855 170 170 84
856 220 220 83
857 203 203 83
858 255 255 84
859 220 220 83
860 289 289 84
861 170 170 84
862 254 254 83
863 255 255 84
864 204 204 84
865 186 186 83
866 289 289 84
867 204 204 84
868 272 272 84
869 170 170 84
870 136 136 84
871 288 288 83
872 305 305 83
873 271 271 83
874 153 153 84
875 152 152 83
876 221 221 84
877 204 204 84
878 272 272 84
879 136 136 84
880 204 204 84
881 272 272 84
882 220 220 83
883 187 187 84
884 118 118 83
885 305 305 83
886 187 187 84
887 238 238 84
888 186 186 83
889 135 135 83
890 221 221 84
891 152 152 83
892 187 187 84
893 204 204 84
894 136 136 84
895 204 204 84
896 306 306 84
897 152 152 83
898 169 169 83
899 119 119 84
900 204 204 84
901 152 152 83
902 237 237 83
903 221 221 84
904 170 170 84
905 152 152 83
906 119 119 84
907 170 170 84
908 152 152 83
909 289 289 84
910 186 186 83
911 255 255 84
912 204 204 84
913 102 102 84
914 204 204 84
915 118 118 83
916 187 187 84
917 238 238 84
918 220 220 83
919 135 135 83
920 119 119 84
921 186 186 83
922 135 135 83
923 221 221 84
924 220 220 83
925 187 187 84
926 238 238 84
927 186 186 83
928 271 271 83
929 187 187 84
930 238 238 84
931 118 118 83
932 169 169 83
933 187 187 84
934 152 152 83
935 203 203 83
936 221 221 84
937 220 220 83
938 135 135 83
939 153 153 84
940 220 220 83
941 203 203 83
942 169 169 83
943 203 203 83
944 153 153 84
945 238 238 84
946 186 186 83
947 187 187 84
948 136 136 84
949 170 170 84
950 204 204 84
951 118 118 83
952 187 187 84
953 238 238 84
954 204 204 84
955 204 204 84
956 272 272 84
957 152 152 83
958 271 271 83
959 255 255 84
960 204 204 84
961 186 186 83
962 169 169 83
963 187 187 84
964 254 254 83
965 305 305 83
966 153 153 84
967 186 186 83
968 237 237 83
969 221 221 84
970 238 238 84
971 170 170 84
972 186 186 83
973 169 169 83
974 255 255 84
975 170 170 84
976 254 254 83
977 187 187 84
978 170 170 84
979 152 152 83
980 237 237 83
981 305 305 83
982 187 187 84
983 152 152 83
984 305 305 83
985 237 237 83
986 203 203 83
987 203 203 83
988 203 203 83
989 187 187 84
990 186 186 83
991 119 119 84
992 204 204 84
993 186 186 83
994 271 271 83
995 203 203 83
996 135 135 83
997 255 255 84
998 152 152 83
999 169 169 83
1000 135 135 83
1001 119 119 84
1002 118 118 83
1003 153 153 84
1004 204 204 84
1005 220 220 83
1006 203 203 83
1007 255 255 84
1008 136 136 84
1009 288 288 83
1010 357 357 84
1011 170 170 84
1012 374 374 84
1013 204 204 84
1014 238 238 84
1015 288 288 83
1016 357 357 84
1017 272 272 84
1018 238 238 84
1019 306 306 84
1020 220 220 83
1021 289 289 84
1022 272 272 84
1023 356 356 83
1024 271 271 83
1025 357 357 84
1026 306 306 84
1027 374 374 84
1028 254 254 83
1029 407 407 83
1030 203 203 83
1031 323 323 84
1032 340 340 84
1033 204 204 84
1034 186 186 83
1035 203 203 83
1036 323 323 84
1037 254 254 83
1038 203 203 83
1039 237 237 83
1040 255 255 84
1041 288 288 83
1042 323 323 84
1043 356 356 83
1044 323 323 84
1045 254 254 83
1046 373 373 83
1047 323 323 84
1048 288 288 83
1049 323 323 84
1050 170 170 84
1051 374 374 84
1052 272 272 84
1053 272 272 84
1054 238 238 84
1055 288 288 83
1056 187 187 84
1057 322 322 83
1058 271 271 83
1059 237 237 83
1060 305 305 83
1061 255 255 84
1062 272 272 84
1063 254 254 83
1064 305 305 83
1065 221 221 84
1066 238 238 84
1067 254 254 83
1068 255 255 84
1069 254 254 83
1070 271 271 83
1071 255 255 84
1072 254 254 83
1073 153 153 84
1074 152 152 83
1075 305 305 83
1076 255 255 84
1077 186 186 83
1078 305 305 83
1079 169 169 83
1080 255 255 84
1081 220 220 83
1082 203 203 83
1083 203 203 83
1084 255 255 84
1085 186 186 83
1086 203 203 83
1087 153 153 84
1088 254 254 83
1089 255 255 84
1090 204 204 84
1091 238 238 84
1092 220 220 83
1093 221 221 84
1094 254 254 83
1095 187 187 84
1096 254 254 83
1097 203 203 83
1098 187 187 84
1099 220 220 83
1100 255 255 84
1101 340 340 84
1102 220 220 83
1103 119 119 84
1104 272 272 84
1105 170 170 84
1106 204 204 84
1107 220 220 83
1108 187 187 84
1109 204 204 84
1110 136 136 84
1111 220 220 83
1112 255 255 84
1113 152 152 83
1114 221 221 84
1115 102 102 84
1116 118 118 83
1117 119 119 84
1118 152 152 83
1119 237 237 83
1120 203 203 83
1121 203 203 83
1122 169 169 83
1123 203 203 83
1124 169 169 83
1125 135 135 83
1126 135 135 83
1127 203 203 83
1128 203 203 83
1129 255 255 84
1130 204 204 84
1131 186 186 83
1132 187 187 84
1133 204 204 84
1134 186 186 83
1135 169 169 83
1136 237 237 83
1137 203 203 83
1138 169 169 83
1139 153 153 84
1140 136 136 84
1141 204 204 84
1142 186 186 83
1143 323 323 84
1144 186 186 83
1145 221 221 84
1146 136 136 84
1147 118 118 83
1148 101 101 83
1149 169 169 83
1150 221 221 84
1151 118 118 83
1152 187 187 84
1153 136 136 84
1154 152 152 83
1155 203 203 83
1156 203 203 83
1157 169 169 83
1158 135 135 83
1159 221 221 84
1160 170 170 84
1161 152 152 83
1162 135 135 83
1163 237 237 83
1164 203 203 83
1165 169 169 83
1166 237 237 83
1167 203 203 83
1168 135 135 83
1169 203 203 83
1170 153 153 84
1171 152 152 83
1172 289 289 84
1173 152 152 83
1174 153 153 84
1175 204 204 84
1176 170 170 84
1177 170 170 84
1178 136 136 84
1179 170 170 84
1180 204 204 84
1181 170 170 84
1182 170 170 84
1183 170 170 84
1184 152 152 83
1185 101 101 83
1186 119 119 84
1187 84 84 84
1188 101 101 83
1189 169 169 83
1190 119 119 84
1191 186 186 83
1192 135 135 83
1193 101 101 83
1194 305 305 83
1195 135 135 83
1196 153 153 84
1197 186 186 83
1198 153 153 84
1199 170 170 84
1200 204 204 84
1201 220 220 83
1202 237 237 83
1203 153 153 84
1204 170 170 84
1205 118 118 83
1206 221 221 84
1207 136 136 84
1208 152 152 83
1209 187 187 84
1210 204 204 84
1211 204 204 84
1212 102 102 84
1213 118 118 83
1214 119 119 84
1215 170 170 84
1216 170 170 84
1217 186 186 83
1218 153 153 84
1219 152 152 83
1220 101 101 83
1221 169 169 83
1222 153 153 84
1223 186 186 83
1224 101 101 83
1225 169 169 83
1226 135 135 83
1227 169 169 83
1228 153 153 84
1229 152 152 83
1230 203 203 83
1231 119 119 84
1232 152 152 83
1233 255 255 84
1234 152 152 83
1235 187 187 84
1236 204 204 84
1237 204 204 84
1238 152 152 83
1239 169 169 83
1240 119 119 84
1241 136 136 84
1242 136 136 84
1243 186 186 83
1244 271 271 83
1245 135 135 83
1246 153 153 84
1247 170 170 84
1248 84 84 84
1249 135 135 83
1250 203 203 83
1251 101 101 83
1252 221 221 84
1253 204 204 84
1254 170 170 84
1255 186 186 83
1256 305 305 83
1257 187 187 84
1258 186 186 83
1259 203 203 83
1260 305 305 83
1261 221 221 84
1262 186 186 83
1263 135 135 83
1264 255 255 84
1265 220 220 83
1266 187 187 84
1267 322 322 83
1268 305 305 83
1269 391 391 84
1270 238 238 84
1271 152 152 83
1272 135 135 83
1273 169 169 83
1274 221 221 84
1275 118 118 83
1276 203 203 83
1277 135 135 83
1278 169 169 83
1279 153 153 84
1280 118 118 83
1281 101 101 83
1282 255 255 84
1283 186 186 83
1284 203 203 83
1285 153 153 84
1286 118 118 83
1287 119 119 84
1288 118 118 83
1289 153 153 84
1290 152 152 83
1291 221 221 84
1292 152 152 83
1293 187 187 84
1294 118 118 83
1295 187 187 84
1296 118 118 83
1297 187 187 84
1298 102 102 84
1299 186 186 83
1300 153 153 84
1301 170 170 84
1302 204 204 84
1303 186 186 83
1304 187 187 84
1305 204 204 84
1306 136 136 84
1307 136 136 84
1308 204 204 84
1309 152 152 83
1310 101 101 83
1311 135 135 83
1312 135 135 83
1313 135 135 83
1314 135 135 83
1315 187 187 84
1316 170 170 84
1317 152 152 83
1318 187 187 84
1319 118 118 83
1320 255 255 84
1321 136 136 84
1322 152 152 83
1323 101 101 83
1324 119 119 84
1325 118 118 83
1326 153 153 84
1327 136 136 84
1328 102 102 84
1329 220 220 83
1330 153 153 84
1331 238 238 84
1332 152 152 83
1333 271 271 83
1334 203 203 83
1335 203 203 83
1336 187 187 84
1337 220 220 83
1338 119 119 84
1339 136 136 84
1340 152 152 83
1341 135 135 83
1342 153 153 84
1343 118 118 83
1344 203 203 83
1345 153 153 84
1346 238 238 84
1347 152 152 83
1348 187 187 84
1349 186 186 83
1350 221 221 84
1351 254 254 83
1352 169 169 83
1353 153 153 84
1354 152 152 83
1355 187 187 84
1356 118 118 83
1357 203 203 83
1358 255 255 84
1359 306 306 84
1360 238 238 84
1361 204 204 84
1362 118 118 83
1363 169 169 83
1364 153 153 84
1365 254 254 83
1366 153 153 84
1367 170 170 84
1368 238 238 84
1369 152 152 83
1370 169 169 83
1371 135 135 83
1372 221 221 84
1373 118 118 83
1374 221 221 84
1375 204 204 84
1376 170 170 84
1377 170 170 84
1378 204 204 84
1379 220 220 83
1380 221 221 84
1381 204 204 84
1382 186 186 83
1383 271 271 83
1384 255 255 84
1385 238 238 84
1386 254 254 83
1387 153 153 84
1388 204 204 84
1389 186 186 83
1390 271 271 83
1391 255 255 84
1392 220 220 83
1393 221 221 84
1394 288 288 83
1395 187 187 84
1396 220 220 83
1397 221 221 84
1398 272 272 84
1399 306 306 84
1400 186 186 83
1401 169 169 83
1402 169 169 83
1403 255 255 84
1404 442 442 84
1405 288 288 83
1406 153 153 84
1407 204 204 84
1408 170 170 84
1409 288 288 83
1410 339 339 83
1411 237 237 83
1412 357 357 84
1413 204 204 84
1414 204 204 84
1415 238 238 84
1416 408 408 84
1417 356 356 83
1418 289 289 84
1419 204 204 84
1420 220 220 83
1421 391 391 84
1422 254 254 83
1423 339 339 83
1424 305 305 83
1425 323 323 84
1426 288 288 83
1427 323 323 84
1428 288 288 83
1429 221 221 84
1430 288 288 83
1431 271 271 83
1432 289 289 84
1433 306 306 84
1434 238 238 84
1435 306 306 84
1436 306 306 84
1437 272 272 84
1438 220 220 83
1439 425 425 84
1440 238 238 84
1441 136 136 84
1442 186 186 83
1443 255 255 84
1444 136 136 84
1445 186 186 83
1446 289 289 84
1447 204 204 84
1448 288 288 83
1449 339 339 83
1450 203 203 83
1451 255 255 84
1452 254 254 83
1453 255 255 84
1454 322 322 83
1455 169 169 83
1456 271 271 83
1457 305 305 83
1458 289 289 84
1459 170 170 84
1460 204 204 84
1461 306 306 84
1462 356 356 83
1463 289 289 84
1464 136 136 84
1465 204 204 84
1466 288 288 83
1467 323 323 84
1468 306 306 84
1469 238 238 84
1470 204 204 84
1471 238 238 84
1472 254 254 83
1473 203 203 83
1474 203 203 83
1475 203 203 83
1476 187 187 84
1477 254 254 83
1478 373 373 83
1479 221 221 84
1480 170 170 84
1481 272 272 84
1482 238 238 84
1483 288 288 83
1484 237 237 83
1485 305 305 83
1486 221 221 84
1487 288 288 83
1488 135 135 83
1489 169 169 83
1490 391 391 84
1491 220 220 83
1492 203 203 83
1493 271 271 83
1494 187 187 84
1495 170 170 84
1496 254 254 83
1497 221 221 84
1498 288 288 83
1499 187 187 84
1500 254 254 83
1501 153 153 84
1502 220 220 83
1503 305 305 83
1504 271 271 83
1505 339 339 83
1506 305 305 83
1507 187 187 84
1508 238 238 84
1509 238 238 84
1510 408 408 84
1511 186 186 83
1512 305 305 83
1513 187 187 84
1514 204 204 84
1515 220 220 83
1516 289 289 84
1517 204 204 84
1518 170 170 84
1519 238 238 84
1520 220 220 83
1521 169 169 83
1522 203 203 83
1523 237 237 83
1524 255 255 84
1525 152 152 83
1526 237 237 83
1527 221 221 84
1528 340 340 84
1529 322 322 83
1530 169 169 83
1531 237 237 83
1532 169 169 83
1533 255 255 84
1534 408 408 84
1535 322 322 83
1536 255 255 84
1537 272 272 84
1538 204 204 84
1539 306 306 84
1540 238 238 84
1541 254 254 83
1542 221 221 84
1543 306 306 84
1544 220 220 83
1545 221 221 84
1546 204 204 84
1547 306 306 84
1548 170 170 84
1549 186 186 83
1550 169 169 83
1551 153 153 84
1552 204 204 84
1553 170 170 84
1554 136 136 84
1555 170 170 84
1556 204 204 84
1557 288 288 83
1558 187 187 84
1559 238 238 84
1560 136 136 84
1561 220 220 83
1562 203 203 83
1563 153 153 84
1564 204 204 84
1565 136 136 84
1566 152 152 83
1567 135 135 83
1568 169 169 83
1569 135 135 83
1570 119 119 84
1571 136 136 84
1572 152 152 83
1573 203 203 83
1574 187 187 84
1575 136 136 84
1576 152 152 83
1577 153 153 84
1578 170 170 84
1579 118 118 83
1580 221 221 84
1581 118 118 83
1582 101 101 83
1583 237 237 83
1584 187 187 84
1585 136 136 84
1586 118 118 83
1587 153 153 84
1588 152 152 83
1589 169 169 83
1590 101 101 83
1591 135 135 83
1592 153 153 84
1593 288 288 83
1594 255 255 84
1595 220 220 83
1596 203 203 83
1597 135 135 83
1598 187 187 84
1599 238 238 84
1600 356 356 83
1601 357 357 84
1602 254 254 83
1603 305 305 83
1604 305 305 83
1605 305 305 83
1606 305 305 83
1607 509 509 83
1608 509 509 83
1609 373 373 83
1610 237 237 83
1611 305 305 83
1612 187 187 84
1613 356 356 83
1614 323 323 84
1615 220 220 83
1616 305 305 83
1617 255 255 84
1618 220 220 83
1619 339 339 83
1620 153 153 84
1621 238 238 84
1622 170 170 84
1623 238 238 84
1624 220 220 83
1625 169 169 83
1626 237 237 83
1627 237 237 83
1628 221 221 84
1629 136 136 84
1630 204 204 84
1631 170 170 84
1632 238 238 84
1633 220 220 83
1634 187 187 84
1635 170 170 84
1636 170 170 84
1637 220 220 83
1638 203 203 83
1639 187 187 84
1640 170 170 84
1641 220 220 83
1642 221 221 84
1643 238 238 84
1644 170 170 84
1645 204 204 84
1646 204 204 84
1647 220 220 83
1648 169 169 83
1649 153 153 84
1650 136 136 84
1651 220 220 83
1652 153 153 84
1653 170 170 84
1654 186 186 83
1655 135 135 83
1656 203 203 83
1657 221 221 84
1658 254 254 83
1659 221 221 84
1660 170 170 84
1661 152 152 83
1662 135 135 83
1663 153 153 84
1664 84 84 84
1665 119 119 84
1666 136 136 84
1667 186 186 83
1668 169 169 83
1669 203 203 83
1670 135 135 83
1671 203 203 83
1672 187 187 84
1673 170 170 84
1674 152 152 83
1675 203 203 83
1676 119 119 84
1677 102 102 84
1678 170 170 84
1679 170 170 84
1680 204 204 84
1681 186 186 83
1682 119 119 84
1683 186 186 83
1684 119 119 84
1685 152 152 83
1686 153 153 84
1687 152 152 83
1688 135 135 83
1689 187 187 84
1690 102 102 84
1691 118 118 83
1692 153 153 84
1693 152 152 83
1694 153 153 84
1695 118 118 83
1696 135 135 83
1697 135 135 83
1698 187 187 84
1699 170 170 84
1700 118 118 83
1701 203 203 83
1702 153 153 84
1703 136 136 84
1704 170 170 84
1705 220 220 83
1706 169 169 83
1707 135 135 83
1708 153 153 84
1709 170 170 84
1710 170 170 84
1711 272 272 84
1712 170 170 84
1713 152 152 83
1714 187 187 84
1715 152 152 83
1716 187 187 84
1717 152 152 83
1718 187 187 84
1719 118 118 83
1720 187 187 84
1721 136 136 84
1722 170 170 84
1723 204 204 84
1724 220 220 83
1725 119 119 84
1726 204 204 84
1727 152 152 83
1728 119 119 84
1729 152 152 83
1730 153 153 84
1731 186 186 83
1732 323 323 84
1733 152 152 83
1734 119 119 84
1735 136 136 84
1736 170 170 84
1737 170 170 84
1738 152 152 83
1739 255 255 84
1740 152 152 83
1741 187 187 84
1742 84 84 84
1743 237 237 83
1744 169 169 83
1745 221 221 84
1746 186 186 83
1747 237 237 83
1748 187 187 84
1749 118 118 83
1750 135 135 83
1751 187 187 84
1752 204 204 84
1753 186 186 83
1754 101 101 83
1755 187 187 84
1756 152 152 83
1757 153 153 84
1758 136 136 84
1759 152 152 83
1760 169 169 83
1761 153 153 84
1762 152 152 83
1763 101 101 83
1764 203 203 83
1765 203 203 83
1766 153 153 84
1767 136 136 84
1768 170 170 84
1769 170 170 84
1770 186 186 83
1771 237 237 83
1772 237 237 83
1773 119 119 84
1774 102 102 84
1775 204 204 84
1776 118 118 83
1777 153 153 84
1778 102 102 84
1779 186 186 83
1780 169 169 83
1781 135 135 83
1782 119 119 84
1783 220 220 83
1784 187 187 84
1785 204 204 84
1786 152 152 83
1787 187 187 84
1788 238 238 84
1789 204 204 84
1790 102 102 84
1791 272 272 84
1792 220 220 83
1793 203 203 83
1794 203 203 83
1795 237 237 83
1796 271 271 83
1797 289 289 84
1798 306 306 84
1799 238 238 84
1800 254 254 83
1801 255 255 84
1802 204 204 84
1803 254 254 83
1804 373 373 83
1805 357 357 84
1806 238 238 84
1807 356 356 83
1808 323 323 84
1809 254 254 83
1810 305 305 83
1811 323 323 84
1812 204 204 84
1813 340 340 84
1814 492 492 83
1815 543 543 83
1816 391 391 84
1817 306 306 84
1818 288 288 83
1819 357 357 84
1820 322 322 83
1821 391 391 84
1822 408 408 84
1823 186 186 83
1824 357 357 84
1825 340 340 84
1826 238 238 84
1827 322 322 83
1828 407 407 83
1829 255 255 84
1830 220 220 83
1831 187 187 84
1832 254 254 83
1833 289 289 84
1834 424 424 83
1835 373 373 83
1836 271 271 83
1837 373 373 83
1838 237 237 83
1839 169 169 83
1840 289 289 84
1841 288 288 83
1842 221 221 84
1843 306 306 84
1844 238 238 84
1845 238 238 84
1846 254 254 83
1847 373 373 83
1848 323 323 84
1849 220 220 83
1850 305 305 83
1851 187 187 84
1852 238 238 84
1853 356 356 83
1854 441 441 83
1855 271 271 83
1856 237 237 83
1857 187 187 84
1858 288 288 83
1859 237 237 83
1860 305 305 83
1861 323 323 84
1862 186 186 83
1863 221 221 84
1864 170 170 84
1865 254 254 83
1866 289 289 84
1867 238 238 84
1868 170 170 84
1869 186 186 83
1870 237 237 83
1871 357 357 84
1872 322 322 83
1873 169 169 83
1874 323 323 84
1875 272 272 84
1876 288 288 83
1877 203 203 83
1878 271 271 83
1879 221 221 84
1880 186 186 83
1881 305 305 83
1882 425 425 84
1883 220 220 83
1884 271 271 83
1885 237 237 83
1886 203 203 83
1887 255 255 84
1888 254 254 83
1889 289 289 84
1890 288 288 83
1891 305 305 83
1892 255 255 84
1893 204 204 84
1894 254 254 83
1895 289 289 84
1896 204 204 84
1897 272 272 84
1898 306 306 84
1899 288 288 83
1900 255 255 84
1901 322 322 83
1902 255 255 84
1903 220 220 83
1904 305 305 83
1905 271 271 83
1906 255 255 84
1907 288 288 83
1908 271 271 83
1909 391 391 84
1910 254 254 83
1911 323 323 84
1912 254 254 83
1913 187 187 84
1914 118 118 83
1915 237 237 83
1916 203 203 83
1917 289 289 84
1918 238 238 84
1919 272 272 84
1920 220 220 83
1921 221 221 84
1922 254 254 83
1923 203 203 83
1924 255 255 84
1925 272 272 84
1926 322 322 83
1927 135 135 83
1928 255 255 84
1929 238 238 84
1930 204 204 84
1931 356 356 83
1932 153 153 84
1933 272 272 84
1934 272 272 84
1935 220 220 83
1936 187 187 84
1937 186 186 83
1938 289 289 84
1939 238 238 84
1940 254 254 83
1941 289 289 84
1942 186 186 83
1943 187 187 84
1944 254 254 83
1945 305 305 83
1946 289 289 84
1947 288 288 83
1948 135 135 83
1949 221 221 84
1950 238 238 84
1951 238 238 84
1952 238 238 84
1953 254 254 83
1954 255 255 84
1955 186 186 83
1956 289 289 84
1957 272 272 84
1958 254 254 83
1959 203 203 83
1960 305 305 83
1961 289 289 84
1962 170 170 84
1963 254 254 83
1964 169 169 83
1965 169 169 83
1966 187 187 84
1967 306 306 84
1968 272 272 84
1969 254 254 83
1970 323 323 84
1971 186 186 83
1972 221 221 84
1973 272 272 84
1974 322 322 83
1975 391 391 84
1976 458 458 83
1977 169 169 83
1978 255 255 84
1979 254 254 83
1980 425 425 84
1981 390 390 83
1982 339 339 83
1983 373 373 83
1984 203 203 83
1985 373 373 83
1986 237 237 83
1987 221 221 84
1988 356 356 83
1989 255 255 84
1990 306 306 84
1991 238 238 84
1992 186 186 83
1993 373 373 83
1994 459 459 84
1995 442 442 84
1996 322 322 83
1997 271 271 83
1998 289 289 84
1999 170 170 84
