0 32 31 7
1 15 14 4
2 14 13 5
3 7 6 5
4 13 12 6
5 14 14 4
6 14 13 5
7 17 16 4
8 32 31 7
9 27 27 7
10 21 20 6
11 22 22 4
12 18 17 5
13 11 10 4
14 10 9 5
15 23 22 4
16 20 19 5
17 23 22 4
18 10 9 5
19 9 8 4
20 14 13 5
21 15 14 4
22 16 15 5
23 15 15 5
24 21 21 5
25 23 23 5
26 21 21 5
27 15 15 5
28 21 20 6
29 22 22 4
30 14 13 5
31 15 14 4
32 20 19 5
33 21 21 5
34 13 13 5
35 11 10 4
36 14 13 5
37 15 14 4
38 12 11 5
39 23 22 4
40 18 17 5
41 27 27 5
42 21 21 5
43 19 18 6
44 20 20 6
45 32 31 5
46 49 48 4
47 34 33 5
48 27 26 4
49 18 17 5
50 19 18 4
51 28 27 5
52 35 34 6
53 32 32 4
54 26 25 5
55 23 22 4
56 26 25 5
57 27 26 4
58 36 35 5
59 29 28 4
60 22 21 5
61 15 15 5
62 25 24 6
63 20 20 6
64 14 14 4
65 28 27 5
66 27 26 8
67 28 28 4
68 20 19 5
69 39 38 6
70 22 22 4
71 26 25 5
72 27 26 6
73 22 22 6
74 24 24 6
75 12 12 6
76 20 20 4
77 32 31 5
78 29 28 6
79 30 29 7
80 23 23 5
81 31 30 6
82 26 26 4
83 18 17 5
84 35 34 4
85 34 33 5
86 33 32 6
87 28 28 4
88 28 27 5
89 41 40 10
90 32 32 6
91 26 25 5
92 15 15 5
93 29 28 4
94 14 13 5
95 43 42 14
96 28 27 9
97 19 18 6
98 34 34 6
99 14 13 5
100 29 28 8
101 26 26 4
102 38 37 5
103 27 26 6
104 24 24 4
105 32 31 5
106 23 23 5
107 17 16 4
108 30 29 5
109 21 20 6
110 18 18 4
111 32 31 5
112 25 24 6
113 18 18 4
114 34 33 5
115 17 16 6
116 10 10 4
117 34 33 5
118 13 12 6
119 16 16 4
120 24 23 5
121 21 21 5
122 27 27 5
123 13 13 5
124 25 24 6
125 12 12 4
126 18 17 5
127 27 26 6
128 14 14 6
129 26 26 6
130 24 23 5
131 25 24 4
132 32 31 7
133 23 22 4
134 24 23 7
135 25 24 8
136 22 21 5
137 27 27 7
138 21 20 4
139 28 27 5
140 25 24 6
141 20 20 4
142 34 33 5
143 25 25 7
144 21 20 4
145 22 21 5
146 29 29 5
147 37 36 10
148 18 17 5
149 23 22 4
150 24 23 5
151 17 16 4
152 26 25 9
153 25 25 5
154 19 18 6
155 20 20 6
156 20 20 4
157 16 15 5
158 23 23 5
159 23 22 4
160 16 15 5
161 17 16 6
162 20 20 4
163 26 25 7
164 21 20 4
165 22 21 5
166 15 15 5
167 19 18 4
168 18 17 5
169 25 24 6
170 14 14 4
171 12 11 5
172 13 12 4
173 16 15 5
174 33 32 6
175 22 22 6
176 18 17 5
177 13 12 6
178 14 14 4
179 18 17 5
180 21 20 6
181 10 10 6
182 14 14 6
183 34 34 8
184 10 10 4
185 26 25 7
186 19 18 6
187 18 17 5
188 13 12 4
189 22 21 5
190 15 14 4
191 14 13 5
192 17 17 7
193 17 16 4
194 12 11 5
195 13 12 4
196 20 19 5
197 27 27 5
198 23 22 4
199 18 17 5
200 17 17 5
201 7 6 5
202 15 14 6
203 22 22 6
204 14 14 4
205 12 11 5
206 17 16 6
207 10 10 4
208 16 15 5
209 25 25 5
210 17 16 6
211 10 10 4
212 16 15 5
213 21 20 6
214 14 13 5
215 15 14 4
216 14 13 5
217 15 14 4
218 26 25 5
219 23 23 5
220 15 15 5
221 15 14 4
222 12 11 5
223 9 8 4
224 14 13 7
225 21 20 6
226 6 6 6
227 21 20 6
228 20 20 6
229 16 16 4
230 16 15 5
231 15 14 4
232 28 27 5
233 13 12 4
234 24 23 5
235 9 9 5
236 13 12 4
237 20 19 5
238 9 8 4
239 14 13 5
240 9 9 5
241 11 10 4
242 12 11 5
243 17 17 5
244 13 13 5
245 9 8 4
246 12 11 5
247 21 20 6
248 16 16 4
249 26 25 5
250 17 16 4
251 18 17 5
252 11 11 5
253 11 10 4
254 22 21 5
255 13 12 4
256 24 23 5
257 25 24 6
258 20 20 4
259 20 19 5
260 11 11 5
261 13 12 4
262 14 13 5
263 17 16 4
264 28 27 5
265 19 18 6
266 20 20 6
267 10 10 4
268 20 19 5
269 15 15 5
270 11 10 4
271 12 11 5
272 15 14 4
273 14 13 5
274 17 16 6
275 20 20 4
276 16 15 5
277 23 23 5
278 13 13 5
279 29 28 4
280 20 19 5
281 27 26 4
282 18 17 5
283 17 17 5
284 17 17 5
285 19 18 4
286 10 9 5
287 35 34 8
288 14 14 4
289 20 19 5
290 13 13 5
291 31 30 4
292 20 19 5
293 17 16 6
294 14 14 4
295 22 21 5
296 23 22 4
297 16 15 5
298 21 21 5
299 19 18 6
300 10 10 4
301 16 15 5
302 15 15 5
303 27 27 5
304 19 18 4
305 24 23 5
306 11 11 5
307 25 24 4
308 18 17 5
309 27 26 4
310 18 17 5
311 13 12 4
312 12 11 5
313 19 18 4
314 16 15 5
315 23 23 5
316 23 22 4
317 20 19 5
318 15 14 4
319 12 11 5
320 11 11 5
321 23 22 6
322 20 19 5
323 13 12 4
324 24 23 5
325 17 17 5
326 15 14 4
327 22 21 5
328 13 12 4
329 14 13 5
330 29 28 4
331 20 19 5
332 27 26 4
333 20 19 5
334 15 14 6
335 6 6 6
336 17 16 6
337 16 16 4
338 20 19 5
339 29 28 6
340 22 22 4
341 10 9 5
342 11 10 4
343 16 15 5
344 11 10 4
345 16 15 5
346 21 20 6
347 30 30 4
348 16 15 5
349 9 9 5
350 17 17 5
351 13 12 4
352 12 11 5
353 21 20 6
354 16 16 6
355 24 24 6
356 18 18 4
357 16 15 5
358 11 10 4
359 18 17 5
360 11 10 4
361 26 25 5
362 17 16 4
363 26 25 5
364 21 20 4
365 18 17 5
366 27 26 6
367 16 15 5
368 23 22 6
369 20 20 4
370 26 25 5
371 11 11 5
372 17 16 4
373 12 11 5
374 15 14 4
375 22 21 5
376 15 15 5
377 21 20 4
378 26 25 5
379 25 25 7
380 9 8 4
381 18 17 5
382 29 28 6
383 14 14 4
384 20 19 5
385 23 22 4
386 18 17 5
387 39 39 5
388 33 33 5
389 31 30 6
390 32 32 4
391 18 17 5
392 19 18 4
393 16 15 5
394 25 25 5
395 25 24 4
396 28 27 5
397 13 12 4
398 14 13 5
399 15 14 4
400 16 15 5
401 27 27 5
402 23 23 5
403 31 30 4
404 18 17 5
405 11 11 5
406 25 24 4
407 20 19 5
408 27 26 6
409 20 20 4
410 20 19 5
411 13 13 5
412 23 22 4
413 14 13 5
414 33 32 4
415 32 31 5
416 35 35 7
417 15 14 4
418 20 19 5
419 29 28 4
420 32 31 5
421 19 18 4
422 10 9 5
423 21 20 6
424 20 20 4
425 28 27 5
426 43 42 6
427 24 24 4
428 20 19 5
429 17 16 6
430 22 22 4
431 24 23 5
432 35 34 4
433 34 33 5
434 23 22 4
435 14 13 5
436 33 32 6
437 14 14 4
438 30 29 5
439 39 38 4
440 36 35 5
441 33 33 5
442 31 30 4
443 34 33 5
444 37 36 6
445 38 38 6
446 28 28 6
447 32 32 4
448 28 27 5
449 37 36 4
450 18 17 5
451 27 27 5
452 23 22 4
453 52 51 5
454 37 36 4
455 50 49 5
456 47 46 4
457 28 27 5
458 35 34 4
459 34 33 5
460 49 48 4
461 48 47 5
462 29 28 4
463 38 37 7
464 29 28 4
465 38 37 5
466 53 52 6
467 50 50 4
468 38 37 7
469 41 40 4
470 44 43 5
471 47 46 4
472 44 43 5
473 35 35 5
474 45 45 5
475 25 24 4
476 42 41 5
477 49 48 6
478 26 26 4
479 54 53 5
480 41 40 6
481 54 54 4
482 44 43 5
483 43 42 4
484 52 51 5
485 41 40 6
486 42 42 4
487 38 37 5
488 47 46 6
489 42 42 6
490 48 48 6
491 32 32 4
492 48 47 5
493 35 34 4
494 50 49 5
495 39 39 5
496 39 39 5
497 37 36 4
498 38 37 5
499 33 32 4
