0 14 13 5
1 15 14 4
2 10 9 5
3 17 17 7
4 13 13 5
5 11 10 6
6 6 6 6
7 31 30 6
8 20 20 6
9 6 5 4
10 12 11 5
11 11 11 5
12 13 13 5
13 11 11 5
14 17 17 5
15 11 11 5
16 13 13 5
17 13 12 6
18 12 12 6
19 10 10 6
20 10 10 4
21 10 9 5
22 15 15 5
23 15 15 7
24 7 6 5
25 15 14 4
26 10 9 5
27 15 14 6
28 26 25 5
29 21 20 6
30 10 10 6
31 16 16 6
32 16 16 4
33 12 11 5
34 17 17 5
35 15 14 4
36 34 33 5
37 23 22 6
38 18 18 4
39 20 19 5
40 19 18 4
41 40 39 5
42 25 24 4
43 24 23 5
44 13 12 4
45 24 23 5
46 21 21 5
47 19 18 6
48 10 10 4
49 18 17 5
50 21 20 4
51 22 21 5
52 13 12 6
53 22 22 4
54 18 17 5
55 13 13 5
56 9 9 5
57 25 24 4
58 18 17 5
59 31 30 6
60 20 20 4
61 14 13 5
62 25 24 6
63 24 24 4
64 18 17 5
65 19 18 4
66 12 11 5
67 19 18 4
68 18 17 5
69 13 12 4
70 18 17 5
71 25 24 6
72 26 25 7
73 17 16 6
74 30 29 11
75 19 18 6
76 16 16 4
77 16 15 5
78 21 20 6
79 14 14 4
80 18 17 5
81 13 13 5
82 19 19 5
83 19 18 6
84 12 12 4
85 12 11 5
86 15 15 5
87 17 16 6
88 12 12 6
89 20 19 9
90 13 13 7
91 15 14 4
92 16 15 5
93 11 11 5
94 25 24 4
95 10 9 5
96 19 18 6
97 24 24 8
98 18 18 6
99 26 25 11
100 21 20 6
101 10 10 4
102 16 15 5
103 7 7 7
104 18 18 8
105 14 14 4
106 14 13 5
107 25 24 8
108 10 9 5
109 21 20 8
110 16 16 8
111 16 15 5
112 13 13 7
113 21 20 10
114 10 10 4
115 14 13 5
116 17 16 6
117 14 14 4
118 10 9 5
119 11 11 5
120 9 8 4
121 18 17 5
122 13 13 5
123 17 17 5
124 21 21 9
125 25 24 6
126 6 6 6
127 15 14 6
128 10 10 4
129 18 17 5
130 11 11 5
131 25 25 7
132 19 18 6
133 20 20 6
134 8 8 4
135 10 9 5
136 13 12 6
137 22 22 10
138 6 6 6
139 19 18 6
140 12 12 4
141 12 11 5
142 13 13 5
143 23 22 4
144 10 9 5
145 31 31 9
146 11 10 6
147 12 12 6
148 10 10 4
149 22 21 7
150 13 12 6
151 14 14 6
152 22 21 7
153 17 16 6
154 12 11 5
155 15 14 6
156 12 12 4
157 16 15 9
158 23 22 8
159 12 12 6
160 14 14 6
161 8 8 4
162 14 13 7
163 11 10 4
164 16 15 7
165 15 14 4
166 20 19 5
167 17 17 7
168 13 12 6
169 16 16 6
170 14 13 5
171 17 17 7
172 5 5 5
173 14 13 7
174 13 13 5
175 11 11 5
176 31 30 8
177 12 11 5
178 19 18 6
179 8 8 4
180 20 19 5
181 9 9 5
182 23 22 6
183 14 13 5
184 17 16 6
185 8 8 4
186 12 11 5
187 15 14 8
188 14 14 6
189 10 10 6
190 14 13 5
191 13 13 7
192 13 13 7
193 11 10 6
194 10 9 5
195 13 13 5
196 17 16 4
197 14 13 5
198 13 12 6
199 12 11 7
