0 127 119 104
1 110 107 102
2 116 113 106
3 134 125 106
4 118 113 104
5 118 112 101
6 125 119 106
7 114 111 104
8 124 117 104
9 126 119 106
10 112 109 102
11 108 106 101
12 107 107 107
13 106 105 102
14 114 111 104
15 118 114 107
16 113 109 102
17 130 123 108
18 108 106 101
19 111 108 101
20 117 113 104
21 110 107 102
22 114 110 101
23 117 114 107
24 105 104 101
25 109 107 102
26 116 113 106
27 106 104 101
28 109 108 105
29 117 113 104
30 116 112 105
31 111 108 101
32 105 104 101
33 109 108 105
34 113 111 106
35 112 110 105
36 113 109 102
37 102 102 102
38 127 121 108
39 114 110 101
40 109 107 102
41 114 111 104
42 112 108 101
43 109 108 105
44 111 109 104
45 114 111 106
46 112 108 101
47 109 107 102
48 126 118 101
49 109 107 102
50 118 113 102
51 126 119 104
52 106 105 104
53 118 114 107
54 103 102 101
55 105 104 101
56 117 114 107
57 119 113 102
58 130 121 102
59 122 117 106
60 128 120 105
61 119 114 105
62 115 110 101
63 145 132 105
64 141 129 106
65 148 134 105
66 131 122 105
67 119 114 105
68 115 111 104
69 128 120 105
70 117 112 101
71 125 119 106
72 130 121 102
73 128 121 106
74 108 106 101
75 125 119 106
76 118 114 105
77 133 124 107
78 131 123 106
79 118 114 105
80 125 118 105
81 109 107 102
82 138 128 107
83 127 118 101
84 127 120 105
85 131 123 106
86 154 138 105
87 145 132 105
88 119 114 105
89 121 114 101
90 133 124 105
91 149 134 105
92 125 117 102
93 144 131 104
94 134 124 105
95 127 120 105
96 129 121 106
97 128 119 102
98 124 117 102
99 120 114 101
