0 25 24 8
1 13 12 6
2 17 17 9
3 30 30 10
4 19 18 8
5 19 18 6
6 23 23 9
7 16 16 8
8 23 22 8
9 23 22 8
10 15 15 7
11 12 12 6
12 9 9 9
13 10 10 6
14 15 15 7
15 18 17 9
16 16 15 7
17 26 26 10
18 13 13 7
19 14 14 6
20 17 17 7
21 14 13 7
22 16 16 6
23 19 19 11
24 10 10 6
25 13 13 7
26 18 18 10
27 11 10 6
28 13 13 9
29 18 18 8
30 17 16 8
31 15 15 7
32 10 10 6
33 13 13 9
34 14 14 8
35 13 13 7
36 16 15 7
37 6 6 6
38 25 25 11
39 16 16 6
40 13 13 7
41 16 16 8
42 15 14 6
43 13 13 9
44 14 14 8
45 17 16 10
46 15 14 6
47 13 13 7
48 24 24 6
49 13 13 7
50 18 18 6
51 23 23 7
52 8 7 6
53 18 17 9
54 8 7 6
55 10 10 6
56 17 17 9
57 20 19 7
58 26 26 6
59 21 21 9
60 24 23 7
61 18 17 7
62 18 17 7
63 36 36 8
64 33 32 8
65 37 37 7
66 26 25 7
67 18 17 7
68 16 15 7
69 26 25 9
70 18 18 6
71 23 23 9
72 26 26 6
73 25 25 9
74 12 12 6
75 23 23 9
76 18 18 8
77 29 28 10
78 27 27 9
79 18 18 8
80 23 22 8
81 13 13 7
82 32 32 10
83 25 24 6
84 25 25 9
85 26 26 8
86 43 43 9
87 36 36 8
88 19 18 8
89 21 20 6
90 27 27 7
91 38 37 7
92 24 23 7
93 36 36 8
94 29 28 8
95 23 23 7
96 26 25 9
97 26 25 7
98 22 22 6
99 21 21 7
100 26 26 8
101 25 24 8
102 31 31 7
103 24 23 7
104 20 19 7
105 14 14 6
106 19 19 7
107 28 27 7
108 22 21 7
109 22 22 8
110 19 19 7
111 26 26 6
112 21 21 7
113 24 24 10
114 35 34 10
115 23 22 8
116 23 23 7
117 34 34 10
118 25 24 8
119 35 35 15
120 16 15 7
121 18 18 6
122 21 21 9
123 36 36 8
124 23 22 6
125 31 31 9
126 26 26 8
127 35 35 7
128 32 31 9
129 20 20 8
130 17 17 7
131 26 25 9
132 22 22 10
133 23 22 10
134 27 27 7
135 30 30 6
136 19 19 7
137 20 19 9
138 28 27 9
139 24 24 8
140 21 20 8
141 31 31 11
142 24 24 8
143 35 34 8
144 25 24 10
145 27 26 8
146 17 16 8
147 23 23 9
148 22 21 7
149 22 22 8
150 29 29 7
151 30 29 9
152 26 25 7
153 28 28 8
154 19 18 6
155 37 37 11
156 18 18 6
157 27 27 7
158 20 20 8
159 29 28 6
160 27 27 9
161 22 21 7
162 30 30 6
163 33 33 9
164 24 24 8
165 17 17 7
166 18 18 6
167 21 21 7
168 30 30 6
169 27 27 7
170 24 24 10
171 27 27 9
172 24 24 6
173 25 25 9
174 34 34 10
175 25 24 10
176 27 27 9
177 36 36 6
178 37 37 15
179 34 33 9
180 28 28 8
181 27 26 6
182 25 25 7
183 32 31 9
184 26 26 6
185 35 35 11
186 38 38 12
187 29 28 6
188 29 29 9
189 24 24 8
190 33 32 8
191 27 26 6
192 15 15 7
193 18 18 8
194 19 19 7
195 18 18 6
196 25 25 9
197 22 22 8
198 29 28 8
199 27 27 7
200 16 15 7
201 24 24 8
202 25 25 7
203 26 26 8
204 21 20 8
205 25 24 8
206 31 30 10
207 19 18 6
208 39 39 9
209 26 26 8
210 21 21 7
211 22 22 8
212 31 30 8
213 43 42 8
214 21 21 7
215 24 24 8
216 21 20 6
217 31 31 7
218 26 26 10
219 17 17 7
220 26 25 9
221 20 19 7
222 22 22 8
223 27 27 7
224 28 27 9
225 24 24 8
226 31 31 7
227 34 34 8
228 23 22 8
229 29 29 9
230 26 26 6
231 29 29 7
232 16 16 6
233 21 21 7
234 22 21 7
235 34 34 8
236 29 28 8
237 29 28 8
238 19 18 8
239 27 26 8
240 25 25 7
241 26 25 7
242 20 20 8
243 35 34 6
244 15 15 7
245 12 12 8
246 17 16 6
247 17 17 7
248 28 27 9
249 20 19 7
250 14 14 8
251 11 10 6
252 15 15 9
253 16 16 8
254 17 16 8
255 11 10 6
256 11 11 7
257 18 18 8
258 15 15 7
259 20 19 7
260 20 19 7
261 14 13 7
262 16 16 6
263 11 11 7
264 22 22 8
265 13 12 8
266 23 22 8
267 25 25 9
268 24 24 10
269 31 30 8
270 19 18 6
271 21 21 7
272 20 20 8
273 19 18 8
274 13 12 6
275 19 19 7
276 22 22 8
277 25 24 8
278 17 16 6
279 21 21 7
280 24 23 7
281 18 18 8
282 17 16 8
283 41 41 7
284 24 24 8
285 19 18 6
286 25 25 7
287 16 16 6
288 15 15 7
289 18 17 7
290 22 22 8
291 25 24 8
292 29 28 6
293 11 11 7
294 20 20 6
295 17 17 7
296 26 25 9
297 40 39 7
298 34 34 8
299 23 22 6
300 33 33 7
301 52 51 7
302 28 27 9
303 30 29 7
304 36 35 9
305 38 38 10
306 45 44 8
307 41 41 7
308 44 43 7
309 38 37 9
310 36 36 8
311 39 38 8
312 23 22 10
313 45 44 12
314 31 30 8
315 25 25 9
316 38 37 11
317 22 21 7
318 26 25 7
319 28 27 11
320 48 48 10
321 39 39 9
322 44 44 8
323 57 56 14
324 43 42 10
325 21 20 8
326 33 32 8
327 29 28 6
328 35 35 7
329 34 34 10
330 27 26 8
331 23 22 6
332 31 31 11
333 24 24 8
334 13 12 6
335 13 13 7
336 16 16 6
337 25 25 7
338 18 17 7
339 18 18 6
340 33 33 7
341 24 23 7
342 12 11 7
343 18 18 8
344 23 22 8
345 27 26 6
346 19 19 7
347 22 22 8
348 27 27 9
349 18 18 6
350 25 25 7
351 18 17 7
352 18 17 7
353 10 10 6
354 17 17 7
355 22 21 9
356 26 26 8
357 15 14 6
358 13 13 7
359 24 24 8
360 23 23 7
361 14 14 6
362 15 15 9
363 24 24 8
364 21 20 8
365 21 20 8
366 17 16 6
367 29 29 9
368 16 16 6
369 27 27 7
370 16 15 7
371 22 22 6
372 17 17 7
373 22 22 8
374 21 20 6
375 19 19 7
376 22 21 9
377 12 12 6
378 19 19 7
379 20 20 8
380 29 29 7
381 18 17 7
382 12 12 6
383 17 17 7
384 22 22 8
385 15 15 7
386 30 30 10
387 17 16 8
388 19 18 6
389 19 19 7
390 22 21 9
391 14 14 6
392 13 13 7
393 18 17 7
394 18 17 7
395 22 22 6
396 21 21 7
397 24 24 8
398 17 16 6
399 11 11 7
400 12 11 7
401 20 20 8
402 15 14 8
403 21 20 10
404 13 12 6
405 13 13 7
406 8 7 6
407 12 12 8
408 13 13 7
409 26 25 7
410 12 11 7
411 10 10 6
412 13 13 9
413 12 12 6
414 17 17 7
415 24 24 10
416 21 20 8
417 19 18 8
418 13 13 7
419 14 14 6
420 11 11 7
421 16 15 7
422 14 13 7
423 16 16 8
424 15 14 8
425 21 20 6
426 15 15 9
427 12 12 6
428 15 15 7
429 18 17 7
430 18 17 7
431 14 13 7
432 24 24 8
433 31 31 7
434 28 27 9
435 26 26 6
436 17 17 7
437 10 10 6
438 17 17 9
439 18 18 8
440 17 17 7
441 16 15 7
442 24 24 8
443 27 26 10
444 19 18 6
445 13 13 7
446 12 11 7
447 18 18 6
448 13 13 7
449 12 12 8
450 21 20 8
451 15 14 8
452 19 19 7
453 10 10 6
454 17 17 7
455 22 22 10
456 19 18 6
457 15 15 7
458 20 19 9
459 20 19 7
460 16 15 7
461 10 10 6
462 11 11 7
463 22 21 9
464 12 12 8
465 15 15 7
466 12 12 6
467 15 15 7
468 10 10 6
469 9 9 9
470 12 12 8
471 15 14 6
472 11 11 7
473 18 18 8
474 21 20 6
475 29 29 7
476 14 14 6
477 13 13 7
478 8 7 6
479 16 16 8
480 21 20 8
481 11 10 6
482 11 11 7
483 12 12 8
484 7 7 7
485 10 10 6
486 15 15 9
487 16 16 6
488 19 19 9
489 18 18 8
490 11 11 7
491 14 14 8
492 17 16 8
493 15 14 6
494 11 11 7
495 24 24 10
496 13 12 8
497 11 10 6
498 17 17 7
499 12 11 7
