0 30 29 5
1 15 15 5
2 15 14 6
3 6 6 6
4 13 12 6
5 14 14 4
6 14 13 5
7 17 17 5
8 31 30 6
9 24 24 4
10 20 19 5
11 25 24 6
12 16 16 4
13 12 11 5
14 9 9 5
15 23 22 4
16 20 19 5
17 23 23 5
18 9 9 5
19 9 8 4
20 14 13 5
21 17 16 6
22 16 15 5
23 17 16 6
24 20 20 4
25 24 23 5
26 21 20 4
27 16 15 5
28 21 21 7
29 23 22 4
30 14 13 5
31 15 15 5
32 19 18 4
33 22 21 5
34 13 12 4
35 12 11 5
36 13 13 5
37 15 15 5
38 11 10 4
39 24 23 5
40 19 18 6
41 26 26 4
42 22 21 5
43 19 18 6
44 18 18 4
45 32 31 5
46 49 48 4
47 34 33 5
48 27 26 4
49 18 17 5
50 21 20 6
51 26 26 4
52 34 33 5
53 33 33 5
54 25 24 4
55 24 23 5
56 25 25 5
57 27 26 4
58 36 35 5
59 29 28 4
60 22 21 5
61 15 14 4
62 24 23 5
63 19 18 4
64 16 15 5
65 29 28 6
66 26 25 7
67 29 28 4
68 20 19 5
69 37 36 4
70 24 23 5
71 25 24 4
72 26 25 5
73 21 21 5
74 23 22 4
75 12 11 5
76 21 21 5
77 31 30 4
78 30 29 7
79 27 27 5
80 23 22 4
81 30 29 5
82 27 26 4
83 18 17 5
84 37 36 6
85 34 34 6
86 32 32 6
87 28 28 4
88 28 27 5
89 39 38 8
90 30 30 4
91 28 27 7
92 15 14 4
93 32 31 7
94 13 12 4
95 40 39 11
96 23 23 5
97 17 17 5
98 35 34 6
99 16 15 7
100 27 26 6
101 26 26 4
102 38 37 5
103 25 24 4
104 26 25 5
105 31 30 4
106 24 23 5
107 17 16 4
108 30 29 5
109 21 20 6
110 20 20 6
111 30 30 4
112 24 23 5
113 19 18 4
114 34 33 5
115 17 16 6
116 10 10 4
117 34 33 5
118 13 12 6
119 16 16 4
120 24 23 5
121 21 20 4
122 28 27 5
123 13 13 5
124 25 24 6
125 12 12 4
126 18 17 5
127 27 26 6
128 14 13 5
129 27 26 6
130 24 24 6
131 24 24 4
132 30 29 5
133 23 22 4
134 22 21 5
135 23 22 6
136 22 21 5
137 25 25 5
138 21 21 5
139 29 28 6
140 22 22 4
141 22 21 5
142 35 34 6
143 24 24 6
144 22 21 5
145 21 20 4
146 30 29 5
147 31 30 4
148 18 17 5
149 25 24 6
150 24 24 6
151 16 16 4
152 22 21 5
153 27 26 6
154 16 16 4
155 20 19 5
156 21 20 4
157 16 15 5
158 25 24 6
159 22 22 4
160 16 15 5
161 17 16 6
162 20 20 4
163 24 23 5
164 21 20 4
165 22 21 5
166 15 14 4
167 20 19 5
168 17 17 5
169 25 24 6
170 14 14 4
171 12 11 5
172 15 14 6
173 14 14 4
174 32 31 5
175 21 20 4
176 18 17 5
177 13 12 6
178 14 14 4
179 18 17 5
180 19 19 5
181 9 9 5
182 13 12 4
183 32 31 5
184 11 11 5
185 23 23 5
186 17 16 4
187 18 17 5
188 15 14 6
189 22 22 6
190 14 14 4
191 14 13 5
192 15 14 4
193 18 17 5
194 11 10 4
195 14 13 5
196 21 20 6
197 26 26 4
198 24 23 5
199 17 17 5
