0 15 14 6
1 17 17 7
2 10 10 6
3 21 21 11
4 18 17 9
5 10 10 6
6 9 9 9
7 32 32 8
8 23 23 9
9 8 8 8
10 13 12 6
11 15 15 9
12 16 16 8
13 13 13 7
14 22 21 9
15 12 12 6
16 15 15 7
17 14 13 7
18 16 15 9
19 10 10 6
20 15 15 9
21 12 11 7
22 18 18 8
23 17 16 8
24 7 7 7
25 18 17 7
26 10 10 6
27 17 17 9
28 28 28 8
29 21 21 7
30 10 10 6
31 17 17 7
32 20 19 7
33 16 15 9
34 18 18 6
35 17 17 7
36 36 36 8
37 25 24 8
38 23 22 8
39 21 20 6
40 21 21 7
41 42 41 7
42 28 28 8
43 27 26 8
44 15 14 6
45 25 25 7
46 24 23 7
47 18 18 6
48 13 13 7
49 18 18 6
50 23 23 7
51 22 22 6
52 13 13 7
53 26 26 8
54 21 20 8
55 15 15 7
56 12 11 7
57 28 28 8
58 19 18 6
59 31 31 7
60 24 24 8
61 15 15 7
62 24 24 6
63 29 29 9
64 18 18 6
65 21 21 7
66 12 12 6
67 21 21 7
68 20 19 7
69 14 14 6
70 19 19 7
71 28 27 9
72 28 28 10
73 19 18 8
74 29 29 11
75 22 22 10
76 19 18 6
77 17 17 7
78 24 23 9
79 18 17 7
80 22 21 9
81 16 15 7
82 22 21 7
83 20 19 7
84 16 16 8
85 13 12 6
86 17 17 7
87 18 17 7
88 16 16 10
89 21 20 10
90 17 16 10
91 17 17 7
92 16 16 6
93 13 13 7
94 28 27 7
95 12 11 7
96 22 22 10
97 27 26 10
98 25 24 12
99 23 22 8
100 23 23 9
101 16 15 9
102 20 19 9
103 6 6 6
104 19 19 9
105 18 18 8
106 15 15 7
107 28 27 11
108 10 10 6
109 23 23 11
110 18 18 10
111 19 18 8
112 15 15 9
113 22 21 11
114 12 12 6
115 17 17 9
116 20 19 9
117 18 18 8
118 13 12 8
119 15 14 8
120 11 11 7
121 20 20 8
122 19 19 11
123 22 21 9
124 24 24 12
125 29 28 10
126 7 6 5
127 15 15 7
128 16 15 9
129 18 18 6
130 13 13 7
131 32 31 13
132 22 22 10
133 25 24 10
134 11 10 6
135 11 11 7
136 14 14 8
137 25 24 12
138 7 6 5
139 19 19 7
140 14 14 6
141 15 15 9
142 18 17 9
143 26 26 8
144 11 11 7
145 32 32 10
146 13 13 9
147 16 16 10
148 15 14 8
149 23 22 8
150 13 13 7
151 18 18 10
152 21 20 6
153 19 19 9
154 14 14 8
155 15 14 6
156 19 19 11
157 14 14 8
158 23 22 8
159 13 13 7
160 18 17 9
161 10 10 6
162 15 15 9
163 16 15 9
164 16 16 8
165 17 17 7
166 22 22 8
167 19 18 8
168 15 15 9
169 18 17 7
170 16 15 7
171 24 23 13
172 10 9 8
173 16 16 10
174 17 17 9
175 16 16 10
176 33 32 10
177 15 14 8
178 19 19 7
179 10 10 6
180 21 21 7
181 10 10 6
182 27 27 11
183 14 14 6
184 17 17 7
185 12 11 7
186 14 14 8
187 17 16 10
188 17 16 8
189 11 11 7
190 16 16 8
191 17 17 11
192 18 17 11
193 12 12 8
194 11 11 7
195 18 17 9
196 20 20 8
197 17 16 8
198 17 16 10
199 13 12 8
200 25 24 12
201 11 11 7
202 30 30 14
203 17 16 6
204 15 15 7
205 16 15 9
206 10 10 6
207 13 13 7
208 20 20 10
209 13 12 8
210 23 23 9
211 8 7 6
212 22 22 10
213 21 21 7
214 18 17 7
215 16 16 8
216 25 24 8
217 17 17 9
218 16 16 8
219 15 14 6
220 31 31 13
221 12 12 6
222 17 17 7
223 24 23 7
224 20 20 8
225 15 14 6
226 11 11 7
227 30 30 8
228 17 16 8
229 13 12 6
230 19 19 9
231 18 18 8
232 17 17 7
233 14 13 7
234 18 17 9
235 18 18 8
236 15 15 7
237 16 15 7
238 18 18 12
239 13 13 9
240 14 14 6
241 19 19 7
242 22 21 9
243 12 11 7
244 20 20 10
245 7 7 7
246 12 12 8
247 15 14 10
248 19 18 12
249 7 7 7
250 18 18 8
251 7 7 7
252 8 7 6
253 22 22 10
254 13 13 9
255 12 11 7
256 22 21 9
257 18 18 10
258 15 15 9
259 16 16 10
260 11 11 7
261 20 19 9
262 14 14 10
263 17 17 9
264 12 12 6
265 13 13 9
266 8 8 8
267 15 14 10
268 11 11 7
269 18 17 11
270 8 8 8
271 15 14 10
272 17 16 12
273 15 14 10
274 17 17 9
275 16 15 11
276 14 14 8
277 21 21 11
278 12 12 8
279 17 17 11
280 14 14 8
281 19 19 11
282 8 7 6
283 12 11 7
284 14 13 9
285 16 15 9
286 8 7 6
287 16 15 11
288 8 8 8
289 13 12 8
290 19 19 9
291 16 16 10
292 15 15 7
293 18 17 11
294 14 14 8
295 17 16 10
296 13 13 7
297 14 14 8
298 15 15 9
299 20 19 9
300 24 23 9
301 14 13 7
302 6 6 6
303 13 13 7
304 20 20 8
305 17 16 8
306 21 21 11
307 14 13 7
308 14 14 8
309 15 14 8
310 17 17 9
311 16 16 8
312 7 7 7
313 22 22 8
314 17 17 9
315 16 16 8
316 7 7 7
317 16 16 8
318 11 11 7
319 16 16 10
320 23 22 8
321 15 14 8
322 7 7 7
323 22 21 7
324 16 15 7
325 10 10 6
326 21 21 9
327 8 7 6
328 14 14 8
329 21 20 10
330 15 14 8
331 25 25 7
332 16 16 8
333 11 11 7
334 16 16 8
335 7 7 7
336 14 14 8
337 17 17 9
338 16 16 6
339 21 21 7
340 20 20 8
341 11 11 7
342 18 18 10
343 7 7 7
344 10 10 6
345 13 13 9
346 20 20 10
347 21 20 6
348 21 21 7
349 10 10 6
350 15 15 7
351 10 10 6
352 13 13 7
353 16 15 9
354 34 33 9
355 18 18 6
356 19 19 7
357 6 6 6
358 15 15 7
359 14 14 8
360 33 32 6
361 23 23 7
362 26 26 6
363 21 21 7
364 16 15 7
365 12 12 6
366 17 17 7
367 12 12 6
368 21 21 7
369 28 27 7
370 28 28 6
371 13 13 7
372 16 16 6
373 27 27 9
374 16 16 6
375 15 15 7
376 20 20 8
377 19 18 6
378 25 25 7
379 18 18 6
380 19 19 9
381 14 14 6
382 19 19 7
383 24 23 7
384 18 18 8
385 17 16 6
386 21 21 11
387 16 16 6
388 19 19 7
389 20 19 7
390 14 13 7
391 24 23 11
392 28 28 8
393 21 20 8
394 19 19 7
395 24 23 9
396 18 18 6
397 17 17 7
398 20 20 8
399 17 16 6
400 25 25 11
401 24 23 9
402 14 14 8
403 33 32 8
404 25 24 8
405 25 25 13
406 26 25 11
407 20 19 11
408 26 26 12
409 13 13 7
410 20 20 8
411 25 24 10
412 17 16 8
413 17 16 8
414 19 18 8
415 17 17 7
416 22 22 8
417 13 13 7
418 18 17 9
419 20 20 8
420 29 29 9
421 14 14 8
422 27 27 11
423 20 20 8
424 19 19 9
425 14 13 7
426 14 14 8
427 27 26 10
428 21 21 9
429 36 36 14
430 23 23 13
431 26 25 11
432 18 18 10
433 17 17 9
434 22 21 7
435 24 24 10
436 23 22 14
437 33 32 16
438 19 19 9
439 22 21 7
440 20 19 7
441 24 23 9
442 18 18 6
443 17 17 7
444 14 13 9
445 22 22 10
446 17 16 8
447 27 26 10
448 17 16 6
449 17 17 7
450 12 11 7
451 14 14 8
452 13 12 6
453 19 19 9
454 18 17 9
455 22 22 10
456 13 13 7
457 20 20 10
458 17 17 7
459 16 15 9
460 22 22 8
461 21 20 6
462 13 13 7
463 14 13 7
464 16 16 6
465 15 15 9
466 20 20 8
467 25 25 11
468 12 12 6
469 15 15 7
470 20 19 9
471 10 10 6
472 7 7 7
473 18 17 9
474 18 17 7
475 24 24 10
476 13 12 8
477 13 12 6
478 21 21 9
479 14 13 7
480 12 12 6
481 13 13 9
482 14 14 8
483 19 18 10
484 15 14 6
485 17 17 11
486 14 14 8
487 13 13 7
488 12 11 7
489 16 16 8
490 11 11 7
491 16 16 8
492 17 16 8
493 13 12 8
494 19 18 8
495 27 26 10
496 11 10 6
497 17 17 7
498 16 16 10
499 15 14 6
500 25 25 7
501 22 21 7
502 20 20 6
503 19 19 9
504 20 20 10
505 15 14 6
506 27 27 7
507 14 14 6
508 21 21 9
509 10 10 6
510 15 15 7
511 24 23 11
512 26 26 8
513 15 14 8
514 15 14 6
515 17 17 7
516 16 15 7
517 18 18 10
518 17 16 10
519 23 22 10
520 21 20 10
521 15 14 8
522 17 17 9
523 16 16 8
524 19 18 8
525 25 24 10
526 15 15 7
527 14 13 7
528 22 22 8
529 13 13 9
530 18 17 7
531 12 11 7
532 18 17 9
533 18 18 8
534 15 15 11
535 12 11 7
536 6 6 6
537 17 17 7
538 16 16 10
539 13 12 8
540 13 12 8
541 11 11 7
542 20 20 6
543 11 11 7
544 24 24 8
545 13 12 6
546 15 15 9
547 16 16 10
548 17 16 12
549 13 12 8
550 17 16 10
551 13 12 8
552 15 15 9
553 12 11 7
554 16 15 11
555 10 10 6
556 19 19 11
557 12 12 8
558 23 22 12
559 15 14 8
560 7 6 5
561 13 13 7
562 16 15 7
563 18 17 11
564 14 14 8
565 15 15 9
566 16 16 10
567 17 16 6
568 11 11 7
569 14 13 9
570 18 18 10
571 7 6 5
572 21 21 11
573 16 16 8
574 7 6 5
575 17 17 11
576 14 14 8
577 19 18 10
578 17 17 9
579 14 14 8
580 11 11 7
581 22 22 8
582 13 12 8
583 21 20 8
584 15 14 8
585 17 16 8
586 19 18 8
587 15 14 8
588 17 16 10
589 15 15 7
590 16 16 8
591 19 18 6
592 21 21 11
593 22 22 6
594 11 11 7
595 24 23 7
596 6 6 6
597 17 17 9
598 14 14 8
599 17 16 6
600 19 19 7
601 20 20 8
602 19 18 8
603 21 20 6
604 21 21 7
605 16 15 7
606 12 12 6
607 19 19 9
608 18 17 7
609 20 20 6
610 15 15 7
611 20 20 6
612 19 19 7
613 22 22 8
614 15 14 6
615 13 13 7
616 16 15 7
617 18 18 6
618 13 13 7
619 14 14 8
620 19 18 8
621 19 18 8
622 13 12 8
623 23 23 7
624 20 20 8
625 23 23 7
626 22 21 7
627 12 12 8
628 29 28 8
629 13 12 6
630 21 21 9
631 16 16 8
632 13 12 6
633 17 17 7
634 22 21 7
635 24 23 7
636 44 44 8
637 23 23 7
638 14 14 8
639 21 20 8
640 25 24 6
641 31 31 9
642 22 22 6
643 29 29 7
644 28 27 9
645 24 23 9
646 16 16 6
647 25 25 7
648 32 31 11
649 12 11 7
650 30 29 7
651 20 19 9
652 36 36 16
653 25 25 13
654 16 15 7
655 18 17 9
656 22 22 8
657 25 25 7
658 26 25 9
659 28 27 15
660 14 13 7
661 18 18 8
662 27 26 10
663 17 17 7
664 22 22 10
665 17 16 6
666 23 23 7
667 18 17 7
668 34 34 10
669 19 18 8
670 29 29 9
671 26 25 9
672 44 44 12
673 17 17 7
674 20 19 7
675 18 17 7
676 22 22 8
677 7 6 5
678 37 37 9
679 18 17 7
680 16 16 6
681 19 19 7
682 16 16 6
683 15 15 7
684 22 22 8
685 19 18 8
686 19 18 6
687 19 19 7
688 16 15 9
689 16 16 6
690 13 13 7
691 24 24 10
692 19 18 6
693 21 21 9
694 12 12 6
695 17 17 7
696 12 12 6
697 21 21 9
698 16 16 6
699 15 15 9
700 14 14 8
701 33 32 12
702 17 16 6
703 13 13 7
704 14 13 7
705 18 17 9
706 20 20 6
707 17 17 7
708 12 11 7
709 16 15 7
710 14 13 9
711 14 13 7
712 16 15 9
713 14 14 8
714 15 14 8
715 19 18 12
716 21 20 6
717 25 25 7
718 24 23 7
719 20 19 9
720 18 17 9
721 12 12 8
722 17 17 11
723 30 30 10
724 19 19 7
725 24 24 8
726 15 14 8
727 23 22 10
728 21 20 12
729 15 15 7
730 20 20 8
731 17 17 9
732 12 12 6
733 15 15 7
734 16 15 7
735 16 16 8
736 15 14 8
737 13 12 6
738 15 15 9
739 24 24 12
740 21 20 6
741 21 21 9
742 26 25 11
743 18 18 10
744 13 13 7
745 18 17 9
746 14 14 6
747 23 23 13
748 16 16 8
749 19 18 8
750 21 20 10
751 17 16 10
752 13 13 7
753 14 14 6
754 15 15 9
755 14 14 8
756 19 18 10
757 17 16 8
758 17 16 10
759 13 12 8
760 13 13 9
761 16 16 10
762 15 15 9
763 18 18 10
764 15 14 10
765 17 16 8
766 15 14 10
767 21 21 9
768 18 18 8
769 17 17 9
770 16 15 9
771 14 14 8
772 29 29 11
773 12 11 7
774 16 16 8
775 11 11 7
776 20 19 9
777 12 12 8
778 19 18 8
779 11 11 7
780 24 24 12
781 17 16 8
782 15 14 8
783 15 14 8
784 15 14 10
785 7 6 5
786 17 17 11
787 18 18 8
788 19 19 9
789 8 7 6
790 18 18 14
791 13 12 8
792 11 10 6
793 13 13 9
794 22 22 14
795 15 15 7
796 12 11 7
797 16 15 9
798 8 8 8
799 15 14 10
800 13 12 8
801 15 15 9
802 16 16 8
803 15 15 11
804 22 22 10
805 15 15 7
806 12 12 8
807 7 7 7
808 16 16 10
809 23 22 10
810 11 11 7
811 20 19 7
812 16 16 10
813 7 7 7
814 16 16 10
815 7 6 5
816 17 17 11
817 16 15 9
818 12 12 8
819 13 13 9
820 6 6 6
821 17 17 9
822 24 23 7
823 8 7 6
824 16 16 8
825 15 14 8
826 19 18 8
827 17 16 8
828 15 15 7
829 20 20 12
830 13 13 7
831 16 15 7
832 18 17 11
833 6 6 6
834 7 7 7
835 20 19 13
836 18 17 7
837 8 7 6
838 18 17 9
839 14 13 9
840 14 14 10
841 15 15 7
842 18 18 8
843 9 9 9
844 16 16 6
845 21 21 9
846 10 10 6
847 13 13 9
848 14 14 8
849 13 12 6
850 21 21 9
851 20 19 9
852 22 22 8
853 23 22 10
854 11 11 7
855 16 15 7
856 14 14 8
857 13 12 8
858 17 16 10
859 15 15 9
860 6 6 6
861 19 19 13
862 18 18 8
863 11 11 7
864 8 7 6
865 18 17 11
866 12 12 8
867 23 22 10
868 17 17 7
869 20 20 8
870 13 13 7
871 20 20 8
872 13 12 6
873 15 15 11
874 18 17 9
875 12 12 6
876 9 9 9
877 16 16 8
878 7 7 7
879 20 20 12
880 15 15 7
881 18 18 10
882 17 16 8
883 21 20 6
884 21 21 7
885 24 24 8
886 17 16 6
887 13 13 7
888 14 14 8
889 29 28 6
890 27 27 7
891 20 20 6
892 31 31 7
893 24 24 6
894 13 13 7
895 16 16 6
896 51 51 7
897 30 29 7
898 16 16 6
899 19 19 7
900 22 22 6
901 17 17 7
902 24 24 6
903 19 19 7
904 18 18 6
905 23 23 7
906 16 16 6
907 19 19 7
908 30 30 6
909 17 17 7
910 12 12 6
911 29 29 7
912 18 17 7
913 14 14 6
914 17 17 7
915 10 10 6
916 19 19 7
917 18 17 7
918 16 15 7
919 16 15 9
920 22 22 10
921 19 18 6
922 35 35 13
923 18 18 10
924 21 20 6
925 13 13 7
926 28 28 10
927 31 30 8
928 17 17 7
929 24 24 10
930 19 19 7
931 22 21 7
932 14 13 7
933 18 18 8
934 13 12 6
935 17 17 9
936 20 20 6
937 23 23 7
938 26 26 8
939 19 18 10
940 17 17 7
941 20 19 7
942 22 21 9
943 14 13 7
944 14 14 6
945 15 15 7
946 22 22 8
947 19 19 7
948 14 13 7
949 14 14 8
950 21 20 8
951 19 19 9
952 18 18 6
953 17 17 7
954 26 25 11
955 26 26 10
956 21 20 10
957 21 20 8
958 23 23 7
959 20 19 7
960 18 17 7
961 14 14 8
962 11 10 6
963 17 17 7
964 20 20 12
965 17 16 8
966 13 13 7
967 28 28 12
968 17 17 9
969 32 31 7
970 18 17 7
971 26 25 7
972 22 22 8
973 29 29 7
974 20 19 9
975 18 18 12
976 29 28 10
977 21 21 11
978 22 21 11
979 30 29 11
980 28 27 13
981 24 23 11
982 12 12 6
983 15 15 7
984 30 29 7
985 18 17 7
986 18 18 6
987 17 17 7
988 14 14 6
989 21 21 7
990 20 20 8
991 29 28 8
992 21 21 9
993 18 18 6
994 21 21 9
995 18 18 8
996 15 14 6
997 19 19 9
998 12 12 8
999 15 14 8
1000 7 6 5
1001 17 17 9
1002 16 16 8
1003 17 17 7
1004 14 14 6
1005 19 19 11
1006 14 14 8
1007 25 24 10
1008 13 13 7
1009 18 17 7
1010 10 10 6
1011 21 21 9
1012 16 16 8
1013 19 18 10
1014 13 12 8
1015 29 28 12
1016 21 21 7
1017 14 13 7
1018 6 6 6
1019 19 19 9
1020 22 22 8
1021 15 14 6
1022 13 13 7
1023 16 16 8
1024 31 30 6
1025 25 25 7
1026 12 12 6
1027 23 23 7
1028 14 13 7
1029 18 18 6
1030 13 13 7
1031 12 12 6
1032 17 17 7
1033 18 18 6
1034 25 25 9
1035 24 23 7
1036 24 23 7
1037 12 12 6
1038 21 21 7
1039 18 17 9
1040 20 20 6
1041 13 13 7
1042 14 14 6
1043 23 23 7
1044 20 19 7
1045 20 20 10
1046 13 12 6
1047 29 29 11
1048 20 20 8
1049 15 15 7
1050 16 15 7
1051 18 17 9
1052 22 21 11
1053 12 12 8
1054 21 20 8
1055 13 12 8
1056 23 23 11
1057 18 17 7
1058 12 11 7
1059 18 17 9
1060 18 17 9
1061 12 12 8
1062 21 21 11
1063 14 14 8
1064 15 15 9
1065 6 6 6
1066 19 19 9
1067 16 15 11
1068 22 22 12
1069 17 16 8
1070 11 11 7
1071 12 12 6
1072 19 19 9
1073 12 11 7
1074 16 15 9
1075 12 12 8
1076 17 16 8
1077 15 15 9
1078 22 21 7
1079 14 13 7
1080 18 17 9
1081 12 11 7
1082 14 14 8
1083 19 19 9
1084 18 18 10
1085 13 12 8
1086 11 10 6
1087 15 15 9
1088 18 17 7
1089 16 15 7
1090 14 13 7
1091 8 7 6
1092 18 17 11
1093 16 16 8
1094 17 17 7
1095 6 6 6
1096 15 15 9
1097 16 15 9
1098 14 14 8
1099 7 7 7
1100 14 14 10
1101 19 19 9
1102 18 18 8
1103 13 12 6
1104 19 19 11
1105 14 14 8
1106 15 14 10
1107 17 17 7
1108 18 17 9
1109 12 11 7
1110 14 14 8
1111 17 17 9
1112 12 12 8
1113 13 13 7
1114 16 15 9
1115 14 14 10
1116 13 12 8
1117 11 11 7
1118 18 17 11
1119 16 16 8
1120 25 25 11
1121 12 12 8
1122 15 14 8
1123 15 15 9
1124 18 18 10
1125 13 13 7
1126 12 11 7
1127 22 22 8
1128 17 16 8
1129 13 13 7
1130 8 7 6
1131 14 14 8
1132 21 20 8
1133 17 16 8
1134 15 15 9
1135 6 6 6
1136 19 19 9
1137 18 18 10
1138 15 15 7
1139 18 17 9
1140 18 17 7
1141 20 20 6
1142 17 17 9
1143 20 20 10
1144 19 18 8
1145 19 19 9
1146 6 6 6
1147 17 17 9
1148 10 9 8
1149 14 14 8
1150 15 15 9
1151 16 16 8
1152 27 26 12
1153 21 20 8
1154 15 14 6
1155 13 13 7
1156 12 12 6
1157 17 17 7
1158 12 12 6
1159 25 25 7
1160 14 14 6
1161 13 13 7
1162 18 17 9
1163 14 14 6
1164 13 13 7
1165 16 16 12
1166 11 10 6
1167 25 25 9
1168 12 12 6
1169 15 15 7
1170 16 16 8
1171 13 13 9
1172 6 6 6
1173 29 29 7
1174 24 23 7
1175 28 28 8
1176 15 14 6
1177 21 21 9
1178 10 10 6
1179 13 13 7
1180 14 13 7
1181 16 16 6
1182 21 21 7
1183 16 16 8
1184 7 7 7
1185 14 14 8
1186 15 15 9
1187 22 21 7
1188 12 11 7
1189 24 24 6
1190 31 31 7
1191 26 26 6
1192 15 15 7
1193 16 16 6
1194 23 23 7
1195 24 24 6
1196 19 19 7
1197 22 22 6
1198 13 13 7
1199 14 14 6
1200 13 13 7
1201 26 26 8
1202 21 21 7
1203 20 20 6
1204 11 11 7
1205 14 14 6
1206 15 15 7
1207 14 14 6
1208 17 17 7
1209 16 16 6
1210 19 19 7
1211 16 16 8
1212 17 17 7
1213 18 18 8
1214 23 22 8
1215 25 24 8
1216 13 13 7
1217 32 32 8
1218 23 22 8
1219 19 18 8
1220 7 7 7
1221 16 16 6
1222 15 15 7
1223 24 23 9
1224 30 30 6
1225 11 11 7
1226 14 14 8
1227 19 19 7
1228 16 15 7
1229 16 15 7
1230 20 20 6
1231 15 15 7
1232 20 20 8
1233 11 11 7
1234 12 12 6
1235 33 33 9
1236 20 20 6
1237 33 33 7
1238 28 28 6
1239 23 23 7
1240 16 15 7
1241 24 24 8
1242 33 32 8
1243 23 22 6
1244 35 35 7
1245 32 32 6
1246 25 25 7
1247 18 18 6
1248 41 41 7
1249 30 29 7
1250 30 30 10
1251 33 32 10
1252 41 41 7
1253 34 34 8
1254 37 37 11
1255 16 16 6
1256 27 27 7
1257 32 32 8
1258 33 32 8
1259 17 16 8
1260 29 28 12
1261 17 16 6
1262 15 15 7
1263 20 19 9
1264 26 25 7
1265 20 20 6
1266 23 23 7
1267 22 21 7
1268 24 24 10
1269 19 18 6
1270 21 21 7
1271 24 23 7
1272 26 25 7
1273 22 22 6
1274 19 19 11
1275 16 16 6
1276 29 29 13
1277 24 24 10
1278 15 14 6
1279 17 17 7
1280 10 10 6
1281 13 13 7
1282 26 26 6
1283 19 19 7
1284 20 20 8
1285 17 17 7
1286 20 20 8
1287 21 21 7
1288 14 14 8
1289 23 22 12
1290 19 18 8
1291 23 22 8
1292 15 15 7
1293 18 17 7
1294 28 28 16
1295 7 7 7
1296 18 18 6
1297 11 11 7
1298 16 16 8
1299 23 22 10
1300 27 26 8
1301 13 12 6
1302 19 19 9
1303 20 20 8
1304 17 17 7
1305 24 24 10
1306 11 11 7
1307 20 19 7
1308 22 22 8
1309 13 12 8
1310 23 22 8
1311 19 18 10
1312 23 22 8
1313 21 20 8
1314 19 19 7
1315 20 19 7
1316 14 13 9
1317 18 18 10
1318 17 17 7
1319 14 14 8
1320 25 24 8
1321 19 18 10
1322 17 17 9
1323 30 30 14
1324 21 21 9
1325 14 14 8
1326 23 22 8
1327 17 16 8
1328 19 18 8
1329 13 13 7
1330 18 18 10
1331 7 6 5
1332 17 17 11
1333 10 10 6
1334 19 19 7
1335 18 17 7
1336 12 12 8
1337 17 16 8
1338 17 16 12
1339 17 16 6
1340 13 13 7
1341 12 12 6
1342 13 13 9
1343 12 12 8
1344 15 14 10
1345 17 16 8
1346 15 14 8
1347 17 16 10
1348 15 15 7
1349 22 22 8
1350 15 15 11
1351 12 12 6
1352 21 21 7
1353 30 30 10
1354 17 16 6
1355 19 19 9
1356 14 13 7
1357 14 13 7
1358 20 19 9
1359 14 14 6
1360 13 13 7
1361 26 25 7
1362 16 15 9
1363 20 20 10
1364 17 16 8
1365 17 17 9
1366 14 13 7
1367 16 16 10
1368 13 12 6
1369 13 13 7
1370 14 14 8
1371 17 17 9
1372 14 14 6
1373 19 19 9
1374 18 17 7
1375 14 14 8
1376 15 14 10
1377 17 16 10
1378 13 12 8
1379 17 17 9
1380 10 10 6
1381 19 19 7
1382 16 15 9
1383 12 12 8
1384 13 12 8
1385 15 14 10
1386 19 18 8
1387 23 22 12
1388 9 8 7
1389 19 19 11
1390 14 13 7
1391 20 20 12
1392 17 16 8
1393 15 14 8
1394 11 11 7
1395 16 16 10
1396 15 15 7
1397 24 23 13
1398 14 14 8
1399 21 20 8
1400 19 18 8
1401 15 15 7
1402 8 7 6
1403 24 23 11
1404 8 8 8
1405 17 16 6
1406 13 13 7
1407 22 21 9
1408 16 16 8
1409 13 13 9
1410 14 13 9
1411 14 14 8
1412 13 12 6
1413 21 21 11
1414 14 14 10
1415 19 18 10
1416 11 11 7
1417 12 11 7
1418 18 17 9
1419 6 6 6
1420 19 19 9
1421 12 12 8
1422 13 13 7
1423 22 21 9
1424 14 14 8
1425 11 11 7
1426 16 16 6
1427 13 13 7
1428 22 21 11
1429 12 12 8
1430 19 19 9
1431 6 6 6
1432 15 15 7
1433 12 12 6
1434 19 19 11
1435 20 19 9
1436 16 16 8
1437 17 16 8
1438 23 22 8
1439 17 17 9
1440 12 11 7
1441 14 13 7
1442 18 18 10
1443 15 15 7
1444 24 23 11
1445 16 16 8
1446 21 20 8
1447 15 14 6
1448 13 13 9
1449 10 10 6
1450 13 13 7
1451 12 11 7
1452 16 16 6
1453 13 13 7
1454 22 22 12
1455 13 12 8
1456 17 16 8
1457 7 7 7
1458 14 14 8
1459 17 17 7
1460 24 23 9
1461 8 7 6
1462 20 20 10
1463 7 6 5
1464 17 17 9
1465 12 12 6
1466 17 17 7
1467 24 24 10
1468 17 16 10
1469 7 6 5
1470 15 15 9
1471 16 15 7
1472 18 18 10
1473 25 24 10
1474 23 22 6
1475 15 15 7
1476 16 15 7
1477 8 7 6
1478 14 14 8
1479 25 25 11
1480 26 26 8
1481 21 20 8
1482 21 21 7
1483 16 15 7
1484 20 20 8
1485 15 15 7
1486 14 14 8
1487 21 21 9
1488 38 37 7
1489 22 22 6
1490 17 17 7
1491 16 15 7
1492 20 20 8
1493 11 10 6
1494 25 25 7
1495 34 34 8
1496 25 25 7
1497 20 20 6
1498 15 15 7
1499 10 10 6
1500 19 19 7
1501 14 13 7
1502 28 28 10
1503 15 14 6
1504 15 15 9
1505 14 13 7
1506 16 16 8
1507 23 23 7
1508 16 15 7
1509 24 24 8
1510 23 22 8
1511 21 20 6
1512 11 11 7
1513 18 17 9
1514 18 17 7
1515 20 19 7
1516 16 16 8
1517 11 10 6
1518 29 29 7
1519 16 15 9
1520 20 20 10
1521 15 14 8
1522 17 17 9
1523 16 15 7
1524 14 14 6
1525 17 17 7
1526 26 25 7
1527 16 15 9
1528 20 20 12
1529 17 17 9
1530 14 13 7
1531 18 18 6
1532 11 11 7
1533 26 25 13
1534 16 16 8
1535 19 18 8
1536 15 14 6
1537 15 15 9
1538 24 23 7
1539 20 19 9
1540 18 18 8
1541 19 19 7
1542 20 20 12
1543 15 14 8
1544 19 18 8
1545 19 19 7
1546 16 15 7
1547 14 14 8
1548 7 7 7
1549 20 20 8
1550 23 22 8
1551 29 28 10
1552 15 14 6
1553 19 19 7
1554 14 13 7
1555 20 20 6
1556 17 17 7
1557 22 21 11
1558 12 12 8
1559 23 22 6
1560 21 21 9
1561 16 16 6
1562 13 13 7
1563 32 32 14
1564 11 10 6
1565 25 25 7
1566 24 23 9
1567 20 20 8
1568 23 22 10
1569 17 17 7
1570 20 19 7
1571 22 22 6
1572 21 21 9
1573 16 16 6
1574 21 21 7
1575 22 21 9
1576 20 19 7
1577 10 10 6
1578 25 25 9
1579 18 17 7
1580 12 11 7
1581 18 17 7
1582 28 28 10
1583 21 20 10
1584 25 25 7
1585 14 13 7
1586 20 20 6
1587 7 7 7
1588 18 17 9
1589 18 18 10
1590 23 22 10
1591 15 14 8
1592 17 16 10
1593 7 7 7
1594 18 18 8
1595 21 21 7
1596 22 21 9
1597 18 17 9
1598 22 21 11
1599 20 19 9
1600 18 18 6
1601 15 15 9
1602 26 25 9
1603 22 22 8
1604 25 24 8
1605 21 20 6
1606 25 25 7
1607 12 12 6
1608 13 13 9
1609 18 18 6
1610 15 15 9
1611 14 13 7
1612 32 31 9
1613 12 11 7
1614 18 18 8
1615 13 13 9
1616 10 10 6
1617 19 19 11
1618 14 14 8
1619 25 24 8
1620 21 21 9
1621 8 7 6
1622 12 12 6
1623 23 23 11
1624 20 19 7
1625 18 17 7
1626 14 13 7
1627 16 16 8
1628 13 12 8
1629 13 13 9
1630 12 12 6
1631 13 13 7
1632 34 33 9
1633 16 16 6
1634 11 11 7
1635 20 20 8
1636 21 21 11
1637 18 18 8
1638 11 10 6
1639 13 13 7
1640 8 8 8
1641 21 21 9
1642 28 27 7
1643 16 16 6
1644 13 13 7
1645 18 17 9
1646 22 21 11
1647 16 15 9
1648 18 18 8
1649 23 23 11
1650 18 17 7
1651 24 23 9
1652 14 14 6
1653 13 13 7
1654 14 14 6
1655 15 15 7
1656 12 11 7
1657 14 13 7
1658 20 20 8
1659 33 32 6
1660 19 19 9
1661 16 16 8
1662 7 6 5
1663 17 17 7
1664 14 13 7
1665 18 17 11
1666 12 11 7
1667 18 17 7
1668 20 19 7
1669 24 23 9
1670 16 16 8
1671 15 14 8
1672 21 20 10
1673 13 13 7
1674 24 23 9
1675 14 14 6
1676 25 25 11
1677 12 11 7
1678 16 15 7
1679 16 15 7
1680 18 18 8
1681 21 20 10
1682 23 22 10
1683 15 14 6
1684 17 17 9
1685 14 14 8
1686 15 14 6
1687 15 15 7
1688 20 19 7
1689 14 14 8
1690 17 17 7
1691 12 12 8
1692 11 11 7
1693 18 17 7
1694 14 13 9
1695 12 12 6
1696 11 11 7
1697 14 13 9
1698 14 14 10
1699 9 8 7
1700 13 12 8
1701 29 28 16
1702 13 12 6
1703 15 15 9
1704 14 14 10
1705 13 13 9
1706 20 20 8
1707 9 8 7
1708 7 7 7
1709 14 14 10
1710 15 14 8
1711 15 14 6
1712 17 17 11
1713 6 6 6
1714 7 7 7
1715 16 16 10
1716 19 18 10
1717 15 15 7
1718 14 13 7
1719 22 21 9
1720 12 11 7
1721 20 20 10
1722 7 7 7
1723 12 11 7
1724 16 15 9
1725 14 14 6
1726 25 25 7
1727 18 17 7
1728 20 19 11
1729 16 15 7
1730 12 11 7
1731 14 14 8
1732 7 6 5
1733 27 27 15
1734 14 13 7
1735 14 14 8
1736 13 13 7
1737 20 20 10
1738 13 13 7
1739 16 15 7
1740 8 7 6
1741 20 20 10
1742 15 15 7
1743 24 23 11
1744 14 14 6
1745 15 15 7
1746 16 15 7
1747 14 13 9
1748 6 6 6
1749 15 15 9
1750 20 20 12
1751 19 18 6
1752 17 17 7
1753 16 15 9
1754 14 13 9
1755 14 13 9
1756 16 16 6
1757 19 19 11
1758 10 10 6
1759 15 15 11
1760 16 16 8
1761 25 24 10
1762 13 13 9
1763 14 14 8
1764 7 6 5
1765 23 23 11
1766 14 13 7
1767 18 18 8
1768 21 20 10
1769 19 18 6
1770 13 13 7
1771 10 10 6
1772 7 7 7
1773 18 17 7
1774 20 19 7
1775 48 48 8
1776 15 14 6
1777 15 15 7
1778 16 15 7
1779 16 16 10
1780 15 14 6
1781 19 19 9
1782 34 34 6
1783 21 21 7
1784 28 27 7
1785 16 16 8
1786 25 24 6
1787 15 15 7
1788 32 31 9
1789 22 22 6
1790 19 19 7
1791 14 14 6
1792 19 19 7
1793 22 21 11
1794 26 25 7
1795 14 13 7
1796 16 16 6
1797 15 15 7
1798 28 28 12
1799 17 16 8
1800 17 17 7
1801 12 11 7
1802 16 15 7
1803 18 18 10
1804 21 20 6
1805 17 17 7
1806 20 20 6
1807 7 7 7
1808 20 20 10
1809 23 22 8
1810 15 14 6
1811 15 15 9
1812 24 24 8
1813 11 11 7
1814 18 18 8
1815 17 16 8
1816 17 16 8
1817 13 12 8
1818 17 16 10
1819 15 14 10
1820 15 15 9
1821 18 17 9
1822 18 17 9
1823 18 18 8
1824 13 13 9
1825 14 13 7
1826 14 14 6
1827 11 11 7
1828 20 19 9
1829 26 26 8
1830 21 20 8
1831 29 28 10
1832 19 19 7
1833 26 25 11
1834 18 18 8
1835 21 20 6
1836 11 11 7
1837 12 11 7
1838 34 34 12
1839 19 19 7
1840 16 16 8
1841 17 17 11
1842 22 21 9
1843 14 13 7
1844 26 25 9
1845 16 16 6
1846 15 15 7
1847 16 15 7
1848 22 21 7
1849 18 17 7
1850 30 30 10
1851 33 32 12
1852 23 23 7
1853 6 6 6
1854 11 11 7
1855 20 19 7
1856 16 16 6
1857 21 21 7
1858 22 21 7
1859 22 21 7
1860 20 20 6
1861 17 17 7
1862 16 15 7
1863 16 16 8
1864 21 20 10
1865 29 28 8
1866 17 17 7
1867 16 16 8
1868 21 20 8
1869 11 11 7
1870 10 10 6
1871 13 13 9
1872 20 19 9
1873 16 16 6
1874 17 17 9
1875 20 20 8
1876 13 12 8
1877 13 12 8
1878 17 16 8
1879 15 15 9
1880 14 14 8
1881 23 22 10
1882 25 24 8
1883 25 24 12
1884 13 13 7
1885 18 18 6
1886 15 15 7
1887 30 29 9
1888 14 14 8
1889 27 26 12
1890 19 18 8
1891 17 16 6
1892 19 19 7
1893 14 13 7
1894 14 14 6
1895 19 19 7
1896 14 13 7
1897 20 20 10
1898 7 6 5
1899 17 17 9
1900 12 11 7
1901 18 17 9
1902 28 28 10
1903 11 10 6
1904 21 21 11
1905 16 16 10
1906 21 21 7
1907 18 18 8
1908 19 19 9
1909 22 21 7
1910 14 13 7
1911 16 15 9
1912 8 8 8
1913 15 15 9
1914 22 22 12
1915 21 20 6
1916 13 13 9
1917 14 13 9
1918 16 16 8
1919 13 13 7
1920 16 15 7
1921 16 16 6
1922 7 7 7
1923 20 20 8
1924 17 16 10
1925 13 12 8
1926 21 21 11
1927 6 6 6
1928 17 17 11
1929 6 6 6
1930 15 15 11
1931 16 15 7
1932 20 19 11
1933 10 10 6
1934 15 15 9
1935 8 7 6
1936 16 15 9
1937 12 12 8
1938 23 22 10
1939 11 11 7
1940 14 13 9
1941 12 12 8
1942 19 18 12
1943 7 6 5
1944 15 15 9
1945 8 8 8
1946 23 22 8
1947 7 6 5
1948 21 21 11
1949 16 15 7
1950 12 11 7
1951 14 13 9
1952 12 11 7
1953 16 15 9
1954 16 15 9
1955 18 17 9
1956 18 17 9
1957 14 14 8
1958 15 14 8
1959 15 15 9
1960 10 9 8
1961 14 14 10
1962 11 11 7
1963 12 11 7
1964 12 11 7
1965 24 23 9
1966 16 16 10
1967 13 13 7
1968 8 7 6
1969 16 15 9
1970 8 7 6
1971 16 15 11
1972 6 6 6
1973 21 21 9
1974 16 15 7
1975 16 15 7
1976 14 13 9
1977 18 18 10
1978 7 7 7
1979 22 22 12
1980 21 21 9
1981 14 14 6
1982 19 19 7
1983 14 14 8
1984 7 7 7
1985 20 19 11
1986 16 16 6
1987 15 15 9
1988 16 15 9
1989 16 16 10
1990 9 8 7
1991 21 20 12
1992 13 12 8
1993 13 12 8
1994 17 17 9
1995 16 16 6
1996 13 13 7
1997 20 19 9
1998 18 17 7
1999 12 12 8
2000 13 12 8
2001 19 18 8
2002 7 7 7
2003 22 22 12
2004 23 22 6
2005 15 15 7
2006 8 8 8
2007 15 14 10
2008 7 6 5
2009 15 15 11
2010 12 11 7
2011 34 33 9
2012 14 13 7
2013 6 6 6
2014 13 13 7
2015 14 13 7
2016 14 14 8
2017 15 15 9
2018 18 17 9
2019 16 16 8
2020 15 14 6
2021 13 13 9
2022 10 10 6
2023 17 17 11
2024 12 12 8
2025 15 14 8
2026 7 7 7
2027 14 13 7
2028 20 20 12
2029 7 6 5
2030 23 23 9
2031 16 16 8
2032 13 13 7
2033 20 19 9
2034 16 15 7
2035 14 14 6
2036 27 27 7
2037 22 21 7
2038 14 14 8
2039 17 16 8
2040 17 16 6
2041 11 11 7
2042 16 16 8
2043 29 29 9
2044 42 42 8
2045 19 18 6
2046 19 19 7
2047 16 16 6
2048 27 27 7
2049 24 24 6
2050 25 25 7
2051 28 28 8
2052 15 14 6
2053 21 21 7
2054 18 17 7
2055 20 19 7
2056 12 12 6
2057 23 23 7
2058 14 14 8
2059 29 29 9
2060 30 29 7
2061 16 15 7
2062 14 14 6
2063 13 13 9
2064 14 14 8
2065 15 14 6
2066 33 33 9
2067 20 19 7
2068 22 22 8
2069 11 11 7
2070 26 25 9
2071 16 16 10
2072 13 12 8
2073 19 18 10
2074 27 27 11
2075 20 20 10
2076 17 16 8
2077 19 18 6
2078 23 23 9
2079 16 16 8
2080 21 20 6
2081 21 21 7
2082 22 22 10
2083 19 18 8
2084 15 14 8
2085 23 22 8
2086 17 17 7
2087 18 17 7
2088 16 15 7
2089 16 16 8
2090 15 14 6
2091 39 39 11
2092 18 17 9
2093 12 11 7
2094 16 15 9
2095 14 13 7
2096 24 24 12
2097 25 25 11
2098 18 17 7
2099 24 23 13
2100 10 10 6
2101 11 11 7
2102 16 16 10
2103 21 20 10
2104 21 20 8
2105 17 16 8
2106 19 18 10
2107 13 13 7
2108 12 11 7
2109 16 15 7
2110 22 21 7
2111 16 16 8
2112 13 12 8
2113 23 23 9
2114 12 12 6
2115 21 21 13
2116 20 20 8
2117 29 29 17
2118 6 6 6
2119 15 15 7
2120 12 11 7
2121 20 19 11
2122 14 14 8
2123 17 17 9
2124 16 15 9
2125 20 20 10
2126 15 14 8
2127 17 17 9
2128 30 30 14
2129 15 15 7
2130 22 22 8
2131 15 14 8
2132 17 16 8
2133 25 24 10
2134 13 13 7
2135 14 14 8
2136 11 11 7
2137 18 18 10
2138 19 18 8
2139 19 19 7
2140 14 13 7
2141 18 17 9
2142 12 12 8
2143 13 13 9
2144 14 13 7
2145 20 19 9
2146 20 20 8
2147 21 20 10
2148 11 10 6
2149 13 13 9
2150 20 19 9
2151 16 15 9
2152 20 20 12
2153 25 24 8
2154 25 25 9
2155 20 20 10
2156 17 17 7
2157 16 16 8
2158 17 16 8
2159 17 16 10
2160 17 17 9
2161 16 15 7
2162 18 17 11
2163 26 26 8
2164 23 22 8
2165 13 12 6
2166 21 21 9
2167 16 16 6
2168 15 15 7
2169 16 15 9
2170 22 22 8
2171 17 16 8
2172 21 20 10
2173 19 19 9
2174 22 22 8
2175 11 11 7
2176 18 18 8
2177 17 16 8
2178 19 18 8
2179 25 25 11
2180 12 11 7
2181 18 18 8
2182 15 14 6
2183 23 23 11
2184 22 22 10
2185 11 11 7
2186 8 8 8
2187 23 22 10
2188 11 11 7
2189 16 16 6
2190 19 19 11
2191 16 16 8
2192 15 15 9
2193 20 19 9
2194 12 12 6
2195 25 25 7
2196 26 26 8
2197 17 17 9
2198 8 7 6
2199 16 16 8
2200 7 6 5
2201 13 13 7
2202 12 12 8
2203 23 22 8
2204 19 18 8
2205 23 22 10
2206 15 15 9
2207 16 15 7
2208 18 17 9
2209 14 13 9
2210 14 13 7
2211 18 17 9
2212 22 22 10
2213 17 16 10
2214 9 8 7
2215 19 18 8
2216 7 7 7
2217 8 8 8
2218 17 16 10
2219 19 19 7
2220 24 23 9
2221 20 20 10
2222 13 12 6
2223 21 21 9
2224 18 17 9
2225 22 21 7
2226 22 21 9
2227 16 15 9
2228 8 7 6
2229 28 28 8
2230 15 14 8
2231 23 23 7
2232 12 11 7
2233 20 20 8
2234 29 28 8
2235 11 11 7
2236 16 16 6
2237 15 15 7
2238 16 16 10
2239 17 17 7
2240 26 25 9
2241 24 24 8
2242 17 16 8
2243 11 10 6
2244 19 19 9
2245 16 15 9
2246 18 17 7
2247 18 18 8
2248 17 16 10
2249 15 14 8
2250 21 21 11
2251 16 16 6
2252 13 13 7
2253 18 17 11
2254 16 16 8
2255 17 17 9
2256 14 14 8
2257 17 17 9
2258 16 15 9
2259 22 21 7
2260 20 19 9
2261 12 12 8
2262 19 18 12
2263 7 6 5
2264 17 17 7
2265 16 15 11
2266 24 24 12
2267 17 16 10
2268 21 21 11
2269 6 6 6
2270 15 15 9
2271 14 13 7
2272 18 17 7
2273 14 13 7
2274 26 25 11
2275 12 11 7
2276 20 19 9
2277 18 17 9
2278 20 20 8
2279 13 12 6
2280 13 13 7
2281 16 15 7
2282 18 18 6
2283 25 25 9
2284 16 15 9
2285 12 12 8
2286 17 16 8
2287 15 15 9
2288 20 20 10
2289 25 24 10
2290 15 15 9
2291 24 23 9
2292 20 20 10
2293 15 14 8
2294 17 16 10
2295 13 13 9
2296 18 18 10
2297 19 19 11
2298 14 14 8
2299 19 18 8
2300 21 20 10
2301 7 7 7
2302 18 17 11
2303 8 8 8
2304 19 18 10
2305 13 13 7
2306 20 20 8
2307 17 16 8
2308 7 6 5
2309 13 13 9
2310 12 12 8
2311 17 17 11
2312 16 15 7
2313 12 12 6
2314 27 27 17
2315 6 6 6
2316 15 15 9
2317 8 8 8
2318 11 10 6
2319 17 17 13
2320 16 16 10
2321 7 7 7
2322 22 22 10
2323 13 13 7
2324 12 11 7
2325 10 9 8
2326 8 8 8
2327 15 14 10
2328 31 30 10
2329 23 22 8
2330 17 16 8
2331 21 20 8
2332 11 11 7
2333 14 14 10
2334 13 13 7
2335 16 16 8
2336 13 12 6
2337 15 15 7
2338 22 21 7
2339 14 13 7
2340 6 6 6
2341 17 17 11
2342 12 12 8
2343 27 26 12
2344 23 22 6
2345 15 15 9
2346 16 15 7
2347 22 21 7
2348 8 8 8
2349 17 16 10
2350 21 20 8
2351 29 29 9
2352 20 20 6
2353 13 13 7
2354 12 11 7
2355 18 18 10
2356 17 17 7
2357 10 10 6
2358 17 17 7
2359 22 21 11
2360 14 13 7
2361 16 16 8
2362 15 14 6
2363 13 13 9
2364 12 12 8
2365 23 23 7
2366 10 10 6
2367 25 25 7
2368 20 20 6
2369 17 17 7
2370 10 10 6
2371 15 15 7
2372 20 19 7
2373 22 22 6
2374 13 13 7
2375 12 12 8
2376 29 28 8
2377 31 30 8
2378 13 12 6
2379 19 19 7
2380 20 20 6
2381 13 13 7
2382 10 10 6
2383 15 15 7
2384 20 19 7
2385 20 20 6
2386 19 19 9
2387 18 18 8
2388 19 18 8
2389 19 18 6
2390 15 15 9
2391 14 14 6
2392 29 29 9
2393 14 14 8
2394 15 14 8
2395 17 16 8
2396 11 11 7
2397 14 14 8
2398 27 27 9
2399 20 20 8
2400 15 15 7
2401 8 7 6
2402 22 21 9
2403 16 16 8
2404 19 18 10
2405 41 40 8
2406 21 20 6
2407 15 15 7
2408 14 14 8
2409 27 26 10
2410 17 16 8
2411 17 16 8
2412 25 24 8
2413 17 16 6
2414 17 17 7
2415 14 14 8
2416 17 17 7
2417 30 29 9
2418 18 18 8
2419 15 14 8
2420 37 36 8
2421 31 31 7
2422 24 24 6
2423 25 25 7
2424 18 18 6
2425 15 15 7
2426 26 26 6
2427 33 33 7
2428 32 31 9
2429 36 36 12
2430 23 22 6
2431 21 21 7
2432 20 19 7
2433 42 42 8
2434 37 37 7
2435 40 39 9
2436 26 25 7
2437 50 50 8
2438 35 34 10
2439 19 19 9
2440 24 24 6
2441 17 17 7
2442 28 28 6
2443 23 23 7
2444 14 14 6
2445 33 33 7
2446 34 34 14
2447 33 32 8
2448 33 32 10
2449 21 20 8
2450 39 38 12
2451 23 22 6
2452 21 21 7
2453 20 19 9
2454 22 21 7
2455 36 36 14
2456 13 13 7
2457 26 26 6
2458 17 17 7
2459 22 22 6
2460 29 29 15
2461 32 32 12
2462 31 30 10
2463 25 25 9
2464 12 12 6
2465 17 17 7
2466 22 21 7
2467 36 35 7
2468 18 17 7
2469 26 25 11
2470 20 20 8
2471 35 34 10
2472 21 21 7
2473 32 31 13
2474 28 27 9
2475 22 22 10
2476 25 25 7
2477 22 21 7
2478 22 22 6
2479 21 21 7
2480 10 10 6
2481 13 13 7
2482 12 12 6
2483 15 15 7
2484 16 15 7
2485 16 15 7
2486 22 21 7
2487 26 25 9
2488 14 13 7
2489 22 22 10
2490 21 21 11
2491 16 16 8
2492 17 16 8
2493 19 18 8
2494 17 17 7
2495 12 11 7
2496 28 28 14
2497 31 30 14
2498 33 32 16
2499 17 17 9
2500 26 26 10
2501 17 16 6
2502 13 13 7
2503 16 16 8
2504 17 17 7
2505 24 24 10
2506 27 26 6
2507 25 25 9
2508 12 12 6
2509 15 15 7
2510 12 11 7
2511 14 13 7
2512 12 11 7
2513 24 23 7
2514 22 21 7
2515 14 14 6
2516 23 23 11
2517 22 22 10
2518 21 20 8
2519 19 18 8
2520 13 12 8
2521 21 21 9
2522 18 17 7
2523 14 14 8
2524 23 22 8
2525 27 26 8
2526 19 18 10
2527 21 20 10
2528 21 20 8
2529 17 16 6
2530 13 13 7
2531 20 19 9
2532 14 14 8
2533 17 16 8
2534 13 13 7
2535 16 15 9
2536 22 21 7
2537 12 12 8
2538 19 18 12
2539 21 20 8
2540 19 19 7
2541 16 16 10
2542 13 13 7
2543 14 14 8
2544 11 11 7
2545 14 13 9
2546 18 17 9
2547 22 22 10
2548 15 14 8
2549 13 12 6
2550 23 23 9
2551 16 15 7
2552 16 15 9
2553 14 14 6
2554 15 15 7
2555 12 11 7
2556 22 21 9
2557 6 6 6
2558 21 21 9
2559 18 17 9
2560 12 12 6
2561 7 7 7
2562 14 14 8
2563 15 15 9
2564 16 15 7
2565 12 11 7
2566 20 19 11
2567 14 13 7
2568 16 16 8
2569 11 11 7
2570 20 20 12
2571 21 20 8
2572 15 14 8
2573 13 12 8
2574 23 23 11
2575 16 15 7
2576 14 14 8
2577 15 14 8
2578 21 20 8
2579 13 13 9
2580 14 14 6
2581 11 11 7
2582 18 18 8
2583 15 14 10
2584 19 18 8
2585 17 16 8
2586 25 24 8
2587 13 12 6
2588 23 23 11
2589 20 19 7
2590 16 15 7
2591 10 10 6
2592 15 15 9
2593 6 6 6
2594 17 17 11
2595 22 22 12
2596 21 20 8
2597 21 20 6
2598 11 11 7
2599 12 12 6
2600 19 19 11
2601 16 16 6
2602 17 17 7
2603 14 14 6
2604 13 13 7
2605 20 19 7
2606 12 11 7
2607 14 14 8
2608 11 11 7
2609 18 17 7
2610 26 26 14
2611 19 18 8
2612 13 12 8
2613 17 16 6
2614 15 15 7
2615 12 12 6
2616 17 17 7
2617 20 20 10
2618 19 18 10
2619 17 17 9
2620 20 20 8
2621 15 14 6
2622 13 13 9
2623 12 12 8
2624 13 13 7
2625 14 14 8
2626 9 8 7
2627 15 14 10
2628 13 12 8
2629 23 22 14
2630 13 12 8
2631 19 18 10
2632 15 14 8
2633 13 12 6
2634 7 7 7
2635 18 18 10
2636 13 12 6
2637 11 11 7
2638 18 17 9
2639 18 18 6
2640 11 11 7
2641 14 14 8
2642 25 24 8
2643 17 16 10
2644 13 12 8
2645 13 13 9
2646 12 12 6
2647 15 15 9
2648 14 13 9
2649 16 15 9
2650 12 12 6
2651 19 19 11
2652 14 14 6
2653 17 17 9
2654 12 12 8
2655 23 23 9
2656 16 15 7
2657 18 18 8
2658 17 17 7
2659 22 22 10
2660 13 12 8
2661 15 14 10
2662 19 19 7
2663 22 22 6
2664 19 19 9
2665 18 18 8
2666 17 16 6
2667 13 13 7
2668 26 26 8
2669 17 16 6
2670 19 19 7
2671 12 12 6
2672 13 13 7
2673 20 20 8
2674 27 26 8
2675 39 38 8
2676 21 21 7
2677 32 32 12
2678 21 20 6
2679 19 19 7
2680 16 16 6
2681 11 11 7
2682 16 16 8
2683 15 15 7
2684 22 22 8
2685 13 12 6
2686 15 15 9
2687 16 15 9
2688 14 14 8
2689 17 17 7
2690 14 14 8
2691 9 9 9
2692 20 20 8
2693 17 17 9
2694 16 16 10
2695 17 16 8
2696 13 13 9
2697 8 8 8
2698 25 24 10
2699 15 15 7
2700 14 14 8
2701 15 15 7
2702 14 13 7
2703 18 18 8
2704 11 11 7
2705 14 13 7
2706 16 16 6
2707 17 17 9
2708 14 13 9
2709 8 7 6
2710 20 20 10
2711 29 29 7
2712 22 21 7
2713 18 18 8
2714 21 20 8
2715 15 14 6
2716 27 27 7
2717 16 16 8
2718 13 13 7
2719 12 11 7
2720 18 18 8
2721 11 11 7
2722 18 17 9
2723 16 16 6
2724 19 19 9
2725 20 20 6
2726 17 17 7
2727 12 12 8
2728 17 16 8
2729 15 14 6
2730 25 25 11
2731 14 14 6
2732 23 23 9
2733 10 10 6
2734 13 13 7
2735 16 15 9
2736 22 22 8
2737 23 22 8
2738 23 22 8
2739 13 12 6
2740 29 29 13
2741 12 12 6
2742 23 23 7
2743 14 13 7
2744 16 16 6
2745 17 17 7
2746 30 30 8
2747 17 16 6
2748 13 13 7
2749 26 26 8
2750 19 18 8
2751 11 11 7
2752 14 14 6
2753 15 15 7
2754 26 25 9
2755 24 24 8
2756 25 24 8
2757 15 14 6
2758 21 21 7
2759 20 20 8
2760 19 18 8
2761 19 18 6
2762 23 23 9
2763 18 18 8
2764 13 13 7
2765 20 20 10
2766 19 18 10
2767 13 12 6
2768 19 19 11
2769 12 12 8
2770 17 16 8
2771 19 18 10
2772 19 19 9
2773 14 14 8
2774 15 15 9
2775 16 16 8
2776 21 21 9
2777 14 14 8
2778 25 25 11
2779 12 12 8
2780 13 13 7
2781 16 16 8
2782 23 23 11
2783 10 10 6
2784 17 17 9
2785 24 24 10
2786 13 13 9
2787 16 15 7
2788 12 12 8
2789 15 15 9
2790 8 7 6
2791 26 26 10
2792 9 8 7
2793 23 22 10
2794 15 15 7
2795 16 15 11
2796 10 10 6
2797 15 15 7
2798 12 11 7
2799 20 19 11
2800 16 16 8
2801 23 22 12
2802 13 12 6
2803 17 17 11
2804 16 15 7
2805 16 16 10
2806 13 13 7
2807 14 14 8
2808 19 19 11
2809 22 22 12
2810 13 12 8
2811 15 14 8
2812 11 10 6
2813 15 15 7
2814 8 7 6
2815 16 16 10
2816 17 16 10
2817 17 16 10
2818 13 12 8
2819 13 13 9
2820 14 13 7
2821 20 19 9
2822 18 17 9
2823 18 18 8
2824 23 23 7
2825 22 22 8
2826 11 11 7
2827 12 12 8
2828 7 6 5
2829 15 15 11
2830 8 7 6
2831 20 20 8
2832 11 11 7
2833 20 20 12
2834 13 12 6
2835 13 13 7
2836 18 17 7
2837 8 8 8
2838 17 16 10
2839 17 16 10
2840 13 13 9
2841 18 18 8
2842 19 18 8
2843 15 15 9
2844 14 14 10
2845 23 22 8
2846 13 12 8
2847 23 22 12
2848 7 7 7
2849 18 18 6
2850 19 19 9
2851 24 23 9
2852 12 11 7
2853 14 13 7
2854 14 14 8
2855 15 15 9
2856 18 18 10
2857 21 20 8
2858 23 23 9
2859 12 11 7
2860 20 19 9
2861 14 14 8
2862 13 13 9
2863 20 20 8
2864 13 12 8
2865 7 6 5
2866 21 21 11
2867 14 14 8
2868 21 20 6
2869 11 11 7
2870 22 22 10
2871 17 16 10
2872 17 16 8
2873 15 15 9
2874 16 16 8
2875 27 27 11
2876 12 12 8
2877 11 10 6
2878 23 23 11
2879 8 7 6
2880 18 18 10
2881 15 15 9
2882 14 13 7
2883 14 13 7
2884 20 20 10
2885 11 11 7
2886 20 19 9
2887 18 17 9
2888 20 19 11
2889 14 14 8
2890 19 18 10
2891 25 24 6
2892 23 23 9
2893 20 19 7
2894 10 10 6
2895 13 13 7
2896 12 11 7
2897 14 14 10
2898 15 14 10
2899 13 12 8
2900 17 16 8
2901 17 16 10
2902 23 22 10
2903 13 12 8
2904 15 14 8
2905 17 17 9
2906 18 18 8
2907 17 16 10
2908 15 14 8
2909 7 7 7
2910 24 24 8
2911 13 12 6
2912 13 13 7
2913 14 14 8
2914 13 13 7
2915 20 19 7
2916 14 13 9
2917 16 15 7
2918 16 16 8
2919 23 23 9
2920 8 7 6
2921 14 14 8
2922 15 15 7
2923 12 11 7
2924 18 18 8
2925 19 18 8
2926 17 17 7
2927 24 23 7
2928 20 19 9
2929 18 17 7
2930 14 13 9
2931 14 13 7
2932 20 19 13
2933 14 14 10
2934 19 18 6
2935 13 13 7
2936 12 11 7
2937 16 15 9
2938 14 13 7
2939 16 16 10
2940 7 7 7
2941 14 14 8
2942 15 15 7
2943 30 29 9
2944 14 14 6
2945 15 15 7
2946 10 10 6
2947 13 13 7
2948 16 15 9
2949 18 17 7
2950 22 22 8
2951 19 19 9
2952 12 12 6
2953 17 17 7
2954 12 11 7
2955 14 13 7
2956 14 14 6
2957 25 25 9
2958 16 15 7
2959 14 14 8
2960 11 10 6
2961 15 15 7
2962 14 14 8
2963 17 16 6
2964 21 21 7
2965 18 18 8
2966 15 15 7
2967 18 18 8
2968 15 15 7
2969 16 16 6
2970 15 15 7
2971 22 22 6
2972 13 13 7
2973 28 28 8
2974 17 16 6
2975 25 25 7
2976 14 14 6
2977 15 15 7
2978 18 17 7
2979 14 13 7
2980 18 18 6
2981 27 27 7
2982 20 19 7
2983 18 18 8
2984 15 15 7
2985 20 20 10
2986 21 20 6
2987 23 23 9
2988 18 17 7
2989 18 18 6
2990 17 17 7
2991 18 18 6
2992 17 17 9
2993 10 10 6
2994 21 21 7
2995 20 19 7
2996 12 12 6
2997 15 15 7
2998 36 36 12
2999 19 18 6
3000 15 15 7
3001 14 13 7
3002 16 15 9
3003 6 6 6
3004 13 13 7
3005 24 23 9
3006 32 31 15
3007 18 18 10
3008 13 12 6
3009 25 25 11
3010 10 10 6
3011 31 31 13
3012 24 24 14
3013 29 28 14
3014 29 28 10
3015 23 22 10
3016 31 30 12
3017 15 14 8
3018 15 14 8
3019 17 16 6
3020 25 25 9
3021 12 11 7
3022 22 22 8
3023 15 14 6
3024 19 19 7
3025 18 17 9
3026 28 28 10
3027 21 21 9
3028 30 29 7
3029 20 20 12
3030 17 16 10
3031 11 10 6
3032 19 19 9
3033 16 16 8
3034 15 14 8
3035 25 24 8
3036 17 17 7
3037 16 15 9
3038 12 12 6
3039 11 11 7
3040 12 12 8
3041 21 20 8
3042 31 30 12
3043 13 12 6
3044 23 23 11
3045 18 17 7
3046 12 11 7
3047 12 12 8
3048 21 20 10
3049 19 18 8
3050 13 13 9
3051 14 13 7
3052 18 17 7
3053 14 13 7
3054 8 7 6
3055 24 23 11
3056 6 6 6
3057 17 17 7
3058 14 13 7
3059 20 19 9
3060 22 21 9
3061 18 18 8
3062 7 7 7
3063 18 18 8
3064 15 15 7
3065 12 11 7
3066 6 6 6
3067 15 15 11
3068 10 10 6
3069 13 13 9
3070 22 21 9
3071 14 14 8
3072 19 18 8
3073 15 14 8
3074 19 18 10
3075 17 16 8
3076 15 14 8
3077 17 16 10
3078 13 12 6
3079 19 19 7
3080 14 13 7
3081 24 24 12
3082 15 14 6
3083 13 13 9
3084 6 6 6
3085 19 19 9
3086 6 6 6
3087 17 17 11
3088 12 12 6
3089 21 21 9
3090 18 18 8
3091 19 18 8
3092 17 17 9
3093 12 12 6
3094 11 11 7
3095 14 13 7
3096 8 7 6
3097 16 16 10
3098 17 16 8
3099 13 13 7
3100 12 11 7
3101 16 15 11
3102 12 12 8
3103 7 6 5
3104 15 15 9
3105 14 13 9
3106 24 23 11
3107 14 14 8
3108 13 13 7
3109 12 12 8
3110 7 7 7
3111 14 14 10
3112 15 14 10
3113 11 11 7
3114 18 18 10
3115 17 16 8
3116 11 11 7
3117 12 11 7
3118 12 12 8
3119 15 14 10
3120 15 15 11
3121 12 12 8
3122 23 23 7
3123 24 24 8
3124 13 13 7
3125 8 7 6
3126 18 18 10
3127 11 11 7
3128 14 14 8
3129 17 17 9
3130 12 12 8
3131 13 13 9
3132 14 14 8
3133 13 13 7
3134 18 17 9
3135 10 9 8
3136 14 14 10
3137 15 14 8
3138 17 16 8
3139 27 27 9
3140 20 20 10
3141 13 12 6
3142 17 17 7
3143 12 12 8
3144 13 13 7
3145 14 14 8
3146 15 14 10
3147 21 20 8
3148 15 15 11
3149 14 14 8
3150 15 14 10
3151 17 16 8
3152 17 17 7
3153 12 12 8
3154 15 15 7
3155 8 7 6
3156 20 20 10
3157 19 18 8
3158 15 14 6
3159 7 7 7
3160 18 17 7
3161 14 13 9
3162 16 15 7
3163 8 8 8
3164 15 15 7
3165 14 13 9
3166 16 16 8
3167 17 17 9
3168 18 17 7
3169 12 11 7
3170 12 12 8
3171 15 14 8
3172 13 13 9
3173 10 10 6
3174 15 15 9
3175 12 11 7
3176 14 13 9
3177 8 8 8
3178 15 14 10
3179 11 11 7
3180 14 13 9
3181 12 12 6
3182 15 15 7
3183 14 13 9
3184 14 14 8
3185 13 13 7
3186 20 20 12
3187 7 6 5
3188 11 11 7
3189 20 19 9
3190 26 25 7
3191 26 25 7
3192 22 22 8
3193 15 15 7
3194 16 16 6
3195 7 7 7
3196 8 7 6
3197 12 11 7
3198 8 7 6
3199 16 16 10
3200 15 14 6
3201 15 15 9
3202 16 16 6
3203 15 15 7
3204 8 7 6
3205 14 14 10
3206 19 18 8
3207 17 17 7
3208 32 31 7
3209 28 27 9
3210 14 14 6
3211 15 15 7
3212 10 10 6
3213 13 13 7
3214 12 11 7
3215 20 20 8
3216 31 30 8
3217 27 27 7
3218 16 16 6
3219 15 15 7
3220 12 11 7
3221 18 17 7
3222 32 31 7
3223 20 20 8
3224 31 30 6
3225 19 19 7
3226 10 10 6
3227 19 19 7
3228 14 14 6
3229 49 49 7
3230 36 35 7
3231 26 26 6
3232 17 17 7
3233 22 22 6
3234 19 19 7
3235 30 30 6
3236 23 23 7
3237 16 16 6
3238 21 21 7
3239 24 24 8
3240 15 14 6
3241 37 37 7
3242 22 21 7
3243 22 22 6
3244 19 19 7
3245 24 23 9
3246 18 18 6
3247 19 19 7
3248 14 14 6
3249 23 23 7
3250 20 20 8
3251 25 24 8
3252 17 16 6
3253 25 25 7
3254 24 23 7
3255 30 29 9
3256 12 12 6
3257 13 13 7
3258 18 18 6
3259 21 21 9
3260 30 30 8
3261 29 29 7
3262 20 19 7
3263 16 16 8
3264 11 11 7
3265 16 16 8
3266 29 29 9
3267 38 38 12
3268 31 30 16
3269 17 17 9
3270 26 26 10
3271 27 26 6
3272 33 33 7
3273 40 40 6
3274 27 27 7
3275 34 33 7
3276 34 34 8
3277 31 30 8
3278 21 20 6
3279 31 31 7
3280 30 29 7
3281 20 20 6
3282 19 19 7
3283 28 28 10
3284 27 26 8
3285 23 22 8
3286 19 18 6
3287 29 29 11
3288 32 31 7
3289 16 16 6
3290 29 29 7
3291 38 38 12
3292 27 26 12
3293 35 34 10
3294 19 18 8
3295 19 18 8
3296 23 22 8
3297 25 25 11
3298 20 20 8
3299 35 34 12
3300 19 18 6
3301 23 23 7
3302 30 29 7
3303 18 17 7
3304 18 18 6
3305 17 17 7
3306 16 15 7
3307 14 13 7
3308 18 18 8
3309 13 13 7
3310 26 25 9
3311 12 12 6
3312 21 21 7
3313 26 25 7
3314 18 18 8
3315 31 30 10
3316 27 26 8
3317 13 12 6
3318 21 21 9
3319 18 18 8
3320 19 19 7
3321 24 23 7
3322 16 15 7
3323 22 21 7
3324 20 20 8
3325 27 26 6
3326 17 17 7
3327 12 12 6
3328 21 21 7
3329 16 16 6
3330 25 25 7
3331 16 15 7
3332 22 22 8
3333 21 21 7
3334 40 39 13
3335 18 17 7
3336 24 24 8
3337 17 17 7
3338 20 20 6
3339 19 19 9
3340 30 30 8
3341 15 14 8
3342 19 19 7
3343 28 27 7
3344 20 19 7
3345 20 19 7
3346 18 18 8
3347 21 20 6
3348 27 27 11
3349 18 18 6
3350 23 23 7
3351 24 24 8
3352 21 20 10
3353 21 20 6
3354 21 21 9
3355 24 24 8
3356 17 17 9
3357 24 23 7
3358 28 28 8
3359 21 20 6
3360 23 23 9
3361 22 22 8
3362 15 14 6
3363 15 15 7
3364 28 28 8
3365 29 29 7
3366 26 26 8
3367 23 22 8
3368 33 32 6
3369 23 23 7
3370 28 28 8
3371 31 30 6
3372 31 31 7
3373 16 16 6
3374 19 19 7
3375 30 29 7
3376 40 40 10
3377 21 21 7
3378 26 25 7
3379 50 49 11
3380 28 28 6
3381 25 25 7
3382 24 23 7
3383 30 29 7
3384 18 17 7
3385 42 42 10
3386 29 29 9
3387 24 24 6
3388 19 19 7
3389 22 21 7
3390 24 24 8
3391 15 14 8
3392 43 43 13
3393 24 23 9
3394 34 33 9
3395 20 20 8
3396 23 22 6
3397 23 23 7
3398 26 26 8
3399 19 19 7
3400 24 23 7
3401 18 18 6
3402 25 25 13
3403 12 12 6
3404 35 35 13
3405 24 24 8
3406 35 35 7
3407 30 29 9
3408 24 24 10
3409 25 25 7
3410 16 15 7
3411 16 16 8
3412 17 16 8
3413 23 23 9
3414 26 25 9
3415 24 24 8
3416 13 13 7
3417 20 20 8
3418 39 38 12
3419 21 21 7
3420 44 43 9
3421 24 24 8
3422 19 19 9
3423 18 18 6
3424 23 23 9
3425 38 37 9
3426 28 28 8
3427 27 26 8
3428 33 33 7
3429 22 22 8
3430 25 24 6
3431 43 43 9
3432 16 15 7
3433 34 34 8
3434 23 22 6
3435 19 19 7
3436 16 16 6
3437 29 29 7
3438 24 24 6
3439 25 25 9
3440 20 20 8
3441 25 25 7
3442 20 20 8
3443 21 21 11
3444 26 26 6
3445 27 27 7
3446 22 22 6
3447 15 15 7
3448 22 22 8
3449 29 28 6
3450 25 25 7
3451 36 35 9
3452 26 25 7
3453 26 26 8
3454 25 24 6
3455 21 21 7
3456 28 27 7
3457 26 26 8
3458 23 23 7
3459 34 34 8
3460 31 30 6
3461 23 23 7
3462 22 22 8
3463 19 18 8
3464 23 22 8
3465 31 30 6
3466 21 21 7
3467 40 39 7
3468 38 37 9
3469 32 31 7
3470 32 31 7
3471 32 31 7
3472 26 26 8
3473 39 39 7
3474 38 37 7
3475 30 29 7
3476 24 24 8
3477 27 26 6
3478 25 25 9
3479 28 28 6
3480 39 39 9
3481 22 22 6
3482 31 31 7
3483 24 23 9
3484 30 30 8
3485 15 14 6
3486 19 19 7
3487 24 24 10
3488 21 20 6
3489 35 35 7
3490 22 21 7
3491 12 11 7
3492 18 17 7
3493 28 28 8
3494 23 22 6
3495 17 17 7
3496 14 13 7
3497 14 14 6
3498 15 15 7
3499 14 13 7
3500 20 20 10
3501 15 14 8
3502 23 22 6
3503 17 17 7
3504 22 22 10
3505 17 17 7
3506 26 26 8
3507 11 11 7
3508 24 24 10
3509 7 6 5
3510 11 11 7
3511 16 15 7
3512 18 18 10
3513 11 10 6
3514 21 21 9
3515 24 23 7
3516 20 19 9
3517 26 26 8
3518 21 21 7
3519 14 14 6
3520 17 17 9
3521 14 13 9
3522 18 18 6
3523 13 13 7
3524 24 23 9
3525 12 12 6
3526 21 21 7
3527 22 21 9
3528 20 19 11
3529 18 18 8
3530 23 22 10
3531 23 23 9
3532 22 21 9
3533 14 14 8
3534 23 22 10
3535 13 12 8
3536 27 26 10
3537 13 13 7
3538 22 22 10
3539 19 18 8
3540 19 19 7
3541 22 21 7
3542 12 11 7
3543 22 22 10
3544 11 11 7
3545 28 27 9
3546 20 20 6
3547 15 15 7
3548 12 12 8
3549 19 18 8
3550 19 18 8
3551 19 18 6
3552 25 25 9
3553 24 23 7
3554 18 17 7
3555 22 21 7
3556 18 17 9
3557 18 18 6
3558 7 7 7
3559 16 15 9
3560 22 22 6
3561 25 25 9
3562 20 20 6
3563 15 15 7
3564 22 22 8
3565 11 11 7
3566 6 6 6
3567 19 19 7
3568 26 25 7
3569 26 26 8
3570 13 13 7
3571 38 37 9
3572 28 28 6
3573 17 17 7
3574 14 14 6
3575 19 19 7
3576 26 25 7
3577 26 26 6
3578 15 15 7
3579 20 20 6
3580 19 19 9
3581 24 24 6
3582 27 27 7
3583 22 21 7
3584 18 18 6
3585 25 25 7
3586 24 24 6
3587 21 21 7
3588 36 36 6
3589 21 21 7
3590 28 27 7
3591 20 20 6
3592 25 25 7
3593 22 22 8
3594 27 26 8
3595 27 26 8
3596 19 18 6
3597 13 13 7
3598 18 18 6
3599 17 17 7
3600 24 23 7
3601 26 26 6
3602 21 21 9
3603 20 19 9
3604 24 23 9
3605 28 28 8
3606 21 20 6
3607 25 25 9
3608 34 33 9
3609 22 21 7
3610 22 21 7
3611 16 16 6
3612 23 23 9
3613 24 24 8
3614 15 15 7
3615 22 21 9
3616 20 19 7
3617 20 20 8
3618 25 25 9
3619 28 27 7
3620 18 17 7
3621 26 25 9
3622 24 24 8
3623 11 10 6
3624 19 19 7
3625 16 16 8
3626 19 19 7
3627 12 12 6
3628 33 33 13
3629 16 16 6
3630 31 31 9
3631 18 18 8
3632 27 27 7
3633 20 19 7
3634 28 28 8
3635 11 11 7
3636 36 35 9
3637 20 19 9
3638 20 20 8
3639 17 17 7
3640 20 20 6
3641 19 19 9
3642 14 14 6
3643 29 29 9
3644 18 18 10
3645 23 23 9
3646 18 18 6
3647 21 21 11
3648 20 20 8
3649 13 12 6
3650 19 19 9
3651 20 19 11
3652 14 14 8
3653 19 18 6
3654 17 17 9
3655 14 14 6
3656 13 13 7
3657 18 18 6
3658 17 17 7
3659 26 25 9
3660 20 19 7
3661 18 17 9
3662 14 14 6
3663 13 13 7
3664 16 15 7
3665 20 19 9
3666 18 18 8
3667 19 18 8
3668 11 11 7
3669 14 13 7
3670 8 7 6
3671 18 18 8
3672 13 13 7
3673 22 22 12
3674 19 18 8
3675 25 24 10
3676 25 25 9
3677 20 19 9
3678 22 22 6
3679 21 21 7
3680 14 14 6
3681 21 21 7
3682 12 11 7
3683 22 22 8
3684 11 11 7
3685 18 18 8
3686 11 11 7
3687 18 17 7
3688 20 20 6
3689 19 19 9
3690 18 17 7
3691 20 20 8
3692 19 19 7
3693 12 12 6
3694 17 17 7
3695 28 28 10
3696 25 24 6
3697 17 17 7
3698 12 12 6
3699 11 11 7
3700 24 24 10
3701 17 16 6
3702 19 19 9
3703 24 24 10
3704 13 12 8
3705 13 12 6
3706 17 17 7
3707 14 14 8
3708 17 17 7
3709 20 20 6
3710 21 21 7
3711 8 7 6
3712 18 18 8
3713 13 12 8
3714 13 13 7
3715 6 6 6
3716 19 19 11
3717 14 13 7
3718 20 20 10
3719 17 16 8
3720 21 20 10
3721 19 18 8
3722 15 14 6
3723 13 13 7
3724 14 13 7
3725 12 11 7
3726 18 18 10
3727 9 8 7
3728 17 16 10
3729 13 13 9
3730 16 16 8
3731 21 20 8
3732 17 16 10
3733 17 16 8
3734 21 20 6
3735 17 17 9
3736 14 14 8
3737 15 15 9
3738 18 17 9
3739 18 18 8
3740 19 19 7
3741 20 19 7
3742 24 23 7
3743 16 15 7
3744 18 18 10
3745 17 16 8
3746 21 20 10
3747 7 7 7
3748 20 20 8
3749 21 21 11
3750 22 22 10
3751 19 18 8
3752 27 26 8
3753 17 16 8
3754 15 14 6
3755 13 13 7
3756 14 14 8
3757 19 18 8
3758 21 21 7
3759 12 11 7
3760 26 25 7
3761 14 13 7
3762 22 22 8
3763 21 21 7
3764 30 29 9
3765 18 18 6
3766 15 15 9
3767 22 22 8
3768 21 20 8
3769 19 19 7
3770 12 12 8
3771 11 11 7
3772 18 17 9
3773 14 13 7
3774 12 11 7
3775 18 18 10
3776 13 13 7
3777 14 14 6
3778 25 25 11
3779 18 17 9
3780 12 12 6
3781 15 15 7
3782 16 16 10
3783 23 22 8
3784 19 19 7
3785 20 20 8
3786 15 14 6
3787 15 15 7
3788 16 15 7
3789 12 11 7
3790 18 18 6
3791 21 21 7
3792 14 14 6
3793 13 13 7
3794 18 17 7
3795 16 16 8
3796 13 12 8
3797 23 22 8
3798 29 28 8
3799 19 18 6
3800 23 23 7
3801 14 14 6
3802 15 15 7
3803 20 20 6
3804 21 21 7
3805 18 18 8
3806 13 12 6
3807 17 17 7
3808 14 14 6
3809 25 25 7
3810 20 20 6
3811 15 15 7
3812 20 20 6
3813 11 11 7
3814 10 10 6
3815 25 25 7
3816 20 19 7
3817 16 16 6
3818 19 19 7
3819 20 19 7
3820 18 18 8
3821 29 28 8
3822 25 24 6
3823 21 21 9
3824 14 14 6
3825 35 35 7
3826 22 22 8
3827 21 20 6
3828 25 25 7
3829 14 14 6
3830 19 19 7
3831 32 31 7
3832 38 38 6
3833 25 25 7
3834 16 16 6
3835 33 33 9
3836 24 23 7
3837 20 20 8
3838 27 26 6
3839 17 17 7
3840 22 21 7
3841 18 18 6
3842 27 27 7
3843 20 19 9
3844 38 37 11
3845 26 26 6
3846 37 37 7
3847 24 24 6
3848 27 27 7
3849 16 15 7
3850 16 16 6
3851 35 35 7
3852 34 34 6
3853 23 23 7
3854 22 22 6
3855 25 25 7
3856 28 27 7
3857 22 22 6
3858 27 27 7
3859 14 14 6
3860 27 27 7
3861 32 32 8
3862 19 19 7
3863 18 17 7
3864 32 31 9
3865 26 25 9
3866 36 35 9
3867 16 15 7
3868 32 32 12
3869 19 18 6
3870 25 25 9
3871 18 18 8
3872 19 19 7
3873 18 17 7
3874 44 44 14
3875 31 30 14
3876 17 16 6
3877 13 13 7
3878 58 58 14
3879 29 29 7
3880 18 18 6
3881 17 17 7
3882 18 18 6
3883 13 13 7
3884 10 10 6
3885 23 23 7
3886 32 32 12
3887 31 31 15
3888 24 23 9
3889 36 36 14
3890 13 12 6
3891 21 21 7
3892 20 19 9
3893 20 19 7
3894 26 25 9
3895 22 22 10
3896 11 10 6
3897 31 31 15
3898 22 21 9
3899 18 18 10
3900 17 16 8
3901 17 16 6
3902 13 13 7
3903 32 31 13
3904 14 14 6
3905 17 17 9
3906 20 19 9
3907 32 32 12
3908 17 17 9
3909 16 15 9
3910 22 21 11
3911 28 28 14
3912 15 15 7
3913 26 25 15
3914 14 14 6
3915 29 29 11
3916 14 14 8
3917 21 20 8
3918 15 14 8
3919 23 23 11
3920 18 17 7
3921 14 14 8
3922 13 12 6
3923 13 13 9
3924 18 18 8
3925 25 24 8
3926 21 21 7
3927 16 16 8
3928 11 11 7
3929 20 20 8
3930 23 22 10
3931 17 17 7
3932 20 19 7
3933 20 19 9
3934 18 18 8
3935 15 15 7
3936 6 6 6
3937 19 19 7
3938 24 23 9
3939 10 10 6
3940 13 13 7
3941 14 13 9
3942 16 15 7
3943 12 11 7
3944 14 13 7
3945 22 22 10
3946 15 14 8
3947 19 18 8
3948 25 25 9
3949 14 13 7
3950 22 22 8
3951 11 11 7
3952 22 22 12
3953 13 13 7
3954 14 14 8
3955 7 7 7
3956 18 18 8
3957 17 17 7
3958 18 17 9
3959 18 18 8
3960 23 22 10
3961 19 19 7
3962 16 16 8
3963 17 16 8
3964 17 16 8
3965 17 16 8
3966 21 20 8
3967 19 18 8
3968 17 16 8
3969 13 12 6
3970 17 17 9
3971 24 24 6
3972 15 15 7
3973 20 19 7
3974 26 25 9
3975 20 20 8
3976 31 31 13
3977 14 14 8
3978 35 34 10
3979 21 20 6
3980 17 17 7
3981 18 17 7
3982 20 19 7
3983 18 17 7
3984 10 10 6
3985 15 15 9
3986 22 22 10
3987 17 17 7
3988 24 23 7
3989 18 18 8
3990 21 21 7
3991 12 12 6
3992 15 15 7
3993 16 15 9
3994 12 12 6
3995 23 23 9
3996 16 16 6
3997 13 13 7
3998 26 25 9
3999 18 18 8
4000 21 20 8
4001 15 14 8
4002 17 16 6
4003 21 21 7
4004 22 22 8
4005 13 12 6
4006 21 21 9
4007 10 10 6
4008 29 29 9
4009 20 19 7
4010 16 15 7
4011 12 12 6
4012 17 17 7
4013 12 12 6
4014 21 21 7
4015 18 17 7
4016 20 19 7
4017 20 19 7
4018 18 17 7
4019 22 22 12
4020 17 17 9
4021 14 14 6
4022 29 29 7
4023 12 11 7
4024 20 20 8
4025 23 22 10
4026 15 14 8
4027 21 21 7
4028 16 16 8
4029 17 16 6
4030 15 15 9
4031 18 18 8
4032 7 6 5
4033 11 11 7
4034 22 21 9
4035 22 22 10
4036 23 22 6
4037 15 15 7
4038 22 21 7
4039 16 16 6
4040 25 25 9
4041 14 14 6
4042 15 15 7
4043 18 18 10
4044 15 14 8
4045 23 22 6
4046 17 17 7
4047 18 18 8
4048 19 19 9
4049 24 23 9
4050 22 22 8
4051 25 25 9
4052 18 17 7
4053 20 19 7
4054 18 17 9
4055 18 17 7
4056 6 6 6
4057 19 19 9
4058 12 11 7
4059 16 16 8
4060 11 11 7
4061 12 12 8
4062 23 22 10
4063 11 11 7
4064 12 11 7
4065 20 19 9
4066 22 21 7
4067 12 11 7
4068 16 15 7
4069 22 22 10
4070 9 8 7
4071 17 16 10
4072 7 6 5
4073 19 19 13
4074 14 14 8
4075 17 16 10
4076 19 19 9
4077 16 16 10
4078 17 16 6
4079 19 19 9
4080 16 15 9
4081 30 30 12
4082 15 14 8
4083 17 16 8
4084 15 15 9
4085 10 10 6
4086 21 21 13
4087 20 20 8
4088 13 13 7
4089 10 10 6
4090 15 15 9
4091 8 7 6
4092 18 18 12
4093 27 26 10
4094 17 17 7
4095 20 19 11
4096 16 16 6
4097 17 17 9
4098 16 15 7
4099 12 11 7
4100 16 16 10
4101 7 7 7
4102 18 18 10
4103 19 19 11
4104 12 12 8
4105 15 14 8
4106 17 16 10
4107 7 7 7
4108 22 21 11
4109 12 12 8
4110 25 24 8
4111 17 16 10
4112 15 14 10
4113 15 14 8
4114 15 14 10
4115 7 6 5
4116 23 23 11
4117 12 12 8
4118 21 20 10
4119 15 14 6
4120 19 19 11
4121 18 18 8
4122 17 17 11
4123 16 15 7
4124 18 17 9
4125 12 11 7
4126 16 16 10
4127 19 18 10
4128 15 14 8
4129 7 6 5
4130 23 23 11
4131 10 9 8
4132 18 18 6
4133 15 15 7
4134 26 26 14
4135 13 12 8
4136 15 14 8
4137 17 16 8
4138 13 12 6
4139 13 13 7
4140 14 14 10
4141 15 14 10
4142 25 24 12
4143 13 13 7
4144 24 24 10
4145 15 14 10
4146 17 16 6
4147 17 17 9
4148 14 13 9
4149 18 18 8
4150 15 15 9
4151 18 18 6
4152 15 15 7
4153 18 18 8
4154 11 11 7
4155 26 26 10
4156 7 6 5
4157 17 17 7
4158 16 15 9
4159 22 21 11
4160 16 16 6
4161 13 13 7
4162 12 11 7
4163 16 16 10
4164 17 16 8
4165 17 17 11
4166 14 14 6
4167 11 11 7
4168 14 14 8
4169 15 15 9
4170 8 8 8
4171 25 24 8
4172 15 15 7
4173 14 14 6
4174 21 21 11
4175 16 15 7
4176 14 13 7
4177 16 16 8
4178 9 8 7
4179 19 18 12
4180 17 16 8
4181 19 18 12
4182 21 21 7
4183 10 10 6
4184 17 17 7
4185 16 15 9
4186 8 7 6
4187 20 19 11
4188 18 18 8
4189 25 25 11
4190 16 16 6
4191 21 21 7
4192 10 10 6
4193 11 11 7
4194 12 12 8
4195 19 18 12
4196 29 29 7
4197 36 35 7
4198 16 16 8
4199 13 12 6
4200 13 13 7
4201 12 12 6
4202 19 19 7
4203 36 35 7
4204 30 30 6
4205 23 23 7
4206 10 10 6
4207 13 13 7
4208 24 24 6
4209 17 17 7
4210 42 41 9
4211 24 24 8
4212 17 17 7
4213 22 21 11
4214 36 35 7
4215 10 10 6
4216 15 15 7
4217 18 17 7
4218 24 23 9
4219 24 24 8
4220 27 26 10
4221 29 28 8
4222 23 22 8
4223 21 21 7
4224 30 29 9
4225 26 25 7
4226 28 27 11
4227 32 32 8
4228 27 27 11
4229 20 19 7
4230 34 34 12
4231 19 18 8
4232 31 31 9
4233 44 43 11
4234 30 29 9
4235 16 15 7
4236 22 21 9
4237 28 28 8
4238 25 25 13
4239 32 32 14
4240 23 23 11
4241 22 22 8
4242 31 31 9
4243 20 19 7
4244 16 16 8
4245 31 30 12
4246 25 25 9
4247 30 30 10
4248 21 21 9
4249 12 12 6
4250 23 23 7
4251 16 16 6
4252 23 23 9
4253 14 14 8
4254 23 23 7
4255 28 27 15
4256 16 15 7
4257 18 17 7
4258 20 19 7
4259 22 21 11
4260 14 14 8
4261 21 21 9
4262 36 35 13
4263 30 29 15
4264 26 25 9
4265 34 33 9
4266 22 21 7
4267 22 22 14
4268 23 23 9
4269 24 24 8
4270 23 23 7
4271 18 18 6
4272 23 23 7
4273 32 31 13
4274 26 26 10
4275 25 24 12
4276 29 28 12
4277 31 31 11
4278 42 42 14
4279 35 34 14
4280 21 21 7
4281 26 26 8
4282 27 27 7
4283 22 21 7
4284 24 23 7
4285 20 20 8
4286 31 31 11
4287 18 17 7
4288 22 22 8
4289 29 29 11
4290 30 29 11
4291 34 34 12
4292 35 34 14
4293 17 16 10
4294 23 23 7
4295 22 21 11
4296 28 28 14
4297 27 26 12
4298 15 14 8
4299 11 11 7
4300 40 40 12
4301 17 17 11
4302 16 16 8
4303 19 18 6
4304 19 19 7
4305 18 17 7
4306 12 11 7
4307 14 14 8
4308 21 20 6
4309 19 19 7
4310 16 15 7
4311 16 15 7
4312 18 18 8
4313 13 12 6
4314 23 23 11
4315 12 11 7
4316 10 10 6
4317 15 15 7
4318 22 21 9
4319 20 20 6
4320 7 7 7
4321 16 16 6
4322 13 13 7
4323 16 15 9
4324 18 17 7
4325 18 18 8
4326 15 14 8
4327 19 19 7
4328 10 10 6
4329 15 15 7
4330 8 7 6
4331 24 24 12
4332 29 28 8
4333 21 21 7
4334 16 16 8
4335 15 15 7
4336 18 17 9
4337 10 10 6
4338 7 7 7
4339 18 18 8
4340 15 14 8
4341 21 21 7
4342 18 17 7
4343 16 16 6
4344 13 13 7
4345 20 20 8
4346 19 19 7
4347 20 20 10
4348 21 20 10
4349 13 13 9
4350 14 14 8
4351 21 20 6
4352 19 19 9
4353 18 17 7
4354 18 17 9
4355 22 22 8
4356 11 11 7
4357 24 24 12
4358 13 12 6
4359 21 21 9
4360 24 23 7
4361 32 32 10
4362 19 19 9
4363 20 20 6
4364 7 7 7
4365 20 20 10
4366 13 13 7
4367 24 24 10
4368 11 10 6
4369 13 13 9
4370 26 26 10
4371 23 22 6
4372 15 15 7
4373 16 15 7
4374 10 10 6
4375 23 23 9
4376 8 8 8
4377 19 18 10
4378 21 20 8
4379 19 18 8
4380 7 7 7
4381 26 26 12
4382 19 18 8
4383 17 17 9
4384 6 6 6
4385 17 17 9
4386 14 14 6
4387 15 15 7
4388 16 15 9
4389 14 14 8
4390 19 19 7
4391 14 13 9
4392 18 18 8
4393 17 16 8
4394 17 17 9
4395 14 14 8
4396 17 17 7
4397 20 19 9
4398 10 10 6
4399 17 17 7
4400 24 24 10
4401 13 13 7
4402 14 14 8
4403 13 12 8
4404 15 14 8
4405 7 6 5
4406 13 13 9
4407 24 24 8
4408 15 14 6
4409 13 13 7
4410 18 17 9
4411 6 6 6
4412 19 19 9
4413 8 7 6
4414 16 16 8
4415 15 14 6
4416 17 17 7
4417 16 15 7
4418 20 19 7
4419 8 7 6
4420 12 12 8
4421 11 11 7
4422 26 26 10
4423 17 16 6
4424 23 23 7
4425 14 13 7
4426 14 13 9
4427 18 17 7
4428 20 19 9
4429 16 15 7
4430 12 12 8
4431 17 16 8
4432 19 18 10
4433 15 15 7
4434 22 21 7
4435 12 11 7
4436 20 20 10
4437 21 20 8
4438 17 17 9
4439 6 6 6
4440 15 15 9
4441 16 16 8
4442 23 23 7
4443 20 19 7
4444 18 17 9
4445 10 10 6
4446 27 27 11
4447 14 14 8
4448 13 12 6
4449 11 11 7
4450 14 14 8
4451 17 16 8
4452 13 12 8
4453 19 18 10
4454 21 20 8
4455 17 17 7
4456 18 18 8
4457 13 12 6
4458 19 19 9
4459 10 10 6
4460 25 25 7
4461 14 14 8
4462 17 16 6
4463 13 13 9
4464 10 10 6
4465 21 21 9
4466 24 24 8
4467 15 14 8
4468 13 13 7
4469 22 22 6
4470 17 17 7
4471 22 21 9
4472 20 20 8
4473 21 21 7
4474 14 13 7
4475 18 18 6
4476 15 15 7
4477 16 16 8
4478 19 18 6
4479 29 29 7
4480 24 23 7
4481 20 20 6
4482 19 19 7
4483 18 18 6
4484 27 27 9
4485 18 18 6
4486 15 15 7
4487 20 20 8
4488 25 24 8
4489 19 18 8
4490 19 19 7
4491 28 28 6
4492 49 49 7
4493 30 29 7
4494 16 16 6
4495 21 21 7
4496 24 23 7
4497 22 22 6
4498 39 39 7
4499 34 34 8
4500 21 21 7
4501 18 18 6
4502 27 27 7
4503 20 20 8
4504 27 26 8
4505 27 26 8
4506 17 16 6
4507 21 21 7
4508 28 27 7
4509 22 22 6
4510 17 17 7
4511 26 25 7
4512 30 29 9
4513 16 15 7
4514 18 18 8
4515 21 20 8
4516 19 18 6
4517 23 23 9
4518 28 28 8
4519 23 22 8
4520 15 15 7
4521 40 39 11
4522 26 25 9
4523 22 21 7
4524 38 38 6
4525 21 21 7
4526 24 23 7
4527 20 20 8
4528 23 22 12
4529 25 24 8
4530 23 22 8
4531 21 20 8
4532 25 25 9
4533 32 31 7
4534 28 27 9
4535 48 48 10
4536 23 23 7
4537 16 16 6
4538 11 11 7
4539 22 22 8
4540 21 20 6
4541 25 25 7
4542 34 33 7
4543 28 27 9
4544 16 16 6
4545 19 19 11
4546 18 18 6
4547 21 21 7
4548 32 31 7
4549 26 26 8
4550 19 19 7
4551 26 25 11
4552 22 22 6
4553 31 31 7
4554 30 29 9
4555 26 26 8
4556 37 36 14
4557 23 23 11
4558 20 20 6
4559 17 17 7
4560 20 19 9
4561 20 20 10
4562 29 29 15
4563 18 18 8
4564 33 32 8
4565 15 14 6
4566 41 41 15
4567 16 16 6
4568 35 35 11
4569 18 18 6
4570 17 17 9
4571 16 15 7
4572 26 26 12
4573 13 13 7
4574 22 21 7
4575 18 17 7
4576 50 50 22
4577 29 28 8
4578 21 20 10
4579 19 18 8
4580 17 16 6
4581 15 15 9
4582 18 18 8
4583 17 16 6
4584 23 23 7
4585 16 15 7
4586 28 28 8
4587 9 8 7
4588 21 20 8
4589 23 23 11
4590 20 20 10
4591 13 12 6
4592 25 25 7
4593 22 22 8
4594 21 20 10
4595 15 14 8
4596 21 20 8
4597 21 21 9
4598 24 24 8
4599 27 27 7
4600 18 18 6
4601 19 19 7
4602 14 14 8
4603 7 6 5
4604 19 19 9
4605 12 11 7
4606 30 30 8
4607 15 14 10
4608 17 17 7
4609 20 19 9
4610 16 15 7
4611 14 14 8
4612 17 17 9
4613 16 16 10
4614 15 14 6
4615 23 23 9
4616 18 17 7
4617 14 13 7
4618 22 21 9
4619 16 15 9
4620 30 30 14
4621 13 12 6
4622 21 21 9
4623 14 13 7
4624 20 19 9
4625 14 13 9
4626 14 14 8
4627 13 13 7
4628 8 7 6
4629 16 16 10
4630 13 12 8
4631 21 20 8
4632 13 12 8
4633 15 14 8
4634 13 13 7
4635 18 18 10
4636 13 12 6
4637 21 21 9
4638 16 16 6
4639 31 31 13
4640 18 18 8
4641 23 23 9
4642 20 20 8
4643 21 20 8
4644 7 6 5
4645 15 15 9
4646 16 16 8
4647 15 14 6
4648 13 13 7
4649 18 18 10
4650 23 23 7
4651 14 13 7
4652 14 13 7
4653 16 16 10
4654 17 16 10
4655 17 16 8
4656 15 15 7
4657 14 13 7
4658 14 13 7
4659 18 17 9
4660 22 22 10
4661 19 18 12
4662 15 15 7
4663 12 12 8
4664 15 14 8
4665 23 23 11
4666 16 16 8
4667 19 19 7
4668 16 15 9
4669 18 18 8
4670 7 6 5
4671 17 17 11
4672 16 16 8
4673 21 20 10
4674 13 12 8
4675 15 14 8
4676 7 7 7
4677 22 22 10
4678 15 14 8
4679 17 17 9
4680 16 16 10
4681 9 8 7
4682 17 16 10
4683 15 15 9
4684 20 19 9
4685 20 19 11
4686 12 12 8
4687 25 25 7
4688 16 15 7
4689 16 15 7
4690 24 24 8
4691 19 18 8
4692 11 10 6
4693 11 11 7
4694 20 20 10
4695 23 22 8
4696 21 20 8
4697 7 7 7
4698 28 28 12
4699 25 25 13
4700 14 14 8
4701 13 13 9
4702 18 18 8
4703 11 11 7
4704 16 16 10
4705 13 13 7
4706 20 19 9
4707 12 11 7
4708 14 14 8
4709 13 12 6
4710 27 27 11
4711 12 11 7
4712 22 21 7
4713 26 26 10
4714 25 24 12
4715 17 17 7
4716 18 18 6
4717 11 11 7
4718 6 6 6
4719 15 15 7
4720 14 14 8
4721 17 17 7
4722 14 14 8
4723 19 19 9
4724 16 16 6
4725 15 15 7
4726 16 15 7
4727 20 19 7
4728 16 15 7
4729 12 12 6
4730 13 13 9
4731 16 16 8
4732 17 16 12
4733 11 11 7
4734 10 10 6
4735 17 17 7
4736 26 25 9
4737 8 7 6
4738 14 13 7
4739 12 11 7
4740 8 7 6
4741 18 17 7
4742 18 17 7
4743 16 16 10
4744 7 7 7
4745 22 21 9
4746 12 12 6
4747 15 15 7
4748 8 7 6
4749 28 27 11
4750 16 15 7
4751 16 15 7
4752 18 17 7
4753 12 12 8
4754 11 10 6
4755 13 13 9
4756 8 8 8
4757 17 17 9
4758 14 13 7
4759 18 17 9
4760 14 14 10
4761 17 16 8
4762 13 12 8
4763 17 16 10
4764 15 14 8
4765 17 16 8
4766 13 12 8
4767 15 14 6
4768 11 11 7
4769 6 6 6
4770 19 19 11
4771 16 16 8
4772 21 20 10
4773 17 17 9
4774 10 10 6
4775 19 19 11
4776 18 18 10
4777 15 14 8
4778 21 21 11
4779 18 18 10
4780 11 10 6
4781 15 15 7
4782 20 20 10
4783 17 16 8
4784 15 14 8
4785 17 17 7
4786 20 19 11
4787 20 20 8
4788 19 19 11
4789 18 17 7
4790 20 20 8
4791 7 7 7
4792 18 18 8
4793 9 8 7
4794 13 12 8
4795 13 13 7
4796 16 15 9
4797 18 17 9
4798 14 14 8
4799 7 6 5
4800 17 17 9
4801 16 15 9
4802 22 22 10
4803 23 23 7
4804 16 15 9
4805 16 15 7
4806 18 18 8
4807 13 12 6
4808 13 13 9
4809 18 17 7
4810 14 13 9
4811 6 6 6
4812 13 13 7
4813 14 13 9
4814 12 12 8
4815 13 12 8
4816 17 17 7
4817 18 18 8
4818 23 22 8
4819 21 21 9
4820 16 15 11
4821 10 10 6
4822 17 17 9
4823 14 14 10
4824 19 18 12
4825 11 10 6
4826 15 15 7
4827 16 16 10
4828 15 14 8
4829 17 16 8
4830 9 8 7
4831 13 12 8
4832 13 13 7
4833 16 15 9
4834 12 11 7
4835 14 13 9
4836 14 14 8
4837 25 25 11
4838 12 12 6
4839 21 21 9
4840 18 17 7
4841 20 19 7
4842 12 12 6
4843 17 17 7
4844 14 13 7
4845 20 20 14
4846 13 12 6
4847 17 17 7
4848 20 20 6
4849 13 13 7
4850 20 19 7
4851 14 13 7
4852 16 15 7
4853 16 15 9
4854 26 26 8
4855 21 21 7
4856 12 12 6
4857 17 17 7
4858 32 32 8
4859 17 16 6
4860 29 29 7
4861 14 14 6
4862 11 11 7
4863 26 25 7
4864 18 18 6
4865 19 19 7
4866 14 14 6
4867 15 15 7
4868 22 22 10
4869 17 17 7
4870 18 18 6
4871 13 13 7
4872 6 6 6
4873 19 19 7
4874 30 29 7
4875 12 11 7
4876 20 20 12
4877 17 17 7
4878 18 17 7
4879 20 20 8
4880 19 19 7
4881 22 22 10
4882 23 22 12
4883 19 18 10
4884 15 14 8
4885 13 13 7
4886 14 13 7
4887 20 19 9
4888 12 12 8
4889 13 12 6
4890 15 15 9
4891 14 14 6
4892 15 15 7
4893 20 19 7
4894 18 17 7
4895 12 12 6
4896 31 31 11
4897 14 13 7
4898 14 14 6
4899 9 9 9
4900 20 20 8
4901 17 16 8
4902 15 14 8
4903 17 16 8
4904 23 22 8
4905 15 14 6
4906 15 15 7
4907 12 11 7
4908 18 17 9
4909 16 16 8
4910 25 24 12
4911 23 22 6
4912 21 21 7
4913 14 13 7
4914 18 17 9
4915 20 19 7
4916 16 16 6
4917 19 19 7
4918 18 17 7
4919 16 16 6
4920 11 11 7
4921 16 16 10
4922 13 12 8
4923 7 7 7
4924 18 17 7
4925 16 16 8
4926 15 14 8
4927 13 13 9
4928 8 8 8
4929 17 16 10
4930 15 15 9
4931 16 15 7
4932 18 18 6
4933 13 13 7
4934 12 11 7
4935 14 14 8
4936 11 11 7
4937 18 17 7
4938 20 19 11
4939 22 21 7
4940 16 16 8
4941 13 12 6
4942 15 15 7
4943 14 14 8
4944 13 13 7
4945 14 13 9
4946 16 16 8
4947 19 18 6
4948 11 11 7
4949 16 16 6
4950 21 21 7
4951 12 12 6
4952 13 13 7
4953 16 16 8
4954 23 22 8
4955 17 16 6
4956 11 11 7
4957 16 16 8
4958 15 14 6
4959 21 21 9
4960 14 13 7
4961 18 18 6
4962 15 15 7
4963 16 15 9
4964 6 6 6
4965 23 23 9
4966 14 14 8
4967 15 15 7
4968 14 13 9
4969 22 21 9
4970 14 14 8
4971 17 16 8
4972 7 6 5
4973 17 17 9
4974 22 22 8
4975 19 18 8
4976 17 16 8
4977 25 24 8
4978 11 10 6
4979 15 15 9
4980 14 13 7
4981 18 17 7
4982 18 18 8
4983 21 20 8
4984 17 17 7
4985 16 16 8
4986 7 6 5
4987 17 17 9
4988 16 16 8
4989 13 13 7
4990 8 7 6
4991 24 23 11
4992 8 7 6
4993 20 20 10
4994 23 22 10
4995 13 13 9
4996 18 17 9
4997 20 19 7
4998 8 7 6
4999 16 16 12
