0 25 24 8
1 13 12 6
2 17 17 9
3 30 30 10
4 19 18 8
5 19 18 6
6 23 23 9
7 16 16 8
8 23 22 8
9 23 22 8
10 15 15 7
11 12 12 6
12 9 9 9
13 10 10 6
14 15 15 7
15 18 17 9
16 16 15 7
17 26 26 10
18 13 13 7
19 14 14 6
20 17 17 7
21 14 13 7
22 16 16 6
23 19 19 11
24 10 10 6
25 13 13 7
26 18 18 10
27 11 10 6
28 13 13 9
29 18 18 8
30 17 16 8
31 15 15 7
32 10 10 6
33 13 13 9
34 14 14 8
35 13 13 7
36 16 15 7
37 6 6 6
38 25 25 11
39 16 16 6
40 13 13 7
41 16 16 8
42 15 14 6
43 13 13 9
44 14 14 8
45 17 16 10
46 15 14 6
47 13 13 7
48 24 24 6
49 13 13 7
50 18 18 6
51 23 23 7
52 8 7 6
53 18 17 9
54 8 7 6
55 10 10 6
56 17 17 9
57 20 19 7
58 26 26 6
59 21 21 9
60 24 23 7
61 18 17 7
62 18 17 7
63 36 36 8
64 33 32 8
65 37 37 7
66 26 25 7
67 18 17 7
68 16 15 7
69 26 25 9
70 18 18 6
71 23 23 9
72 26 26 6
73 25 25 9
74 12 12 6
75 23 23 9
76 18 18 8
77 29 28 10
78 27 27 9
79 18 18 8
80 23 22 8
81 13 13 7
82 32 32 10
83 25 24 6
84 25 25 9
85 26 26 8
86 43 43 9
87 36 36 8
88 19 18 8
89 21 20 6
90 27 27 7
91 38 37 7
92 24 23 7
93 36 36 8
94 29 28 8
95 23 23 7
96 26 25 9
97 26 25 7
98 22 22 6
99 21 21 7
100 26 26 8
101 25 24 8
102 31 31 7
103 24 23 7
104 20 19 7
105 14 14 6
106 19 19 7
107 28 27 7
108 22 21 7
109 22 22 8
110 19 19 7
111 26 26 6
112 21 21 7
113 24 24 10
114 35 34 10
115 23 22 8
116 23 23 7
117 34 34 10
118 25 24 8
119 35 35 15
120 16 15 7
121 18 18 6
122 21 21 9
123 36 36 8
124 23 22 6
125 31 31 9
126 26 26 8
127 35 35 7
128 32 31 9
129 20 20 8
130 17 17 7
131 26 25 9
132 22 22 10
133 23 22 10
134 27 27 7
135 30 30 6
136 19 19 7
137 20 19 9
138 28 27 9
139 24 24 8
140 21 20 8
141 31 31 11
142 24 24 8
143 35 34 8
144 25 24 10
145 27 26 8
146 17 16 8
147 23 23 9
148 22 21 7
149 22 22 8
150 29 29 7
151 30 29 9
152 26 25 7
153 28 28 8
154 19 18 6
155 37 37 11
156 18 18 6
157 27 27 7
158 20 20 8
159 29 28 6
160 27 27 9
161 22 21 7
162 30 30 6
163 33 33 9
164 24 24 8
165 17 17 7
166 18 18 6
167 21 21 7
168 30 30 6
169 27 27 7
170 24 24 10
171 27 27 9
172 24 24 6
173 25 25 9
174 34 34 10
175 25 24 10
176 27 27 9
177 36 36 6
178 37 37 15
179 34 33 9
180 28 28 8
181 27 26 6
182 25 25 7
183 32 31 9
184 26 26 6
185 35 35 11
186 38 38 12
187 29 28 6
188 29 29 9
189 24 24 8
190 33 32 8
191 27 26 6
192 15 15 7
193 18 18 8
194 19 19 7
195 18 18 6
196 25 25 9
197 22 22 8
198 29 28 8
199 27 27 7
200 16 15 7
201 24 24 8
202 25 25 7
203 26 26 8
204 21 20 8
205 25 24 8
206 31 30 10
207 19 18 6
208 39 39 9
209 26 26 8
210 21 21 7
211 22 22 8
212 31 30 8
213 43 42 8
214 21 21 7
215 24 24 8
216 21 20 6
217 31 31 7
218 26 26 10
219 17 17 7
220 26 25 9
221 20 19 7
222 22 22 8
223 27 27 7
224 28 27 9
225 24 24 8
226 31 31 7
227 34 34 8
228 23 22 8
229 29 29 9
230 26 26 6
231 29 29 7
232 16 16 6
233 21 21 7
234 22 21 7
235 34 34 8
236 29 28 8
237 29 28 8
238 19 18 8
239 27 26 8
240 25 25 7
241 26 25 7
242 20 20 8
243 35 34 6
244 15 15 7
245 12 12 8
246 17 16 6
247 17 17 7
248 28 27 9
249 20 19 7
250 14 14 8
251 11 10 6
252 15 15 9
253 16 16 8
254 17 16 8
255 11 10 6
256 11 11 7
257 18 18 8
258 15 15 7
259 20 19 7
260 20 19 7
261 14 13 7
262 16 16 6
263 11 11 7
264 22 22 8
265 13 12 8
266 23 22 8
267 25 25 9
268 24 24 10
269 31 30 8
270 19 18 6
271 21 21 7
272 20 20 8
273 19 18 8
274 13 12 6
275 19 19 7
276 22 22 8
277 25 24 8
278 17 16 6
279 21 21 7
280 24 23 7
281 18 18 8
282 17 16 8
283 41 41 7
284 24 24 8
285 19 18 6
286 25 25 7
287 16 16 6
288 15 15 7
289 18 17 7
290 22 22 8
291 25 24 8
292 29 28 6
293 11 11 7
294 20 20 6
295 17 17 7
296 26 25 9
297 40 39 7
298 34 34 8
299 23 22 6
300 33 33 7
301 52 51 7
302 28 27 9
303 30 29 7
304 36 35 9
305 38 38 10
306 45 44 8
307 41 41 7
308 44 43 7
309 38 37 9
310 36 36 8
311 39 38 8
312 23 22 10
313 45 44 12
314 31 30 8
315 25 25 9
316 38 37 11
317 22 21 7
318 26 25 7
319 28 27 11
320 48 48 10
321 39 39 9
322 44 44 8
323 57 56 14
324 43 42 10
325 21 20 8
326 33 32 8
327 29 28 6
328 35 35 7
329 34 34 10
330 27 26 8
331 23 22 6
332 31 31 11
333 24 24 8
334 13 12 6
335 13 13 7
336 16 16 6
337 25 25 7
338 18 17 7
339 18 18 6
340 33 33 7
341 24 23 7
342 12 11 7
343 18 18 8
344 23 22 8
345 27 26 6
346 19 19 7
347 22 22 8
348 27 27 9
349 18 18 6
350 25 25 7
351 18 17 7
352 18 17 7
353 10 10 6
354 17 17 7
355 22 21 9
356 26 26 8
357 15 14 6
358 13 13 7
359 24 24 8
360 23 23 7
361 14 14 6
362 15 15 9
363 24 24 8
364 21 20 8
365 21 20 8
366 17 16 6
367 29 29 9
368 16 16 6
369 27 27 7
370 16 15 7
371 22 22 6
372 17 17 7
373 22 22 8
374 21 20 6
375 19 19 7
376 22 21 9
377 12 12 6
378 19 19 7
379 20 20 8
380 29 29 7
381 18 17 7
382 12 12 6
383 17 17 7
384 22 22 8
385 15 15 7
386 30 30 10
387 17 16 8
388 19 18 6
389 19 19 7
390 22 21 9
391 14 14 6
392 13 13 7
393 18 17 7
394 18 17 7
395 22 22 6
396 21 21 7
397 24 24 8
398 17 16 6
399 11 11 7
400 12 11 7
401 20 20 8
402 15 14 8
403 21 20 10
404 13 12 6
405 13 13 7
406 8 7 6
407 12 12 8
408 13 13 7
409 26 25 7
410 12 11 7
411 10 10 6
412 13 13 9
413 12 12 6
414 17 17 7
415 24 24 10
416 21 20 8
417 19 18 8
418 13 13 7
419 14 14 6
420 11 11 7
421 16 15 7
422 14 13 7
423 16 16 8
424 15 14 8
425 21 20 6
426 15 15 9
427 12 12 6
428 15 15 7
429 18 17 7
430 18 17 7
431 14 13 7
432 24 24 8
433 31 31 7
434 28 27 9
435 26 26 6
436 17 17 7
437 10 10 6
438 17 17 9
439 18 18 8
440 17 17 7
441 16 15 7
442 24 24 8
443 27 26 10
444 19 18 6
445 13 13 7
446 12 11 7
447 18 18 6
448 13 13 7
449 12 12 8
450 21 20 8
451 15 14 8
452 19 19 7
453 10 10 6
454 17 17 7
455 22 22 10
456 19 18 6
457 15 15 7
458 20 19 9
459 20 19 7
460 16 15 7
461 10 10 6
462 11 11 7
463 22 21 9
464 12 12 8
465 15 15 7
466 12 12 6
467 15 15 7
468 10 10 6
469 9 9 9
470 12 12 8
471 15 14 6
472 11 11 7
473 18 18 8
474 21 20 6
475 29 29 7
476 14 14 6
477 13 13 7
478 8 7 6
479 16 16 8
480 21 20 8
481 11 10 6
482 11 11 7
483 12 12 8
484 7 7 7
485 10 10 6
486 15 15 9
487 16 16 6
488 19 19 9
489 18 18 8
490 11 11 7
491 14 14 8
492 17 16 8
493 15 14 6
494 11 11 7
495 24 24 10
496 13 12 8
497 11 10 6
498 17 17 7
499 12 11 7
500 14 13 7
501 16 16 8
502 19 18 8
503 11 10 6
504 17 17 9
505 20 20 8
506 11 10 6
507 17 17 7
508 12 12 8
509 19 18 8
510 15 14 6
511 17 17 7
512 16 15 7
513 20 19 7
514 14 14 8
515 17 16 8
516 19 18 10
517 17 16 6
518 21 21 7
519 18 18 8
520 11 10 6
521 11 11 7
522 18 18 8
523 15 14 8
524 13 12 6
525 13 13 7
526 14 14 8
527 15 14 6
528 15 15 9
529 8 8 8
530 15 14 8
531 13 12 8
532 15 14 6
533 19 19 7
534 12 11 7
535 12 12 8
536 13 12 8
537 17 16 8
538 21 21 7
539 34 33 7
540 24 23 7
541 18 17 7
542 20 19 7
543 12 11 7
544 10 10 6
545 13 13 7
546 8 7 6
547 20 19 7
548 20 19 7
549 26 25 7
550 26 26 10
551 23 22 6
552 25 25 11
553 14 14 6
554 13 13 7
555 14 13 7
556 14 13 7
557 6 6 6
558 19 19 9
559 18 18 8
560 21 21 7
561 26 26 8
562 17 16 8
563 25 24 8
564 21 20 6
565 17 17 7
566 22 21 7
567 12 11 7
568 6 6 6
569 25 25 9
570 16 15 7
571 14 14 6
572 29 29 7
573 16 16 8
574 15 14 6
575 15 15 7
576 20 20 6
577 23 23 7
578 20 20 8
579 11 10 6
580 27 27 7
581 28 27 9
582 16 16 6
583 25 25 7
584 22 21 9
585 20 20 6
586 21 21 7
587 24 24 6
588 33 33 9
589 28 28 10
590 35 34 6
591 37 37 7
592 24 23 7
593 26 26 8
594 35 35 9
595 20 19 7
596 22 22 6
597 49 49 9
598 40 40 10
599 23 23 7
600 24 23 7
601 24 23 7
602 26 26 6
603 31 31 9
604 40 39 9
605 42 41 11
606 40 39 9
607 48 47 15
608 24 23 7
609 32 31 11
610 38 38 10
611 27 26 10
612 37 36 8
613 29 29 7
614 38 37 11
615 32 32 10
616 31 30 8
617 17 17 7
618 36 36 10
619 31 30 6
620 31 31 9
621 30 29 11
622 42 41 11
623 36 35 11
624 32 31 11
625 30 30 8
626 25 25 9
627 32 32 10
628 29 29 13
629 42 42 10
630 53 52 12
631 29 29 7
632 26 25 9
633 24 23 9
634 30 30 12
635 41 41 13
636 24 23 9
637 32 32 12
638 33 32 8
639 35 35 11
640 32 32 10
641 25 25 9
642 22 21 7
643 30 29 7
644 32 32 12
645 31 31 13
646 36 35 15
647 40 39 7
648 34 34 10
649 27 26 8
650 23 23 7
651 40 39 11
652 26 26 10
653 25 25 9
654 44 44 12
655 27 26 10
656 27 26 10
657 25 24 8
658 39 39 11
659 40 39 11
660 22 21 7
661 38 37 9
662 40 39 11
663 48 48 16
664 39 39 11
665 38 37 11
666 34 34 10
667 27 27 9
668 34 34 6
669 47 47 11
670 32 32 10
671 15 15 7
672 18 18 6
673 39 39 9
674 26 25 7
675 44 43 15
676 34 33 9
677 46 45 11
678 26 25 7
679 36 35 11
680 34 34 10
681 21 20 8
682 31 30 10
683 31 30 8
684 25 25 7
685 30 29 9
686 36 36 10
687 17 16 6
688 35 35 11
689 26 26 6
690 21 21 9
691 28 28 8
692 17 17 7
693 24 24 8
694 35 34 10
695 29 28 8
696 23 23 7
697 34 33 9
698 18 18 6
699 21 21 7
700 26 26 6
701 17 17 7
702 16 15 7
703 16 16 6
704 35 35 11
705 22 22 8
706 13 12 6
707 15 15 7
708 20 20 6
709 23 23 11
710 18 18 8
711 23 22 8
712 19 18 6
713 23 23 9
714 20 20 8
715 27 26 10
716 25 24 8
717 27 26 8
718 15 14 6
719 11 11 7
720 16 16 6
721 17 17 7
722 20 20 8
723 11 10 6
724 11 11 7
725 16 16 6
726 13 13 7
727 22 22 8
728 19 18 6
729 23 23 7
730 18 17 7
731 24 23 7
732 16 15 7
733 16 16 6
734 13 13 7
735 20 19 7
736 20 19 9
737 18 18 8
738 23 23 9
739 18 18 6
740 25 25 7
741 22 21 7
742 16 15 7
743 22 22 6
744 21 21 7
745 20 20 6
746 15 15 7
747 12 12 6
748 23 23 9
749 16 16 8
750 29 28 8
751 17 16 6
752 15 15 7
753 28 28 8
754 17 16 6
755 19 19 9
756 30 30 10
757 17 16 8
758 13 12 6
759 17 17 7
760 22 22 8
761 19 18 6
762 13 13 7
763 20 20 6
764 13 13 7
765 16 16 8
766 11 10 6
767 11 11 7
768 16 15 7
769 16 16 8
770 15 14 8
771 17 17 7
772 24 24 6
773 19 19 7
774 24 24 6
775 21 21 7
776 24 23 9
777 18 18 6
778 15 15 7
779 12 12 8
780 15 14 8
781 17 16 8
782 15 14 8
783 15 14 8
784 15 14 6
785 31 31 9
786 18 17 7
787 14 14 8
788 19 18 8
789 31 31 9
790 10 10 6
791 17 17 9
792 18 18 8
793 15 14 6
794 19 19 9
795 34 34 8
796 17 16 8
797 27 26 6
798 33 33 9
799 38 38 10
800 29 28 6
801 15 15 7
802 10 10 6
803 13 13 7
804 14 14 8
805 19 18 6
806 19 19 7
807 26 25 7
808 18 17 7
809 24 24 6
810 25 25 7
811 14 13 7
812 12 12 6
813 17 17 9
814 14 14 6
815 21 21 7
816 16 16 6
817 27 27 7
818 14 13 7
819 18 18 6
820 19 19 7
821 14 13 7
822 20 20 8
823 31 30 8
824 19 18 8
825 13 12 6
826 29 29 9
827 20 20 6
828 19 19 7
829 14 14 8
830 25 25 9
831 6 6 6
832 13 13 7
833 22 22 10
834 15 14 6
835 13 13 7
836 16 16 8
837 13 12 8
838 15 14 6
839 19 19 7
840 16 15 7
841 16 15 7
842 16 16 8
843 21 20 8
844 25 24 8
845 19 19 7
846 26 26 10
847 19 18 8
848 19 18 6
849 21 21 7
850 24 23 7
851 28 27 9
852 8 8 8
853 25 24 6
854 11 11 7
855 12 12 8
856 19 18 6
857 21 21 7
858 22 21 7
859 12 11 7
860 18 18 8
861 13 13 7
862 18 18 8
863 13 13 7
864 14 13 7
865 16 15 7
866 10 10 6
867 11 11 7
868 30 29 9
869 14 13 7
870 22 22 8
871 21 21 7
872 16 15 7
873 10 10 6
874 19 19 7
875 14 13 7
876 10 10 6
877 15 15 7
878 16 16 6
879 23 23 9
880 12 12 8
881 19 18 8
882 13 13 7
883 20 19 9
884 16 16 8
885 19 18 8
886 17 16 6
887 17 17 7
888 16 15 9
889 8 8 8
890 21 20 8
891 11 10 6
892 17 17 9
893 16 15 7
894 14 13 7
895 16 16 8
896 17 17 9
897 20 20 8
898 21 20 8
899 17 16 6
900 15 15 7
901 22 22 8
902 25 25 7
903 16 15 7
904 14 13 7
905 14 13 7
906 12 12 6
907 11 11 7
908 12 11 7
909 18 17 7
910 12 12 6
911 17 17 7
912 14 14 8
913 11 11 7
914 8 7 6
915 16 16 8
916 13 13 7
917 12 12 6
918 13 13 7
919 16 15 7
920 22 21 7
921 20 19 7
922 12 11 7
923 12 12 6
924 11 11 7
925 14 13 7
926 8 8 8
927 13 12 8
928 13 12 8
929 19 19 7
930 18 18 8
931 27 26 8
932 13 12 6
933 21 21 9
934 14 14 6
935 19 19 7
936 22 21 7
937 16 16 8
938 11 10 6
939 15 15 7
940 24 24 10
941 11 10 6
942 13 13 7
943 14 14 8
944 15 15 7
945 14 14 8
946 31 30 8
947 25 24 8
948 21 20 6
949 21 21 7
950 20 19 9
951 18 18 6
952 7 7 7
953 14 13 7
954 14 13 7
955 12 12 8
956 19 19 7
957 16 15 7
958 14 14 8
959 15 14 8
960 15 15 7
961 20 20 8
962 15 15 7
963 18 18 8
964 17 16 8
965 17 16 6
966 21 21 7
967 14 14 6
968 17 17 7
969 18 18 8
970 15 15 7
971 16 16 8
972 21 20 8
973 15 14 8
974 15 14 6
975 13 13 7
976 12 11 7
977 16 15 7
978 26 26 6
979 27 27 9
980 12 12 8
981 29 28 8
982 21 20 6
983 13 13 7
984 30 30 10
985 23 22 8
986 23 22 8
987 19 19 7
988 16 16 8
989 21 21 7
990 30 29 9
991 36 36 8
992 27 27 7
993 20 19 7
994 24 24 6
995 39 39 11
996 36 36 10
997 27 27 7
998 56 55 15
999 26 25 7
1000 28 27 7
1001 42 42 10
1002 33 33 13
1003 30 30 8
1004 27 27 7
1005 24 23 7
1006 28 28 8
1007 27 27 7
1008 40 40 8
1009 29 28 8
1010 27 26 8
1011 29 29 9
1012 32 31 9
1013 32 31 7
1014 26 25 9
1015 36 36 8
1016 29 29 9
1017 30 30 10
1018 33 33 9
1019 42 41 11
1020 22 22 6
1021 39 39 11
1022 22 22 8
1023 31 31 9
1024 28 27 9
1025 42 42 18
1026 25 24 6
1027 23 23 7
1028 28 28 8
1029 27 26 6
1030 17 17 9
1031 14 14 6
1032 15 15 7
1033 20 20 8
1034 25 24 8
1035 23 22 6
1036 27 27 7
1037 28 27 9
1038 26 26 8
1039 35 35 11
1040 28 27 13
1041 36 35 13
1042 38 38 12
1043 29 28 8
1044 35 34 8
1045 23 23 7
1046 22 21 7
1047 14 13 7
1048 30 30 8
1049 21 20 8
1050 17 16 8
1051 23 22 8
1052 25 24 8
1053 17 16 8
1054 33 32 6
1055 39 39 9
1056 24 24 6
1057 23 23 11
1058 22 22 8
1059 27 27 9
1060 26 25 7
1061 28 28 10
1062 35 34 8
1063 27 27 11
1064 26 25 9
1065 18 18 8
1066 31 30 8
1067 33 32 8
1068 23 23 7
1069 30 29 7
1070 32 31 11
1071 32 31 13
1072 18 17 7
1073 14 13 7
1074 26 25 7
1075 20 19 7
1076 26 25 7
1077 24 24 6
1078 7 7 7
1079 24 24 8
1080 25 24 8
1081 29 28 10
1082 25 24 8
1083 23 22 10
1084 29 28 10
1085 35 34 14
1086 25 24 10
1087 19 18 6
1088 21 21 7
1089 28 28 12
1090 23 22 8
1091 15 14 6
1092 29 29 11
1093 16 16 6
1094 17 17 9
1095 22 22 10
1096 27 27 11
1097 20 20 8
1098 27 27 9
1099 20 20 6
1100 23 23 7
1101 18 17 7
1102 12 11 7
1103 18 17 7
1104 22 21 9
1105 18 18 6
1106 13 13 7
1107 14 13 7
1108 30 30 10
1109 23 22 10
1110 29 29 13
1111 22 22 8
1112 27 26 14
1113 15 14 6
1114 27 27 7
1115 28 27 9
1116 26 26 10
1117 23 22 6
1118 23 23 7
1119 14 14 6
1120 23 23 9
1121 14 13 7
1122 20 19 9
1123 14 13 7
1124 16 16 6
1125 19 19 7
1126 14 14 6
1127 17 17 7
1128 22 22 8
1129 15 15 7
1130 10 10 6
1131 23 23 7
1132 16 16 6
1133 31 31 9
1134 16 16 8
1135 17 16 8
1136 19 18 6
1137 21 21 9
1138 16 15 7
1139 24 24 6
1140 19 19 7
1141 14 13 7
1142 12 11 7
1143 22 22 6
1144 15 15 7
1145 16 15 7
1146 24 24 8
1147 29 29 7
1148 24 23 7
1149 16 15 7
1150 30 30 8
1151 19 18 8
1152 15 14 8
1153 15 14 6
1154 21 21 9
1155 18 18 8
1156 19 18 6
1157 17 17 7
1158 18 18 8
1159 17 17 7
1160 26 25 7
1161 14 13 7
1162 14 14 8
1163 27 26 8
1164 15 14 6
1165 21 21 7
1166 20 20 8
1167 19 18 8
1168 17 16 6
1169 19 19 9
1170 18 17 7
1171 16 16 6
1172 19 19 7
1173 22 21 7
1174 16 16 6
1175 13 13 7
1176 12 12 6
1177 13 13 7
1178 14 14 6
1179 15 15 7
1180 18 18 8
1181 17 16 8
1182 7 6 5
1183 7 7 7
1184 18 18 8
1185 19 19 9
1186 14 13 7
1187 16 15 7
1188 12 11 7
1189 20 19 7
1190 16 16 10
1191 7 7 7
1192 20 20 10
1193 13 12 6
1194 7 7 7
1195 16 15 7
1196 12 12 6
1197 15 15 7
1198 18 18 8
1199 13 13 7
1200 28 28 8
1201 15 15 7
1202 24 24 10
1203 13 12 8
1204 11 10 6
1205 15 15 7
1206 20 19 9
1207 14 14 8
1208 19 18 6
1209 9 9 9
1210 12 12 6
1211 13 13 7
1212 24 24 8
1213 15 15 7
1214 14 14 6
1215 15 15 9
1216 20 19 7
1217 12 12 6
1218 17 17 9
1219 12 12 8
1220 13 12 8
1221 13 13 7
1222 14 14 8
1223 17 16 8
1224 13 12 8
1225 13 13 7
1226 12 12 8
1227 21 20 8
1228 13 13 7
1229 20 20 6
1230 11 11 7
1231 18 18 10
1232 11 10 6
1233 11 11 7
1234 12 12 6
1235 9 9 9
1236 20 20 8
1237 19 18 6
1238 7 7 7
1239 12 12 8
1240 13 12 6
1241 11 11 7
1242 14 14 8
1243 13 12 6
1244 23 23 9
1245 10 10 6
1246 15 15 9
1247 16 16 8
1248 13 12 8
1249 13 12 8
1250 13 12 8
1251 11 10 6
1252 13 13 9
1253 16 16 6
1254 19 19 7
1255 18 17 9
1256 16 16 6
1257 17 17 9
1258 10 10 6
1259 15 15 7
1260 20 19 7
1261 14 14 8
1262 7 6 5
1263 11 11 7
1264 8 7 6
1265 20 19 9
1266 6 6 6
1267 17 17 9
1268 14 13 7
1269 24 24 8
1270 17 17 7
1271 16 15 7
1272 16 15 7
1273 12 12 8
1274 15 14 8
1275 11 11 7
1276 16 16 8
1277 19 18 6
1278 19 19 7
1279 16 16 10
1280 21 20 8
1281 17 16 8
1282 19 19 7
1283 8 7 6
1284 22 21 7
1285 16 16 8
1286 13 12 8
1287 13 12 6
1288 15 15 7
1289 12 12 6
1290 17 17 7
1291 14 13 7
1292 18 18 10
1293 19 18 6
1294 17 17 7
1295 14 13 7
1296 18 18 6
1297 13 13 7
1298 10 10 6
1299 13 13 7
1300 14 13 7
1301 12 11 7
1302 24 24 8
1303 11 10 6
1304 15 15 7
1305 20 20 6
1306 15 15 7
1307 10 10 6
1308 9 9 9
1309 18 18 6
1310 15 15 7
1311 16 15 7
1312 12 11 7
1313 14 13 7
1314 24 24 10
1315 23 22 8
1316 9 8 7
1317 15 14 6
1318 11 11 7
1319 14 14 8
1320 13 12 8
1321 13 12 6
1322 13 13 7
1323 32 32 6
1324 17 17 7
1325 10 10 6
1326 11 11 7
1327 18 18 8
1328 17 16 8
1329 19 18 8
1330 17 16 6
1331 17 17 7
1332 14 13 7
1333 16 15 7
1334 20 19 7
1335 24 23 9
1336 26 26 8
1337 15 14 8
1338 21 20 8
1339 13 12 6
1340 13 13 7
1341 22 22 8
1342 15 15 7
1343 10 10 6
1344 27 27 9
1345 6 6 6
1346 19 19 7
1347 18 18 8
1348 19 19 7
1349 14 14 8
1350 27 26 8
1351 19 18 8
1352 15 14 8
1353 23 22 8
1354 15 14 8
1355 25 24 10
1356 15 15 7
1357 12 12 8
1358 23 22 6
1359 41 41 9
1360 20 19 7
1361 22 22 8
1362 23 22 6
1363 27 27 9
1364 20 20 6
1365 23 23 7
1366 22 21 7
1367 20 19 7
1368 18 18 8
1369 25 25 7
1370 22 21 7
1371 24 23 9
1372 18 18 6
1373 13 13 7
1374 28 28 8
1375 25 24 8
1376 21 20 6
1377 31 31 9
1378 22 22 8
1379 15 14 6
1380 17 17 7
1381 14 14 6
1382 29 29 7
1383 14 13 7
1384 22 22 8
1385 15 14 6
1386 17 17 7
1387 22 21 7
1388 26 26 6
1389 19 19 7
1390 16 16 8
1391 23 22 6
1392 25 25 9
1393 34 34 10
1394 17 17 7
1395 14 14 8
1396 19 18 8
1397 21 20 8
1398 19 18 8
1399 19 18 6
1400 25 25 9
1401 24 24 10
1402 29 28 8
1403 15 14 6
1404 15 15 7
1405 18 17 7
1406 8 7 6
1407 24 23 9
1408 22 22 8
1409 21 20 8
1410 15 15 7
1411 18 18 8
1412 15 14 6
1413 15 15 7
1414 20 20 8
1415 21 21 7
1416 22 21 9
1417 14 14 6
1418 21 21 9
1419 18 18 8
1420 21 20 6
1421 29 29 7
1422 24 23 7
1423 20 19 7
1424 18 17 7
1425 22 21 7
1426 20 19 7
1427 12 11 7
1428 12 12 6
1429 15 15 7
1430 14 14 8
1431 13 13 7
1432 14 14 6
1433 17 17 9
1434 12 12 8
1435 11 11 7
1436 10 10 6
1437 15 15 7
1438 12 11 7
1439 20 19 7
1440 12 11 7
1441 12 12 6
1442 11 11 7
1443 14 14 8
1444 11 11 7
1445 12 12 6
1446 15 15 7
1447 14 14 8
1448 15 14 8
1449 27 26 6
1450 15 15 7
1451 16 16 8
1452 21 20 8
1453 17 16 6
1454 15 15 7
1455 12 11 7
1456 14 14 8
1457 13 12 8
1458 15 15 7
1459 14 13 7
1460 14 13 7
1461 12 12 8
1462 13 12 8
1463 13 12 8
1464 17 16 8
1465 21 20 8
1466 13 12 6
1467 13 13 7
1468 16 16 8
1469 11 11 7
1470 10 10 6
1471 33 33 7
1472 16 15 7
1473 18 17 7
1474 14 13 7
1475 12 11 7
1476 18 18 6
1477 15 15 7
1478 26 25 9
1479 14 14 8
1480 19 18 8
1481 23 22 8
1482 19 18 6
1483 15 15 9
1484 14 14 8
1485 17 16 8
1486 29 28 8
1487 15 15 7
1488 16 16 6
1489 19 19 7
1490 14 13 7
1491 26 25 7
1492 26 25 9
1493 12 12 6
1494 31 31 7
1495 14 14 6
1496 27 27 9
1497 12 11 7
1498 36 36 8
1499 27 26 6
1500 43 43 7
1501 30 29 9
1502 20 20 8
1503 17 16 6
1504 43 43 9
1505 18 17 7
1506 30 30 6
1507 19 19 7
1508 32 31 9
1509 18 17 7
1510 18 18 6
1511 23 23 7
1512 26 26 8
1513 31 30 8
1514 11 10 6
1515 19 19 7
1516 32 32 8
1517 33 32 6
1518 19 19 7
1519 24 24 8
1520 21 21 7
1521 22 21 7
1522 28 27 7
1523 24 23 7
1524 26 25 7
1525 24 23 9
1526 20 20 6
1527 23 23 7
1528 18 17 7
1529 18 18 6
1530 25 25 7
1531 18 18 6
1532 19 19 7
1533 30 29 7
1534 34 34 10
1535 27 26 12
1536 19 19 7
1537 24 24 6
1538 29 29 7
1539 26 25 7
1540 26 26 8
1541 23 22 8
1542 41 41 7
1543 40 39 7
1544 30 29 7
1545 34 33 9
1546 22 21 7
1547 20 20 10
1548 19 18 6
1549 25 25 7
1550 30 29 7
1551 22 21 9
1552 16 16 6
1553 23 23 7
1554 26 25 9
1555 22 21 7
1556 14 14 6
1557 15 15 7
1558 28 28 8
1559 23 22 6
1560 17 17 7
1561 28 28 8
1562 21 21 7
1563 16 16 6
1564 19 19 7
1565 32 31 7
1566 28 28 8
1567 23 23 7
1568 20 20 6
1569 21 21 7
1570 24 23 9
1571 24 24 8
1572 23 23 9
1573 6 6 6
1574 33 33 7
1575 22 21 7
1576 24 24 8
1577 15 15 7
1578 20 20 8
1579 19 19 7
1580 20 20 6
1581 25 25 9
1582 26 26 8
1583 27 26 8
1584 23 22 8
1585 19 19 7
1586 24 24 6
1587 33 33 9
1588 20 19 7
1589 10 10 6
1590 23 23 9
1591 26 26 6
1592 11 11 7
1593 20 20 6
1594 25 25 9
1595 18 17 7
1596 20 20 6
1597 39 39 13
1598 20 19 7
1599 16 15 7
1600 16 16 8
1601 7 6 5
1602 27 27 7
1603 16 16 6
1604 19 19 7
1605 18 17 7
1606 18 18 8
1607 19 18 6
1608 21 21 9
1609 22 22 8
1610 17 16 8
1611 15 15 7
1612 22 22 10
1613 19 18 8
1614 15 14 6
1615 15 15 7
1616 26 26 8
1617 21 21 7
1618 18 17 7
1619 16 16 8
1620 27 26 8
1621 19 18 8
1622 17 16 6
1623 13 13 7
1624 20 20 6
1625 13 13 7
1626 20 19 9
1627 14 14 8
1628 15 14 8
1629 25 24 8
1630 13 13 7
1631 24 24 8
1632 17 17 7
1633 16 16 8
1634 29 28 8
1635 17 16 6
1636 19 19 7
1637 12 12 6
1638 15 15 7
1639 16 16 8
1640 21 20 6
1641 17 17 7
1642 18 17 7
1643 30 30 8
1644 27 26 8
1645 33 32 8
1646 27 26 8
1647 19 18 8
1648 21 20 6
1649 35 35 11
1650 28 28 6
1651 25 25 7
1652 24 24 8
1653 37 36 8
1654 31 30 8
1655 23 23 7
1656 26 26 8
1657 21 21 7
1658 36 36 8
1659 35 35 7
1660 30 30 8
1661 31 31 9
1662 26 25 7
1663 24 23 7
1664 20 20 8
1665 27 26 6
1666 31 31 7
1667 28 27 9
1668 20 19 7
1669 30 29 7
1670 22 22 8
1671 15 15 7
1672 22 22 8
1673 21 20 8
1674 15 14 6
1675 15 15 7
1676 30 30 10
1677 21 20 6
1678 13 13 7
1679 18 17 7
1680 20 19 7
1681 14 14 8
1682 21 20 6
1683 15 15 7
1684 16 16 6
1685 13 13 7
1686 8 7 6
1687 22 22 8
1688 23 22 10
1689 15 14 8
1690 13 12 6
1691 15 15 7
1692 18 18 6
1693 19 19 7
1694 14 13 7
1695 18 17 9
1696 12 12 6
1697 23 23 11
1698 12 12 6
1699 19 19 9
1700 12 12 8
1701 15 15 7
1702 16 16 8
1703 17 17 7
1704 6 6 6
1705 7 7 7
1706 8 7 6
1707 14 13 7
1708 14 13 7
1709 18 17 7
1710 20 20 6
1711 21 21 9
1712 18 18 10
1713 23 22 8
1714 13 13 7
1715 12 12 6
1716 13 13 7
1717 12 12 8
1718 19 18 8
1719 13 12 8
1720 19 18 6
1721 23 23 7
1722 22 22 8
1723 17 16 6
1724 17 17 7
1725 16 15 7
1726 14 13 7
1727 22 22 6
1728 29 29 7
1729 22 21 7
1730 20 19 7
1731 20 19 7
1732 14 14 8
1733 21 20 6
1734 21 21 7
1735 16 15 7
1736 10 10 6
1737 13 13 7
1738 16 15 7
1739 16 15 9
1740 12 12 6
1741 19 19 7
1742 14 13 7
1743 14 14 8
1744 13 12 6
1745 7 7 7
1746 18 17 7
1747 18 18 8
1748 15 14 6
1749 21 21 9
1750 14 14 6
1751 15 15 7
1752 12 12 6
1753 15 15 9
1754 14 14 8
1755 17 16 6
1756 15 15 9
1757 6 6 6
1758 15 15 7
1759 18 17 9
1760 12 12 6
1761 19 19 7
1762 28 27 7
1763 24 23 9
1764 14 14 8
1765 13 13 7
1766 12 11 7
1767 14 13 7
1768 18 17 7
1769 18 18 8
1770 17 17 7
1771 20 19 7
1772 14 13 7
1773 16 16 8
1774 21 20 8
1775 17 16 6
1776 19 19 7
1777 18 17 7
1778 14 13 7
1779 24 23 7
1780 14 13 7
1781 24 24 6
1782 23 23 9
1783 16 16 6
1784 19 19 9
1785 14 13 7
1786 8 7 6
1787 14 13 7
1788 18 17 9
1789 12 12 8
1790 15 14 6
1791 13 13 9
1792 12 11 7
1793 8 7 6
1794 14 14 6
1795 17 17 9
1796 16 16 8
1797 17 16 8
1798 17 16 6
1799 15 15 9
1800 18 18 8
1801 31 30 8
1802 13 12 8
1803 17 16 6
1804 15 15 9
1805 10 10 6
1806 13 13 7
1807 14 13 7
1808 14 14 6
1809 23 23 7
1810 22 21 9
1811 20 20 10
1812 17 16 8
1813 29 28 8
1814 25 25 7
1815 26 25 7
1816 20 20 8
1817 7 6 5
1818 19 19 7
1819 16 16 8
1820 17 17 7
1821 22 21 7
1822 26 25 7
1823 24 24 8
1824 15 14 6
1825 13 13 7
1826 16 16 6
1827 13 13 7
1828 24 24 8
1829 15 14 6
1830 13 13 7
1831 14 13 7
1832 14 13 7
1833 18 17 7
1834 16 16 8
1835 23 22 6
1836 17 17 7
1837 26 25 7
1838 18 17 7
1839 16 16 8
1840 19 19 7
1841 26 25 11
1842 24 24 6
1843 29 29 9
1844 34 34 8
1845 39 39 7
1846 16 15 7
1847 22 22 8
1848 35 34 8
1849 29 29 9
1850 34 34 10
1851 33 32 8
1852 21 20 8
1853 25 24 8
1854 35 34 12
1855 31 30 6
1856 19 19 7
1857 28 27 9
1858 22 22 6
1859 35 35 9
1860 30 30 10
1861 35 35 9
1862 42 41 11
1863 28 28 8
1864 27 26 8
1865 23 23 7
1866 32 31 7
1867 38 37 11
1868 28 27 7
1869 28 27 11
1870 44 43 15
1871 34 33 9
1872 34 34 12
1873 45 45 15
1874 24 24 6
1875 51 51 15
1876 28 27 9
1877 32 32 8
1878 25 25 7
1879 32 31 9
1880 34 34 10
1881 35 35 9
1882 36 35 13
1883 42 42 10
1884 35 35 17
1885 46 46 8
1886 25 25 7
1887 60 60 22
1888 29 28 8
1889 27 26 6
1890 23 23 7
1891 38 37 9
1892 28 27 7
1893 34 33 7
1894 36 35 7
1895 20 20 8
1896 15 14 8
1897 47 46 8
1898 59 58 12
1899 23 22 6
1900 27 27 11
1901 32 32 10
1902 31 31 9
1903 30 30 6
1904 31 31 9
1905 38 38 8
1906 37 37 11
1907 28 28 10
1908 41 41 11
1909 26 25 7
1910 28 28 8
1911 43 42 12
1912 51 51 17
1913 44 43 9
1914 38 38 10
1915 37 36 10
1916 25 25 7
1917 24 23 11
1918 54 53 13
1919 30 30 8
1920 43 43 9
1921 30 29 9
1922 40 40 10
1923 39 39 15
1924 34 34 10
1925 29 29 7
1926 32 31 13
1927 46 45 15
1928 50 50 12
1929 29 28 8
1930 27 26 8
1931 21 20 6
1932 27 27 7
1933 36 36 10
1934 25 25 7
1935 32 32 8
1936 41 40 12
1937 29 28 8
1938 39 39 9
1939 44 43 9
1940 34 34 12
1941 19 18 6
1942 27 27 7
1943 24 24 8
1944 29 28 12
1945 31 30 10
1946 29 29 7
1947 34 33 7
1948 26 25 9
1949 26 26 10
1950 29 28 8
1951 31 30 10
1952 19 18 6
1953 21 21 7
1954 22 21 7
1955 20 20 6
1956 25 25 7
1957 24 23 9
1958 22 21 7
1959 30 30 8
1960 27 27 7
1961 20 19 7
1962 24 23 7
1963 30 29 9
1964 26 25 7
1965 26 25 9
1966 20 20 6
1967 21 21 7
1968 24 23 9
1969 26 26 10
1970 25 24 8
1971 21 20 8
1972 27 26 8
1973 31 31 7
1974 24 23 7
1975 26 25 7
1976 14 13 7
1977 20 20 6
1978 21 21 7
1979 32 32 8
1980 23 23 9
1981 18 18 8
1982 15 14 6
1983 15 15 7
1984 20 20 10
1985 13 12 8
1986 21 20 8
1987 21 21 7
1988 14 14 6
1989 25 25 9
1990 18 18 6
1991 15 15 7
1992 12 12 6
1993 23 23 9
1994 16 16 6
1995 23 23 7
1996 16 15 7
1997 20 19 7
1998 6 6 6
1999 21 21 7
2000 16 15 7
2001 14 13 7
2002 16 15 7
2003 18 18 8
2004 23 22 6
2005 11 11 7
2006 24 24 10
2007 19 18 6
2008 7 7 7
2009 18 17 7
2010 16 15 7
2011 24 24 10
2012 17 17 7
2013 14 14 6
2014 23 23 7
2015 30 29 9
2016 22 22 8
2017 19 18 6
2018 13 13 9
2019 18 18 8
2020 23 22 8
2021 23 22 8
2022 21 20 8
2023 15 15 7
2024 14 14 6
2025 15 15 7
2026 22 21 7
2027 14 14 6
2028 19 19 9
2029 14 14 6
2030 7 7 7
2031 8 7 6
2032 10 10 6
2033 19 19 9
2034 18 18 8
2035 21 20 8
2036 23 23 7
2037 16 15 7
2038 12 12 6
2039 15 15 7
2040 12 12 6
2041 15 15 9
2042 10 10 6
2043 19 19 9
2044 16 16 6
2045 15 15 7
2046 28 28 8
2047 13 13 7
2048 10 10 6
2049 11 11 7
2050 14 14 8
2051 15 14 8
2052 7 6 5
2053 7 7 7
2054 14 14 10
2055 15 14 6
2056 19 19 9
2057 26 26 8
2058 29 28 8
2059 23 23 7
2060 18 18 6
2061 17 17 9
2062 20 20 8
2063 21 20 8
2064 17 16 8
2065 13 12 6
2066 15 15 7
2067 14 14 6
2068 17 17 9
2069 12 12 6
2070 23 23 7
2071 24 23 7
2072 22 21 7
2073 26 25 7
2074 18 17 7
2075 12 11 7
2076 12 11 7
2077 18 17 9
2078 24 24 8
2079 13 12 6
2080 17 17 7
2081 12 12 8
2082 27 26 8
2083 29 29 9
2084 14 14 8
2085 9 8 7
2086 15 14 8
2087 17 16 8
2088 15 14 8
2089 15 14 8
2090 15 14 6
2091 15 15 9
2092 6 6 6
2093 21 21 9
2094 12 12 8
2095 11 10 6
2096 11 11 7
2097 8 7 6
2098 24 24 8
2099 21 20 6
2100 21 21 7
2101 8 7 6
2102 12 12 6
2103 17 17 7
2104 12 12 6
2105 7 7 7
2106 14 13 7
2107 18 18 8
2108 21 20 8
2109 13 12 6
2110 13 13 7
2111 12 12 8
2112 25 24 6
2113 21 21 7
2114 16 16 6
2115 13 13 7
2116 12 11 7
2117 16 16 8
2118 21 20 8
2119 19 18 8
2120 43 42 10
2121 29 29 9
2122 28 28 8
2123 23 22 8
2124 33 32 8
2125 23 23 7
2126 26 26 8
2127 23 22 6
2128 25 25 7
2129 24 24 8
2130 25 25 7
2131 22 22 8
2132 25 24 6
2133 27 27 7
2134 26 25 7
2135 32 32 8
2136 25 25 7
2137 36 35 9
2138 32 32 8
2139 49 49 9
2140 28 27 7
2141 28 27 7
2142 18 17 7
2143 20 20 6
2144 21 21 7
2145 22 21 7
2146 40 40 8
2147 29 29 7
2148 26 25 7
2149 22 22 8
2150 27 26 6
2151 23 23 7
2152 32 32 10
2153 21 20 6
2154 25 25 7
2155 22 21 7
2156 40 39 9
2157 20 19 7
2158 30 29 7
2159 20 19 7
2160 32 32 6
2161 21 21 9
2162 32 32 10
2163 27 26 10
2164 15 14 6
2165 19 19 7
2166 30 30 10
2167 25 25 9
2168 18 18 6
2169 29 29 13
2170 26 26 6
2171 29 29 9
2172 22 22 8
2173 29 29 9
2174 16 16 6
2175 29 29 9
2176 26 26 8
2177 33 32 10
2178 23 23 9
2179 30 30 8
2180 15 15 7
2181 38 37 13
2182 24 24 6
2183 25 25 7
2184 18 18 8
2185 13 12 6
2186 29 29 9
2187 20 20 6
2188 25 25 7
2189 24 23 7
2190 18 17 7
2191 18 18 6
2192 21 21 7
2193 34 33 7
2194 22 21 7
2195 32 32 8
2196 17 16 6
2197 23 23 9
2198 20 20 8
2199 17 16 6
2200 17 17 7
2201 26 26 8
2202 25 25 9
2203 8 8 8
2204 25 24 8
2205 17 16 6
2206 17 17 7
2207 22 22 8
2208 27 26 10
2209 13 13 7
2210 22 22 6
2211 19 19 9
2212 18 18 8
2213 23 22 8
2214 25 25 7
2215 14 14 6
2216 19 19 7
2217 38 37 7
2218 16 15 7
2219 22 22 8
2220 15 14 8
2221 25 24 8
2222 23 23 7
2223 20 20 8
2224 19 19 9
2225 14 14 6
2226 19 19 9
2227 22 22 8
2228 23 23 9
2229 26 26 8
2230 21 21 7
2231 14 13 7
2232 28 28 8
2233 17 16 8
2234 25 24 8
2235 15 15 7
2236 28 28 8
2237 25 25 7
2238 18 17 7
2239 10 10 6
2240 27 27 9
2241 12 12 6
2242 15 15 7
2243 22 21 7
2244 16 16 6
2245 13 13 7
2246 12 12 8
2247 23 22 10
2248 9 8 7
2249 13 13 7
2250 20 20 8
2251 15 14 8
2252 19 18 6
2253 15 15 7
2254 18 17 7
2255 14 14 6
2256 25 25 7
2257 16 16 8
2258 15 14 8
2259 17 16 6
2260 15 15 7
2261 16 16 8
2262 15 15 7
2263 20 19 9
2264 14 14 8
2265 13 12 6
2266 13 13 7
2267 14 14 8
2268 15 14 8
2269 21 20 8
2270 19 18 8
2271 7 7 7
2272 12 12 6
2273 7 7 7
2274 24 23 9
2275 12 11 7
2276 22 22 10
2277 15 15 7
2278 16 15 7
2279 16 15 7
2280 8 7 6
2281 18 17 7
2282 16 15 9
2283 12 12 8
2284 15 14 8
2285 19 18 6
2286 19 19 9
2287 16 15 7
2288 14 13 7
2289 12 12 8
2290 13 13 9
2291 12 12 6
2292 13 13 7
2293 8 8 8
2294 25 24 8
2295 19 18 6
2296 21 21 7
2297 12 11 7
2298 14 13 7
2299 6 6 6
2300 7 7 7
2301 12 12 8
2302 13 12 8
2303 17 16 8
2304 13 13 7
2305 20 19 7
2306 20 20 8
2307 17 17 7
2308 22 21 9
2309 24 23 7
2310 16 16 8
2311 13 12 8
2312 11 10 6
2313 17 17 7
2314 20 19 7
2315 14 14 8
2316 13 12 8
2317 13 12 8
2318 17 16 10
2319 17 16 8
2320 19 18 8
2321 15 14 6
2322 7 7 7
2323 20 19 7
2324 22 21 9
2325 8 7 6
2326 12 12 6
2327 7 7 7
2328 12 12 8
2329 13 12 8
2330 13 12 8
2331 13 12 6
2332 19 19 9
2333 18 17 7
2334 8 7 6
2335 12 11 7
2336 24 23 9
2337 16 16 8
2338 13 12 6
2339 13 13 7
2340 10 10 6
2341 13 13 7
2342 14 14 10
2343 17 16 8
2344 13 12 6
2345 17 17 9
2346 12 12 8
2347 7 7 7
2348 14 14 6
2349 15 15 7
2350 16 15 7
2351 16 15 7
2352 12 11 7
2353 12 11 7
2354 14 14 8
2355 13 12 8
2356 9 8 7
2357 17 16 8
2358 7 7 7
2359 12 12 6
2360 15 15 7
2361 20 20 10
2362 11 10 6
2363 7 7 7
2364 14 14 6
2365 11 11 7
2366 8 8 8
2367 15 14 8
2368 7 6 5
2369 15 15 7
2370 18 17 7
2371 18 18 10
2372 13 12 6
2373 15 15 7
2374 8 7 6
2375 8 7 6
2376 12 12 8
2377 19 18 10
2378 11 10 6
2379 11 11 7
2380 14 14 8
2381 13 12 8
2382 15 14 6
2383 13 13 7
2384 12 12 8
2385 15 14 6
2386 15 15 7
2387 10 10 6
2388 15 15 7
2389 8 7 6
2390 12 12 8
2391 15 14 8
2392 17 16 8
2393 19 18 8
2394 15 15 9
2395 14 14 6
2396 13 13 7
2397 8 7 6
2398 14 14 8
2399 13 13 7
2400 16 16 6
2401 11 11 7
2402 20 19 7
2403 16 16 6
2404 15 15 7
2405 16 16 8
2406 11 11 7
2407 14 14 8
2408 15 14 6
2409 15 15 7
2410 14 13 7
2411 18 17 7
2412 14 13 7
2413 22 21 7
2414 18 18 8
2415 13 13 7
2416 12 12 8
2417 15 14 8
2418 15 14 6
2419 23 23 7
2420 24 23 7
2421 14 14 6
2422 17 17 7
2423 30 30 6
2424 39 39 9
2425 30 30 6
2426 25 25 7
2427 24 24 6
2428 15 15 7
2429 22 21 7
2430 36 35 9
2431 18 17 7
2432 16 16 6
2433 17 17 7
2434 20 19 7
2435 36 35 9
2436 26 25 7
2437 40 40 10
2438 25 25 7
2439 28 27 9
2440 40 39 11
2441 36 36 8
2442 23 23 7
2443 28 27 9
2444 30 30 10
2445 37 36 8
2446 25 25 7
2447 28 28 8
2448 25 25 9
2449 40 40 10
2450 33 32 12
2451 29 28 10
2452 55 55 9
2453 34 34 6
2454 31 31 7
2455 30 29 7
2456 48 47 9
2457 38 37 9
2458 22 22 8
2459 39 38 10
2460 43 42 12
2461 41 40 10
2462 37 36 8
2463 33 33 9
2464 30 30 8
2465 29 29 9
2466 26 25 7
2467 28 27 7
2468 30 30 10
2469 31 31 7
2470 40 39 11
2471 20 20 8
2472 35 35 9
2473 20 20 8
2474 23 22 8
2475 21 20 6
2476 23 23 9
2477 28 28 8
2478 19 19 9
2479 32 32 8
2480 19 19 7
2481 22 22 8
2482 17 16 6
2483 21 21 7
2484 26 26 8
2485 33 33 9
2486 24 24 8
2487 25 24 6
2488 35 35 7
2489 18 17 7
2490 20 19 7
2491 28 27 9
2492 16 16 6
2493 21 21 9
2494 26 25 9
2495 24 24 8
2496 17 16 8
2497 17 17 7
2498 30 29 9
2499 14 14 6
2500 17 17 7
2501 18 18 6
2502 25 25 9
2503 18 18 10
2504 13 12 8
2505 11 10 6
2506 13 13 7
2507 22 21 9
2508 22 22 8
2509 25 24 8
2510 25 25 7
2511 26 25 9
2512 20 20 8
2513 17 16 6
2514 21 21 7
2515 16 16 6
2516 19 19 9
2517 20 20 8
2518 23 23 7
2519 16 16 8
2520 17 16 6
2521 13 13 7
2522 22 22 8
2523 11 11 7
2524 18 17 7
2525 14 13 7
2526 24 24 8
2527 13 13 7
2528 16 15 7
2529 26 26 8
2530 17 16 8
2531 23 22 6
2532 17 17 7
2533 14 13 7
2534 12 12 6
2535 19 19 7
2536 14 13 7
2537 20 20 6
2538 15 15 7
2539 16 16 8
2540 19 18 8
2541 17 17 7
2542 18 18 8
2543 29 28 8
2544 19 19 7
2545 14 14 6
2546 11 11 7
2547 14 14 6
2548 19 19 7
2549 20 19 7
2550 16 15 7
2551 22 22 8
2552 13 13 7
2553 26 25 9
2554 12 12 6
2555 23 23 9
2556 22 22 6
2557 23 23 7
2558 22 22 8
2559 21 20 6
2560 19 19 7
2561 22 22 6
2562 23 23 9
2563 30 29 7
2564 26 26 6
2565 19 19 7
2566 14 13 7
2567 14 14 6
2568 17 17 7
2569 32 32 8
2570 23 23 7
2571 22 22 8
2572 17 16 6
2573 19 19 7
2574 26 26 8
2575 27 26 6
2576 13 13 7
2577 34 34 8
2578 19 19 7
2579 30 30 8
2580 29 28 10
2581 19 18 6
2582 21 21 9
2583 20 20 6
2584 19 19 7
2585 22 22 6
2586 19 19 7
2587 22 21 7
2588 24 24 8
2589 21 21 7
2590 20 20 6
2591 17 17 7
2592 18 17 7
2593 22 22 6
2594 13 13 7
2595 26 25 9
2596 18 17 7
2597 20 19 7
2598 22 21 7
2599 22 22 8
2600 23 22 6
2601 17 17 7
2602 16 15 7
2603 22 21 7
2604 10 10 6
2605 17 17 9
2606 14 14 8
2607 17 16 8
2608 23 22 10
2609 15 14 8
2610 25 24 6
2611 21 21 7
2612 16 16 8
2613 15 14 8
2614 15 14 6
2615 19 19 9
2616 18 18 8
2617 11 10 6
2618 21 21 7
2619 24 23 7
2620 18 18 8
2621 19 18 6
2622 17 17 7
2623 16 15 7
2624 16 16 8
2625 15 14 8
2626 15 14 6
2627 15 15 9
2628 8 8 8
2629 23 22 6
2630 17 17 7
2631 22 21 9
2632 14 13 7
2633 16 16 6
2634 17 17 7
2635 26 26 8
2636 15 14 8
2637 17 16 8
2638 11 10 6
2639 21 21 7
2640 12 12 8
2641 15 14 6
2642 15 15 7
2643 16 16 8
2644 23 22 10
2645 15 14 8
2646 13 12 6
2647 11 11 7
2648 26 26 10
2649 13 12 6
2650 17 17 7
2651 10 10 6
2652 21 21 7
2653 14 14 6
2654 15 15 7
2655 16 15 9
2656 20 19 7
2657 16 16 8
2658 13 12 8
2659 17 16 8
2660 13 12 6
2661 27 27 9
2662 12 11 7
2663 10 10 6
2664 13 13 7
2665 16 15 9
2666 12 12 6
2667 13 13 7
2668 18 18 8
2669 17 16 6
2670 17 17 9
2671 16 16 8
2672 7 6 5
2673 7 7 7
2674 14 14 6
2675 7 7 7
2676 16 15 7
2677 16 15 7
2678 16 15 9
2679 12 12 6
2680 27 27 9
2681 18 18 6
2682 19 19 7
2683 20 19 9
2684 6 6 6
2685 17 17 7
2686 6 6 6
2687 21 21 7
2688 16 15 7
2689 18 17 7
2690 12 11 7
2691 12 11 7
2692 20 20 8
2693 15 14 6
2694 13 13 7
2695 18 18 10
2696 23 23 7
2697 22 21 7
2698 16 16 8
2699 15 14 8
2700 21 20 6
2701 19 19 7
2702 22 22 8
2703 21 21 9
2704 30 30 8
2705 17 16 8
2706 31 30 10
2707 25 24 6
2708 29 29 9
2709 20 19 7
2710 26 26 6
2711 21 21 7
2712 22 21 7
2713 32 31 9
2714 28 28 8
2715 31 30 8
2716 27 27 7
2717 28 28 8
2718 29 28 6
2719 21 21 9
2720 20 20 8
2721 27 27 7
2722 22 22 8
2723 25 24 8
2724 25 24 8
2725 31 31 9
2726 22 22 6
2727 31 31 9
2728 32 32 8
2729 29 28 8
2730 31 30 6
2731 31 31 11
2732 22 22 6
2733 31 31 9
2734 42 41 7
2735 30 29 9
2736 44 44 10
2737 23 22 8
2738 31 31 9
2739 36 35 11
2740 22 21 7
2741 18 18 6
2742 19 19 7
2743 22 22 6
2744 21 21 7
2745 30 29 11
2746 32 32 12
2747 27 26 8
2748 21 21 7
2749 14 14 6
2750 29 29 13
2751 32 32 8
2752 17 17 9
2753 18 18 6
2754 19 19 7
2755 38 38 12
2756 25 25 7
2757 26 25 11
2758 28 28 8
2759 35 34 8
2760 29 28 8
2761 19 19 7
2762 20 19 7
2763 26 26 8
2764 37 36 14
2765 21 21 11
2766 40 40 12
2767 37 37 11
2768 26 26 8
2769 31 31 13
2770 40 40 12
2771 39 38 12
2772 25 25 7
2773 30 29 11
2774 28 27 7
2775 36 36 8
2776 19 19 9
2777 42 42 14
2778 25 24 10
2779 23 23 7
2780 22 22 10
2781 31 30 12
2782 31 30 12
2783 37 37 9
2784 28 27 9
2785 24 23 7
2786 20 19 7
2787 24 24 8
2788 37 36 16
2789 27 27 9
2790 16 16 6
2791 13 13 7
2792 40 40 14
2793 21 21 9
2794 32 31 9
2795 28 28 10
2796 33 32 8
2797 45 45 17
2798 26 25 11
2799 20 19 7
2800 16 15 7
2801 18 18 8
2802 15 14 6
2803 15 15 9
2804 16 15 7
2805 28 27 7
2806 36 35 7
2807 22 21 9
2808 40 39 11
2809 32 31 13
2810 14 14 8
2811 37 36 10
2812 11 11 7
2813 30 29 9
2814 20 19 7
2815 26 25 11
2816 26 26 6
2817 11 11 7
2818 22 22 8
2819 19 18 8
2820 29 28 6
2821 15 15 7
2822 28 28 8
2823 11 11 7
2824 18 18 6
2825 19 19 7
2826 18 18 8
2827 21 20 8
2828 11 10 6
2829 11 11 7
2830 14 14 8
2831 17 17 7
2832 12 12 6
2833 13 13 7
2834 14 14 8
2835 17 16 8
2836 17 16 6
2837 11 11 7
2838 14 14 8
2839 17 17 7
2840 16 15 7
2841 20 19 7
2842 32 31 7
2843 20 19 7
2844 24 24 10
2845 15 14 6
2846 25 25 9
2847 14 14 6
2848 19 19 7
2849 12 12 6
2850 13 13 7
2851 14 13 7
2852 22 22 8
2853 33 32 8
2854 23 22 6
2855 21 21 7
2856 16 15 7
2857 16 15 7
2858 12 12 6
2859 17 17 7
2860 14 14 8
2861 15 14 8
2862 15 14 6
2863 15 15 7
2864 14 14 8
2865 13 13 7
2866 20 19 7
2867 18 17 7
2868 8 7 6
2869 26 25 7
2870 16 15 7
2871 22 21 7
2872 20 20 10
2873 11 10 6
2874 15 15 7
2875 22 21 9
2876 16 15 7
2877 10 10 6
2878 7 7 7
2879 20 20 8
2880 27 26 8
2881 11 11 7
2882 12 12 8
2883 7 7 7
2884 12 11 7
2885 20 20 6
2886 19 19 9
2887 18 17 7
2888 16 16 6
2889 31 31 7
2890 20 19 7
2891 26 26 10
2892 11 10 6
2893 17 17 7
2894 22 21 7
2895 18 17 7
2896 10 10 6
2897 15 15 7
2898 18 18 6
2899 19 19 7
2900 16 16 8
2901 21 20 8
2902 13 12 6
2903 21 21 9
2904 16 16 8
2905 21 20 8
2906 17 16 8
2907 13 13 7
2908 14 14 8
2909 19 18 6
2910 19 19 9
2911 24 24 8
2912 21 20 8
2913 17 16 6
2914 23 23 7
2915 14 14 6
2916 29 29 11
2917 16 16 6
2918 15 15 7
2919 20 20 8
2920 13 12 8
2921 13 13 7
2922 18 18 8
2923 13 12 6
2924 17 17 7
2925 24 24 8
2926 21 20 6
2927 19 19 7
2928 20 19 7
2929 12 12 8
2930 15 14 8
2931 13 12 6
2932 21 21 7
2933 22 21 9
2934 14 14 6
2935 13 13 7
2936 22 21 9
2937 14 14 6
2938 19 19 7
2939 18 18 8
2940 13 12 8
2941 17 16 8
2942 11 10 6
2943 17 17 7
2944 16 16 6
2945 19 19 7
2946 16 16 6
2947 15 15 7
2948 16 16 8
2949 13 13 7
2950 20 20 8
2951 33 32 8
2952 17 17 7
2953 20 20 6
2954 23 23 7
2955 20 19 9
2956 18 18 8
2957 23 22 8
2958 17 16 8
2959 29 28 10
2960 27 26 10
2961 17 17 7
2962 24 23 7
2963 32 32 14
2964 15 14 8
2965 31 30 12
2966 31 30 14
2967 31 30 10
2968 21 21 9
2969 24 24 8
2970 33 33 11
2971 28 27 7
2972 28 27 7
2973 20 19 7
2974 20 20 6
2975 23 23 7
2976 20 19 7
2977 18 17 7
2978 30 29 9
2979 20 20 6
2980 21 21 9
2981 16 16 8
2982 19 18 6
2983 17 17 9
2984 16 16 8
2985 21 20 6
2986 25 25 11
2987 22 22 8
2988 17 16 6
2989 21 21 9
2990 26 25 9
2991 20 20 6
2992 19 19 9
2993 26 26 10
2994 27 26 10
2995 33 33 9
2996 28 28 8
2997 27 26 8
2998 37 36 8
2999 23 23 7
3000 32 32 10
3001 15 14 6
3002 19 19 7
3003 26 26 6
3004 27 27 7
3005 30 30 10
3006 29 28 8
3007 29 28 8
3008 23 22 8
3009 23 22 8
3010 27 26 8
3011 19 18 10
3012 21 20 8
3013 27 27 7
3014 28 27 7
3015 18 18 8
3016 31 30 12
3017 13 13 7
3018 20 19 7
3019 36 35 7
3020 16 15 7
3021 22 22 8
3022 29 28 8
3023 19 19 7
3024 30 30 16
3025 21 20 8
3026 19 19 7
3027 22 22 6
3028 29 29 11
3029 30 30 10
3030 27 27 11
3031 26 26 8
3032 23 23 7
3033 36 35 13
3034 28 27 9
3035 22 22 10
3036 25 24 6
3037 21 21 7
3038 32 31 9
3039 32 31 9
3040 30 29 9
3041 30 29 9
3042 38 38 12
3043 31 30 10
3044 31 30 6
3045 29 29 11
3046 28 28 8
3047 27 26 10
3048 27 26 10
3049 15 14 6
3050 29 29 7
3051 28 28 8
3052 19 19 7
3053 16 15 7
3054 20 19 9
3055 16 16 6
3056 21 21 9
3057 26 26 8
3058 23 23 9
3059 24 23 9
3060 24 23 9
3061 16 15 7
3062 28 28 14
3063 21 21 7
3064 26 25 11
3065 16 16 8
3066 25 24 6
3067 15 15 7
3068 18 18 8
3069 21 21 7
3070 24 24 10
3071 27 26 8
3072 15 14 8
3073 19 18 8
3074 15 15 7
3075 26 25 7
3076 20 20 6
3077 21 21 7
3078 24 23 7
3079 20 19 7
3080 20 20 8
3081 21 20 6
3082 13 13 7
3083 24 24 8
3084 19 18 8
3085 17 16 8
3086 17 16 6
3087 15 15 7
3088 18 18 6
3089 31 31 9
3090 14 14 8
3091 15 14 6
3092 17 17 7
3093 14 13 7
3094 14 14 6
3095 17 17 7
3096 16 15 9
3097 16 16 6
3098 13 13 7
3099 14 14 6
3100 31 31 11
3101 14 14 6
3102 21 21 7
3103 20 20 6
3104 23 23 7
3105 16 15 9
3106 34 33 7
3107 20 19 7
3108 28 28 8
3109 23 22 8
3110 27 26 8
3111 19 19 9
3112 24 24 8
3113 33 32 10
3114 35 34 8
3115 27 26 10
3116 27 26 8
3117 29 28 6
3118 33 33 11
3119 46 46 14
3120 27 26 8
3121 19 19 7
3122 34 34 8
3123 29 28 6
3124 25 25 7
3125 32 32 8
3126 37 37 9
3127 34 34 8
3128 41 40 8
3129 29 28 8
3130 29 28 8
3131 31 31 7
3132 32 31 9
3133 14 13 7
3134 28 27 7
3135 28 27 9
3136 26 25 9
3137 32 32 14
3138 21 20 6
3139 21 21 7
3140 24 23 9
3141 26 26 10
3142 15 14 8
3143 19 18 6
3144 19 19 7
3145 18 17 7
3146 16 16 8
3147 17 16 6
3148 19 19 9
3149 14 14 8
3150 17 16 8
3151 17 16 8
3152 17 16 8
3153 13 12 6
3154 11 11 7
3155 14 14 10
3156 15 14 8
3157 17 16 8
3158 15 14 6
3159 13 13 7
3160 22 22 8
3161 17 17 9
3162 12 12 6
3163 17 17 9
3164 12 11 7
3165 10 10 6
3166 17 17 7
3167 24 23 9
3168 18 18 8
3169 13 12 6
3170 13 13 7
3171 12 12 8
3172 11 10 6
3173 15 15 7
3174 28 27 9
3175 22 22 8
3176 21 20 6
3177 11 11 7
3178 12 11 7
3179 12 12 6
3180 11 11 7
3181 18 18 8
3182 13 13 7
3183 14 13 7
3184 12 11 7
3185 12 11 7
3186 8 8 8
3187 17 16 8
3188 17 16 8
3189 15 14 6
3190 15 15 9
3191 20 20 10
3192 19 18 8
3193 11 11 7
3194 10 10 6
3195 19 19 9
3196 16 15 7
3197 8 7 6
3198 10 10 6
3199 11 11 7
3200 16 16 10
3201 15 14 8
3202 19 18 8
3203 19 18 10
3204 25 24 8
3205 15 14 6
3206 15 15 7
3207 6 6 6
3208 17 17 9
3209 12 12 6
3210 11 11 7
3211 14 14 8
3212 15 14 8
3213 7 6 5
3214 21 21 7
3215 28 27 9
3216 22 21 7
3217 22 21 7
3218 16 16 10
3219 19 18 8
3220 21 20 6
3221 17 17 7
3222 16 15 7
3223 14 13 9
3224 20 20 6
3225 7 7 7
3226 14 14 8
3227 13 12 8
3228 17 16 8
3229 21 20 6
3230 13 13 7
3231 14 14 8
3232 7 6 5
3233 13 13 7
3234 20 20 8
3235 19 19 7
3236 26 26 10
3237 17 16 6
3238 21 21 9
3239 18 18 10
3240 17 16 8
3241 15 15 7
3242 16 16 8
3243 15 14 8
3244 15 14 6
3245 15 15 7
3246 12 12 6
3247 19 19 9
3248 12 12 8
3249 13 12 6
3250 15 15 9
3251 20 20 8
3252 19 18 8
3253 19 19 7
3254 16 16 6
3255 17 17 7
3256 16 15 7
3257 12 12 8
3258 9 8 7
3259 13 12 8
3260 19 18 8
3261 17 16 6
3262 13 13 9
3263 20 19 7
3264 14 13 7
3265 20 20 8
3266 19 18 6
3267 7 7 7
3268 12 11 7
3269 14 13 7
3270 16 15 9
3271 10 10 6
3272 15 15 7
3273 14 14 6
3274 15 15 7
3275 26 25 9
3276 16 16 8
3277 23 22 8
3278 15 15 7
3279 22 22 8
3280 27 26 8
3281 27 26 8
3282 31 30 8
3283 21 20 6
3284 25 25 7
3285 22 21 7
3286 20 20 8
3287 17 17 9
3288 18 18 6
3289 19 19 7
3290 16 16 8
3291 17 16 6
3292 33 33 9
3293 16 16 6
3294 15 15 7
3295 16 15 7
3296 12 11 7
3297 22 22 6
3298 15 15 7
3299 30 29 7
3300 16 16 6
3301 23 23 9
3302 22 21 7
3303 22 21 7
3304 24 23 7
3305 18 18 8
3306 17 16 6
3307 23 23 7
3308 24 23 7
3309 24 23 7
3310 26 25 7
3311 18 17 7
3312 18 17 7
3313 30 29 7
3314 16 16 8
3315 21 20 8
3316 23 22 8
3317 19 18 6
3318 13 13 7
3319 12 12 6
3320 17 17 7
3321 22 21 7
3322 12 11 7
3323 20 20 10
3324 13 12 6
3325 17 17 7
3326 20 19 7
3327 14 14 8
3328 23 22 6
3329 15 15 7
3330 18 18 8
3331 15 15 7
3332 22 22 10
3333 17 17 7
3334 12 12 6
3335 25 25 9
3336 16 16 8
3337 17 17 7
3338 22 21 7
3339 18 18 8
3340 7 7 7
3341 12 11 7
3342 16 15 7
3343 12 11 7
3344 22 22 8
3345 21 20 10
3346 23 22 8
3347 13 13 7
3348 12 12 6
3349 17 17 9
3350 8 8 8
3351 17 17 7
3352 12 12 6
3353 21 21 7
3354 14 13 7
3355 14 13 9
3356 16 16 6
3357 21 21 9
3358 14 14 8
3359 17 17 9
3360 24 24 8
3361 13 13 7
3362 22 22 10
3363 19 18 8
3364 19 18 8
3365 17 17 7
3366 14 14 6
3367 19 19 9
3368 16 16 8
3369 15 14 8
3370 21 20 8
3371 17 16 8
3372 27 26 6
3373 15 15 7
3374 18 17 7
3375 22 21 7
3376 20 19 7
3377 16 16 8
3378 15 14 8
3379 23 22 6
3380 17 17 7
3381 20 20 8
3382 19 18 8
3383 17 16 6
3384 15 15 7
3385 8 7 6
3386 18 17 7
3387 18 18 10
3388 13 12 8
3389 19 18 6
3390 19 19 9
3391 14 14 6
3392 21 21 9
3393 12 12 6
3394 11 11 7
3395 10 10 6
3396 15 15 9
3397 16 16 8
3398 17 17 7
3399 16 15 9
3400 14 14 6
3401 17 17 7
3402 22 22 10
3403 19 18 8
3404 27 26 8
3405 11 11 7
3406 14 14 6
3407 13 13 7
3408 16 16 8
3409 15 14 6
3410 25 25 7
3411 12 11 7
3412 16 16 10
3413 13 12 6
3414 13 13 7
3415 12 12 8
3416 15 15 7
3417 16 16 8
3418 17 16 6
3419 15 15 7
3420 12 11 7
3421 14 14 6
3422 25 25 9
3423 14 14 6
3424 21 21 9
3425 14 13 7
3426 16 16 6
3427 19 19 7
3428 16 16 6
3429 19 19 7
3430 20 19 7
3431 10 10 6
3432 13 13 7
3433 32 32 8
3434 13 12 6
3435 13 13 7
3436 20 20 8
3437 17 17 7
3438 14 14 8
3439 11 11 7
3440 18 18 8
3441 17 16 6
3442 17 17 7
3443 20 20 8
3444 15 14 6
3445 19 19 7
3446 20 19 7
3447 14 14 6
3448 15 15 9
3449 14 14 8
3450 21 20 8
3451 13 13 7
3452 14 14 6
3453 15 15 7
3454 18 18 8
3455 15 14 6
3456 11 11 7
3457 16 15 7
3458 18 17 7
3459 12 11 7
3460 10 10 6
3461 15 15 9
3462 6 6 6
3463 13 13 7
3464 18 18 6
3465 15 15 7
3466 8 7 6
3467 22 21 7
3468 6 6 6
3469 23 23 7
3470 20 19 7
3471 6 6 6
3472 13 13 7
3473 14 13 7
3474 14 14 6
3475 13 13 7
3476 18 18 8
3477 19 19 7
3478 12 12 6
3479 13 13 7
3480 12 11 7
3481 24 23 7
3482 28 28 6
3483 21 21 7
3484 24 23 9
3485 14 14 6
3486 15 15 7
3487 20 20 6
3488 15 15 7
3489 20 20 8
3490 15 15 7
3491 18 18 6
3492 27 27 7
3493 10 10 6
3494 13 13 7
3495 18 17 7
3496 10 10 6
3497 13 13 7
3498 18 18 8
3499 27 26 6
3500 37 37 7
3501 14 13 7
3502 16 15 7
3503 24 24 6
3504 21 21 7
3505 22 22 8
3506 21 20 8
3507 15 14 6
3508 23 23 9
3509 20 20 8
3510 21 20 6
3511 17 17 9
3512 16 16 8
3513 7 6 5
3514 19 19 9
3515 20 20 6
3516 23 23 7
3517 28 27 9
3518 22 21 7
3519 16 15 7
3520 18 17 7
3521 14 14 8
3522 23 22 6
3523 27 27 9
3524 28 28 8
3525 27 26 10
3526 31 30 8
3527 29 28 8
3528 17 17 7
3529 18 17 7
3530 18 18 8
3531 31 30 8
3532 47 47 7
3533 24 23 7
3534 20 20 6
3535 23 23 7
3536 20 19 7
3537 12 12 6
3538 23 23 7
3539 20 19 7
3540 24 24 8
3541 19 19 7
3542 28 28 8
3543 29 29 7
3544 28 28 8
3545 25 25 7
3546 16 16 8
3547 25 24 8
3548 15 15 7
3549 22 22 8
3550 19 19 7
3551 26 25 11
3552 20 20 8
3553 35 34 6
3554 17 17 7
3555 22 21 7
3556 26 25 7
3557 28 27 9
3558 24 23 7
3559 34 34 10
3560 35 34 8
3561 33 33 7
3562 24 23 7
3563 38 37 9
3564 30 29 9
3565 42 41 9
3566 30 30 8
3567 21 21 9
3568 48 47 11
3569 54 53 13
3570 46 46 12
3571 23 23 7
3572 28 28 8
3573 33 33 9
3574 30 29 7
3575 36 35 9
3576 30 30 8
3577 27 27 7
3578 36 35 9
3579 22 21 7
3580 48 48 14
3581 37 36 8
3582 23 22 8
3583 25 24 8
3584 29 29 7
3585 26 26 8
3586 29 29 7
3587 22 22 6
3588 21 21 7
3589 24 23 7
3590 24 24 8
3591 23 23 7
3592 16 15 7
3593 26 26 6
3594 19 19 7
3595 18 18 8
3596 23 22 8
3597 25 25 7
3598 20 19 7
3599 16 15 7
3600 26 25 7
3601 22 21 7
3602 22 21 7
3603 18 18 8
3604 13 12 6
3605 13 13 7
3606 26 26 6
3607 15 15 7
3608 16 15 7
3609 22 22 8
3610 23 22 6
3611 19 19 7
3612 16 16 8
3613 19 18 8
3614 17 16 6
3615 17 17 7
3616 16 16 8
3617 13 12 8
3618 19 18 10
3619 11 10 6
3620 11 11 7
3621 20 19 7
3622 22 21 9
3623 14 13 7
3624 14 14 8
3625 17 16 8
3626 17 16 8
3627 13 12 6
3628 17 17 7
3629 14 13 7
3630 14 14 6
3631 15 15 7
3632 22 22 8
3633 17 16 8
3634 27 26 10
3635 19 18 8
3636 21 20 8
3637 19 18 8
3638 15 14 8
3639 13 12 6
3640 21 21 7
3641 10 10 6
3642 15 15 7
3643 20 20 8
3644 21 20 6
3645 13 13 7
3646 20 20 6
3647 7 7 7
3648 12 12 8
3649 21 20 8
3650 23 22 6
3651 11 11 7
3652 30 29 9
3653 26 25 7
3654 26 25 7
3655 38 37 7
3656 38 38 8
3657 33 33 9
3658 24 24 10
3659 21 20 8
3660 21 20 6
3661 25 25 7
3662 26 26 8
3663 23 23 9
3664 26 26 8
3665 13 12 6
3666 21 21 7
3667 38 37 9
3668 24 24 8
3669 17 17 7
3670 28 27 7
3671 32 32 8
3672 21 20 8
3673 15 14 6
3674 23 23 7
3675 22 21 7
3676 36 36 8
3677 21 20 6
3678 29 29 7
3679 30 29 7
3680 14 14 6
3681 23 23 7
3682 12 12 6
3683 19 19 7
3684 10 10 6
3685 23 23 9
3686 14 14 6
3687 17 17 7
3688 28 28 8
3689 21 21 7
3690 18 17 9
3691 26 26 8
3692 25 24 8
3693 25 25 9
3694 12 12 8
3695 17 16 6
3696 19 19 9
3697 24 24 6
3698 19 19 7
3699 22 22 8
3700 15 15 7
3701 24 24 8
3702 17 16 8
3703 23 23 7
3704 24 24 8
3705 17 16 8
3706 13 12 6
3707 17 17 7
3708 18 17 7
3709 28 27 9
3710 22 22 8
3711 13 13 7
3712 18 18 6
3713 21 21 7
3714 16 16 8
3715 11 11 7
3716 16 16 8
3717 13 12 6
3718 17 17 7
3719 22 21 9
3720 12 12 6
3721 21 21 9
3722 12 11 7
3723 20 19 9
3724 18 18 8
3725 23 22 10
3726 17 16 6
3727 7 7 7
3728 22 22 8
3729 27 27 7
3730 8 7 6
3731 20 19 7
3732 14 14 6
3733 23 23 7
3734 14 13 7
3735 14 14 8
3736 11 10 6
3737 15 15 9
3738 14 14 8
3739 13 12 8
3740 15 14 8
3741 17 16 8
3742 11 10 6
3743 13 13 9
3744 14 14 6
3745 17 17 7
3746 22 22 8
3747 11 10 6
3748 13 13 7
3749 14 14 8
3750 11 10 6
3751 17 17 9
3752 12 12 6
3753 11 11 7
3754 12 11 7
3755 12 11 7
3756 18 18 8
3757 13 13 7
3758 14 14 6
3759 13 13 7
3760 14 13 9
3761 18 18 8
3762 13 13 7
3763 20 20 8
3764 19 18 8
3765 17 16 8
3766 17 16 6
3767 13 13 7
3768 12 12 8
3769 19 18 8
3770 7 7 7
3771 14 14 6
3772 15 15 7
3773 8 8 8
3774 15 14 8
3775 15 15 7
3776 18 17 7
3777 18 17 7
3778 20 19 11
3779 10 10 6
3780 7 7 7
3781 12 12 8
3782 13 12 8
3783 17 16 8
3784 21 20 6
3785 11 11 7
3786 24 24 8
3787 25 24 8
3788 27 26 8
3789 15 14 8
3790 11 10 6
3791 19 19 7
3792 14 14 8
3793 21 20 8
3794 15 15 9
3795 10 10 6
3796 19 19 9
3797 24 24 8
3798 19 18 6
3799 7 7 7
3800 16 16 8
3801 13 12 6
3802 15 15 9
3803 12 12 6
3804 17 17 7
3805 14 13 7
3806 16 15 9
3807 12 12 8
3808 21 20 8
3809 21 20 8
3810 11 10 6
3811 13 13 7
3812 8 8 8
3813 17 16 8
3814 21 20 8
3815 17 16 8
3816 13 12 8
3817 15 14 6
3818 23 23 9
3819 18 18 8
3820 13 12 8
3821 13 12 6
3822 15 15 9
3823 16 15 7
3824 22 22 8
3825 25 25 7
3826 16 15 7
3827 18 18 8
3828 11 11 7
3829 8 7 6
3830 18 18 6
3831 15 15 7
3832 24 24 10
3833 21 20 6
3834 17 17 7
3835 18 18 8
3836 15 14 6
3837 19 19 7
3838 22 22 6
3839 11 11 7
3840 20 20 8
3841 15 15 7
3842 18 18 6
3843 19 19 9
3844 18 18 6
3845 21 21 7
3846 16 16 6
3847 21 21 9
3848 18 17 7
3849 14 13 7
3850 22 22 8
3851 21 20 8
3852 23 22 10
3853 21 20 8
3854 35 35 11
3855 38 37 7
3856 28 27 7
3857 28 27 7
3858 24 23 7
3859 26 26 8
3860 29 28 8
3861 25 24 8
3862 13 13 7
3863 26 26 10
3864 27 26 8
3865 25 25 7
3866 26 25 9
3867 34 33 7
3868 14 14 6
3869 31 31 7
3870 18 17 7
3871 18 18 8
3872 19 18 8
3873 25 25 9
3874 26 26 8
3875 25 24 8
3876 17 16 6
3877 19 19 9
3878 16 16 6
3879 23 23 7
3880 24 23 9
3881 24 23 7
3882 22 21 9
3883 32 32 12
3884 23 22 8
3885 31 30 6
3886 25 25 9
3887 16 16 6
3888 23 23 7
3889 24 23 7
3890 22 22 8
3891 21 20 8
3892 19 18 6
3893 17 17 9
3894 24 24 8
3895 17 16 6
3896 21 21 7
3897 20 19 7
3898 20 20 8
3899 13 13 7
3900 22 22 8
3901 13 13 7
3902 14 13 7
3903 14 14 6
3904 13 13 7
3905 20 19 7
3906 16 15 7
3907 20 20 6
3908 19 19 9
3909 24 24 8
3910 15 15 7
3911 26 25 7
3912 14 13 9
3913 6 6 6
3914 17 17 7
3915 12 12 6
3916 15 15 7
3917 12 12 8
3918 15 14 8
3919 21 21 7
3920 20 20 6
3921 11 11 7
3922 26 25 7
3923 12 12 8
3924 7 6 5
3925 29 29 9
3926 26 25 7
3927 20 19 7
3928 16 15 7
3929 18 18 8
3930 15 14 6
3931 25 25 7
3932 16 15 7
3933 20 19 7
3934 22 21 7
3935 20 19 9
3936 14 14 8
3937 17 16 6
3938 17 17 7
3939 16 16 8
3940 25 25 9
3941 18 18 6
3942 17 17 7
3943 16 16 6
3944 15 15 7
3945 12 12 6
3946 21 21 9
3947 18 18 8
3948 15 14 6
3949 13 13 7
3950 16 16 8
3951 15 14 8
3952 17 17 7
3953 18 18 8
3954 15 14 6
3955 17 17 9
3956 14 14 6
3957 13 13 7
3958 20 20 6
3959 13 13 7
3960 18 17 7
3961 16 16 8
3962 13 12 8
3963 19 18 8
3964 23 22 8
3965 23 22 8
3966 21 21 7
3967 20 20 8
3968 23 22 6
3969 27 27 9
3970 16 15 7
3971 18 17 7
3972 16 16 6
3973 17 17 9
3974 14 13 7
3975 18 17 7
3976 28 28 8
3977 13 12 6
3978 17 17 7
3979 14 14 8
3980 19 18 6
3981 15 15 11
3982 10 10 6
3983 7 7 7
3984 12 12 8
3985 15 14 8
3986 13 12 8
3987 15 14 8
3988 23 23 7
3989 18 17 7
3990 28 27 9
3991 16 15 7
3992 14 13 7
3993 20 20 8
3994 29 29 7
3995 22 21 7
3996 18 18 8
3997 23 23 7
3998 16 16 8
3999 23 22 8
4000 13 12 8
4001 9 8 7
4002 17 16 8
4003 11 10 6
4004 15 15 7
4005 14 13 7
4006 8 7 6
4007 22 21 9
4008 14 14 6
4009 11 11 7
4010 14 13 7
4011 20 19 9
4012 6 6 6
4013 13 13 7
4014 18 18 10
4015 9 8 7
4016 11 10 6
4017 17 17 7
4018 14 14 8
4019 17 16 8
4020 15 15 7
4021 22 21 9
4022 16 16 8
4023 13 12 8
4024 7 6 5
4025 13 13 7
4026 8 8 8
4027 21 20 8
4028 11 10 6
4029 11 11 7
4030 18 18 8
4031 13 13 7
4032 14 14 10
4033 17 16 8
4034 13 12 6
4035 11 11 7
4036 16 16 8
4037 25 25 9
4038 18 18 8
4039 17 16 8
4040 7 6 5
4041 11 11 7
4042 14 14 6
4043 13 13 9
4044 14 14 8
4045 17 16 6
4046 13 13 7
4047 22 21 11
4048 14 14 8
4049 15 14 6
4050 13 13 7
4051 12 11 7
4052 12 12 6
4053 15 15 7
4054 18 17 7
4055 12 11 7
4056 14 13 7
4057 12 11 7
4058 12 12 6
4059 13 13 7
4060 14 14 8
4061 15 14 6
4062 7 7 7
4063 8 7 6
4064 18 18 6
4065 15 15 9
4066 12 11 7
4067 12 12 8
4068 11 10 6
4069 15 15 9
4070 14 14 8
4071 15 14 8
4072 13 12 6
4073 17 17 7
4074 14 13 7
4075 14 14 6
4076 15 15 7
4077 18 17 7
4078 16 16 6
4079 21 21 7
4080 18 18 6
4081 13 13 7
4082 22 21 7
4083 16 15 7
4084 18 18 6
4085 23 23 7
4086 26 25 7
4087 38 37 7
4088 42 42 8
4089 23 22 6
4090 35 35 7
4091 16 15 7
4092 20 19 7
4093 28 28 8
4094 15 14 8
4095 17 16 6
4096 17 17 7
4097 24 23 7
4098 26 26 6
4099 31 31 11
4100 22 22 6
4101 25 25 7
4102 28 28 8
4103 23 23 7
4104 30 29 7
4105 32 31 7
4106 42 41 9
4107 30 30 10
4108 43 42 10
4109 25 24 8
4110 21 20 8
4111 27 27 7
4112 32 32 8
4113 21 20 6
4114 27 27 9
4115 16 16 6
4116 23 23 7
4117 26 25 7
4118 18 17 7
4119 20 20 8
4120 25 24 8
4121 29 28 8
4122 21 20 8
4123 31 30 10
4124 27 26 8
4125 23 22 8
4126 19 18 8
4127 13 13 7
4128 18 18 8
4129 27 26 8
4130 23 22 6
4131 29 29 9
4132 20 20 6
4133 33 33 7
4134 40 39 9
4135 24 23 7
4136 36 36 6
4137 17 17 7
4138 26 25 9
4139 30 30 6
4140 43 43 9
4141 30 29 9
4142 16 16 6
4143 23 23 9
4144 20 20 8
4145 19 18 8
4146 35 34 8
4147 29 29 9
4148 22 22 8
4149 21 20 6
4150 41 41 9
4151 24 23 7
4152 30 29 9
4153 12 12 6
4154 15 15 7
4155 30 30 8
4156 37 36 10
4157 35 34 8
4158 27 26 8
4159 13 12 6
4160 27 27 7
4161 38 37 9
4162 18 18 8
4163 23 22 8
4164 21 21 7
4165 22 21 7
4166 28 27 9
4167 20 19 7
4168 20 19 9
4169 20 20 8
4170 25 24 8
4171 27 26 8
4172 25 24 8
4173 19 18 6
4174 17 17 7
4175 28 27 9
4176 20 19 7
4177 18 18 6
4178 29 29 9
4179 20 20 6
4180 23 23 7
4181 18 17 7
4182 32 32 6
4183 29 29 9
4184 18 18 8
4185 25 24 6
4186 31 31 9
4187 24 24 8
4188 11 10 6
4189 29 29 7
4190 36 35 7
4191 20 20 10
4192 21 20 8
4193 23 23 7
4194 26 25 9
4195 22 22 10
4196 25 24 8
4197 23 23 7
4198 24 23 7
4199 28 28 10
4200 23 22 8
4201 25 24 10
4202 31 30 8
4203 23 23 7
4204 26 25 7
4205 12 12 6
4206 21 21 7
4207 22 21 7
4208 22 22 8
4209 19 18 6
4210 33 33 9
4211 20 19 7
4212 18 18 6
4213 21 21 7
4214 18 17 7
4215 22 21 7
4216 16 16 8
4217 7 6 5
4218 17 17 9
4219 14 14 6
4220 15 15 7
4221 12 12 6
4222 25 25 7
4223 20 19 7
4224 18 17 7
4225 14 14 6
4226 19 19 7
4227 16 15 7
4228 26 25 7
4229 18 17 7
4230 22 22 8
4231 21 20 8
4232 19 18 8
4233 17 16 8
4234 11 10 6
4235 17 17 11
4236 12 12 8
4237 15 14 6
4238 17 17 7
4239 24 23 9
4240 16 16 6
4241 21 21 9
4242 12 12 6
4243 15 15 9
4244 6 6 6
4245 17 17 7
4246 14 13 9
4247 18 18 6
4248 15 15 7
4249 6 6 6
4250 15 15 7
4251 12 12 6
4252 7 7 7
4253 16 16 6
4254 17 17 7
4255 18 17 7
4256 8 7 6
4257 16 16 6
4258 15 15 7
4259 20 19 9
4260 14 14 6
4261 13 13 7
4262 16 16 6
4263 15 15 7
4264 14 13 7
4265 18 17 7
4266 10 10 6
4267 13 13 9
4268 16 16 8
4269 15 14 6
4270 13 13 7
4271 10 10 6
4272 17 17 7
4273 18 17 9
4274 10 10 6
4275 7 7 7
4276 20 19 9
4277 14 14 8
4278 17 16 8
4279 17 16 8
4280 17 16 8
4281 13 13 7
4282 14 14 8
4283 15 15 7
4284 12 11 7
4285 12 12 6
4286 15 15 7
4287 14 14 8
4288 7 7 7
4289 14 13 7
4290 16 16 8
4291 13 13 7
4292 14 14 6
4293 13 13 7
4294 22 22 8
4295 15 14 8
4296 19 18 8
4297 11 10 6
4298 19 19 9
4299 12 12 8
4300 11 11 7
4301 10 10 6
4302 13 13 7
4303 16 15 9
4304 18 18 10
4305 25 24 8
4306 13 12 8
4307 11 11 7
4308 22 22 12
4309 25 24 8
4310 13 12 6
4311 11 11 7
4312 18 17 9
4313 14 14 6
4314 15 15 9
4315 12 11 7
4316 12 12 6
4317 17 17 7
4318 8 7 6
4319 14 13 7
4320 16 16 8
4321 13 13 7
4322 20 20 10
4323 13 12 6
4324 15 15 7
4325 12 11 7
4326 16 15 7
4327 18 18 6
4328 15 15 9
4329 14 14 8
4330 13 12 6
4331 15 15 7
4332 12 11 7
4333 16 16 8
4334 17 16 8
4335 13 12 6
4336 11 11 7
4337 12 11 7
4338 14 13 9
4339 12 12 6
4340 15 15 7
4341 16 15 7
4342 14 14 8
4343 17 16 6
4344 17 17 9
4345 6 6 6
4346 15 15 7
4347 6 6 6
4348 11 11 7
4349 16 16 8
4350 13 12 6
4351 15 15 7
4352 6 6 6
4353 13 13 7
4354 12 12 8
4355 25 24 10
4356 23 22 8
4357 13 13 7
4358 14 14 8
4359 17 16 6
4360 27 27 7
4361 14 13 7
4362 24 23 9
4363 16 16 8
4364 25 25 7
4365 10 10 6
4366 23 23 9
4367 20 20 6
4368 23 23 9
4369 26 26 10
4370 17 16 6
4371 15 15 7
4372 28 27 7
4373 20 20 10
4374 27 26 8
4375 19 19 9
4376 14 14 8
4377 23 22 6
4378 29 29 7
4379 48 47 11
4380 24 23 7
4381 34 33 7
4382 26 25 7
4383 26 26 6
4384 27 27 7
4385 26 26 8
4386 39 38 12
4387 39 38 6
4388 37 37 9
4389 34 34 10
4390 45 44 12
4391 37 36 8
4392 49 49 13
4393 32 32 10
4394 27 26 8
4395 27 27 11
4396 54 54 12
4397 21 21 7
4398 22 21 9
4399 22 22 8
4400 31 30 10
4401 13 13 7
4402 26 26 8
4403 15 14 6
4404 25 25 7
4405 24 23 9
4406 32 31 11
4407 32 31 9
4408 20 19 7
4409 28 27 13
4410 20 20 10
4411 27 26 6
4412 25 25 11
4413 32 31 9
4414 24 23 7
4415 22 22 8
4416 21 20 6
4417 23 23 7
4418 26 26 8
4419 15 14 8
4420 23 22 6
4421 27 27 7
4422 18 17 7
4423 40 40 8
4424 39 39 11
4425 22 22 8
4426 27 26 8
4427 31 30 8
4428 21 20 8
4429 25 25 7
4430 40 39 11
4431 26 26 6
4432 23 23 7
4433 22 22 8
4434 21 20 8
4435 41 41 15
4436 34 33 9
4437 20 20 8
4438 21 20 8
4439 21 21 9
4440 16 16 6
4441 31 31 11
4442 28 27 7
4443 24 24 8
4444 17 17 7
4445 28 27 7
4446 16 15 7
4447 28 28 10
4448 31 31 11
4449 26 26 8
4450 23 22 8
4451 23 22 8
4452 23 22 8
4453 13 13 7
4454 30 30 8
4455 17 16 6
4456 33 33 11
4457 20 20 8
4458 15 15 7
4459 40 39 15
4460 22 21 9
4461 26 26 12
4462 29 28 8
4463 31 30 12
4464 17 17 7
4465 30 29 11
4466 28 28 10
4467 21 20 8
4468 37 36 8
4469 39 39 9
4470 22 21 7
4471 36 36 10
4472 19 18 8
4473 27 26 8
4474 33 32 12
4475 23 22 8
4476 25 24 8
4477 27 27 7
4478 30 29 7
4479 14 14 6
4480 37 37 9
4481 30 29 9
4482 30 30 8
4483 29 29 9
4484 26 26 8
4485 23 22 6
4486 25 25 9
4487 18 18 6
4488 29 29 9
4489 24 24 6
4490 21 21 9
4491 16 16 8
4492 35 34 6
4493 21 21 7
4494 30 30 10
4495 29 28 8
4496 15 15 7
4497 20 19 7
4498 20 19 7
4499 32 31 7
4500 24 24 8
4501 17 17 7
4502 28 28 8
4503 21 21 7
4504 16 15 7
4505 24 23 7
4506 16 16 6
4507 15 15 7
4508 28 28 8
4509 19 18 6
4510 17 17 7
4511 34 33 7
4512 26 26 10
4513 25 24 6
4514 17 17 9
4515 24 24 8
4516 35 34 8
4517 15 14 6
4518 17 17 7
4519 12 12 6
4520 31 31 9
4521 24 23 7
4522 24 23 7
4523 22 22 8
4524 25 24 6
4525 21 21 7
4526 18 18 8
4527 25 24 10
4528 17 17 7
4529 18 18 6
4530 19 19 9
4531 20 19 7
4532 14 14 6
4533 19 19 7
4534 26 25 7
4535 12 11 7
4536 24 24 10
4537 13 12 6
4538 11 11 7
4539 14 14 8
4540 13 13 7
4541 18 18 8
4542 13 12 6
4543 11 11 7
4544 16 15 9
4545 18 17 7
4546 14 14 6
4547 13 13 7
4548 28 27 9
4549 16 16 8
4550 21 21 7
4551 16 16 8
4552 13 12 6
4553 19 19 7
4554 20 19 7
4555 14 14 6
4556 17 17 7
4557 20 19 7
4558 12 12 6
4559 17 17 9
4560 18 18 8
4561 15 14 6
4562 15 15 7
4563 26 25 7
4564 16 16 8
4565 13 12 6
4566 23 23 9
4567 10 10 6
4568 13 13 7
4569 12 12 6
4570 17 17 9
4571 14 14 6
4572 17 17 7
4573 8 7 6
4574 12 11 7
4575 16 16 8
4576 17 16 8
4577 21 20 6
4578 7 7 7
4579 12 11 7
4580 16 16 6
4581 23 23 11
4582 6 6 6
4583 21 21 7
4584 12 12 8
4585 23 22 10
4586 13 12 6
4587 21 21 7
4588 24 24 8
4589 13 13 7
4590 22 22 8
4591 19 19 7
4592 20 19 7
4593 22 22 8
4594 27 26 6
4595 45 45 9
4596 38 37 7
4597 34 33 7
4598 20 20 8
4599 27 26 8
4600 33 32 8
4601 39 39 9
4602 40 39 9
4603 46 46 10
4604 39 38 10
4605 47 47 9
4606 40 39 9
4607 36 36 8
4608 31 31 7
4609 24 23 9
4610 42 42 10
4611 43 42 12
4612 29 29 9
4613 26 25 7
4614 30 29 9
4615 34 33 9
4616 34 33 7
4617 38 37 11
4618 30 29 9
4619 22 22 8
4620 29 29 7
4621 34 33 11
4622 20 20 8
4623 37 36 8
4624 35 34 10
4625 31 31 9
4626 16 15 7
4627 16 16 8
4628 21 20 10
4629 21 20 8
4630 35 34 12
4631 31 31 7
4632 32 31 17
4633 30 30 8
4634 41 41 9
4635 26 26 8
4636 17 16 6
4637 19 19 7
4638 16 16 8
4639 17 16 6
4640 23 23 9
4641 12 12 6
4642 27 27 9
4643 26 25 9
4644 20 20 6
4645 19 19 7
4646 12 12 8
4647 17 17 7
4648 20 19 7
4649 16 15 7
4650 22 21 7
4651 12 12 6
4652 23 23 9
4653 22 21 7
4654 18 18 6
4655 13 13 7
4656 18 17 9
4657 16 16 6
4658 13 13 7
4659 26 26 10
4660 17 17 7
4661 18 18 6
4662 21 21 9
4663 16 16 6
4664 15 15 7
4665 20 20 8
4666 17 17 7
4667 14 14 6
4668 17 17 7
4669 6 6 6
4670 13 13 7
4671 20 20 8
4672 13 13 7
4673 28 27 9
4674 16 16 8
4675 19 18 6
4676 15 15 9
4677 18 18 8
4678 21 21 7
4679 26 26 8
4680 21 20 6
4681 17 17 7
4682 20 20 8
4683 15 15 7
4684 20 20 8
4685 19 19 7
4686 10 10 6
4687 29 29 7
4688 36 35 7
4689 20 19 7
4690 36 35 7
4691 36 35 9
4692 24 24 8
4693 15 15 7
4694 30 30 8
4695 21 20 8
4696 27 26 8
4697 21 21 9
4698 18 18 6
4699 33 33 9
4700 22 21 7
4701 22 22 6
4702 33 33 7
4703 22 22 8
4704 33 32 10
4705 17 17 7
4706 24 24 6
4707 25 25 7
4708 28 27 7
4709 26 25 9
4710 48 48 10
4711 29 28 8
4712 27 26 8
4713 39 38 10
4714 21 21 7
4715 30 29 7
4716 24 24 6
4717 27 27 7
4718 22 22 8
4719 31 30 8
4720 33 32 6
4721 33 33 9
4722 26 25 7
4723 32 32 8
4724 29 29 7
4725 24 23 7
4726 38 37 9
4727 28 28 8
4728 27 26 8
4729 27 26 8
4730 21 21 7
4731 26 26 6
4732 39 39 9
4733 22 22 8
4734 29 28 8
4735 31 30 8
4736 39 38 8
4737 41 40 12
4738 29 28 8
4739 41 40 10
4740 53 52 14
4741 33 33 9
4742 40 39 11
4743 28 27 9
4744 54 54 16
4745 35 35 9
4746 36 36 12
4747 23 22 8
4748 33 32 10
4749 35 35 9
4750 30 30 10
4751 39 39 9
4752 32 31 9
4753 38 38 8
4754 27 26 8
4755 23 23 7
4756 28 27 7
4757 28 28 10
4758 25 24 8
4759 37 36 12
4760 35 34 10
4761 33 32 10
4762 31 30 8
4763 23 22 6
4764 29 29 11
4765 36 35 9
4766 24 24 6
4767 25 25 7
4768 32 31 7
4769 38 37 11
4770 18 18 6
4771 41 41 9
4772 20 20 8
4773 33 32 6
4774 41 41 9
4775 38 38 8
4776 35 35 11
4777 48 48 6
4778 37 37 9
4779 30 29 7
4780 30 30 8
4781 25 24 8
4782 29 29 9
4783 32 31 9
4784 22 22 6
4785 29 29 7
4786 32 31 11
4787 24 24 8
4788 25 25 7
4789 26 25 7
4790 32 31 9
4791 28 27 7
4792 28 27 7
4793 22 22 8
4794 37 37 7
4795 18 18 8
4796 17 16 6
4797 25 25 9
4798 18 18 8
4799 15 14 6
4800 27 27 7
4801 28 27 7
4802 14 13 7
4803 16 16 6
4804 23 23 7
4805 16 15 7
4806 20 20 6
4807 23 23 7
4808 16 15 7
4809 20 20 8
4810 17 16 8
4811 21 21 7
4812 26 26 8
4813 21 20 8
4814 17 16 6
4815 15 15 7
4816 18 18 8
4817 27 26 8
4818 23 22 6
4819 25 25 7
4820 22 22 8
4821 21 20 8
4822 25 24 8
4823 25 24 6
4824 23 23 9
4825 22 22 8
4826 15 14 8
4827 19 18 8
4828 23 22 6
4829 15 15 7
4830 12 12 6
4831 39 39 11
4832 26 26 10
4833 29 28 8
4834 25 24 8
4835 27 26 8
4836 23 22 8
4837 19 19 7
4838 16 16 6
4839 23 23 9
4840 26 25 7
4841 20 19 7
4842 20 20 6
4843 19 19 7
4844 18 17 7
4845 22 21 7
4846 26 26 8
4847 25 24 6
4848 21 21 7
4849 20 20 8
4850 21 20 6
4851 25 25 9
4852 12 12 6
4853 13 13 7
4854 22 22 6
4855 13 13 7
4856 22 22 8
4857 17 17 7
4858 14 14 8
4859 17 16 8
4860 25 24 10
4861 13 12 6
4862 17 17 7
4863 16 15 7
4864 10 10 6
4865 13 13 7
4866 12 11 7
4867 16 15 7
4868 12 12 6
4869 23 23 7
4870 12 12 8
4871 19 18 8
4872 13 13 7
4873 14 14 8
4874 25 24 8
4875 21 20 6
4876 17 17 7
4877 20 20 8
4878 13 12 6
4879 13 13 7
4880 16 16 8
4881 21 21 9
4882 12 12 6
4883 7 7 7
4884 18 17 9
4885 12 12 6
4886 25 25 9
4887 14 14 8
4888 15 14 6
4889 13 13 9
4890 16 16 6
4891 19 19 9
4892 18 17 7
4893 16 15 7
4894 14 13 7
4895 14 14 8
4896 17 16 6
4897 13 13 7
4898 22 22 8
4899 15 14 8
4900 11 10 6
4901 15 15 7
4902 14 14 8
4903 15 14 8
4904 15 14 8
4905 15 14 8
4906 13 12 6
4907 19 19 9
4908 12 12 8
4909 13 12 6
4910 11 11 7
4911 16 16 8
4912 13 13 7
4913 18 18 6
4914 17 17 7
4915 20 19 7
4916 14 14 6
4917 13 13 7
4918 14 14 8
4919 13 12 8
4920 21 20 8
4921 13 12 6
4922 21 21 7
4923 16 15 7
4924 14 13 7
4925 10 10 6
4926 13 13 7
4927 14 13 9
4928 10 10 6
4929 13 13 7
4930 18 18 8
4931 17 16 8
4932 15 14 6
4933 11 11 7
4934 12 11 7
4935 16 15 9
4936 14 14 6
4937 13 13 7
4938 14 14 8
4939 11 10 6
4940 17 17 7
4941 16 16 8
4942 17 17 7
4943 18 17 9
4944 16 16 8
4945 17 16 10
4946 11 10 6
4947 13 13 7
4948 6 6 6
4949 19 19 11
4950 16 16 6
4951 15 15 7
4952 16 15 7
4953 28 28 8
4954 13 13 7
4955 14 13 7
4956 16 15 7
4957 16 15 7
4958 10 10 6
4959 15 15 7
4960 18 17 7
4961 14 14 8
4962 11 10 6
4963 7 7 7
4964 20 20 8
4965 15 15 7
4966 6 6 6
4967 13 13 7
4968 12 11 7
4969 22 21 9
4970 16 16 6
4971 11 11 7
4972 12 12 6
4973 15 15 7
4974 20 19 9
4975 16 16 8
4976 17 16 8
4977 9 8 7
4978 21 20 8
4979 15 14 6
4980 21 21 7
4981 36 35 7
4982 24 23 7
4983 18 17 7
4984 30 29 7
4985 16 16 6
4986 19 19 7
4987 16 16 6
4988 19 19 9
4989 18 17 7
4990 22 21 9
4991 34 34 8
4992 21 21 7
4993 26 26 8
4994 27 26 8
4995 15 14 6
4996 19 19 7
4997 18 18 6
4998 27 27 7
4999 18 17 9
