0 22 21 5
1 11 10 4
2 14 13 5
3 25 25 5
4 17 16 6
5 18 18 6
6 20 20 6
7 12 12 4
8 20 19 5
9 23 22 8
10 12 12 4
11 12 11 5
12 7 6 5
13 9 8 4
14 14 13 5
15 13 12 4
16 16 15 7
17 21 20 4
18 12 11 5
19 15 14 6
20 16 16 6
21 10 10 4
22 16 15 5
23 15 14 6
24 10 9 5
25 11 11 5
26 15 14 6
27 8 8 4
28 10 9 5
29 15 15 5
30 13 13 5
31 15 14 6
32 10 10 6
33 8 8 4
34 12 11 5
35 11 11 5
36 15 14 6
37 6 6 6
38 19 18 4
39 16 15 5
40 11 10 4
41 16 15 7
42 13 12 4
43 10 9 5
44 11 10 4
45 12 11 5
46 13 12 4
47 12 11 5
48 23 23 5
49 11 11 5
50 19 18 6
51 22 21 5
52 5 5 5
53 14 13 5
54 7 6 5
55 9 8 4
56 14 13 5
57 17 17 5
58 27 26 6
59 18 17 5
60 21 20 4
61 16 15 5
62 15 14 4
63 34 33 5
64 29 29 5
65 37 37 7
66 23 22 4
67 18 17 7
68 13 12 4
69 22 21 5
70 19 18 6
71 18 18 4
72 26 25 5
73 25 24 8
74 10 10 4
75 20 19 5
76 15 14 4
77 26 25 7
78 25 24 6
79 16 15 5
80 21 20 6
81 10 10 4
82 30 29 7
83 23 22 4
84 24 23 7
85 25 24 6
86 40 40 6
87 34 34 6
88 16 15 5
89 19 18 4
90 26 25 5
91 37 36 6
92 22 21 5
93 37 37 9
94 27 26 6
95 22 22 6
96 22 22 6
97 24 24 6
98 22 22 6
99 20 19 5
100 25 25 7
101 21 21 5
102 31 30 6
103 20 20 4
104 18 17 5
105 13 12 4
106 18 17 5
107 27 27 7
108 19 18 4
109 20 19 5
110 17 16 4
111 26 25 5
112 19 19 5
113 19 18 4
114 30 29 5
115 19 19 5
116 23 22 6
117 32 32 8
118 24 23 7
119 27 27 7
120 15 14 6
121 16 16 4
122 18 17 5
123 35 34 6
124 22 21 5
125 27 27 5
126 23 23 5
127 35 35 7
128 29 28 6
129 18 17 5
130 15 14 4
131 22 21 5
132 21 20 8
133 18 18 6
134 28 27 7
135 29 28 4
136 18 17 5
137 15 14 4
138 24 23 5
139 23 22 6
140 16 16 4
141 28 27 7
142 21 21 5
143 31 31 5
144 23 22 8
145 24 24 6
146 14 14 6
147 20 19 5
148 21 20 6
149 20 19 5
150 29 28 6
151 26 26 6
152 26 25 7
153 27 26 6
154 18 18 6
155 32 32 6
156 20 19 7
157 27 26 6
158 18 18 6
159 30 29 7
160 25 24 6
161 20 19 5
162 31 30 6
163 30 30 6
164 22 21 5
165 15 15 5
166 19 18 6
167 20 20 6
168 30 29 5
169 25 25 5
170 19 18 4
171 24 23 5
172 23 23 5
173 21 20 4
174 32 31 7
175 21 20 6
176 24 24 6
177 40 39 9
178 31 30 8
179 30 29 5
180 27 27 7
181 27 26 6
182 22 22 4
183 28 27 5
184 25 25 5
185 31 31 7
186 31 31 5
187 27 27 5
188 25 25 5
189 23 22 6
190 28 28 4
191 26 25 5
192 15 14 6
193 16 16 6
194 16 16 4
195 18 17 5
196 23 22 6
197 18 18 4
198 26 25 5
199 25 25 5
200 13 12 4
201 22 21 5
202 25 24 6
203 24 24 6
204 16 16 4
205 22 21 5
206 29 28 8
207 16 16 4
208 38 37 7
209 25 24 6
210 20 20 6
211 20 20 6
212 28 28 6
213 40 40 6
214 18 18 4
215 22 21 5
216 19 18 4
217 30 29 5
218 21 21 5
219 15 15 5
220 25 24 8
221 16 16 4
222 20 19 5
223 25 25 5
224 25 24 6
225 20 20 4
226 32 31 7
227 35 34 8
228 20 20 6
229 26 25 5
230 27 26 6
231 28 27 5
232 17 16 6
233 18 18 4
234 20 19 5
235 31 31 5
236 25 25 5
237 25 24 4
238 16 15 5
239 23 23 5
240 25 24 6
241 24 23 5
242 17 16 4
243 34 33 5
244 13 13 5
245 9 8 4
246 16 15 5
247 15 15 5
248 25 24 6
249 18 18 6
250 10 10 4
251 10 9 5
252 11 10 4
253 14 13 5
254 13 13 5
255 11 10 6
256 8 8 4
257 18 17 7
258 13 12 4
259 18 17 5
260 17 17 5
261 11 10 4
262 16 15 5
263 11 10 6
264 18 18 4
265 10 9 5
266 21 20 6
267 20 20 4
268 20 19 5
269 31 30 8
270 18 18 6
271 20 19 5
272 17 17 5
273 17 16 6
274 12 12 6
275 18 18 6
276 20 19 5
277 21 21 5
278 17 16 6
279 20 19 5
280 21 20 4
281 16 15 5
282 15 14 6
283 42 41 7
284 25 24 8
285 16 16 4
286 24 23 5
287 17 16 6
288 12 12 4
289 16 15 5
290 19 18 4
291 22 21 5
292 27 27 5
293 9 9 5
294 19 18 4
295 16 15 5
296 23 22 6
297 38 38 6
298 30 30 4
299 22 21 5
300 31 30 4
301 52 51 7
302 27 26 8
303 28 28 6
304 32 32 6
305 38 37 9
306 45 44 8
307 42 42 8
308 40 40 4
309 34 33 5
310 37 36 8
311 36 36 6
312 18 17 5
313 43 42 10
314 32 31 9
315 21 21 5
316 39 38 12
317 24 23 9
318 23 23 5
319 23 22 6
320 44 44 6
321 38 37 7
322 43 42 6
323 54 53 11
324 39 38 6
325 18 17 5
326 31 31 7
327 27 26 4
328 34 33 5
329 33 33 9
330 25 24 6
331 20 20 4
332 26 25 5
333 21 21 5
334 11 11 5
335 11 11 5
336 15 14 4
337 24 23 5
338 15 15 5
339 17 16 4
340 32 31 5
341 21 21 5
342 9 9 5
343 17 16 6
344 18 18 4
345 26 25 5
346 19 18 6
347 20 20 6
348 26 26 8
349 16 16 4
350 24 23 5
351 15 15 5
352 15 14 4
353 10 9 5
354 15 14 4
355 18 17 5
356 23 23 5
357 13 13 5
358 11 11 5
359 21 20 4
360 22 21 5
361 13 12 4
362 12 11 5
363 23 22 6
364 18 18 6
365 18 18 6
366 18 17 7
367 25 24 4
368 16 15 5
369 27 26 6
370 12 12 4
371 22 21 5
372 15 15 5
373 21 20 6
374 20 20 6
375 18 17 5
376 19 18 6
377 10 10 4
378 18 17 5
379 19 18 6
380 26 26 4
381 16 15 5
382 13 13 7
383 17 16 6
384 20 20 6
385 14 14 6
386 24 24 4
387 14 13 5
388 17 16 4
389 18 17 5
390 17 17 5
391 13 12 4
392 12 11 5
393 15 14 4
394 16 15 5
395 23 22 6
396 20 20 6
397 22 21 5
398 15 15 5
399 9 8 4
400 10 9 5
401 17 16 4
402 12 11 5
403 17 17 7
404 13 12 6
405 10 10 4
406 6 5 4
407 10 9 5
408 11 10 4
409 26 25 7
410 11 10 6
411 10 10 6
412 8 8 4
413 12 11 5
414 15 14 4
415 20 19 5
416 17 17 5
417 15 15 5
418 13 12 6
419 14 14 6
420 10 10 6
421 12 12 4
422 12 11 5
423 13 12 4
424 12 11 5
425 19 18 4
426 12 11 5
427 11 10 4
428 14 13 5
429 17 16 6
430 14 14 4
431 12 11 5
432 23 22 6
433 30 30 6
434 24 24 6
435 28 27 7
436 15 14 4
437 10 9 5
438 15 14 6
439 14 14 4
440 18 17 7
441 13 13 5
442 21 20 4
443 22 21 5
444 19 18 6
445 12 11 5
446 9 8 4
447 18 17 5
448 11 10 4
449 10 9 5
450 17 16 4
451 12 11 5
452 17 17 5
453 9 8 4
454 16 15 5
455 17 16 4
456 18 17 5
457 13 12 4
458 16 15 5
459 19 18 6
460 12 12 4
461 10 9 5
462 9 8 4
463 18 17 5
464 9 9 5
465 13 13 5
466 11 10 4
467 14 13 5
468 9 8 4
469 8 7 6
470 10 10 6
471 12 12 4
472 10 9 5
473 15 14 4
474 20 19 5
475 27 27 5
476 13 13 5
477 13 12 6
478 6 6 6
479 13 12 4
480 18 17 5
481 9 9 5
482 9 8 4
483 10 9 5
484 7 6 5
485 9 9 5
486 11 10 4
487 18 17 7
488 17 16 6
489 14 14 4
490 10 9 5
491 13 12 6
492 12 12 4
493 16 15 7
494 9 8 4
495 20 19 5
496 9 8 4
497 10 9 5
498 15 15 5
499 9 8 4
500 12 11 5
501 13 13 5
502 15 14 4
503 10 9 5
504 15 14 6
505 16 16 4
506 10 9 5
507 17 16 6
508 8 8 4
509 16 15 5
510 15 14 6
511 14 14 4
512 14 13 5
513 17 17 5
514 11 10 4
515 14 13 5
516 13 12 4
517 16 15 5
518 21 20 6
519 16 15 5
520 9 9 5
521 9 8 4
522 16 15 5
523 13 12 6
524 10 10 4
525 12 11 5
526 11 11 5
527 13 12 4
528 12 11 5
529 7 6 5
530 11 10 4
531 10 9 5
532 13 12 4
533 18 17 5
534 9 8 4
535 12 11 7
536 9 8 4
537 14 13 5
538 21 20 6
539 32 32 6
540 22 22 6
541 16 15 5
542 19 18 6
543 8 8 4
544 10 9 5
545 13 12 6
546 6 5 4
547 18 17 5
548 17 16 4
549 26 25 7
550 23 22 6
551 22 21 5
552 19 19 5
553 15 14 6
554 10 10 4
555 12 11 5
556 13 12 6
557 6 6 6
558 15 14 4
559 16 15 5
560 19 18 4
561 24 23 5
562 15 14 6
563 22 22 6
564 20 19 5
565 15 15 5
566 21 20 6
567 10 10 6
568 6 5 4
569 22 21 5
570 15 14 6
571 12 12 4
572 28 27 5
573 13 13 5
574 13 13 5
575 13 12 4
576 20 19 5
577 21 21 5
578 17 16 4
579 10 9 5
580 27 26 6
581 24 23 5
582 15 15 5
583 23 22 4
584 18 17 5
585 19 19 5
586 19 19 5
587 25 24 6
588 32 32 8
589 28 27 9
590 33 32 4
591 36 35 5
592 21 21 5
593 23 23 5
594 31 31 5
595 17 17 5
596 23 22 6
597 46 46 6
598 36 35 5
599 21 21 5
600 21 21 5
601 21 21 5
602 25 24 4
603 28 27 5
604 37 37 7
605 41 40 10
606 36 36 6
607 46 45 13
608 23 22 6
609 26 26 6
610 36 35 7
611 23 22 6
612 38 37 9
613 29 29 7
614 33 32 6
615 28 27 5
616 29 28 6
617 14 14 4
618 34 33 7
619 35 35 11
620 31 31 9
621 29 29 11
622 37 37 7
623 33 33 9
624 27 26 6
625 36 35 13
626 25 24 8
627 34 34 12
628 26 26 10
629 38 37 5
630 51 51 11
631 29 29 7
632 23 23 7
633 19 18 4
634 32 31 13
635 39 38 10
636 24 23 9
637 29 29 9
638 33 32 8
639 32 32 8
640 32 31 9
641 25 25 9
642 21 20 6
643 28 27 5
644 33 33 13
645 27 27 9
646 35 35 15
647 41 40 8
648 30 30 6
649 28 28 10
650 22 22 6
651 42 41 13
652 21 21 5
653 25 25 9
654 45 45 13
655 21 20 4
656 28 27 11
657 21 20 4
658 38 37 9
659 39 38 10
660 22 21 7
661 37 36 8
662 38 38 10
663 44 44 12
664 34 34 6
665 42 41 15
666 29 29 5
667 29 29 11
668 39 38 10
669 48 47 11
670 29 28 6
671 12 12 4
672 18 17 5
673 39 39 9
674 25 25 7
675 41 41 13
676 31 30 6
677 42 42 8
678 28 27 9
679 33 32 8
680 30 29 5
681 17 16 4
682 30 29 9
683 31 30 8
684 26 26 8
685 26 25 5
686 35 35 9
687 15 14 4
688 32 31 7
689 25 25 5
690 23 22 10
691 26 26 6
692 16 15 5
693 23 22 6
694 30 30 6
695 26 26 6
696 22 21 5
697 29 28 4
698 18 17 5
699 19 19 5
700 25 24 4
701 16 15 5
702 13 13 5
703 15 14 4
704 32 31 7
705 19 18 4
706 12 11 5
707 15 14 6
708 20 20 6
709 18 18 6
710 14 14 4
711 20 19 5
712 17 16 4
713 20 19 5
714 17 16 4
715 22 21 5
716 21 20 4
717 24 23 5
718 13 12 4
719 10 9 5
720 15 15 5
721 15 15 5
722 17 16 4
723 10 9 5
724 9 9 5
725 15 14 4
726 12 11 5
727 19 18 4
728 20 19 7
729 21 20 4
730 16 15 5
731 21 20 4
732 14 13 5
733 17 16 6
734 12 11 5
735 17 16 4
736 16 15 5
737 17 16 6
738 20 20 6
739 18 17 5
740 25 24 6
741 18 18 4
742 14 13 5
743 21 20 4
744 20 19 5
745 23 22 8
746 12 12 4
747 12 11 5
748 21 20 6
749 12 12 4
750 28 27 7
751 15 14 4
752 14 13 5
753 27 26 6
754 16 15 5
755 15 14 4
756 30 29 9
757 13 12 4
758 12 11 5
759 15 14 4
760 20 19 5
761 19 18 6
762 10 10 4
763 20 19 5
764 13 12 6
765 14 14 6
766 8 8 4
767 10 9 5
768 13 12 4
769 14 13 5
770 11 11 5
771 17 16 6
772 24 23 5
773 17 16 4
774 24 23 5
775 21 20 6
776 18 18 4
777 20 19 7
778 13 12 4
779 10 9 5
780 11 11 5
781 15 14 6
782 12 12 6
783 12 12 6
784 12 12 4
785 28 27 5
786 15 15 5
787 11 11 5
788 17 16 6
789 26 26 4
790 10 9 5
791 13 13 5
792 17 16 6
793 12 12 4
794 16 15 5
795 33 32 6
796 14 13 5
797 27 26 6
798 30 30 6
799 36 35 7
800 29 28 6
801 12 12 4
802 10 9 5
803 11 10 4
804 12 11 5
805 17 17 5
806 19 18 6
807 24 23 5
808 15 14 4
809 24 23 5
810 27 26 8
811 10 10 4
812 12 11 5
813 13 12 4
814 14 13 5
815 21 20 6
816 16 15 5
817 25 24 4
818 12 11 5
819 19 18 6
820 18 17 5
821 11 11 5
822 19 19 7
823 29 28 6
824 14 14 4
825 12 11 5
826 25 25 5
827 19 19 5
828 17 16 4
829 12 11 5
830 21 21 5
831 5 5 5
832 12 11 5
833 17 17 5
834 15 14 6
835 10 10 4
836 14 13 5
837 9 9 5
838 13 12 4
839 18 17 5
840 13 12 4
841 14 13 5
842 13 13 5
843 17 16 4
844 22 21 5
845 19 18 6
846 24 23 7
847 15 14 4
848 18 17 5
849 19 18 4
850 22 21 5
851 23 22 4
852 6 5 4
853 24 23 5
854 9 9 5
855 9 8 4
856 18 17 5
857 23 22 8
858 18 18 4
859 10 9 5
860 17 16 6
861 10 10 4
862 16 15 5
863 11 10 4
864 12 11 5
865 13 13 5
866 9 8 4
867 10 9 5
868 25 25 5
869 11 10 4
870 20 19 5
871 21 20 6
872 14 13 5
873 9 8 4
874 18 17 5
875 11 11 5
876 9 9 5
877 15 14 6
878 16 16 6
879 20 20 6
880 10 10 6
881 14 14 4
882 12 11 5
883 15 14 4
884 14 13 5
885 15 15 5
886 15 14 4
887 16 15 5
888 13 12 6
889 6 6 6
890 19 18 6
891 8 8 4
892 14 13 5
893 15 14 6
894 10 10 4
895 14 13 5
896 13 12 4
897 18 17 5
898 17 16 4
899 16 15 5
900 13 12 4
901 20 19 5
902 23 22 4
903 16 15 7
904 11 10 4
905 12 11 5
906 11 10 4
907 10 9 5
908 9 9 5
909 17 16 6
910 10 10 4
911 16 15 5
912 11 11 5
913 11 10 6
914 6 6 6
915 15 14 6
916 10 10 4
917 12 11 5
918 11 11 5
919 15 14 6
920 20 20 6
921 16 16 4
922 10 9 5
923 11 10 4
924 10 9 5
925 11 10 4
926 6 5 4
927 10 9 5
928 9 9 5
929 19 18 6
930 16 16 6
931 24 24 6
932 10 10 4
933 18 17 5
934 13 12 4
935 18 17 5
936 19 19 5
937 15 14 6
938 10 10 6
939 12 12 4
940 20 19 5
941 9 9 5
942 11 10 4
943 12 11 5
944 13 13 5
945 13 12 6
946 28 27 5
947 21 20 4
948 20 19 5
949 19 19 5
950 17 17 7
951 17 16 4
952 6 5 4
953 12 11 5
954 13 12 6
955 10 10 6
956 16 16 4
957 14 13 5
958 11 10 4
959 12 11 5
960 13 12 4
961 18 17 5
962 13 12 4
963 16 15 5
964 13 12 4
965 16 15 5
966 21 20 6
967 12 12 4
968 18 17 7
969 15 14 4
970 14 13 5
971 13 12 4
972 18 17 5
973 11 10 4
974 14 13 5
975 11 11 5
976 9 8 4
977 14 13 5
978 25 24 4
979 24 23 5
980 9 8 4
981 26 25 5
982 19 19 5
983 13 12 6
984 24 24 4
985 20 19 5
986 19 19 5
987 21 21 9
988 13 13 5
989 21 20 6
990 28 27 7
991 33 32 4
992 26 25 5
993 17 17 5
994 23 23 5
995 37 37 9
996 35 34 8
997 26 25 5
998 51 51 11
999 23 23 5
1000 27 26 6
1001 40 40 8
1002 32 32 12
1003 26 26 4
1004 26 25 5
1005 23 22 6
1006 26 26 6
1007 24 24 4
1008 40 39 7
1009 27 26 6
1010 24 23 5
1011 27 26 6
1012 28 27 5
1013 29 29 5
1014 25 25 9
1015 35 35 7
1016 27 26 6
1017 26 26 6
1018 30 30 6
1019 36 36 6
1020 22 21 5
1021 37 36 8
1022 22 21 7
1023 29 28 6
1024 26 26 8
1025 38 38 14
1026 24 24 6
1027 20 20 4
1028 26 25 5
1029 27 26 6
1030 12 12 4
1031 14 13 5
1032 15 14 6
1033 16 16 4
1034 22 21 5
1035 21 20 4
1036 26 25 5
1037 23 23 5
1038 23 23 5
1039 31 30 6
1040 24 23 9
1041 35 35 13
1042 33 33 7
1043 25 25 5
1044 31 31 5
1045 23 23 7
1046 19 19 5
1047 11 10 4
1048 28 27 5
1049 21 20 8
1050 12 12 4
1051 20 19 5
1052 21 21 5
1053 13 13 5
1054 33 32 6
1055 36 35 5
1056 23 22 4
1057 18 17 5
1058 19 18 4
1059 26 25 7
1060 25 24 6
1061 26 26 8
1062 32 32 6
1063 22 21 5
1064 23 22 6
1065 16 16 6
1066 28 28 6
1067 30 30 6
1068 22 22 6
1069 30 30 8
1070 28 27 7
1071 27 26 8
1072 14 14 4
1073 12 11 5
1074 25 24 6
1075 18 17 5
1076 25 24 6
1077 24 24 6
1078 6 5 4
1079 24 23 7
1080 21 21 5
1081 25 24 6
1082 22 22 6
1083 18 18 6
1084 24 24 6
1085 30 29 9
1086 19 19 5
1087 19 18 6
1088 20 19 5
1089 25 24 8
1090 20 19 5
1091 13 13 5
1092 25 24 6
1093 14 14 4
1094 14 13 5
1095 19 19 7
1096 21 21 5
1097 19 18 6
1098 24 23 5
1099 19 19 5
1100 23 23 7
1101 15 14 4
1102 10 9 5
1103 15 14 4
1104 18 17 5
1105 19 18 6
1106 12 11 5
1107 11 10 4
1108 28 27 7
1109 17 17 5
1110 21 21 5
1111 21 21 7
1112 17 17 5
1113 13 13 5
1114 27 27 7
1115 27 26 8
1116 20 20 4
1117 22 21 5
1118 23 22 6
1119 14 14 6
1120 18 18 4
1121 12 11 5
1122 15 15 5
1123 11 10 4
1124 16 15 5
1125 17 16 4
1126 14 13 5
1127 15 15 5
1128 19 18 4
1129 14 13 5
1130 9 9 5
1131 23 22 6
1132 14 14 4
1133 30 29 7
1134 13 12 4
1135 14 13 5
1136 17 16 4
1137 18 17 5
1138 13 13 5
1139 23 22 4
1140 18 17 5
1141 11 10 4
1142 10 9 5
1143 23 22 6
1144 12 12 4
1145 14 13 5
1146 21 21 5
1147 27 27 5
1148 21 21 5
1149 13 13 5
1150 29 28 6
1151 16 15 5
1152 11 11 5
1153 13 12 4
1154 18 17 5
1155 15 14 4
1156 18 17 5
1157 15 15 5
1158 15 14 4
1159 18 17 7
1160 23 22 4
1161 12 11 5
1162 13 12 6
1163 24 23 5
1164 13 13 5
1165 21 20 6
1166 18 18 6
1167 16 15 5
1168 15 15 5
1169 15 14 4
1170 16 15 5
1171 15 15 5
1172 19 18 6
1173 18 18 4
1174 16 15 5
1175 11 11 5
1176 11 10 4
1177 12 11 5
1178 13 13 5
1179 13 12 4
1180 16 15 5
1181 13 12 4
1182 8 7 6
1183 6 6 6
1184 15 14 4
1185 16 15 5
1186 11 11 5
1187 13 13 5
1188 11 10 6
1189 18 18 6
1190 10 10 4
1191 6 5 4
1192 16 15 5
1193 11 11 5
1194 7 6 5
1195 13 12 4
1196 12 11 5
1197 13 12 4
1198 16 15 5
1199 13 12 6
1200 24 24 4
1201 14 13 5
1202 21 20 6
1203 8 8 4
1204 10 9 5
1205 13 12 4
1206 16 15 5
1207 11 11 5
1208 17 16 4
1209 6 5 4
1210 12 11 5
1211 11 10 4
1212 24 23 7
1213 13 12 4
1214 14 13 5
1215 11 10 4
1216 18 17 5
1217 11 10 4
1218 14 13 5
1219 9 9 5
1220 11 10 6
1221 10 10 4
1222 12 11 5
1223 13 12 4
1224 10 9 5
1225 11 11 5
1226 9 8 4
1227 18 17 5
1228 11 11 5
1229 19 19 5
1230 9 9 5
1231 13 12 4
1232 10 9 5
1233 9 8 4
1234 12 11 5
1235 7 6 5
1236 17 17 5
1237 19 18 6
1238 6 6 6
1239 9 8 4
1240 12 11 5
1241 9 8 4
1242 12 11 5
1243 11 10 4
1244 20 19 5
1245 9 9 5
1246 11 10 4
1247 14 13 5
1248 9 9 5
1249 9 8 4
1250 10 9 5
1251 9 8 4
1252 10 9 5
1253 15 15 5
1254 17 16 4
1255 14 13 5
1256 15 15 5
1257 13 13 5
1258 9 8 4
1259 14 13 5
1260 19 19 7
1261 11 10 4
1262 8 7 6
1263 10 10 6
1264 6 6 6
1265 15 14 4
1266 8 7 6
1267 12 12 4
1268 12 11 5
1269 23 22 6
1270 14 14 4
1271 14 13 5
1272 13 12 4
1273 10 9 5
1274 11 11 5
1275 9 9 5
1276 13 12 4
1277 18 17 5
1278 17 17 5
1279 11 11 5
1280 17 16 4
1281 14 13 5
1282 17 17 5
1283 7 6 5
1284 21 20 6
1285 12 12 4
1286 10 9 5
1287 11 11 5
1288 13 12 4
1289 12 11 5
1290 15 14 4
1291 12 11 5
1292 13 12 4
1293 18 17 5
1294 15 14 4
1295 12 11 5
1296 19 18 6
1297 12 11 5
1298 9 8 4
1299 12 11 5
1300 11 10 4
1301 10 9 5
1302 23 22 6
1303 10 10 6
1304 12 12 4
1305 20 19 5
1306 15 14 6
1307 8 8 4
1308 8 7 6
1309 16 16 4
1310 14 13 5
1311 15 14 6
1312 8 8 4
1313 14 13 7
1314 19 18 4
1315 20 19 5
1316 7 6 5
1317 15 14 6
1318 8 8 4
1319 12 11 5
1320 11 10 6
1321 12 12 6
1322 10 10 4
1323 32 31 5
1324 15 14 4
1325 10 9 5
1326 9 8 4
1327 16 15 5
1328 13 12 4
1329 16 15 5
1330 15 15 5
1331 15 15 5
1332 11 10 4
1333 14 13 5
1334 17 17 5
1335 19 18 4
1336 24 23 5
1337 11 11 5
1338 17 17 5
1339 11 10 4
1340 12 11 5
1341 21 20 6
1342 12 12 4
1343 10 9 5
1344 23 23 5
1345 5 5 5
1346 18 17 5
1347 15 15 5
1348 17 17 5
1349 11 10 4
1350 24 23 5
1351 17 16 6
1352 10 10 4
1353 22 21 7
1354 11 10 4
1355 20 19 5
1356 13 12 4
1357 10 9 5
1358 23 22 6
1359 38 38 6
1360 18 18 6
1361 18 18 4
1362 22 21 5
1363 23 23 5
1364 19 19 5
1365 23 23 7
1366 21 20 6
1367 18 18 6
1368 14 14 4
1369 24 23 5
1370 21 21 7
1371 19 18 4
1372 18 17 5
1373 11 10 4
1374 26 25 5
1375 21 21 5
1376 19 18 4
1377 30 29 7
1378 19 18 4
1379 14 13 5
1380 15 14 4
1381 14 13 5
1382 29 29 7
1383 11 10 4
1384 20 19 5
1385 13 12 4
1386 18 17 7
1387 19 18 4
1388 26 25 5
1389 17 16 4
1390 14 13 5
1391 23 22 6
1392 22 21 5
1393 31 31 7
1394 15 15 5
1395 11 10 4
1396 16 15 5
1397 17 16 4
1398 16 15 5
1399 17 16 4
1400 24 23 7
1401 19 18 4
1402 28 27 7
1403 13 12 4
1404 14 13 5
1405 15 15 5
1406 7 6 5
1407 21 20 6
1408 18 18 4
1409 20 19 7
1410 13 12 4
1411 16 15 5
1412 13 12 4
1413 14 13 5
1414 17 16 4
1415 20 19 5
1416 19 18 6
1417 16 15 7
1418 19 18 6
1419 14 14 4
1420 20 19 5
1421 27 26 4
1422 22 21 5
1423 17 17 5
1424 19 18 8
1425 20 20 6
1426 16 16 4
1427 10 9 5
1428 11 11 5
1429 13 12 4
1430 12 11 5
1431 11 11 5
1432 13 13 5
1433 15 15 7
1434 9 8 4
1435 10 9 5
1436 9 8 4
1437 14 13 5
1438 9 9 5
1439 19 18 6
1440 10 10 6
1441 12 12 6
1442 8 8 4
1443 12 11 5
1444 11 10 6
1445 10 10 4
1446 14 13 5
1447 11 11 5
1448 13 12 6
1449 26 26 6
1450 12 12 4
1451 14 13 5
1452 17 17 5
1453 15 15 5
1454 13 12 4
1455 10 9 5
1456 11 10 4
1457 10 9 5
1458 13 12 4
1459 12 11 5
1460 13 12 6
1461 8 8 4
1462 10 9 5
1463 11 10 6
1464 12 12 4
1465 18 17 5
1466 11 10 4
1467 12 11 5
1468 13 13 5
1469 11 10 6
1470 10 10 6
1471 34 34 8
1472 12 12 4
1473 16 15 5
1474 11 10 4
1475 10 9 5
1476 19 18 6
1477 12 12 4
1478 22 21 5
1479 11 10 4
1480 16 15 5
1481 19 19 5
1482 17 16 4
1483 12 11 5
1484 13 12 6
1485 14 13 5
1486 29 28 8
1487 12 12 4
1488 16 15 5
1489 17 17 5
1490 11 10 4
1491 24 23 5
1492 27 26 10
1493 10 10 4
1494 30 29 5
1495 13 12 4
1496 24 23 5
1497 9 9 5
1498 35 34 6
1499 26 25 5
1500 41 41 5
1501 29 28 8
1502 16 16 4
1503 16 15 5
1504 41 40 6
1505 16 15 5
1506 29 29 5
1507 17 17 5
1508 29 29 7
1509 17 16 6
1510 18 18 6
1511 22 22 6
1512 24 24 6
1513 30 29 7
1514 9 8 4
1515 18 17 5
1516 31 30 6
1517 34 33 7
1518 17 16 4
1519 22 21 5
1520 19 19 5
1521 21 20 6
1522 28 28 8
1523 24 24 8
1524 24 24 6
1525 20 19 5
1526 19 18 4
1527 22 21 5
1528 15 14 4
1529 18 17 5
1530 25 24 6
1531 18 17 5
1532 17 16 4
1533 28 27 5
1534 31 31 7
1535 23 23 9
1536 17 17 5
1537 25 24 6
1538 26 26 4
1539 24 23 5
1540 23 22 4
1541 22 21 7
1542 41 40 6
1543 40 40 8
1544 28 27 5
1545 29 29 5
1546 19 18 4
1547 16 15 5
1548 17 17 5
1549 25 24 6
1550 28 28 6
1551 18 18 6
1552 16 15 5
1553 21 21 5
1554 25 24 8
1555 18 18 4
1556 14 13 5
1557 13 12 4
1558 26 25 5
1559 23 23 7
1560 15 14 4
1561 26 25 5
1562 19 19 5
1563 15 14 4
1564 18 17 5
1565 33 32 8
1566 28 28 8
1567 22 22 6
1568 18 18 4
1569 22 21 7
1570 21 20 6
1571 26 26 10
1572 20 20 6
1573 6 5 4
1574 32 31 5
1575 19 18 4
1576 24 23 7
1577 13 13 5
1578 17 16 4
1579 18 17 5
1580 19 18 4
1581 22 21 5
1582 23 22 4
1583 26 25 7
1584 19 18 4
1585 18 17 5
1586 23 22 4
1587 32 31 7
1588 21 20 8
1589 8 8 4
1590 20 19 5
1591 25 24 4
1592 10 9 5
1593 21 20 6
1594 24 23 7
1595 17 16 6
1596 18 18 4
1597 36 35 9
1598 17 17 5
1599 13 13 5
1600 13 12 4
1601 8 7 6
1602 24 24 4
1603 16 15 5
1604 17 16 4
1605 16 15 5
1606 15 14 4
1607 18 17 5
1608 19 18 6
1609 18 18 4
1610 14 13 5
1611 13 13 5
1612 17 17 5
1613 15 15 5
1614 13 13 5
1615 13 12 4
1616 24 23 5
1617 19 18 4
1618 16 15 5
1619 13 12 4
1620 24 23 5
1621 17 16 6
1622 16 16 6
1623 10 10 4
1624 20 19 5
1625 13 12 6
1626 14 14 4
1627 12 11 5
1628 11 10 4
1629 22 21 5
1630 11 10 4
1631 22 21 5
1632 15 15 5
1633 13 12 4
1634 26 25 5
1635 15 15 5
1636 19 18 6
1637 10 10 4
1638 14 13 5
1639 15 14 6
1640 20 20 6
1641 14 14 4
1642 16 15 5
1643 29 28 6
1644 24 23 5
1645 29 29 5
1646 25 24 6
1647 16 15 5
1648 19 18 4
1649 30 29 5
1650 27 27 5
1651 25 24 6
1652 22 21 5
1653 35 34 6
1654 28 28 6
1655 22 22 6
1656 24 24 6
1657 18 18 4
1658 36 35 7
1659 35 34 6
1660 28 28 6
1661 30 29 7
1662 25 24 6
1663 22 21 5
1664 19 18 6
1665 26 26 6
1666 30 29 5
1667 25 24 6
1668 18 17 5
1669 27 27 5
1670 21 20 6
1671 12 12 4
1672 20 19 5
1673 17 17 5
1674 13 12 4
1675 14 13 5
1676 27 26 6
1677 20 19 5
1678 11 11 5
1679 17 16 6
1680 16 16 4
1681 12 11 5
1682 21 20 6
1683 12 12 4
1684 16 15 5
1685 11 10 4
1686 8 7 6
1687 18 18 4
1688 18 17 5
1689 11 11 5
1690 11 10 4
1691 14 13 5
1692 19 18 6
1693 16 16 4
1694 12 11 5
1695 13 12 4
1696 12 11 5
1697 19 18 6
1698 10 10 4
1699 16 15 5
1700 11 10 6
1701 12 12 4
1702 14 13 5
1703 17 16 6
1704 6 6 6
1705 7 6 5
1706 7 6 5
1707 11 11 5
1708 11 10 4
1709 16 15 5
1710 19 18 4
1711 18 17 5
1712 13 13 5
1713 21 20 6
1714 12 11 5
1715 11 10 4
1716 12 11 5
1717 9 8 4
1718 16 15 5
1719 11 10 6
1720 18 17 5
1721 21 21 5
1722 19 19 5
1723 15 14 4
1724 16 15 5
1725 13 12 4
1726 12 11 5
1727 21 21 5
1728 27 26 4
1729 20 19 5
1730 19 18 6
1731 16 16 4
1732 12 11 5
1733 19 18 4
1734 20 19 5
1735 15 14 6
1736 8 8 4
1737 12 11 5
1738 15 14 6
1739 10 10 4
1740 12 11 5
1741 17 16 4
1742 12 11 5
1743 11 11 5
1744 11 10 4
1745 6 5 4
1746 16 15 5
1747 15 15 5
1748 13 12 4
1749 20 19 7
1750 13 12 4
1751 14 13 5
1752 11 10 4
1753 12 11 5
1754 11 11 5
1755 15 14 4
1756 12 11 5
1757 7 6 5
1758 13 12 4
1759 14 13 5
1760 13 12 6
1761 16 16 4
1762 26 25 5
1763 21 20 6
1764 12 11 5
1765 11 10 4
1766 10 9 5
1767 11 11 5
1768 15 14 4
1769 16 15 5
1770 17 16 6
1771 18 18 6
1772 12 12 6
1773 12 12 4
1774 18 17 5
1775 15 15 5
1776 17 17 5
1777 17 16 6
1778 10 10 4
1779 22 21 5
1780 11 10 4
1781 24 23 5
1782 19 19 5
1783 17 16 6
1784 14 14 4
1785 12 11 5
1786 7 6 5
1787 11 11 5
1788 15 14 6
1789 8 8 4
1790 14 13 5
1791 9 8 4
1792 10 9 5
1793 7 6 5
1794 13 12 4
1795 14 13 5
1796 13 13 5
1797 15 14 6
1798 14 14 4
1799 12 11 5
1800 17 16 6
1801 28 28 6
1802 10 9 5
1803 17 16 6
1804 12 12 6
1805 8 8 4
1806 12 11 5
1807 13 12 6
1808 14 13 5
1809 21 20 4
1810 18 17 5
1811 15 14 4
1812 14 13 5
1813 25 25 5
1814 25 24 6
1815 22 22 4
1816 18 17 5
1817 7 6 5
1818 17 16 4
1819 14 13 5
1820 15 15 5
1821 19 18 4
1822 26 25 7
1823 21 20 4
1824 14 13 5
1825 11 10 4
1826 16 15 5
1827 11 11 5
1828 21 20 4
1829 14 13 5
1830 11 11 5
1831 11 10 4
1832 12 11 5
1833 15 15 5
1834 15 14 6
1835 22 21 5
1836 15 15 5
1837 25 24 6
1838 16 16 6
1839 14 14 6
1840 18 18 6
1841 24 24 10
1842 24 24 6
1843 26 25 5
1844 31 31 5
1845 37 37 5
1846 13 13 5
1847 19 18 4
1848 36 35 9
1849 27 26 6
1850 30 30 6
1851 30 30 6
1852 20 19 7
1853 21 20 4
1854 30 29 7
1855 33 32 8
1856 18 17 5
1857 25 25 7
1858 23 22 6
1859 34 34 8
1860 26 25 5
1861 35 35 9
1862 41 40 10
1863 28 28 8
1864 24 23 5
1865 21 21 5
1866 31 31 7
1867 37 37 11
1868 29 28 8
1869 26 25 9
1870 43 43 15
1871 29 29 5
1872 37 37 15
1873 39 39 9
1874 25 25 7
1875 47 47 11
1876 23 23 5
1877 31 31 7
1878 23 23 5
1879 27 27 5
1880 31 31 7
1881 31 31 5
1882 31 31 9
1883 39 39 7
1884 29 29 11
1885 53 53 15
1886 25 24 6
1887 56 56 18
1888 28 28 8
1889 24 24 4
1890 22 21 5
1891 33 33 5
1892 27 26 6
1893 34 33 7
1894 35 34 6
1895 22 21 9
1896 11 10 4
1897 46 45 7
1898 55 55 9
1899 21 21 5
1900 25 24 8
1901 32 32 10
1902 30 30 8
1903 32 31 7
1904 29 29 7
1905 37 36 6
1906 36 35 9
1907 25 25 7
1908 37 37 7
1909 25 25 7
1910 27 26 6
1911 42 41 11
1912 47 47 13
1913 43 42 8
1914 40 40 12
1915 34 34 8
1916 26 25 7
1917 23 22 10
1918 48 48 8
1919 28 28 6
1920 44 43 9
1921 25 25 5
1922 41 41 11
1923 39 39 15
1924 29 29 5
1925 29 28 6
1926 32 31 13
1927 45 44 14
1928 48 47 9
1929 25 25 5
1930 23 23 5
1931 19 19 5
1932 25 25 5
1933 33 33 7
1934 23 23 5
1935 31 31 7
1936 41 41 13
1937 31 30 10
1938 36 36 6
1939 40 39 5
1940 31 31 9
1941 17 17 5
1942 27 27 7
1943 23 22 6
1944 24 24 8
1945 30 29 9
1946 33 32 10
1947 32 31 5
1948 21 20 4
1949 24 23 7
1950 27 26 6
1951 26 26 6
1952 16 16 4
1953 20 19 5
1954 19 18 4
1955 22 21 7
1956 25 24 6
1957 20 19 5
1958 21 20 6
1959 30 30 8
1960 26 26 6
1961 18 18 6
1962 24 24 8
1963 26 26 6
1964 26 25 7
1965 21 20 4
1966 20 19 5
1967 21 20 6
1968 20 19 5
1969 25 24 8
1970 24 24 8
1971 18 18 6
1972 24 24 6
1973 32 31 7
1974 21 20 4
1975 24 23 5
1976 11 11 5
1977 19 18 4
1978 20 19 5
1979 31 30 6
1980 18 18 4
1981 16 15 5
1982 13 13 5
1983 13 13 5
1984 17 16 6
1985 10 9 5
1986 19 18 6
1987 20 19 5
1988 13 13 5
1989 23 22 6
1990 16 16 4
1991 14 13 5
1992 13 12 6
1993 20 20 6
1994 14 14 4
1995 22 21 5
1996 13 12 4
1997 18 17 5
1998 7 6 5
1999 19 18 4
2000 14 13 5
2001 11 10 4
2002 14 13 5
2003 15 14 4
2004 22 21 5
2005 9 8 4
2006 22 21 7
2007 17 16 4
2008 8 7 6
2009 14 14 4
2010 14 13 5
2011 21 20 6
2012 14 14 4
2013 14 13 5
2014 23 22 6
2015 26 26 6
2016 18 18 4
2017 18 17 5
2018 9 9 5
2019 15 14 4
2020 20 19 5
2021 19 19 5
2022 17 17 5
2023 13 12 4
2024 14 13 5
2025 13 12 4
2026 20 19 5
2027 15 14 6
2028 16 16 6
2029 12 12 4
2030 6 5 4
2031 8 7 6
2032 10 10 6
2033 16 16 6
2034 14 14 4
2035 18 17 5
2036 21 21 5
2037 13 13 5
2038 11 11 5
2039 13 12 4
2040 12 11 5
2041 11 10 4
2042 10 9 5
2043 15 14 4
2044 16 15 5
2045 15 14 6
2046 26 26 6
2047 10 10 4
2048 10 9 5
2049 11 10 6
2050 12 12 6
2051 10 10 4
2052 8 7 6
2053 6 6 6
2054 9 9 5
2055 13 12 4
2056 16 15 5
2057 25 25 7
2058 25 24 4
2059 24 23 7
2060 19 18 6
2061 12 12 4
2062 20 19 7
2063 19 18 6
2064 12 12 4
2065 12 11 5
2066 15 14 6
2067 12 12 4
2068 14 13 5
2069 11 10 4
2070 22 21 5
2071 23 22 6
2072 20 19 5
2073 23 22 4
2074 16 15 5
2075 9 9 5
2076 11 10 6
2077 14 14 6
2078 20 20 4
2079 12 11 5
2080 15 14 4
2081 10 9 5
2082 23 22 4
2083 26 25 5
2084 13 12 6
2085 6 5 4
2086 12 11 5
2087 13 12 4
2088 12 11 5
2089 11 10 4
2090 14 13 5
2091 11 11 5
2092 7 6 5
2093 17 17 5
2094 9 8 4
2095 10 9 5
2096 9 8 4
2097 8 7 6
2098 20 20 4
2099 20 19 5
2100 21 20 6
2101 6 6 6
2102 11 10 4
2103 16 15 5
2104 11 11 5
2105 7 6 5
2106 11 10 4
2107 16 15 5
2108 17 16 4
2109 12 11 5
2110 11 10 4
2111 10 9 5
2112 25 24 6
2113 18 18 4
2114 16 15 5
2115 13 12 6
2116 8 8 4
2117 14 13 5
2118 19 18 6
2119 14 14 4
2120 38 37 5
2121 25 24 4
2122 26 25 5
2123 19 19 5
2124 29 29 5
2125 21 21 5
2126 23 22 4
2127 22 21 5
2128 25 24 6
2129 20 20 4
2130 24 23 5
2131 19 19 5
2132 23 23 5
2133 27 26 6
2134 24 24 6
2135 30 29 5
2136 23 23 5
2137 31 31 5
2138 29 29 5
2139 49 48 8
2140 24 24 4
2141 26 25 5
2142 17 16 6
2143 18 18 4
2144 20 19 5
2145 19 19 5
2146 37 37 5
2147 29 29 7
2148 27 26 8
2149 20 19 5
2150 27 26 6
2151 22 21 5
2152 27 27 5
2153 21 20 6
2154 22 22 4
2155 22 21 7
2156 39 38 8
2157 16 16 4
2158 28 27 5
2159 19 18 6
2160 32 32 6
2161 18 17 5
2162 29 28 6
2163 22 22 6
2164 14 14 6
2165 18 17 5
2166 25 25 5
2167 23 23 7
2168 17 16 4
2169 24 23 7
2170 27 26 6
2171 26 26 6
2172 18 18 4
2173 26 25 5
2174 15 14 4
2175 28 27 7
2176 23 22 4
2177 28 27 5
2178 19 19 5
2179 31 30 8
2180 12 12 4
2181 32 31 7
2182 25 25 7
2183 23 23 5
2184 17 16 6
2185 10 10 4
2186 26 25 5
2187 19 19 5
2188 25 24 6
2189 22 22 6
2190 16 15 5
2191 17 17 5
2192 21 20 6
2193 30 30 4
2194 20 19 5
2195 31 30 6
2196 14 14 4
2197 20 19 5
2198 17 17 5
2199 17 16 6
2200 14 14 4
2201 24 23 5
2202 21 21 5
2203 7 6 5
2204 21 20 4
2205 18 17 7
2206 15 14 4
2207 20 19 5
2208 23 22 6
2209 12 12 6
2210 20 20 4
2211 16 15 5
2212 17 16 6
2213 18 18 4
2214 24 23 5
2215 13 12 4
2216 18 17 5
2217 35 35 5
2218 13 13 5
2219 21 20 6
2220 10 10 4
2221 22 21 5
2222 21 20 4
2223 20 19 7
2224 15 14 4
2225 14 13 5
2226 17 16 6
2227 20 20 6
2228 18 18 4
2229 24 23 5
2230 19 18 4
2231 12 11 5
2232 25 24 4
2233 14 13 5
2234 21 21 5
2235 15 14 6
2236 26 26 6
2237 24 24 6
2238 16 15 5
2239 9 8 4
2240 24 23 5
2241 11 10 4
2242 14 13 5
2243 21 20 6
2244 16 16 6
2245 10 10 4
2246 10 9 5
2247 17 16 4
2248 8 7 6
2249 10 10 4
2250 18 17 5
2251 13 12 6
2252 16 16 4
2253 14 13 5
2254 15 14 4
2255 14 13 5
2256 23 23 5
2257 13 12 4
2258 12 11 5
2259 17 16 6
2260 14 13 5
2261 13 13 5
2262 13 13 5
2263 17 16 6
2264 10 10 4
2265 12 11 5
2266 11 10 4
2267 12 11 5
2268 11 10 4
2269 18 17 5
2270 17 16 6
2271 6 6 6
2272 11 11 5
2273 7 6 5
2274 19 18 4
2275 10 9 5
2276 19 18 6
2277 14 13 5
2278 13 12 4
2279 14 13 5
2280 7 6 5
2281 15 14 4
2282 12 11 5
2283 9 9 5
2284 11 10 4
2285 18 17 5
2286 15 14 4
2287 14 13 5
2288 11 10 4
2289 10 9 5
2290 9 9 5
2291 11 10 4
2292 12 11 5
2293 7 6 5
2294 23 22 6
2295 16 16 4
2296 20 19 5
2297 9 9 5
2298 13 12 6
2299 6 6 6
2300 7 6 5
2301 9 9 5
2302 9 8 4
2303 14 13 5
2304 13 12 6
2305 16 16 4
2306 18 17 5
2307 17 16 6
2308 16 16 4
2309 22 21 5
2310 15 14 6
2311 10 10 6
2312 10 9 5
2313 15 14 4
2314 18 17 5
2315 11 11 5
2316 9 8 4
2317 10 9 5
2318 11 11 5
2319 13 12 4
2320 16 15 5
2321 13 12 4
2322 6 5 4
2323 20 19 7
2324 17 16 4
2325 8 7 6
2326 12 12 6
2327 6 6 6
2328 9 9 5
2329 9 9 5
2330 9 8 4
2331 12 11 5
2332 17 16 6
2333 14 14 4
2334 6 5 4
2335 10 9 5
2336 21 20 6
2337 14 13 5
2338 13 12 6
2339 10 10 4
2340 10 9 5
2341 11 10 4
2342 10 9 5
2343 13 13 5
2344 11 10 4
2345 14 13 5
2346 9 8 4
2347 6 5 4
2348 14 13 5
2349 13 13 5
2350 13 12 4
2351 14 13 5
2352 9 8 4
2353 10 9 5
2354 11 10 4
2355 10 9 5
2356 7 6 5
2357 13 13 5
2358 5 5 5
2359 12 11 5
2360 13 13 5
2361 15 14 4
2362 10 9 5
2363 5 5 5
2364 14 13 5
2365 9 8 4
2366 8 7 6
2367 10 10 4
2368 6 5 4
2369 14 13 5
2370 15 14 4
2371 14 13 5
2372 13 12 6
2373 12 12 4
2374 6 5 4
2375 6 5 4
2376 10 9 5
2377 15 14 6
2378 8 8 4
2379 10 9 5
2380 13 12 6
2381 8 8 4
2382 14 13 5
2383 11 10 4
2384 10 9 5
2385 15 14 6
2386 14 13 5
2387 9 8 4
2388 14 13 5
2389 7 6 5
2390 9 9 5
2391 11 10 4
2392 14 13 5
2393 17 16 6
2394 10 10 4
2395 14 13 5
2396 13 12 6
2397 6 6 6
2398 11 10 4
2399 12 11 5
2400 15 15 5
2401 9 8 4
2402 18 17 5
2403 15 14 4
2404 14 13 5
2405 15 14 6
2406 8 8 4
2407 12 11 5
2408 15 14 6
2409 12 12 4
2410 12 11 5
2411 17 16 6
2412 12 12 6
2413 18 18 4
2414 16 15 5
2415 11 10 4
2416 10 9 5
2417 11 10 4
2418 14 13 5
2419 21 20 4
2420 22 21 5
2421 13 12 4
2422 16 15 5
2423 29 29 5
2424 37 36 6
2425 30 29 5
2426 23 23 5
2427 27 26 8
2428 14 13 5
2429 21 20 6
2430 34 34 8
2431 16 16 6
2432 18 18 8
2433 16 16 6
2434 18 17 5
2435 31 30 4
2436 26 25 7
2437 41 40 10
2438 24 24 6
2439 26 26 8
2440 40 39 11
2441 35 35 7
2442 21 21 5
2443 27 26 8
2444 30 30 10
2445 32 32 4
2446 26 25 7
2447 27 26 6
2448 24 23 7
2449 45 44 14
2450 28 28 8
2451 26 26 8
2452 52 51 5
2453 33 33 5
2454 29 29 5
2455 27 26 4
2456 46 45 7
2457 37 36 8
2458 22 21 7
2459 35 34 6
2460 40 40 10
2461 36 36 6
2462 34 33 5
2463 31 31 7
2464 29 29 7
2465 29 29 9
2466 23 22 4
2467 28 27 7
2468 27 26 6
2469 30 30 6
2470 40 40 12
2471 18 18 6
2472 30 30 4
2473 20 19 7
2474 21 20 6
2475 20 20 6
2476 18 18 4
2477 32 31 11
2478 17 16 6
2479 30 29 5
2480 17 17 5
2481 21 20 6
2482 14 14 4
2483 20 19 5
2484 27 27 9
2485 31 30 6
2486 22 21 5
2487 23 22 4
2488 34 33 5
2489 15 15 5
2490 19 18 6
2491 22 22 4
2492 18 17 7
2493 17 16 4
2494 22 21 5
2495 21 20 4
2496 14 13 5
2497 15 14 4
2498 28 27 7
2499 13 12 4
2500 16 15 5
2501 19 18 6
2502 20 20 4
2503 14 13 5
2504 9 8 4
2505 10 9 5
2506 11 11 5
2507 17 16 4
2508 20 19 5
2509 23 22 6
2510 22 22 4
2511 22 21 5
2512 17 17 5
2513 17 16 6
2514 20 20 6
2515 14 14 4
2516 16 15 5
2517 17 17 5
2518 21 21 5
2519 13 12 4
2520 16 15 5
2521 11 10 4
2522 20 19 5
2523 11 10 6
2524 16 15 5
2525 11 10 4
2526 22 21 5
2527 11 11 5
2528 13 12 4
2529 24 23 5
2530 15 15 7
2531 21 20 4
2532 16 15 5
2533 11 10 4
2534 12 11 5
2535 19 18 6
2536 10 10 4
2537 20 19 5
2538 15 14 6
2539 12 12 4
2540 16 15 5
2541 17 17 7
2542 15 15 5
2543 25 24 4
2544 18 17 5
2545 13 12 4
2546 10 9 5
2547 13 12 4
2548 18 17 5
2549 17 16 4
2550 14 13 5
2551 21 21 7
2552 11 10 4
2553 22 21 5
2554 13 12 6
2555 18 18 4
2556 22 21 5
2557 21 21 5
2558 21 20 6
2559 20 20 6
2560 18 18 6
2561 22 22 6
2562 18 18 4
2563 28 27 5
2564 29 28 8
2565 18 17 5
2566 11 10 4
2567 14 13 5
2568 15 14 4
2569 30 29 5
2570 21 21 5
2571 19 18 4
2572 16 15 5
2573 17 17 5
2574 23 23 5
2575 25 25 5
2576 11 11 5
2577 33 32 6
2578 18 18 6
2579 28 28 6
2580 24 24 6
2581 16 16 4
2582 18 17 5
2583 21 20 6
2584 18 17 5
2585 23 22 6
2586 16 16 4
2587 20 19 5
2588 21 20 4
2589 20 19 5
2590 19 18 4
2591 16 15 5
2592 15 14 4
2593 22 21 5
2594 11 11 5
2595 23 22 6
2596 14 14 4
2597 18 17 5
2598 19 18 4
2599 20 19 5
2600 21 20 4
2601 16 15 5
2602 13 12 4
2603 22 21 7
2604 9 8 4
2605 14 13 5
2606 11 11 5
2607 13 12 4
2608 18 17 5
2609 13 12 6
2610 22 22 4
2611 20 19 5
2612 13 12 4
2613 12 11 5
2614 13 12 4
2615 16 15 5
2616 15 15 5
2617 9 8 4
2618 20 19 5
2619 23 22 6
2620 14 14 4
2621 18 17 5
2622 17 16 6
2623 14 14 6
2624 12 12 4
2625 12 11 5
2626 13 12 4
2627 12 11 5
2628 7 6 5
2629 23 22 6
2630 16 16 6
2631 16 16 4
2632 12 11 5
2633 15 14 4
2634 16 15 5
2635 23 23 5
2636 11 11 5
2637 13 12 4
2638 10 9 5
2639 21 20 6
2640 8 8 4
2641 14 13 5
2642 15 14 6
2643 12 12 4
2644 18 17 5
2645 11 10 4
2646 12 11 5
2647 11 10 6
2648 20 20 4
2649 12 11 5
2650 15 14 4
2651 10 9 5
2652 19 18 4
2653 14 13 5
2654 13 13 5
2655 11 10 4
2656 18 17 5
2657 15 14 6
2658 10 10 6
2659 12 12 4
2660 12 11 5
2661 25 24 6
2662 8 8 4
2663 10 9 5
2664 13 13 7
2665 11 10 4
2666 12 11 5
2667 13 12 6
2668 16 16 6
2669 14 14 4
2670 14 13 5
2671 13 12 4
2672 6 5 4
2673 8 7 6
2674 12 12 4
2675 6 5 4
2676 14 13 5
2677 13 13 5
2678 13 12 6
2679 10 10 4
2680 24 23 5
2681 19 18 6
2682 16 16 4
2683 20 19 9
2684 7 6 5
2685 17 16 6
2686 6 6 6
2687 19 18 4
2688 14 13 5
2689 15 14 4
2690 10 9 5
2691 9 8 4
2692 18 17 5
2693 13 13 5
2694 11 10 4
2695 14 13 5
2696 21 20 4
2697 20 19 5
2698 13 12 4
2699 12 11 5
2700 19 19 5
2701 17 17 5
2702 19 19 5
2703 17 16 4
2704 28 27 5
2705 13 13 5
2706 27 26 6
2707 26 25 7
2708 27 26 6
2709 16 16 4
2710 26 25 5
2711 21 20 6
2712 20 19 5
2713 27 26 4
2714 26 25 5
2715 29 28 6
2716 24 24 4
2717 26 25 5
2718 29 29 7
2719 17 17 5
2720 21 20 8
2721 26 26 6
2722 20 20 6
2723 20 20 4
2724 22 21 5
2725 27 26 4
2726 22 21 5
2727 29 29 7
2728 29 28 4
2729 26 25 5
2730 31 31 7
2731 27 26 6
2732 22 21 5
2733 29 28 6
2734 38 38 4
2735 28 27 7
2736 41 41 7
2737 21 20 6
2738 28 28 6
2739 30 30 6
2740 18 18 4
2741 20 19 7
2742 17 16 4
2743 22 21 5
2744 21 20 6
2745 26 26 8
2746 28 27 7
2747 25 24 6
2748 20 19 5
2749 13 12 4
2750 24 23 7
2751 33 32 8
2752 14 13 5
2753 17 16 4
2754 20 19 7
2755 33 32 6
2756 26 26 8
2757 22 22 8
2758 26 26 6
2759 32 31 5
2760 27 26 6
2761 18 18 6
2762 20 19 7
2763 25 24 6
2764 32 31 9
2765 19 18 8
2766 38 38 10
2767 34 33 7
2768 25 24 6
2769 24 24 6
2770 36 35 7
2771 35 35 9
2772 25 25 7
2773 25 25 7
2774 29 28 8
2775 34 34 6
2776 20 19 9
2777 39 38 10
2778 18 18 4
2779 22 21 5
2780 21 20 8
2781 28 28 10
2782 28 28 10
2783 36 36 8
2784 26 26 8
2785 22 22 6
2786 16 16 4
2787 22 21 5
2788 33 33 13
2789 27 26 8
2790 14 14 4
2791 14 13 7
2792 35 34 8
2793 18 18 6
2794 28 28 6
2795 24 24 6
2796 30 29 5
2797 41 41 13
2798 21 21 7
2799 17 17 5
2800 15 14 6
2801 16 16 6
2802 12 12 4
2803 12 11 5
2804 13 13 5
2805 27 26 6
2806 34 34 6
2807 18 18 6
2808 40 40 12
2809 24 23 5
2810 11 11 5
2811 35 34 8
2812 8 8 4
2813 28 27 7
2814 17 17 5
2815 19 19 5
2816 25 25 5
2817 9 9 5
2818 19 18 4
2819 16 15 5
2820 29 28 6
2821 12 12 4
2822 28 27 7
2823 9 9 5
2824 19 18 6
2825 18 17 5
2826 17 16 6
2827 18 17 5
2828 9 9 5
2829 9 8 4
2830 12 11 5
2831 17 16 6
2832 10 10 4
2833 12 11 5
2834 11 10 4
2835 14 13 5
2836 15 14 4
2837 10 9 5
2838 11 10 4
2839 16 15 5
2840 15 14 6
2841 16 16 4
2842 30 29 5
2843 17 16 4
2844 20 19 5
2845 13 12 4
2846 22 21 5
2847 13 13 5
2848 17 16 4
2849 12 11 5
2850 13 12 6
2851 12 11 5
2852 21 20 6
2853 30 30 6
2854 22 21 5
2855 19 19 5
2856 13 13 5
2857 13 12 4
2858 12 11 5
2859 15 15 5
2860 13 12 6
2861 12 12 6
2862 12 12 4
2863 14 13 5
2864 11 11 5
2865 11 10 4
2866 18 17 5
2867 15 15 5
2868 7 6 5
2869 25 24 6
2870 14 13 5
2871 19 18 4
2872 16 15 5
2873 9 8 4
2874 14 13 5
2875 19 18 6
2876 14 13 5
2877 9 9 5
2878 7 6 5
2879 19 18 6
2880 24 24 6
2881 8 8 4
2882 10 9 5
2883 7 6 5
2884 9 9 5
2885 19 18 4
2886 16 15 5
2887 17 16 6
2888 16 15 5
2889 29 29 5
2890 19 18 6
2891 20 20 4
2892 10 9 5
2893 15 15 5
2894 21 20 6
2895 14 14 4
2896 10 9 5
2897 13 12 4
2898 18 17 5
2899 19 18 6
2900 14 13 5
2901 19 18 6
2902 10 10 4
2903 20 19 7
2904 13 12 4
2905 18 17 5
2906 13 13 5
2907 11 11 5
2908 11 10 4
2909 18 17 5
2910 15 15 5
2911 21 20 4
2912 18 17 5
2913 15 14 4
2914 22 21 5
2915 13 13 5
2916 25 24 6
2917 16 15 5
2918 15 15 7
2919 19 18 6
2920 8 8 4
2921 12 11 5
2922 17 16 6
2923 12 12 6
2924 14 14 4
2925 22 21 5
2926 21 20 6
2927 16 16 4
2928 18 17 5
2929 9 9 5
2930 11 11 5
2931 11 11 5
2932 19 18 4
2933 18 17 5
2934 13 13 5
2935 11 11 5
2936 17 16 4
2937 14 13 5
2938 19 18 6
2939 14 14 4
2940 10 9 5
2941 13 12 4
2942 10 9 5
2943 15 14 4
2944 16 15 5
2945 19 18 6
2946 14 14 4
2947 14 13 5
2948 15 14 6
2949 10 10 4
2950 18 17 5
2951 31 30 6
2952 14 14 4
2953 22 21 7
2954 23 22 6
2955 20 19 9
2956 15 14 4
2957 20 19 5
2958 13 13 5
2959 23 22 4
2960 22 21 5
2961 15 15 5
2962 21 21 5
2963 27 27 9
2964 15 14 8
2965 28 28 10
2966 26 25 9
2967 35 34 14
2968 18 18 6
2969 22 22 6
2970 26 26 4
2971 28 27 7
2972 25 25 5
2973 19 18 6
2974 20 19 5
2975 23 22 6
2976 16 16 4
2977 16 15 5
2978 27 26 6
2979 20 19 5
2980 19 18 6
2981 14 13 5
2982 17 17 5
2983 17 16 8
2984 12 12 4
2985 20 19 5
2986 19 19 5
2987 21 21 7
2988 15 15 5
2989 17 17 5
2990 25 24 8
2991 18 18 4
2992 16 15 5
2993 21 21 5
2994 23 23 7
2995 29 28 4
2996 26 25 5
2997 23 23 5
2998 35 35 7
2999 23 22 6
3000 28 28 6
3001 12 12 4
3002 18 17 5
3003 25 25 5
3004 27 27 7
3005 25 25 5
3006 27 26 6
3007 26 26 6
3008 20 19 5
3009 19 19 5
3010 25 25 7
3011 13 13 5
3012 17 17 5
3013 25 24 4
3014 26 25 5
3015 15 15 5
3016 29 29 11
3017 11 11 5
3018 17 16 4
3019 34 33 5
3020 13 13 5
3021 21 20 6
3022 30 29 9
3023 19 19 7
3024 27 26 12
3025 18 18 6
3026 18 17 5
3027 23 22 6
3028 28 28 10
3029 26 26 6
3030 26 25 9
3031 25 25 7
3032 25 24 8
3033 28 28 6
3034 26 25 7
3035 21 20 8
3036 22 22 4
3037 20 19 5
3038 29 28 6
3039 28 28 6
3040 30 29 9
3041 27 26 6
3042 34 34 8
3043 26 26 6
3044 32 32 8
3045 26 26 8
3046 24 24 4
3047 26 25 9
3048 23 22 6
3049 12 12 4
3050 28 27 5
3051 27 26 6
3052 18 17 5
3053 13 13 5
3054 17 16 6
3055 16 15 5
3056 17 17 5
3057 25 24 6
3058 20 19 5
3059 19 19 5
3060 23 22 8
3061 14 13 5
3062 23 22 8
3063 20 20 6
3064 20 20 6
3065 12 12 4
3066 24 23 5
3067 13 12 4
3068 18 17 7
3069 19 18 4
3070 20 19 5
3071 23 22 4
3072 12 11 5
3073 17 16 6
3074 12 12 4
3075 24 23 5
3076 19 19 5
3077 21 20 6
3078 22 22 6
3079 18 18 6
3080 16 16 4
3081 20 19 5
3082 11 10 4
3083 24 23 7
3084 15 14 4
3085 16 15 7
3086 15 14 4
3087 16 15 7
3088 17 16 4
3089 28 27 5
3090 11 11 5
3091 15 14 6
3092 16 15 5
3093 11 10 4
3094 14 13 5
3095 15 15 5
3096 11 11 5
3097 15 14 4
3098 12 11 5
3099 13 13 5
3100 25 24 4
3101 14 13 5
3102 19 18 4
3103 20 19 5
3104 21 21 5
3105 11 11 5
3106 33 32 6
3107 18 17 5
3108 25 24 4
3109 20 19 5
3110 25 24 6
3111 16 15 5
3112 21 21 5
3113 31 30 8
3114 32 31 5
3115 23 23 7
3116 27 27 9
3117 29 28 6
3118 28 27 5
3119 45 44 12
3120 24 23 5
3121 19 18 6
3122 32 31 5
3123 29 28 6
3124 24 24 6
3125 32 31 7
3126 33 33 5
3127 33 32 6
3128 38 37 5
3129 27 26 6
3130 28 28 8
3131 30 30 6
3132 26 26 4
3133 12 11 5
3134 27 26 6
3135 26 26 8
3136 20 20 4
3137 28 27 9
3138 19 19 5
3139 19 19 5
3140 19 18 4
3141 22 21 5
3142 11 11 5
3143 19 18 6
3144 16 16 4
3145 16 15 5
3146 15 14 6
3147 14 14 4
3148 16 15 5
3149 13 12 6
3150 12 12 4
3151 14 13 5
3152 13 12 4
3153 12 11 5
3154 9 8 4
3155 10 9 5
3156 13 12 6
3157 12 12 4
3158 14 13 5
3159 11 11 5
3160 19 18 4
3161 14 13 5
3162 11 11 5
3163 13 12 4
3164 10 9 5
3165 9 9 5
3166 15 14 4
3167 20 19 5
3168 15 14 4
3169 12 11 5
3170 11 10 4
3171 10 9 5
3172 9 9 5
3173 13 13 5
3174 23 23 5
3175 19 18 4
3176 20 19 5
3177 9 8 4
3178 10 9 5
3179 11 10 4
3180 10 9 5
3181 17 16 6
3182 10 10 4
3183 12 11 5
3184 9 9 5
3185 9 8 4
3186 8 7 6
3187 12 12 4
3188 14 13 5
3189 13 12 4
3190 12 11 5
3191 15 14 4
3192 16 15 5
3193 9 8 4
3194 10 9 5
3195 15 14 4
3196 14 13 5
3197 5 5 5
3198 10 9 5
3199 9 8 4
3200 12 11 5
3201 11 11 5
3202 15 14 4
3203 14 13 5
3204 23 22 6
3205 14 14 6
3206 12 12 4
3207 6 5 4
3208 16 15 7
3209 11 10 4
3210 10 9 5
3211 11 11 5
3212 11 10 4
3213 6 5 4
3214 20 19 5
3215 27 26 8
3216 18 18 4
3217 20 19 5
3218 11 11 5
3219 15 14 4
3220 20 19 5
3221 15 14 4
3222 14 13 5
3223 9 9 5
3224 21 20 6
3225 6 6 6
3226 11 10 4
3227 10 9 5
3228 15 14 6
3229 18 18 4
3230 12 11 5
3231 13 12 6
3232 6 6 6
3233 11 10 4
3234 18 17 5
3235 17 17 5
3236 23 22 6
3237 16 15 5
3238 17 16 4
3239 14 13 5
3240 15 14 6
3241 12 12 4
3242 14 13 5
3243 13 12 6
3244 12 12 4
3245 14 13 5
3246 11 10 4
3247 16 15 5
3248 11 10 6
3249 10 10 4
3250 12 11 5
3251 19 18 6
3252 14 14 4
3253 18 17 5
3254 17 16 6
3255 14 14 4
3256 14 13 5
3257 9 9 5
3258 7 6 5
3259 9 9 5
3260 15 14 4
3261 16 15 5
3262 9 8 4
3263 18 17 5
3264 11 11 5
3265 17 17 5
3266 19 18 6
3267 6 6 6
3268 9 8 4
3269 12 11 5
3270 13 12 6
3271 8 8 4
3272 14 13 5
3273 15 14 6
3274 14 14 6
3275 22 22 6
3276 14 14 6
3277 20 20 6
3278 12 12 4
3279 20 19 5
3280 23 23 5
3281 25 25 7
3282 27 26 4
3283 20 19 5
3284 23 22 4
3285 20 19 5
3286 19 19 7
3287 13 12 4
3288 18 17 5
3289 19 18 6
3290 14 13 5
3291 19 18 8
3292 30 30 6
3293 16 16 6
3294 14 13 5
3295 13 12 4
3296 10 9 5
3297 21 20 4
3298 14 13 5
3299 29 29 7
3300 17 16 6
3301 20 19 5
3302 19 18 4
3303 22 21 7
3304 23 23 7
3305 15 15 5
3306 15 14 4
3307 24 23 7
3308 21 20 4
3309 22 21 5
3310 23 23 5
3311 15 14 4
3312 16 15 5
3313 31 30 8
3314 12 12 4
3315 18 17 5
3316 19 19 5
3317 19 18 6
3318 10 10 4
3319 12 11 5
3320 17 16 6
3321 20 20 6
3322 8 8 4
3323 16 15 5
3324 11 10 4
3325 16 15 5
3326 17 16 4
3327 12 11 5
3328 21 21 5
3329 15 14 6
3330 14 14 4
3331 14 13 5
3332 19 18 6
3333 14 14 4
3334 12 11 5
3335 21 21 5
3336 13 13 5
3337 15 14 4
3338 20 19 5
3339 15 14 4
3340 6 5 4
3341 10 9 5
3342 13 13 5
3343 9 9 5
3344 19 18 4
3345 16 15 5
3346 19 19 5
3347 11 11 5
3348 11 10 4
3349 14 13 5
3350 7 6 5
3351 17 16 6
3352 10 10 4
3353 20 19 5
3354 11 10 4
3355 10 9 5
3356 15 14 4
3357 18 17 5
3358 11 11 5
3359 13 12 4
3360 22 21 5
3361 11 11 5
3362 17 16 4
3363 16 15 5
3364 15 14 4
3365 16 15 5
3366 13 13 5
3367 17 16 6
3368 12 12 4
3369 12 11 5
3370 17 16 4
3371 14 13 5
3372 25 24 4
3373 14 13 5
3374 15 14 4
3375 20 19 5
3376 17 17 5
3377 13 13 5
3378 11 11 5
3379 21 21 5
3380 15 14 4
3381 18 17 5
3382 17 16 6
3383 14 14 4
3384 14 13 5
3385 7 6 5
3386 15 14 4
3387 14 13 5
3388 9 8 4
3389 18 17 5
3390 17 16 6
3391 14 13 5
3392 17 16 4
3393 12 11 5
3394 11 10 6
3395 10 10 6
3396 10 10 4
3397 14 13 5
3398 15 14 4
3399 14 13 7
3400 13 12 4
3401 16 15 5
3402 17 16 4
3403 16 15 5
3404 23 23 5
3405 9 8 4
3406 14 13 5
3407 11 10 4
3408 14 13 5
3409 15 14 6
3410 22 22 4
3411 10 9 5
3412 11 10 4
3413 12 11 5
3414 11 11 5
3415 9 8 4
3416 14 13 5
3417 13 12 4
3418 16 15 5
3419 15 14 6
3420 8 8 4
3421 14 13 5
3422 23 22 6
3423 14 14 6
3424 16 16 4
3425 12 11 5
3426 17 16 6
3427 16 16 4
3428 16 15 5
3429 19 18 6
3430 16 16 4
3431 10 9 5
3432 13 12 6
3433 28 28 4
3434 12 11 5
3435 11 10 4
3436 18 17 5
3437 17 16 6
3438 12 12 6
3439 10 9 5
3440 17 16 6
3441 14 14 4
3442 16 15 5
3443 17 16 4
3444 14 13 5
3445 19 18 6
3446 16 16 4
3447 14 13 5
3448 11 10 4
3449 12 11 5
3450 17 16 4
3451 12 11 5
3452 13 12 4
3453 14 13 5
3454 15 14 4
3455 14 13 5
3456 11 10 6
3457 14 14 6
3458 14 14 4
3459 10 9 5
3460 9 9 5
3461 11 10 4
3462 8 7 6
3463 12 11 5
3464 17 16 4
3465 14 13 5
3466 5 5 5
3467 20 19 5
3468 7 6 5
3469 23 22 6
3470 18 17 5
3471 7 6 5
3472 13 12 6
3473 12 11 5
3474 13 12 4
3475 12 11 5
3476 15 15 5
3477 17 17 5
3478 11 10 4
3479 12 11 5
3480 11 11 7
3481 21 20 4
3482 28 27 5
3483 19 18 4
3484 20 19 5
3485 13 13 5
3486 13 12 4
3487 20 19 5
3488 13 13 5
3489 21 20 8
3490 12 12 4
3491 18 17 5
3492 25 25 5
3493 9 8 4
3494 12 11 5
3495 15 15 5
3496 9 8 4
3497 12 11 5
3498 17 16 6
3499 24 24 4
3500 38 37 7
3501 11 10 4
3502 14 13 5
3503 23 22 4
3504 20 19 5
3505 19 18 4
3506 20 19 7
3507 13 13 5
3508 19 18 4
3509 18 17 5
3510 21 21 7
3511 15 14 6
3512 14 14 6
3513 6 6 6
3514 17 16 6
3515 18 18 4
3516 22 21 5
3517 25 25 7
3518 19 19 5
3519 13 12 4
3520 16 15 5
3521 11 11 5
3522 23 22 6
3523 22 22 4
3524 28 27 7
3525 23 22 6
3526 28 28 6
3527 30 29 9
3528 15 14 4
3529 16 15 5
3530 15 14 4
3531 28 27 5
3532 45 45 5
3533 21 21 5
3534 19 19 5
3535 21 21 5
3536 17 17 5
3537 13 12 6
3538 22 22 6
3539 18 17 5
3540 21 20 4
3541 18 17 5
3542 25 25 5
3543 29 29 7
3544 27 26 6
3545 24 24 6
3546 14 13 5
3547 23 23 7
3548 13 12 4
3549 20 19 5
3550 19 18 6
3551 20 20 6
3552 18 18 6
3553 34 34 6
3554 16 15 5
3555 21 20 6
3556 24 24 6
3557 24 24 6
3558 22 21 5
3559 31 31 7
3560 33 32 6
3561 32 32 6
3562 22 22 6
3563 36 36 8
3564 28 27 7
3565 39 38 6
3566 28 27 5
3567 19 19 7
3568 49 49 13
3569 55 54 14
3570 40 40 6
3571 28 27 11
3572 25 24 4
3573 32 31 7
3574 27 26 4
3575 34 33 7
3576 27 27 5
3577 25 25 5
3578 31 31 5
3579 19 19 5
3580 43 43 9
3581 37 37 9
3582 19 18 4
3583 22 21 5
3584 27 27 5
3585 23 23 5
3586 29 28 6
3587 20 20 4
3588 20 19 5
3589 21 21 5
3590 21 20 4
3591 22 21 5
3592 13 13 5
3593 25 24 4
3594 18 17 5
3595 17 16 6
3596 20 20 6
3597 22 22 4
3598 18 17 5
3599 13 13 5
3600 25 24 6
3601 22 21 7
3602 19 18 4
3603 16 15 5
3604 11 10 4
3605 12 11 5
3606 25 24 4
3607 14 13 5
3608 13 12 4
3609 20 19 5
3610 23 22 6
3611 18 17 5
3612 13 12 4
3613 16 15 5
3614 15 14 4
3615 16 15 5
3616 13 13 5
3617 9 8 4
3618 14 13 5
3619 9 8 4
3620 10 9 5
3621 17 16 4
3622 18 17 5
3623 11 10 4
3624 14 13 7
3625 13 12 4
3626 14 13 5
3627 11 10 4
3628 16 15 5
3629 11 11 5
3630 15 15 7
3631 13 12 4
3632 20 19 5
3633 13 13 5
3634 21 20 4
3635 16 15 5
3636 17 16 4
3637 16 15 5
3638 11 10 4
3639 12 11 5
3640 21 21 7
3641 9 8 4
3642 14 13 5
3643 19 18 6
3644 20 20 6
3645 10 10 4
3646 20 19 5
3647 7 6 5
3648 9 8 4
3649 20 19 7
3650 21 20 4
3651 10 9 5
3652 27 26 6
3653 24 23 5
3654 23 22 4
3655 38 37 7
3656 37 36 6
3657 32 32 8
3658 20 20 6
3659 16 16 4
3660 20 19 5
3661 23 23 5
3662 23 23 5
3663 19 19 5
3664 25 24 6
3665 12 12 6
3666 18 18 4
3667 36 35 7
3668 23 23 7
3669 15 14 4
3670 26 25 5
3671 31 31 7
3672 17 16 4
3673 14 13 5
3674 21 20 4
3675 20 19 5
3676 35 34 6
3677 20 20 6
3678 28 27 5
3679 27 26 4
3680 14 13 5
3681 23 23 7
3682 11 10 4
3683 18 17 5
3684 9 9 5
3685 19 18 4
3686 14 13 5
3687 15 15 5
3688 25 25 5
3689 21 20 6
3690 14 14 6
3691 22 22 4
3692 22 21 5
3693 23 22 6
3694 10 10 6
3695 16 15 5
3696 15 15 5
3697 23 22 4
3698 18 17 5
3699 19 19 5
3700 13 12 4
3701 22 21 5
3702 15 14 6
3703 22 22 6
3704 24 24 8
3705 12 12 4
3706 12 11 5
3707 17 16 6
3708 16 16 6
3709 24 23 5
3710 21 20 6
3711 14 13 7
3712 17 16 4
3713 20 19 5
3714 13 13 5
3715 9 8 4
3716 14 13 5
3717 13 12 6
3718 14 14 4
3719 18 17 5
3720 11 11 5
3721 19 18 6
3722 10 10 6
3723 16 16 6
3724 14 14 4
3725 18 17 5
3726 15 14 4
3727 6 5 4
3728 20 19 5
3729 25 24 4
3730 6 5 4
3731 18 17 5
3732 13 13 5
3733 21 21 5
3734 11 10 4
3735 12 11 5
3736 9 8 4
3737 12 11 5
3738 11 10 4
3739 10 9 5
3740 11 10 4
3741 16 15 7
3742 11 10 6
3743 8 8 4
3744 14 13 5
3745 15 15 5
3746 21 20 6
3747 10 10 6
3748 10 10 4
3749 12 11 5
3750 9 8 4
3751 18 17 9
3752 11 10 4
3753 10 9 5
3754 9 8 4
3755 10 9 5
3756 17 16 6
3757 10 10 4
3758 14 13 5
3759 11 11 5
3760 11 10 6
3761 16 16 6
3762 10 10 4
3763 18 17 5
3764 15 15 5
3765 13 12 4
3766 16 15 5
3767 11 10 4
3768 10 9 5
3769 15 14 4
3770 6 5 4
3771 14 13 5
3772 13 12 4
3773 6 5 4
3774 12 11 5
3775 13 12 4
3776 16 15 5
3777 15 14 4
3778 14 13 5
3779 9 8 4
3780 8 7 6
3781 10 10 6
3782 8 8 4
3783 14 13 5
3784 23 22 8
3785 8 8 4
3786 22 21 5
3787 21 20 4
3788 24 23 5
3789 11 10 4
3790 10 9 5
3791 19 18 6
3792 10 10 4
3793 18 17 5
3794 11 10 4
3795 10 9 5
3796 15 14 4
3797 22 21 5
3798 17 16 4
3799 6 5 4
3800 14 13 5
3801 11 11 5
3802 13 12 6
3803 10 10 4
3804 16 15 5
3805 13 12 6
3806 12 12 6
3807 10 10 6
3808 16 16 4
3809 18 17 5
3810 9 8 4
3811 14 13 7
3812 7 6 5
3813 13 12 4
3814 18 17 5
3815 13 12 4
3816 10 9 5
3817 13 12 4
3818 20 19 5
3819 15 14 4
3820 10 9 5
3821 11 11 5
3822 11 10 4
3823 14 13 5
3824 19 19 5
3825 23 23 5
3826 15 14 6
3827 14 14 4
3828 10 9 5
3829 7 6 5
3830 17 17 5
3831 13 13 5
3832 19 19 5
3833 19 18 4
3834 16 15 5
3835 15 15 5
3836 13 12 4
3837 18 17 5
3838 21 20 4
3839 10 9 5
3840 17 16 4
3841 14 13 5
3842 17 17 5
3843 17 17 7
3844 17 16 4
3845 20 19 5
3846 17 16 6
3847 16 16 4
3848 16 15 5
3849 13 12 6
3850 20 19 5
3851 17 17 5
3852 17 17 5
3853 19 18 6
3854 32 31 7
3855 37 36 6
3856 26 26 6
3857 28 28 8
3858 22 22 6
3859 22 22 4
3860 26 25 5
3861 21 20 4
3862 12 11 5
3863 21 21 5
3864 27 26 8
3865 22 22 4
3866 22 21 5
3867 31 30 4
3868 14 13 5
3869 29 29 5
3870 15 15 5
3871 15 14 4
3872 16 15 5
3873 21 20 4
3874 24 23 5
3875 25 24 8
3876 14 14 4
3877 16 15 5
3878 15 14 4
3879 22 21 5
3880 19 19 5
3881 23 23 7
3882 17 16 4
3883 28 27 7
3884 21 20 6
3885 30 30 6
3886 20 20 4
3887 16 15 5
3888 23 22 6
3889 22 22 6
3890 18 18 4
3891 18 17 5
3892 17 16 4
3893 14 13 5
3894 21 20 4
3895 16 15 5
3896 19 18 4
3897 18 17 5
3898 17 16 4
3899 12 11 5
3900 21 20 6
3901 12 12 6
3902 10 10 4
3903 14 13 5
3904 13 12 6
3905 16 16 4
3906 14 13 5
3907 21 20 6
3908 16 16 6
3909 20 20 4
3910 14 13 5
3911 25 24 6
3912 8 8 4
3913 6 5 4
3914 16 15 5
3915 11 11 5
3916 15 14 6
3917 8 8 4
3918 12 11 5
3919 19 18 4
3920 20 19 5
3921 9 8 4
3922 24 23 5
3923 9 8 4
3924 6 5 4
3925 26 25 5
3926 23 23 5
3927 17 16 4
3928 14 13 5
3929 15 14 4
3930 14 13 5
3931 25 24 6
3932 12 12 4
3933 18 17 5
3934 21 20 6
3935 14 14 4
3936 12 11 5
3937 15 14 4
3938 18 17 7
3939 13 12 4
3940 22 21 5
3941 17 17 5
3942 15 14 4
3943 18 17 7
3944 13 12 4
3945 12 11 5
3946 17 16 4
3947 16 15 5
3948 13 12 4
3949 12 11 5
3950 15 14 6
3951 10 10 4
3952 16 15 5
3953 15 14 4
3954 14 13 5
3955 13 13 5
3956 13 12 4
3957 12 11 5
3958 19 19 5
3959 11 11 5
3960 15 14 4
3961 14 13 5
3962 9 8 4
3963 16 15 5
3964 21 20 6
3965 18 18 4
3966 20 19 5
3967 17 17 5
3968 21 20 4
3969 24 23 5
3970 13 13 5
3971 15 15 5
3972 15 14 4
3973 14 13 5
3974 11 10 4
3975 16 15 5
3976 25 24 4
3977 12 11 5
3978 15 14 4
3979 12 11 5
3980 17 16 4
3981 10 9 5
3982 9 8 4
3983 6 5 4
3984 10 9 5
3985 11 11 5
3986 9 8 4
3987 12 11 5
3988 23 22 6
3989 14 14 4
3990 24 23 5
3991 13 12 4
3992 12 11 5
3993 19 18 6
3994 26 26 4
3995 20 19 5
3996 15 14 4
3997 22 21 5
3998 13 12 4
3999 20 19 5
4000 11 10 6
4001 6 6 6
4002 13 13 5
4003 9 8 4
4004 14 13 5
4005 11 10 4
4006 8 7 6
4007 16 16 4
4008 14 13 5
4009 9 8 4
4010 12 11 5
4011 15 14 4
4012 8 7 6
4013 10 10 4
4014 14 13 5
4015 7 6 5
4016 9 8 4
4017 16 15 5
4018 13 12 6
4019 12 12 4
4020 14 13 5
4021 19 18 6
4022 12 12 4
4023 10 9 5
4024 7 6 5
4025 11 10 4
4026 8 7 6
4027 16 16 4
4028 10 9 5
4029 9 8 4
4030 16 15 5
4031 11 10 4
4032 10 9 5
4033 15 14 6
4034 10 10 4
4035 10 9 5
4036 13 12 4
4037 22 21 5
4038 15 14 4
4039 14 13 5
4040 5 5 5
4041 10 9 5
4042 13 12 4
4043 10 9 5
4044 11 11 5
4045 15 14 4
4046 12 11 5
4047 15 14 4
4048 12 11 5
4049 13 12 4
4050 12 11 5
4051 9 8 4
4052 12 11 5
4053 13 12 4
4054 16 15 5
4055 9 9 5
4056 11 11 5
4057 11 10 6
4058 10 10 4
4059 12 11 5
4060 11 11 5
4061 15 14 6
4062 6 6 6
4063 7 6 5
4064 19 18 6
4065 10 10 4
4066 10 9 5
4067 9 8 4
4068 10 9 5
4069 11 10 4
4070 12 11 5
4071 13 12 6
4072 10 10 4
4073 16 15 5
4074 13 12 6
4075 12 12 4
4076 14 13 5
4077 17 17 7
4078 15 14 4
4079 20 19 5
4080 17 16 4
4081 12 11 5
4082 21 20 6
4083 12 12 4
4084 18 17 5
4085 21 20 4
4086 24 23 5
4087 37 37 7
4088 41 40 6
4089 22 21 5
4090 35 35 7
4091 13 13 5
4092 17 17 5
4093 25 24 4
4094 12 11 5
4095 15 14 4
4096 16 15 5
4097 21 20 4
4098 26 25 5
4099 29 28 8
4100 22 22 6
4101 24 23 5
4102 27 26 6
4103 22 22 6
4104 28 27 5
4105 33 33 9
4106 37 36 4
4107 26 25 5
4108 39 39 7
4109 21 20 4
4110 18 17 5
4111 25 24 4
4112 34 33 9
4113 21 20 6
4114 24 23 5
4115 17 16 6
4116 24 24 8
4117 24 23 5
4118 15 15 5
4119 17 16 4
4120 22 21 5
4121 27 26 6
4122 16 16 4
4123 26 25 5
4124 25 25 7
4125 19 18 4
4126 16 15 5
4127 11 10 4
4128 16 15 5
4129 25 24 6
4130 20 20 4
4131 26 25 5
4132 19 19 5
4133 33 32 6
4134 38 37 7
4135 21 20 4
4136 38 37 7
4137 15 15 5
4138 23 22 6
4139 30 30 6
4140 40 39 5
4141 25 25 5
4142 15 14 4
4143 20 19 5
4144 17 17 5
4145 17 16 6
4146 32 32 6
4147 26 25 5
4148 19 18 4
4149 20 19 5
4150 37 37 5
4151 21 21 5
4152 27 26 6
4153 12 11 5
4154 13 12 4
4155 28 27 5
4156 33 32 6
4157 32 32 6
4158 24 23 5
4159 11 10 4
4160 28 27 7
4161 35 34 6
4162 14 14 4
4163 20 19 5
4164 19 18 4
4165 22 21 7
4166 27 26 8
4167 18 18 6
4168 16 16 6
4169 18 17 5
4170 25 24 8
4171 22 22 4
4172 22 21 5
4173 19 18 6
4174 14 14 4
4175 26 25 7
4176 17 16 4
4177 18 17 5
4178 27 26 6
4179 18 18 4
4180 22 21 5
4181 15 15 5
4182 31 30 4
4183 26 25 5
4184 15 15 5
4185 25 24 6
4186 30 30 8
4187 22 22 6
4188 8 8 4
4189 28 27 5
4190 35 35 7
4191 15 15 5
4192 17 16 4
4193 22 21 5
4194 23 22 6
4195 16 16 4
4196 22 21 5
4197 23 23 7
4198 23 22 6
4199 24 24 6
4200 22 22 8
4201 20 20 6
4202 28 28 6
4203 22 21 5
4204 27 26 8
4205 12 11 5
4206 19 18 4
4207 20 19 5
4208 19 19 5
4209 19 18 6
4210 28 28 4
4211 18 17 5
4212 17 16 4
4213 22 21 7
4214 17 16 6
4215 20 20 6
4216 12 12 4
4217 6 5 4
4218 14 13 5
4219 13 12 4
4220 14 13 5
4221 11 10 4
4222 24 23 5
4223 19 19 7
4224 15 14 4
4225 14 13 5
4226 17 16 4
4227 14 13 5
4228 23 22 4
4229 18 17 7
4230 21 20 6
4231 16 16 4
4232 16 15 5
4233 13 13 5
4234 11 10 6
4235 10 10 4
4236 10 9 5
4237 13 12 4
4238 16 15 5
4239 19 18 4
4240 16 15 5
4241 19 18 6
4242 12 11 5
4243 11 10 4
4244 6 5 4
4245 16 15 5
4246 9 9 5
4247 17 16 4
4248 14 13 5
4249 7 6 5
4250 15 14 6
4251 12 11 5
4252 5 5 5
4253 16 15 5
4254 15 14 4
4255 16 15 5
4256 7 6 5
4257 17 16 6
4258 12 12 4
4259 16 15 5
4260 13 12 4
4261 12 11 5
4262 17 16 6
4263 14 14 6
4264 10 10 4
4265 16 15 5
4266 9 8 4
4267 10 9 5
4268 13 13 5
4269 13 12 4
4270 12 11 5
4271 11 10 6
4272 14 14 4
4273 14 13 5
4274 9 8 4
4275 6 5 4
4276 16 15 5
4277 11 10 4
4278 14 13 5
4279 13 13 5
4280 13 12 4
4281 12 11 5
4282 11 11 5
4283 15 14 6
4284 8 8 4
4285 14 13 7
4286 13 12 4
4287 12 11 5
4288 7 6 5
4289 11 10 4
4290 14 13 5
4291 11 10 4
4292 14 13 5
4293 13 12 6
4294 18 18 4
4295 12 11 5
4296 15 15 5
4297 9 9 5
4298 15 14 4
4299 10 9 5
4300 9 9 5
4301 9 8 4
4302 12 11 5
4303 13 12 6
4304 12 12 4
4305 22 21 5
4306 9 9 5
4307 9 8 4
4308 16 15 5
4309 21 20 4
4310 12 11 5
4311 9 9 5
4312 13 12 4
4313 14 13 5
4314 11 10 4
4315 10 9 5
4316 11 11 5
4317 15 15 5
4318 7 6 5
4319 13 12 6
4320 14 13 5
4321 11 10 4
4322 16 15 5
4323 11 11 5
4324 13 12 4
4325 10 9 5
4326 13 13 5
4327 19 18 6
4328 12 11 5
4329 11 10 4
4330 14 13 7
4331 15 14 6
4332 8 8 4
4333 14 13 5
4334 13 12 4
4335 12 11 5
4336 11 10 6
4337 8 8 4
4338 10 9 5
4339 11 10 4
4340 14 13 5
4341 13 13 5
4342 11 10 4
4343 16 15 5
4344 13 12 4
4345 6 5 4
4346 16 15 7
4347 5 5 5
4348 10 9 5
4349 15 14 6
4350 10 10 4
4351 14 13 5
4352 5 5 5
4353 14 13 7
4354 11 10 6
4355 20 20 6
4356 22 21 7
4357 11 10 4
4358 12 11 5
4359 17 17 7
4360 25 24 4
4361 12 11 5
4362 19 18 4
4363 16 15 7
4364 23 22 4
4365 10 9 5
4366 23 22 8
4367 20 19 5
4368 21 21 7
4369 23 23 7
4370 17 16 6
4371 14 13 5
4372 29 28 8
4373 14 14 4
4374 26 25 7
4375 17 16 6
4376 10 10 4
4377 24 23 7
4378 29 28 6
4379 44 43 7
4380 21 20 4
4381 32 31 5
4382 23 23 5
4383 27 26 6
4384 26 25 5
4385 25 24 6
4386 32 32 6
4387 36 36 4
4388 36 35 7
4389 33 33 9
4390 43 42 10
4391 38 38 10
4392 48 48 12
4393 32 31 9
4394 23 22 4
4395 26 25 9
4396 51 50 8
4397 20 19 5
4398 19 18 6
4399 20 19 5
4400 29 28 8
4401 10 10 4
4402 24 23 5
4403 15 14 6
4404 24 24 6
4405 20 20 6
4406 28 27 7
4407 31 30 8
4408 18 18 6
4409 24 24 10
4410 16 16 6
4411 28 27 7
4412 21 21 7
4413 31 30 8
4414 22 22 6
4415 20 19 5
4416 19 18 4
4417 22 21 5
4418 23 22 4
4419 12 11 5
4420 23 22 6
4421 24 24 4
4422 16 15 5
4423 39 38 6
4424 38 37 9
4425 21 20 6
4426 24 23 5
4427 27 26 4
4428 18 17 5
4429 25 24 6
4430 34 34 6
4431 26 26 6
4432 24 23 7
4433 19 18 4
4434 18 17 5
4435 37 36 10
4436 28 28 4
4437 18 17 5
4438 17 17 5
4439 17 17 5
4440 17 16 6
4441 26 25 5
4442 27 27 7
4443 21 21 5
4444 15 15 5
4445 25 24 4
4446 14 13 5
4447 25 24 6
4448 26 26 6
4449 22 22 4
4450 20 19 5
4451 19 19 5
4452 19 19 5
4453 13 12 6
4454 26 26 4
4455 18 17 7
4456 29 28 6
4457 18 18 6
4458 14 13 5
4459 33 33 9
4460 19 18 6
4461 22 21 7
4462 27 27 7
4463 27 26 8
4464 16 16 6
4465 24 24 6
4466 26 25 7
4467 19 18 6
4468 32 32 4
4469 38 37 7
4470 19 19 5
4471 31 31 5
4472 15 15 5
4473 25 24 6
4474 26 26 6
4475 20 19 5
4476 25 24 8
4477 26 26 6
4478 26 26 4
4479 14 13 5
4480 37 36 8
4481 24 24 4
4482 32 31 9
4483 27 27 7
4484 25 24 6
4485 22 22 6
4486 22 21 5
4487 17 17 5
4488 27 26 6
4489 24 23 5
4490 17 16 4
4491 14 13 5
4492 33 33 5
4493 19 19 5
4494 25 24 4
4495 30 29 9
4496 15 14 6
4497 16 16 4
4498 20 19 7
4499 29 28 4
4500 22 21 5
4501 15 14 4
4502 30 29 9
4503 21 20 6
4504 12 12 4
4505 22 21 5
4506 15 14 4
4507 14 13 5
4508 25 24 4
4509 18 17 5
4510 17 16 6
4511 32 31 5
4512 21 21 5
4513 25 24 6
4514 14 13 5
4515 21 21 5
4516 31 31 5
4517 13 13 5
4518 15 14 4
4519 12 11 5
4520 29 28 6
4521 22 21 5
4522 21 21 5
4523 19 19 5
4524 23 23 5
4525 19 19 5
4526 15 14 4
4527 20 19 5
4528 15 14 4
4529 18 17 5
4530 17 16 6
4531 18 17 5
4532 13 12 4
4533 20 19 7
4534 25 24 6
4535 8 8 4
4536 20 19 5
4537 11 10 4
4538 10 9 5
4539 11 11 5
4540 11 10 4
4541 16 15 5
4542 13 12 6
4543 8 8 4
4544 12 11 5
4545 15 14 4
4546 14 13 5
4547 11 10 4
4548 24 23 5
4549 15 14 6
4550 20 20 6
4551 12 12 4
4552 12 11 5
4553 19 18 6
4554 18 17 5
4555 13 12 4
4556 16 15 5
4557 17 17 5
4558 11 10 4
4559 14 13 5
4560 15 14 4
4561 14 13 5
4562 13 12 4
4563 24 23 5
4564 13 13 5
4565 11 10 4
4566 20 19 5
4567 9 9 5
4568 13 12 6
4569 10 10 4
4570 14 13 5
4571 13 12 4
4572 16 15 5
4573 5 5 5
4574 10 9 5
4575 15 14 6
4576 12 12 4
4577 20 19 5
4578 5 5 5
4579 10 9 5
4580 15 15 5
4581 19 18 6
4582 6 6 6
4583 21 20 6
4584 8 8 4
4585 18 17 5
4586 11 11 5
4587 19 18 4
4588 22 21 5
4589 11 10 4
4590 20 19 5
4591 17 16 4
4592 18 17 5
4593 19 19 5
4594 25 24 4
4595 42 41 5
4596 35 35 5
4597 31 31 5
4598 17 16 4
4599 24 23 5
4600 31 30 6
4601 36 35 5
4602 37 37 7
4603 45 44 8
4604 38 37 9
4605 47 46 8
4606 38 37 7
4607 33 33 5
4608 31 31 7
4609 19 19 5
4610 39 39 7
4611 41 40 10
4612 26 26 6
4613 24 23 5
4614 27 26 6
4615 32 32 8
4616 32 31 5
4617 35 34 8
4618 28 28 8
4619 20 19 5
4620 29 28 6
4621 32 31 9
4622 17 16 4
4623 36 35 7
4624 31 31 7
4625 31 30 8
4626 12 12 4
4627 14 13 5
4628 19 18 8
4629 18 18 6
4630 30 29 7
4631 29 29 5
4632 21 21 7
4633 29 29 7
4634 41 40 8
4635 22 22 4
4636 16 15 5
4637 17 16 4
4638 14 13 5
4639 15 14 4
4640 20 19 5
4641 13 12 6
4642 24 24 6
4643 20 20 4
4644 20 19 5
4645 17 17 5
4646 11 10 6
4647 16 16 6
4648 16 16 4
4649 14 13 5
4650 21 20 6
4651 10 10 4
4652 20 19 5
4653 19 19 5
4654 19 18 6
4655 10 10 4
4656 14 13 5
4657 15 14 4
4658 12 11 5
4659 23 22 6
4660 16 15 5
4661 17 16 4
4662 18 17 5
4663 15 15 5
4664 15 14 6
4665 16 16 4
4666 16 15 5
4667 13 13 5
4668 15 15 5
4669 7 6 5
4670 11 11 5
4671 17 16 4
4672 12 11 5
4673 23 23 5
4674 13 12 4
4675 18 17 5
4676 13 12 6
4677 14 14 4
4678 20 19 5
4679 25 24 6
4680 18 18 4
4681 16 15 5
4682 17 17 5
4683 13 12 4
4684 18 17 5
4685 19 18 6
4686 8 8 4
4687 28 27 5
4688 37 37 9
4689 17 16 4
4690 34 33 5
4691 33 33 7
4692 23 22 6
4693 12 12 4
4694 30 29 7
4695 19 18 6
4696 24 23 5
4697 19 18 6
4698 20 19 7
4699 29 28 4
4700 20 19 5
4701 21 21 5
4702 33 33 7
4703 19 19 5
4704 27 27 5
4705 17 16 6
4706 22 22 4
4707 24 23 5
4708 25 25 5
4709 23 23 7
4710 47 47 9
4711 29 28 8
4712 24 24 6
4713 38 38 10
4714 18 18 4
4715 28 27 5
4716 23 22 4
4717 26 25 5
4718 19 19 5
4719 27 27 5
4720 31 30 4
4721 32 31 7
4722 25 24 6
4723 30 30 6
4724 30 30 8
4725 24 24 8
4726 34 34 6
4727 26 25 5
4728 25 25 7
4729 23 23 5
4730 19 18 4
4731 26 25 5
4732 37 37 7
4733 19 18 4
4734 30 29 9
4735 29 28 6
4736 40 39 9
4737 33 32 4
4738 26 25 5
4739 37 37 7
4740 53 53 15
4741 31 31 7
4742 37 37 9
4743 27 27 9
4744 57 56 18
4745 32 32 6
4746 34 34 10
4747 22 21 7
4748 27 27 5
4749 35 35 9
4750 29 29 9
4751 35 34 4
4752 30 29 7
4753 39 38 8
4754 24 23 5
4755 25 24 8
4756 26 26 6
4757 28 27 9
4758 25 24 8
4759 32 32 8
4760 34 33 9
4761 31 30 8
4762 26 26 4
4763 24 23 7
4764 29 28 10
4765 34 33 7
4766 23 23 5
4767 25 24 6
4768 30 30 6
4769 36 35 9
4770 19 18 6
4771 38 38 6
4772 18 17 5
4773 31 30 4
4774 40 39 7
4775 39 38 8
4776 34 33 9
4777 49 48 6
4778 34 34 6
4779 30 29 7
4780 29 28 6
4781 24 24 8
4782 28 28 8
4783 30 29 7
4784 23 23 7
4785 29 28 6
4786 28 27 7
4787 23 23 7
4788 25 24 6
4789 24 24 6
4790 30 30 8
4791 26 26 6
4792 28 27 7
4793 25 24 10
4794 34 34 4
4795 18 17 7
4796 15 15 5
4797 21 20 4
4798 16 15 5
4799 13 12 4
4800 26 25 5
4801 25 25 5
4802 11 11 5
4803 15 14 4
4804 22 21 5
4805 13 13 5
4806 21 20 6
4807 22 22 6
4808 12 12 4
4809 18 17 5
4810 13 12 4
4811 20 19 5
4812 23 22 4
4813 18 17 5
4814 15 14 4
4815 14 13 5
4816 15 15 5
4817 25 25 7
4818 21 21 5
4819 23 22 4
4820 20 19 5
4821 17 16 4
4822 22 21 5
4823 23 23 5
4824 21 21 7
4825 19 18 4
4826 12 11 5
4827 15 14 4
4828 22 21 5
4829 15 14 6
4830 12 12 6
4831 34 34 6
4832 24 23 7
4833 29 28 8
4834 22 21 5
4835 23 23 5
4836 21 20 6
4837 18 18 6
4838 16 15 5
4839 19 19 5
4840 23 22 4
4841 18 17 5
4842 21 20 6
4843 18 18 6
4844 16 15 5
4845 19 18 4
4846 26 25 7
4847 25 24 6
4848 20 20 6
4849 18 18 6
4850 20 19 5
4851 23 22 6
4852 10 10 4
4853 12 11 5
4854 21 20 4
4855 12 11 5
4856 21 20 6
4857 16 16 6
4858 10 10 4
4859 14 13 5
4860 21 20 6
4861 12 11 5
4862 17 16 6
4863 14 13 5
4864 9 9 5
4865 11 11 5
4866 9 9 5
4867 13 13 5
4868 11 10 4
4869 22 21 5
4870 9 9 5
4871 15 15 5
4872 11 10 4
4873 12 11 5
4874 23 22 6
4875 20 19 5
4876 15 14 4
4877 18 17 5
4878 11 10 4
4879 12 11 5
4880 15 14 6
4881 18 18 6
4882 10 10 4
4883 6 5 4
4884 14 13 5
4885 11 10 4
4886 22 21 5
4887 13 12 6
4888 12 12 4
4889 10 9 5
4890 15 15 5
4891 15 14 4
4892 16 15 5
4893 15 15 7
4894 11 10 4
4895 12 11 5
4896 15 14 4
4897 12 11 5
4898 19 19 5
4899 11 10 4
4900 10 9 5
4901 15 14 6
4902 10 10 4
4903 12 11 5
4904 11 11 5
4905 11 11 5
4906 11 10 4
4907 16 15 5
4908 9 8 4
4909 14 13 7
4910 9 8 4
4911 14 13 5
4912 11 11 5
4913 17 16 4
4914 16 15 5
4915 17 16 4
4916 14 13 5
4917 11 11 5
4918 11 11 5
4919 9 8 4
4920 18 17 5
4921 11 11 5
4922 19 19 5
4923 13 12 4
4924 12 11 5
4925 9 8 4
4926 12 11 5
4927 9 8 4
4928 10 9 5
4929 11 10 4
4930 16 15 5
4931 15 14 6
4932 14 13 5
4933 9 8 4
4934 12 11 7
4935 11 10 4
4936 14 13 5
4937 11 10 4
4938 12 11 5
4939 9 8 4
4940 16 15 5
4941 15 14 6
4942 14 14 4
4943 14 13 5
4944 13 13 5
4945 11 11 5
4946 9 8 4
4947 12 11 5
4948 7 6 5
4949 13 13 5
4950 15 14 4
4951 14 13 5
4952 13 13 5
4953 25 25 5
4954 11 11 5
4955 11 11 5
4956 13 12 4
4957 14 13 5
4958 9 8 4
4959 14 13 5
4960 15 14 4
4961 12 11 5
4962 11 10 6
4963 6 6 6
4964 17 17 5
4965 13 12 4
4966 8 7 6
4967 10 10 4
4968 10 9 5
4969 19 18 6
4970 16 15 5
4971 9 8 4
4972 12 11 5
4973 13 12 4
4974 16 15 5
4975 13 12 4
4976 14 13 5
4977 7 6 5
4978 17 16 4
4979 14 13 5
4980 19 18 4
4981 34 33 5
4982 21 21 5
4983 17 16 6
4984 26 26 4
4985 16 15 5
4986 19 18 6
4987 14 14 4
4988 18 17 7
4989 15 14 4
4990 20 19 7
4991 31 30 4
4992 20 19 5
4993 23 23 5
4994 23 23 5
4995 13 12 4
4996 18 17 5
4997 19 18 6
4998 26 26 6
4999 16 15 7
