0 22 21 5
1 13 12 6
2 12 12 4
3 26 25 5
4 15 15 5
5 19 18 6
6 20 19 5
7 15 15 7
8 19 18 4
9 20 19 5
10 13 12 4
11 12 11 5
12 7 6 5
13 9 9 5
14 13 13 5
15 15 15 7
16 13 12 4
17 24 23 7
18 13 12 6
19 14 14 6
20 16 16 6
21 12 12 6
22 16 16 6
23 12 12 4
24 10 9 5
25 13 12 6
26 12 12 4
27 10 9 5
28 9 8 4
29 16 15 5
30 13 13 5
31 13 13 5
32 9 8 4
33 10 9 5
34 15 14 8
35 10 10 4
36 14 13 5
37 7 7 7
38 20 20 6
39 14 14 4
40 14 13 7
41 15 14 6
42 14 14 6
43 10 10 6
44 10 10 4
45 12 11 5
46 13 13 5
47 11 10 4
48 26 25 7
49 11 10 4
50 18 17 5
51 21 20 4
52 8 7 6
53 16 16 8
54 6 6 6
55 9 8 4
56 14 13 5
57 17 16 4
58 26 25 5
59 17 17 5
60 23 22 6
61 16 15 5
62 15 14 4
63 34 33 5
64 29 29 5
65 37 37 7
66 23 22 4
67 16 15 5
68 13 12 4
69 22 21 5
70 17 17 5
71 19 18 4
72 26 25 5
73 23 22 6
74 10 10 4
75 20 19 5
76 17 16 6
77 26 26 8
78 24 24 6
79 14 14 4
80 22 21 7
81 11 10 4
82 30 29 7
83 27 26 8
84 20 20 4
85 24 23 5
86 39 38 4
87 36 35 7
88 15 14 4
89 20 19 5
90 25 25 5
91 35 35 5
92 21 20 4
93 34 33 5
94 29 28 8
95 20 20 4
96 24 23 7
97 23 23 5
98 23 22 6
99 18 18 4
100 24 23 5
101 21 20 4
102 30 29 5
103 23 22 6
104 16 16 4
105 14 13 5
106 17 16 4
107 26 25 5
108 19 19 5
109 19 18 4
110 18 17 5
111 25 24 4
112 20 19 5
113 21 20 6
114 32 32 8
115 18 18 4
116 24 23 7
117 31 30 6
118 22 22 6
119 26 26 6
120 14 13 5
121 17 17 5
122 19 18 6
123 32 32 4
124 22 21 5
125 29 28 6
126 24 24 6
127 34 33 5
128 29 28 6
129 18 17 5
130 17 16 6
131 22 22 6
132 20 20 8
133 20 19 7
134 25 24 4
135 30 29 5
136 17 16 4
137 16 15 5
138 27 26 8
139 20 20 4
140 18 17 5
141 27 26 6
142 22 22 6
143 32 32 6
144 20 20 6
145 24 24 6
146 16 15 7
147 19 18 4
148 20 19 5
149 19 18 4
150 30 29 7
151 25 24 4
152 24 23 5
153 27 27 7
154 17 16 4
155 32 31 5
156 17 17 5
157 25 25 5
158 17 16 4
159 28 27 5
160 25 24 6
161 20 19 5
162 29 28 4
163 30 29 5
164 23 22 6
165 14 14 4
166 18 17 5
167 19 19 5
168 29 28 4
169 26 25 5
170 19 19 5
171 25 24 6
172 24 23 5
173 21 20 4
174 30 29 5
175 21 20 6
176 24 24 6
177 36 36 6
178 30 29 7
179 29 28 4
180 26 25 5
181 25 24 4
182 24 23 5
183 27 27 5
184 27 26 6
185 30 30 6
186 32 32 6
187 28 27 5
188 25 25 5
189 21 20 4
190 32 31 7
191 25 24 4
192 14 13 5
193 17 16 6
194 16 16 4
195 18 17 5
196 21 21 5
197 21 21 7
198 25 24 4
199 26 25 5
