0 136 135 83
1 153 153 84
2 102 102 84
3 152 152 83
4 135 135 83
5 101 101 83
6 85 85 85
7 272 272 84
8 186 186 83
9 85 85 85
10 118 118 83
11 119 119 84
12 136 136 84
13 118 118 83
14 169 169 83
15 119 119 84
16 136 136 84
17 118 118 83
18 119 119 84
19 102 102 84
20 118 118 83
21 101 101 83
22 153 153 84
23 136 136 84
24 84 84 84
25 153 153 84
26 102 102 84
27 136 136 84
28 238 238 84
29 186 186 83
30 101 101 83
31 153 153 84
32 170 170 84
33 118 118 83
34 169 169 83
35 153 153 84
36 306 306 84
37 204 204 84
38 186 186 83
39 187 187 84
40 186 186 83
41 357 357 84
42 238 238 84
43 220 220 83
44 135 135 83
45 221 221 84
46 204 204 84
47 170 170 84
48 118 118 83
49 169 169 83
50 203 203 83
51 203 203 83
52 119 119 84
53 220 220 83
54 169 169 83
55 135 135 83
56 101 101 83
57 237 237 83
58 169 169 83
59 271 271 83
60 203 203 83
61 135 135 83
62 221 221 84
63 238 238 84
64 170 170 84
65 186 186 83
66 119 119 84
67 186 186 83
68 169 169 83
69 135 135 83
70 169 169 83
71 221 221 84
72 220 220 83
73 153 153 84
74 220 220 83
75 169 169 83
76 169 169 83
77 153 153 84
78 186 186 83
79 153 153 84
80 170 170 84
81 136 136 84
82 186 186 83
83 169 169 83
84 135 135 83
85 119 119 84
86 152 152 83
87 153 153 84
88 118 118 83
89 153 153 84
90 118 118 83
91 153 153 84
92 152 152 83
93 119 119 84
94 238 238 84
95 102 102 84
96 170 170 84
97 204 204 84
98 170 170 84
99 186 186 83
100 187 187 84
101 118 118 83
102 153 153 84
103 84 84 84
104 153 153 84
105 152 152 83
106 135 135 83
107 203 203 83
108 101 101 83
109 169 169 83
110 135 135 83
111 153 153 84
112 118 118 83
113 153 153 84
114 118 118 83
115 135 135 83
116 153 153 84
117 152 152 83
118 101 101 83
119 119 119 84
120 102 102 84
121 170 170 84
122 136 136 84
123 170 170 84
124 170 170 84
125 220 220 83
126 85 85 85
127 136 136 84
128 118 118 83
129 169 169 83
130 119 119 84
131 220 220 83
132 169 169 83
133 187 187 84
134 102 102 84
135 102 102 84
136 118 118 83
137 169 169 83
138 85 85 85
139 170 170 84
140 136 136 84
141 118 118 83
142 135 135 83
143 221 221 84
144 102 102 84
145 254 254 83
146 101 101 83
147 119 119 84
148 118 118 83
149 187 187 84
150 118 118 83
151 135 135 83
152 187 187 84
153 152 152 83
154 119 119 84
155 136 136 84
156 136 136 84
157 118 118 83
158 187 187 84
159 118 118 83
160 135 135 83
161 101 101 83
162 119 119 84
163 118 118 83
164 135 135 83
165 153 153 84
166 186 186 83
167 153 153 84
168 118 118 83
169 153 153 84
170 136 136 84
171 152 152 83
172 85 85 85
173 118 118 83
174 135 135 83
175 119 119 84
176 254 254 83
177 119 119 84
178 170 170 84
179 102 102 84
180 186 186 83
181 101 101 83
182 203 203 83
183 135 135 83
184 153 153 84
185 102 102 84
186 118 118 83
187 119 119 84
188 136 136 84
189 102 102 84
190 136 136 84
191 118 118 83
192 119 119 84
193 102 102 84
194 102 102 84
195 136 136 84
196 170 170 84
197 136 136 84
198 118 118 83
199 101 101 83
200 169 169 83
201 101 101 83
202 203 203 83
203 153 153 84
204 136 136 84
205 118 118 83
206 101 101 83
207 119 119 84
208 152 152 83
209 101 101 83
210 187 187 84
211 84 84 84
212 169 169 83
213 187 187 84
214 152 152 83
215 135 135 83
216 203 203 83
217 135 135 83
218 135 135 83
219 135 135 83
220 221 221 84
221 118 118 83
222 153 153 84
223 204 204 84
224 170 170 84
225 136 136 84
226 102 102 84
227 254 254 83
228 135 135 83
229 119 119 84
230 152 152 83
231 153 153 84
232 152 152 83
233 119 119 84
234 136 136 84
235 152 152 83
236 135 135 83
237 135 135 83
238 119 119 84
239 102 102 84
240 136 136 84
241 170 170 84
242 170 170 84
243 102 102 84
244 152 152 83
245 85 85 85
246 102 102 84
247 102 102 84
248 118 118 83
249 85 85 85
250 152 152 83
251 85 85 85
252 84 84 84
253 169 169 83
254 101 101 83
255 101 101 83
256 169 169 83
257 135 135 83
258 119 119 84
259 118 118 83
260 101 101 83
261 153 153 84
262 102 102 84
263 136 136 84
264 118 118 83
265 101 101 83
266 85 85 85
267 102 102 84
268 102 102 84
269 118 118 83
270 85 85 85
271 102 102 84
272 102 102 84
273 102 102 84
274 136 136 84
275 102 102 84
276 118 118 83
277 153 153 84
278 102 102 84
279 118 118 83
280 119 119 84
281 136 136 84
282 84 84 84
283 101 101 83
284 101 101 83
285 119 119 84
286 84 84 84
287 101 101 83
288 85 85 85
289 102 102 84
290 152 152 83
291 119 119 84
292 136 136 84
293 118 118 83
294 119 119 84
295 118 118 83
296 119 119 84
297 118 118 83
298 119 119 84
299 152 152 83
300 187 187 84
301 118 118 83
302 85 85 85
303 118 118 83
304 169 169 83
305 135 135 83
306 153 153 84
307 118 118 83
308 119 119 84
309 118 118 83
310 135 135 83
311 135 135 83
312 85 85 85
313 186 186 83
314 135 135 83
315 135 135 83
316 85 85 85
317 136 136 84
318 102 102 84
319 118 118 83
320 187 187 84
321 118 118 83
322 85 85 85
323 186 186 83
324 135 135 83
325 101 101 83
326 169 169 83
327 85 85 85
328 118 118 83
329 153 153 84
330 118 118 83
331 221 221 84
332 136 136 84
333 102 102 84
334 136 136 84
335 84 84 84
336 119 119 84
337 136 136 84
338 152 152 83
339 187 187 84
340 170 170 84
341 102 102 84
342 136 136 84
343 84 84 84
344 101 101 83
345 101 101 83
346 153 153 84
347 186 186 83
348 187 187 84
349 102 102 84
350 136 136 84
351 102 102 84
352 118 118 83
353 119 119 84
354 272 272 84
355 170 170 84
356 170 170 84
357 84 84 84
358 135 135 83
359 119 119 84
360 288 288 83
361 203 203 83
362 237 237 83
363 187 187 84
364 136 136 84
365 118 118 83
366 153 153 84
367 118 118 83
368 187 187 84
369 238 238 84
370 254 254 83
371 119 119 84
372 152 152 83
373 221 221 84
374 152 152 83
375 135 135 83
376 169 169 83
377 169 169 83
378 221 221 84
379 170 170 84
380 152 152 83
381 135 135 83
382 169 169 83
383 203 203 83
384 153 153 84
385 152 152 83
386 153 153 84
387 152 152 83
388 169 169 83
389 169 169 83
390 119 119 84
391 170 170 84
392 238 238 84
393 170 170 84
394 170 170 84
395 186 186 83
396 169 169 83
397 153 153 84
398 170 170 84
399 152 152 83
400 187 187 84
401 186 186 83
402 119 119 84
403 272 272 84
404 204 204 84
405 170 170 84
406 186 186 83
407 135 135 83
408 187 187 84
409 118 118 83
410 169 169 83
411 187 187 84
412 136 136 84
413 136 136 84
414 152 152 83
415 153 153 84
416 186 186 83
417 119 119 84
418 136 136 84
419 170 170 84
420 238 238 84
421 118 118 83
422 203 203 83
423 169 169 83
424 153 153 84
425 118 118 83
426 119 119 84
427 204 204 84
428 170 170 84
429 254 254 83
430 153 153 84
431 186 186 83
432 135 135 83
433 135 135 83
434 187 187 84
435 186 186 83
436 135 135 83
437 203 203 83
438 153 153 84
439 186 186 83
440 169 169 83
441 187 187 84
442 170 170 84
443 152 152 83
444 101 101 83
445 169 169 83
446 135 135 83
447 203 203 83
448 153 153 84
449 152 152 83
450 101 101 83
451 119 119 84
452 118 118 83
453 153 153 84
454 136 136 84
455 170 170 84
456 118 118 83
457 153 153 84
458 152 152 83
459 119 119 84
460 186 186 83
461 187 187 84
462 118 118 83
463 119 119 84
464 152 152 83
465 119 119 84
466 170 170 84
467 186 186 83
468 119 119 84
469 136 136 84
470 152 152 83
471 101 101 83
472 85 85 85
473 136 136 84
474 152 152 83
475 187 187 84
476 102 102 84
477 118 118 83
478 169 169 83
479 119 119 84
480 118 118 83
481 101 101 83
482 119 119 84
483 136 136 84
484 136 136 84
485 118 118 83
486 119 119 84
487 118 118 83
488 101 101 83
489 135 135 83
490 101 101 83
491 135 135 83
492 135 135 83
493 101 101 83
494 153 153 84
495 204 204 84
496 102 102 84
497 152 152 83
498 119 119 84
499 136 136 84
