0 14 13 5
1 15 14 4
2 10 9 5
3 17 16 6
4 14 14 6
5 10 9 5
6 7 6 5
7 29 29 5
8 19 19 5
9 5 5 5
10 12 11 5
11 13 12 6
12 12 12 4
13 14 13 7
14 17 16 4
15 12 11 5
16 15 14 6
17 12 12 6
18 10 10 4
19 10 9 5
20 11 10 4
21 10 9 5
22 15 15 5
23 15 14 6
24 6 6 6
25 15 14 4
26 10 9 5
27 15 15 7
28 25 24 4
29 20 19 5
30 11 10 6
31 14 14 4
32 18 17 5
33 11 11 5
34 17 16 4
35 16 15 5
36 35 34 6
37 20 20 4
38 20 19 5
39 19 18 4
40 20 19 5
41 39 39 5
42 25 24 4
43 24 23 5
44 13 12 4
45 24 23 5
46 21 20 4
47 18 17 5
48 11 10 4
49 18 17 5
50 21 20 4
51 22 21 5
52 11 10 4
53 24 23 5
54 17 16 4
55 14 13 5
56 11 10 6
57 24 24 4
58 18 17 5
59 29 28 4
60 22 21 5
61 13 13 5
62 25 24 6
63 24 24 4
64 18 17 5
65 19 18 4
66 12 11 5
67 19 18 4
68 18 17 5
69 13 13 5
70 19 18 6
71 24 23 5
72 27 26 8
73 16 16 6
74 28 27 9
75 19 18 6
76 18 17 5
77 15 14 4
78 20 19 5
79 15 14 4
80 18 17 5
81 13 13 5
82 19 18 4
83 18 17 5
84 13 13 5
85 11 11 5
86 15 15 5
87 19 18 8
88 12 12 6
89 16 16 6
90 12 11 5
91 15 15 5
92 15 14 4
93 14 13 7
94 25 24 4
95 10 9 5
96 17 16 4
97 26 25 9
98 17 16 4
99 22 21 7
100 19 19 5
101 13 13 7
102 15 15 5
103 7 7 7
104 16 16 6
105 14 14 4
106 14 13 5
107 23 22 6
108 12 11 7
109 21 20 8
110 14 14 6
111 16 16 6
112 12 12 6
113 18 18 8
114 12 11 5
115 13 13 5
116 17 16 6
117 16 16 6
118 10 10 6
119 12 12 6
120 8 8 4
121 18 17 5
122 15 14 6
123 18 18 6
124 18 18 6
125 24 23 5
126 7 6 5
127 13 13 5
128 13 12 6
129 18 18 6
130 10 10 4
131 26 25 7
132 17 17 5
133 21 20 6
134 8 8 4
135 10 9 5
136 11 11 5
137 19 19 7
138 7 7 7
139 16 16 4
140 14 13 5
141 13 12 6
142 12 12 4
143 24 23 5
144 11 10 6
145 32 32 10
146 8 8 4
147 12 11 5
148 11 11 5
149 21 20 6
150 12 12 6
151 14 14 6
152 22 21 7
153 17 16 6
154 10 10 4
155 16 15 7
156 13 12 4
157 14 13 7
158 23 22 8
159 10 10 4
160 16 15 7
161 11 10 6
162 10 10 4
163 12 11 5
164 15 14 6
165 16 15 5
166 19 18 4
167 16 15 5
168 13 12 6
169 16 16 6
170 14 13 5
171 17 17 7
172 5 5 5
173 12 11 5
174 17 16 8
175 14 13 7
176 29 28 6
177 10 10 4
178 18 17 5
179 9 8 4
180 20 19 5
181 9 8 4
182 22 21 5
183 13 13 5
184 17 16 6
185 10 10 6
186 10 10 4
187 12 11 5
188 15 14 6
189 10 9 5
190 15 14 6
191 12 11 5
192 11 11 5
193 11 11 7
194 9 8 4
195 16 15 7
196 17 16 4
197 14 13 5
198 13 12 6
199 10 10 6
