0 22 21 5
1 11 10 4
2 16 15 7
3 25 24 4
4 16 15 5
5 19 18 6
6 20 19 5
7 13 13 5
8 19 18 4
9 22 21 7
10 13 13 5
11 11 10 4
12 6 5 4
13 10 9 5
14 15 14 6
15 14 13 5
16 13 12 4
17 22 21 5
18 13 12 6
19 12 12 4
20 16 15 5
21 11 11 5
22 17 16 6
23 12 12 4
24 12 11 7
25 11 11 5
26 13 12 4
27 10 9 5
28 11 10 6
29 18 17 7
30 13 12 4
31 14 13 5
32 9 9 5
33 9 9 5
34 11 11 5
35 11 11 5
36 13 12 4
37 6 5 4
38 20 19 5
39 15 15 5
40 13 12 6
41 14 14 6
42 12 12 4
43 10 9 5
44 13 12 6
45 12 12 6
46 12 12 4
47 12 11 5
48 25 24 6
49 10 10 4
50 18 17 5
51 21 21 5
52 5 5 5
53 14 13 5
54 5 5 5
55 10 9 5
56 15 14 6
57 16 16 4
58 26 25 5
59 17 17 5
60 21 20 4
61 16 15 5
62 15 14 4
63 34 33 5
64 31 30 6
65 38 37 7
66 23 22 4
67 16 15 5
68 13 13 5
69 21 20 4
70 18 17 5
71 19 18 4
72 26 25 5
73 23 22 6
74 12 11 5
75 19 19 5
76 17 16 6
77 24 24 6
78 24 24 6
79 16 15 5
80 19 19 5
81 11 11 5
82 29 28 6
83 24 23 5
84 23 22 6
85 26 25 7
86 43 42 8
87 34 34 6
88 14 14 4
89 20 19 5
90 25 24 4
91 38 37 7
92 21 21 5
93 37 36 8
94 24 24 4
95 22 21 5
96 21 21 5
97 23 23 5
98 25 24 8
99 20 20 6
100 24 24 6
101 22 21 5
102 31 30 6
103 22 22 6
104 16 16 4
105 14 13 5
106 19 18 6
107 28 28 8
108 18 18 4
109 20 19 5
110 17 16 4
111 26 25 5
112 19 18 4
113 20 19 5
114 29 28 4
115 20 19 5
116 23 23 7
117 31 30 6
118 24 23 7
119 31 30 10
120 14 13 5
121 17 16 4
122 18 17 5
123 35 34 6
124 22 21 5
125 27 27 5
126 23 23 5
127 35 35 7
128 29 28 6
129 18 18 6
130 14 14 4
131 22 21 5
132 19 19 7
133 17 17 5
134 25 25 5
135 29 29 5
136 19 18 6
137 14 14 4
138 24 23 5
139 21 21 5
140 17 16 4
141 28 27 7
142 23 23 7
143 31 30 4
144 22 21 7
145 25 24 6
146 18 18 10
147 18 18 4
148 20 19 5
149 21 20 6
150 28 28 6
151 26 25 5
152 27 27 9
153 25 24 4
154 18 17 5
155 33 32 6
156 18 18 6
157 26 26 6
158 20 19 7
159 29 28 6
160 26 25 7
161 19 18 4
162 32 31 7
163 31 30 6
164 22 21 5
165 15 14 4
166 20 19 7
167 21 20 6
168 30 30 6
169 24 24 4
170 22 21 7
171 23 23 5
172 23 23 5
173 21 21 5
174 31 30 6
175 20 20 6
176 26 25 7
177 35 35 5
178 33 33 11
179 31 30 6
180 26 25 5
181 25 25 5
182 23 23 5
183 29 28 6
184 24 24 4
185 30 29 5
186 31 31 5
187 27 27 5
188 25 25 5
189 21 20 4
190 30 29 5
191 27 26 6
192 14 14 6
193 16 16 6
194 18 17 5
195 17 16 4
196 24 23 7
197 19 18 4
198 26 25 5
199 25 25 5
200 13 13 5
201 21 20 4
202 24 23 5
203 25 24 6
204 18 17 5
205 23 22 6
206 26 26 6
207 18 18 6
208 36 36 6
209 24 23 5
210 21 20 6
211 20 20 6
212 28 28 6
213 40 39 5
214 21 21 7
215 21 20 4
216 20 19 5
217 31 30 6
218 22 22 6
219 16 15 5
220 21 20 4
221 18 17 5
222 21 20 6
223 26 25 5
224 25 24 6
225 20 20 4
226 30 29 5
227 31 31 5
228 21 20 6
229 28 27 7
230 25 24 4
231 28 27 5
232 15 14 4
233 20 19 5
234 19 19 5
235 35 34 8
236 24 24 4
237 26 25 5
238 15 15 5
239 25 24 6
240 24 23 5
241 25 24 6
242 18 17 5
243 35 34 6
244 12 12 4
245 10 9 5
246 15 14 4
247 16 15 5
248 25 24 6
249 18 18 6
250 12 11 5
251 9 9 5
252 11 10 4
253 14 13 5
254 15 14 6
255 10 10 6
256 10 10 6
257 16 16 6
258 12 12 4
259 18 17 5
260 17 17 5
261 11 11 5
262 17 16 6
263 8 8 4
264 20 19 5
265 9 8 4
266 22 21 7
267 21 20 4
268 20 19 5
269 29 29 7
270 19 18 6
271 20 20 6
272 18 18 6
273 14 14 4
274 14 13 7
275 17 16 4
276 20 19 5
277 21 21 5
278 15 15 5
279 19 19 5
280 21 20 4
281 18 17 7
282 13 13 5
283 43 42 8
284 22 22 6
285 18 17 5
286 23 22 4
287 16 15 5
288 13 12 4
289 16 15 5
290 21 20 6
291 20 20 4
292 30 29 7
293 9 8 4
294 20 19 5
295 15 15 5
296 21 21 5
297 37 36 4
298 32 31 5
299 21 20 4
300 32 31 5
301 51 51 7
302 25 25 7
303 29 28 6
304 34 34 8
305 36 36 8
306 44 43 7
307 41 41 7
308 41 41 5
309 35 34 6
310 36 36 8
311 36 36 6
312 16 16 4
313 42 41 9
314 31 31 9
315 21 21 5
316 35 35 9
317 23 22 8
318 24 24 6
319 24 23 7
320 45 44 6
321 40 39 9
322 41 41 5
323 53 53 11
324 41 40 8
325 16 16 4
326 30 29 5
327 27 27 5
328 35 35 7
329 33 32 8
330 24 23 5
331 21 21 5
332 29 28 8
333 22 22 6
334 10 10 4
335 12 11 5
336 15 14 4
337 24 23 5
338 17 16 6
339 16 16 4
340 32 31 5
341 23 22 6
342 10 9 5
343 15 14 4
344 20 19 5
345 27 26 6
346 18 17 5
347 19 18 4
348 26 25 7
349 17 17 5
350 25 24 6
351 16 16 6
352 14 14 4
353 10 9 5
354 15 14 4
355 18 17 5
356 23 23 5
357 13 13 5
358 11 10 4
359 22 21 5
360 23 22 6
361 12 12 4
362 12 11 5
363 23 22 6
364 16 16 4
365 18 17 5
366 17 17 7
367 25 24 4
368 16 15 5
369 27 26 6
370 12 12 4
371 22 21 5
372 15 14 4
373 22 21 7
374 19 19 5
375 17 17 5
376 19 18 6
377 10 10 4
378 18 17 5
379 19 18 6
380 26 26 4
381 16 15 5
382 13 13 7
383 15 15 5
384 21 20 6
385 14 14 6
386 24 24 4
387 14 13 5
388 17 16 4
389 18 17 5
390 17 17 5
391 13 13 5
392 11 10 4
393 16 15 5
394 15 14 4
395 24 23 7
396 19 18 4
397 22 21 5
398 15 15 5
399 9 8 4
400 10 9 5
401 17 16 4
402 12 11 5
403 17 16 6
404 12 11 5
405 13 12 6
406 6 6 6
407 9 8 4
408 12 11 5
409 25 25 7
410 11 10 6
411 8 8 4
412 10 9 5
413 11 11 5
414 15 15 5
415 19 18 4
416 18 17 5
417 15 15 5
418 13 12 6
419 12 12 4
420 10 9 5
421 13 13 5
422 11 10 4
423 14 13 5
424 11 11 5
425 21 20 6
426 10 10 4
427 12 11 5
428 15 14 6
429 14 14 4
430 16 15 5
431 11 11 5
432 21 20 4
433 30 29 5
434 23 23 5
435 27 27 7
436 15 15 5
437 11 10 6
438 12 12 4
439 16 15 5
440 15 15 5
441 15 14 6
442 22 22 6
443 20 20 4
444 18 17 5
445 11 11 5
446 9 8 4
447 18 17 5
448 11 10 4
449 10 9 5
450 17 16 4
451 14 13 7
452 17 16 4
453 10 9 5
454 15 14 4
455 18 17 5
456 19 18 6
457 12 12 4
458 16 15 5
459 17 17 5
460 15 14 6
461 8 8 4
462 10 9 5
463 19 18 6
464 8 8 4
465 14 13 5
466 13 12 6
467 14 14 6
468 8 8 4
469 8 7 6
470 10 10 6
471 12 12 4
472 10 9 5
473 15 14 4
474 20 19 5
475 27 27 5
476 13 13 5
477 11 10 4
478 6 5 4
479 14 13 5
480 17 17 5
481 9 8 4
482 10 9 5
483 11 10 6
484 6 6 6
485 9 9 5
486 13 12 6
487 16 16 6
488 14 14 4
489 16 15 5
490 11 10 6
491 12 12 6
492 12 12 4
493 16 15 7
494 9 8 4
495 20 19 5
496 9 8 4
497 10 9 5
498 15 15 5
499 9 9 5
500 11 10 4
501 14 13 5
502 17 16 6
503 8 8 4
504 14 13 5
505 19 18 6
506 10 10 6
507 14 14 4
508 10 9 5
509 15 14 4
510 14 13 5
511 17 16 6
512 14 14 6
513 16 16 4
514 12 11 5
515 13 12 4
516 14 13 5
517 15 15 5
518 21 20 6
519 14 14 4
520 10 9 5
521 9 8 4
522 16 15 5
523 11 11 5
524 11 11 5
525 13 12 6
526 12 12 6
527 12 12 4
528 12 11 5
529 7 6 5
530 11 10 4
531 10 9 5
532 13 13 5
533 17 17 5
534 9 8 4
535 10 9 5
536 9 8 4
537 16 15 7
538 21 20 6
539 32 32 6
540 22 22 6
541 14 14 4
542 18 17 5
543 9 9 5
544 9 8 4
545 14 13 7
546 7 6 5
547 17 16 4
548 20 19 7
549 25 24 6
550 22 22 6
551 22 22 6
552 18 18 4
553 14 13 5
554 11 11 5
555 11 11 5
556 13 12 6
557 6 6 6
558 15 15 5
559 15 14 4
560 20 19 5
561 23 23 5
562 13 13 5
563 23 22 6
564 20 19 5
565 15 14 4
566 22 21 7
567 11 10 6
568 6 6 6
569 23 22 6
570 14 14 6
571 14 13 5
572 27 26 4
573 14 13 5
574 13 12 4
575 14 13 5
576 21 20 6
577 24 24 8
578 16 16 4
579 10 9 5
580 25 24 4
581 24 23 5
582 15 15 5
583 25 25 7
584 19 18 6
585 20 20 6
586 18 18 4
587 26 25 7
588 31 30 6
589 28 27 9
590 33 32 4
591 36 35 5
592 21 21 5
593 25 25 7
594 33 32 6
595 16 16 4
596 22 21 5
597 47 46 6
598 38 37 7
599 23 22 6
600 20 20 4
601 22 21 5
602 27 26 6
603 28 27 5
604 37 37 7
605 41 40 10
606 36 36 6
607 46 46 14
608 22 22 6
609 26 26 6
610 36 36 8
611 22 21 5
612 39 38 10
613 28 28 6
614 32 32 6
615 30 29 7
616 27 27 5
617 15 14 4
618 38 37 11
619 35 34 10
620 34 34 12
621 28 27 9
622 41 40 10
623 34 33 9
624 27 26 6
625 36 35 13
626 25 24 8
627 34 33 11
628 25 25 9
629 39 38 6
630 52 52 12
631 32 31 9
632 23 23 7
633 19 18 4
634 30 29 11
635 37 37 9
636 25 25 11
637 27 27 7
638 29 29 5
639 31 31 7
640 35 34 12
641 26 25 9
642 21 20 6
643 28 27 5
644 29 29 9
645 27 27 9
646 33 33 13
647 41 41 9
648 31 31 7
649 27 26 8
650 24 24 8
651 40 40 12
652 24 24 8
653 24 24 8
654 44 44 12
655 22 21 5
656 25 24 8
657 22 22 6
658 40 40 12
659 38 38 10
660 18 18 4
661 36 35 7
662 39 38 10
663 42 42 10
664 38 37 9
665 39 39 13
666 33 33 9
667 25 25 7
668 39 38 10
669 46 46 10
670 30 29 7
671 13 13 5
672 17 16 4
673 40 39 9
674 25 25 7
675 37 37 9
676 35 34 10
677 42 42 8
678 24 24 6
679 32 31 7
680 31 31 7
681 17 17 5
682 29 28 8
683 30 29 7
684 25 24 6
685 26 26 6
686 38 37 11
687 17 16 6
688 30 30 6
689 28 28 8
690 22 21 9
691 27 26 6
692 14 14 4
693 22 21 5
694 31 31 7
695 27 26 6
696 22 21 5
697 29 28 4
698 18 17 5
699 19 18 4
700 26 25 5
701 15 15 5
702 13 13 5
703 15 15 5
704 31 30 6
705 20 19 5
706 11 10 4
707 14 13 5
708 21 20 6
709 16 16 4
710 16 15 5
711 21 20 6
712 18 18 6
713 18 18 4
714 18 17 5
715 23 22 6
716 20 20 4
717 24 23 5
718 13 12 4
719 10 9 5
720 15 15 5
721 15 14 4
722 18 17 5
723 9 8 4
724 10 9 5
725 15 15 5
726 11 10 4
727 20 19 5
728 21 20 8
729 22 22 6
730 14 14 4
731 22 21 5
732 13 12 4
733 16 15 5
734 11 11 5
735 17 17 5
736 17 17 7
737 15 14 4
738 20 19 5
739 17 17 5
740 23 23 5
741 21 20 6
742 12 12 4
743 22 21 5
744 19 19 5
745 21 20 6
746 12 12 4
747 12 11 5
748 19 19 5
749 13 13 5
750 25 25 5
751 15 14 4
752 14 13 5
753 27 26 6
754 16 15 5
755 15 15 5
756 29 28 8
757 14 14 6
758 10 10 4
759 16 15 5
760 19 18 4
761 18 17 5
762 11 11 5
763 21 20 6
764 12 12 6
765 12 12 4
766 10 9 5
767 9 8 4
768 14 13 5
769 13 13 5
770 11 10 4
771 16 15 5
772 23 23 5
773 17 17 5
774 25 24 6
775 18 18 4
776 20 19 5
777 19 18 6
778 16 15 7
779 9 8 4
780 12 11 5
781 15 14 6
782 12 11 5
783 11 10 4
784 14 13 5
785 29 29 7
786 17 16 6
787 10 10 4
788 16 15 5
789 27 26 4
790 10 9 5
791 13 12 4
792 16 15 5
793 15 15 7
794 15 14 4
795 32 31 5
796 15 14 6
797 26 25 5
798 33 32 8
799 34 34 6
800 28 27 5
801 13 13 5
802 9 8 4
803 12 11 5
804 11 10 4
805 20 19 7
806 19 18 6
807 22 22 4
808 16 15 5
809 23 23 5
810 23 23 5
811 11 11 5
812 11 10 4
813 14 13 5
814 13 13 5
815 21 20 6
816 16 16 6
817 24 24 4
818 12 11 5
819 17 17 5
820 19 19 7
821 11 10 4
822 18 17 5
823 29 29 7
824 17 16 6
825 10 10 4
826 26 25 5
827 21 20 6
828 18 17 5
829 13 12 6
830 22 22 6
831 6 6 6
832 13 12 6
833 16 16 4
834 14 13 5
835 11 11 5
836 15 14 6
837 8 8 4
838 14 13 5
839 17 16 4
840 14 13 5
841 15 14 6
842 12 12 4
843 20 19 7
844 23 22 6
845 18 18 6
846 20 20 4
847 16 15 5
848 17 16 4
849 20 19 5
850 23 22 6
851 22 22 4
852 8 7 6
853 24 24 6
854 10 9 5
855 9 8 4
856 18 17 5
857 21 20 6
858 20 19 5
859 9 8 4
860 16 15 5
861 13 12 6
862 16 16 6
863 12 12 6
864 10 10 4
865 14 13 5
866 9 9 5
867 9 9 5
868 27 26 6
869 10 10 4
870 20 19 5
871 21 20 6
872 14 13 5
873 9 8 4
874 18 17 5
875 11 10 4
876 10 9 5
877 13 12 4
878 18 17 7
879 19 18 4
880 10 9 5
881 15 14 4
882 12 11 5
883 15 15 5
884 15 14 6
885 14 14 4
886 16 15 5
887 15 14 4
888 12 11 5
889 5 5 5
890 18 17 5
891 9 9 5
892 13 12 4
893 16 15 7
894 11 10 4
895 14 13 5
896 15 14 6
897 16 16 4
898 18 17 5
899 15 14 4
900 14 13 5
901 19 18 4
902 24 23 5
903 13 13 5
904 11 11 5
905 11 11 5
906 13 12 6
907 8 8 4
908 10 9 5
909 17 16 6
910 10 10 4
911 16 15 5
912 11 11 5
913 11 10 6
914 6 6 6
915 13 12 4
916 12 11 5
917 11 11 5
918 11 11 5
919 13 13 5
920 19 19 5
921 17 16 4
922 10 9 5
923 11 10 4
924 10 9 5
925 13 12 6
926 6 6 6
927 9 9 5
928 9 8 4
929 18 17 5
930 15 15 5
931 25 24 6
932 10 10 4
933 18 17 5
934 13 12 4
935 18 17 5
936 19 19 5
937 13 13 5
938 9 8 4
939 14 13 5
940 19 19 5
941 9 9 5
942 11 10 4
943 12 11 5
944 13 13 5
945 13 12 6
946 26 26 4
947 24 23 7
948 19 18 4
949 22 21 7
950 15 14 4
951 18 17 5
952 7 6 5
953 11 10 4
954 12 11 5
955 9 8 4
956 18 17 5
957 13 13 5
958 11 11 5
959 11 10 4
960 14 13 5
961 19 18 6
962 12 12 4
963 16 15 5
964 13 12 4
965 16 15 5
966 21 20 6
967 14 14 6
968 14 14 4
969 16 15 5
970 13 12 4
971 14 13 5
972 17 17 5
973 11 10 4
974 14 13 5
975 11 11 5
976 11 10 6
977 12 12 4
978 26 25 5
979 23 22 4
980 10 9 5
981 27 27 7
982 19 18 4
983 12 11 5
984 27 26 6
985 18 18 4
986 20 19 5
987 17 17 5
988 13 13 5
989 21 20 6
990 28 27 7
991 33 32 4
992 28 27 7
993 19 18 6
994 24 23 5
995 35 35 7
996 33 33 7
997 25 25 5
998 49 49 9
999 23 23 5
1000 27 27 7
1001 41 40 8
1002 30 29 9
1003 29 29 7
1004 25 24 4
1005 22 21 5
1006 25 25 5
1007 27 26 6
1008 38 38 6
1009 26 25 5
1010 23 22 4
1011 28 27 7
1012 27 26 4
1013 30 29 5
1014 23 23 7
1015 37 37 9
1016 27 26 6
1017 26 25 5
1018 31 30 6
1019 38 37 7
1020 23 22 6
1021 36 36 8
1022 20 19 5
1023 31 31 9
1024 25 24 6
1025 38 38 14
1026 22 22 4
1027 24 23 7
1028 25 24 4
1029 26 25 5
1030 13 12 4
1031 14 13 5
1032 13 13 5
1033 17 16 4
1034 24 23 7
1035 21 20 4
1036 26 25 5
1037 23 23 5
1038 23 23 5
1039 31 30 6
1040 26 25 11
1041 39 38 16
1042 32 31 5
1043 27 27 7
1044 33 32 6
1045 22 22 6
1046 20 19 5
1047 11 10 4
1048 28 27 5
1049 19 19 7
1050 15 14 6
1051 20 20 6
1052 20 20 4
1053 14 13 5
1054 33 32 6
1055 36 35 5
1056 23 22 4
1057 18 17 5
1058 21 21 7
1059 25 24 6
1060 24 23 5
1061 25 24 6
1062 34 33 7
1063 23 22 6
1064 20 20 4
1065 16 15 5
1066 27 27 5
1067 31 31 7
1068 23 22 6
1069 28 27 5
1070 27 27 7
1071 29 29 11
1072 15 14 4
1073 12 11 5
1074 25 24 6
1075 16 16 4
1076 24 23 5
1077 25 24 6
1078 6 5 4
1079 24 23 7
1080 21 20 4
1081 24 23 5
1082 21 21 5
1083 19 18 6
1084 26 25 7
1085 29 28 8
1086 22 22 8
1087 16 16 4
1088 20 19 5
1089 25 24 8
1090 20 19 5
1091 13 12 4
1092 24 23 5
1093 15 15 5
1094 13 13 5
1095 19 19 7
1096 21 21 5
1097 17 17 5
1098 25 24 6
1099 18 18 4
1100 24 23 7
1101 15 14 4
1102 10 9 5
1103 15 14 4
1104 18 17 5
1105 19 19 7
1106 11 10 4
1107 12 11 5
1108 27 26 6
1109 20 19 7
1110 23 22 6
1111 22 21 7
1112 19 18 6
1113 12 12 4
1114 26 25 5
1115 23 23 5
1116 21 21 5
1117 23 22 6
1118 22 22 6
1119 14 13 5
1120 19 18 4
1121 12 11 5
1122 15 15 5
1123 13 12 6
1124 14 14 4
1125 18 17 5
1126 15 14 6
1127 14 14 4
1128 20 19 5
1129 15 14 6
1130 8 8 4
1131 22 21 5
1132 15 14 4
1133 30 29 7
1134 13 13 5
1135 13 12 4
1136 18 17 5
1137 17 17 5
1138 13 13 5
1139 23 22 4
1140 18 17 5
1141 11 11 5
1142 11 10 6
1143 22 22 6
1144 14 13 5
1145 15 14 6
1146 20 20 4
1147 30 29 7
1148 23 22 6
1149 14 14 6
1150 28 28 6
1151 16 15 5
1152 11 11 5
1153 13 12 4
1154 18 17 5
1155 15 14 4
1156 18 17 5
1157 17 16 6
1158 16 16 6
1159 16 16 6
1160 22 22 4
1161 12 11 5
1162 13 12 6
1163 26 26 8
1164 12 12 4
1165 20 19 5
1166 19 18 6
1167 16 15 5
1168 15 15 5
1169 15 14 4
1170 16 15 5
1171 17 16 6
1172 16 16 4
1173 20 19 5
1174 15 15 5
1175 11 11 5
1176 11 10 4
1177 12 11 5
1178 15 14 6
1179 14 14 6
1180 14 14 4
1181 14 13 5
1182 7 6 5
1183 5 5 5
1184 16 15 5
1185 15 15 5
1186 11 10 4
1187 14 13 5
1188 11 11 7
1189 17 16 4
1190 12 11 5
1191 5 5 5
1192 16 15 5
1193 11 11 5
1194 7 6 5
1195 13 13 5
1196 11 10 4
1197 14 13 5
1198 15 14 4
1199 12 11 5
1200 25 25 5
1201 13 13 5
1202 19 18 4
1203 10 9 5
1204 9 8 4
1205 16 15 7
1206 17 16 6
1207 10 10 4
1208 18 17 5
1209 7 6 5
1210 11 10 4
1211 12 11 5
1212 21 21 5
1213 13 13 5
1214 13 13 5
1215 11 11 5
1216 19 18 6
1217 10 10 4
1218 14 13 5
1219 9 8 4
1220 10 9 5
1221 11 11 5
1222 11 11 5
1223 15 14 6
1224 8 8 4
1225 12 11 5
1226 9 8 4
1227 18 17 5
1228 11 11 5
1229 19 18 4
1230 10 9 5
1231 13 13 5
1232 11 10 6
1233 8 8 4
1234 12 11 5
1235 7 7 7
1236 16 16 4
1237 18 17 5
1238 7 6 5
1239 9 9 5
1240 11 10 4
1241 10 9 5
1242 13 12 6
1243 10 10 4
1244 20 19 5
1245 9 9 5
1246 11 11 5
1247 13 12 4
1248 10 9 5
1249 9 9 5
1250 11 10 6
1251 8 8 4
1252 10 9 5
1253 15 15 5
1254 17 17 5
1255 15 14 6
1256 14 14 4
1257 14 13 5
1258 11 10 6
1259 14 14 6
1260 18 17 5
1261 13 13 7
1262 7 6 5
1263 9 9 5
1264 7 6 5
1265 15 14 4
1266 8 7 6
1267 12 12 4
1268 12 11 5
1269 23 22 6
1270 16 16 6
1271 12 12 4
1272 14 13 5
1273 11 10 6
1274 10 10 4
1275 10 9 5
1276 13 13 5
1277 19 18 6
1278 18 17 5
1279 11 10 4
1280 18 17 5
1281 15 14 6
1282 18 18 6
1283 6 6 6
1284 19 18 4
1285 14 13 5
1286 9 9 5
1287 11 10 4
1288 14 13 5
1289 13 12 6
1290 14 14 4
1291 12 11 5
1292 15 14 6
1293 16 16 4
1294 16 15 5
1295 11 10 4
1296 18 17 5
1297 11 11 5
1298 9 8 4
1299 12 11 5
1300 13 12 6
1301 10 10 6
1302 22 22 6
1303 8 8 4
1304 14 13 5
1305 21 20 6
1306 12 12 4
1307 10 9 5
1308 5 5 5
1309 18 17 5
1310 13 13 5
1311 13 13 5
1312 11 10 6
1313 12 12 6
1314 20 20 6
1315 20 20 6
1316 6 6 6
1317 15 14 6
1318 8 8 4
1319 12 11 5
1320 11 10 6
1321 10 10 4
1322 12 11 5
1323 33 32 6
1324 14 14 4
1325 10 9 5
1326 9 9 5
1327 15 14 4
1328 14 13 5
1329 17 16 6
1330 14 14 4
1331 16 15 5
1332 11 11 5
1333 13 12 4
1334 18 17 5
1335 19 19 5
1336 25 24 6
1337 10 10 4
1338 18 17 5
1339 11 10 4
1340 12 11 5
1341 21 20 6
1342 12 12 4
1343 10 9 5
1344 23 23 5
1345 5 5 5
1346 18 17 5
1347 17 16 6
1348 16 16 4
1349 12 11 5
1350 23 23 5
1351 17 16 6
1352 10 10 4
1353 20 19 5
1354 11 11 5
1355 19 18 4
1356 14 13 5
1357 9 8 4
1358 22 21 5
1359 39 39 7
1360 19 18 6
1361 20 19 5
1362 21 20 4
1363 24 23 5
1364 21 20 6
1365 24 23 7
1366 19 18 4
1367 18 17 5
1368 15 15 5
1369 25 24 6
1370 22 21 7
1371 19 18 4
1372 18 17 5
1373 11 10 4
1374 26 25 5
1375 21 20 4
1376 20 19 5
1377 29 28 6
1378 20 19 5
1379 13 13 5
1380 15 14 4
1381 14 13 5
1382 29 28 6
1383 10 10 4
1384 20 19 5
1385 13 12 4
1386 16 15 5
1387 19 19 5
1388 27 26 6
1389 16 16 4
1390 14 13 5
1391 23 22 6
1392 22 22 6
1393 30 30 6
1394 14 14 4
1395 12 11 5
1396 15 15 5
1397 17 16 4
1398 16 15 5
1399 17 16 4
1400 22 21 5
1401 19 19 5
1402 25 25 5
1403 13 13 5
1404 15 15 7
1405 15 14 4
1406 6 5 4
1407 20 19 5
1408 19 18 4
1409 18 17 5
1410 15 14 6
1411 14 14 4
1412 14 13 5
1413 13 12 4
1414 18 17 5
1415 21 20 6
1416 18 18 6
1417 16 16 8
1418 18 18 6
1419 14 14 4
1420 20 19 5
1421 27 27 5
1422 23 22 6
1423 18 17 5
1424 15 15 5
1425 21 20 6
1426 18 17 5
1427 11 10 6
1428 12 12 6
1429 14 13 5
1430 11 10 4
1431 12 11 5
1432 13 13 5
1433 13 13 5
1434 9 9 5
1435 9 9 5
1436 9 8 4
1437 14 13 5
1438 9 9 5
1439 17 17 5
1440 11 10 6
1441 12 12 6
1442 10 10 6
1443 12 12 6
1444 10 10 6
1445 10 10 4
1446 14 13 5
1447 11 11 5
1448 13 12 6
1449 26 26 6
1450 12 12 4
1451 14 13 5
1452 17 17 5
1453 15 15 5
1454 13 12 4
1455 10 9 5
1456 13 12 6
1457 10 10 6
1458 12 12 4
1459 12 11 5
1460 11 10 4
1461 10 9 5
1462 9 9 5
1463 9 9 5
1464 13 12 4
1465 18 17 5
1466 11 10 4
1467 12 11 5
1468 13 13 5
1469 11 10 6
1470 10 9 5
1471 35 34 8
1472 12 12 4
1473 16 15 5
1474 11 10 4
1475 10 9 5
1476 19 18 6
1477 12 12 4
1478 22 21 5
1479 11 11 5
1480 17 16 6
1481 18 18 4
1482 18 17 5
1483 13 12 6
1484 14 14 8
1485 12 12 4
1486 28 27 7
1487 13 12 4
1488 16 15 5
1489 17 17 5
1490 11 10 4
1491 24 23 5
1492 23 23 7
1493 11 10 4
1494 30 29 5
1495 13 12 4
1496 24 23 5
1497 9 9 5
1498 35 34 6
1499 28 27 7
1500 41 40 4
1501 28 27 7
1502 19 18 6
1503 14 14 4
1504 42 41 7
1505 15 15 5
1506 29 28 4
1507 20 19 7
1508 29 28 6
1509 16 15 5
1510 19 18 6
1511 24 23 7
1512 29 28 10
1513 28 28 6
1514 8 8 4
1515 18 17 5
1516 29 28 4
1517 34 33 7
1518 17 16 4
1519 22 21 5
1520 19 18 4
1521 20 19 5
1522 27 27 7
1523 23 23 7
1524 23 22 4
1525 20 19 5
1526 23 22 8
1527 20 20 4
1528 16 15 5
1529 17 17 5
1530 25 24 6
1531 16 16 4
1532 18 17 5
1533 27 27 5
1534 31 31 7
1535 23 23 9
1536 17 17 5
1537 23 23 5
1538 27 27 5
1539 23 22 4
1540 24 23 5
1541 19 19 5
1542 39 39 5
1543 41 41 9
1544 29 28 6
1545 28 28 4
1546 20 19 5
1547 15 15 5
1548 17 16 4
1549 26 25 7
1550 27 26 4
1551 18 17 5
1552 17 17 7
1553 21 21 5
1554 25 24 8
1555 20 19 5
1556 13 12 4
1557 14 13 5
1558 27 26 6
1559 22 22 6
1560 16 16 6
1561 26 26 6
1562 18 18 4
1563 16 15 5
1564 17 16 4
1565 30 29 5
1566 27 27 7
1567 23 22 6
1568 20 20 6
1569 18 18 4
1570 20 19 5
1571 25 25 9
1572 21 20 6
1573 6 5 4
1574 32 31 5
1575 19 18 4
1576 24 23 7
1577 13 12 4
1578 18 17 5
1579 17 16 4
1580 20 19 5
1581 21 20 4
1582 24 23 5
1583 23 23 5
1584 19 19 5
1585 19 18 6
1586 24 23 5
1587 33 32 8
1588 16 16 4
1589 10 9 5
1590 19 18 4
1591 26 25 5
1592 11 10 6
1593 18 18 4
1594 24 23 7
1595 15 15 5
1596 19 18 4
1597 36 35 9
1598 17 17 5
1599 13 12 4
1600 14 13 5
1601 7 6 5
1602 25 25 5
1603 15 14 4
1604 18 17 5
1605 15 14 4
1606 16 15 5
1607 17 17 5
1608 19 18 6
1609 18 18 4
1610 14 13 5
1611 13 13 5
1612 19 18 6
1613 16 15 5
1614 13 13 5
1615 13 12 4
1616 24 23 5
1617 19 18 4
1618 16 15 5
1619 13 13 5
1620 23 22 4
1621 16 15 5
1622 17 16 6
1623 10 10 4
1624 20 19 5
1625 13 12 6
1626 16 16 6
1627 10 10 4
1628 12 11 5
1629 21 20 4
1630 12 11 5
1631 21 21 5
1632 17 16 6
1633 14 14 6
1634 26 26 6
1635 16 16 6
1636 16 16 4
1637 12 11 5
1638 13 13 5
1639 15 14 6
1640 20 20 6
1641 14 14 4
1642 16 15 5
1643 29 28 6
1644 24 23 5
1645 31 30 6
1646 24 24 6
1647 14 14 4
1648 20 19 5
1649 29 29 5
1650 27 27 5
1651 25 24 6
1652 22 21 5
1653 35 34 6
1654 28 28 6
1655 20 20 4
1656 26 25 7
1657 19 18 4
1658 38 37 9
1659 33 32 4
1660 28 27 5
1661 29 29 7
1662 25 24 6
1663 22 21 5
1664 17 17 5
1665 25 25 5
1666 29 29 5
1667 23 23 5
1668 19 19 7
1669 27 26 4
1670 20 19 5
1671 13 13 5
1672 21 20 6
1673 18 18 6
1674 12 12 4
1675 14 13 5
1676 25 25 5
1677 19 19 5
1678 11 10 4
1679 16 15 5
1680 17 17 5
1681 11 10 4
1682 20 19 5
1683 13 13 5
1684 15 14 4
1685 12 11 5
1686 7 6 5
1687 19 19 5
1688 19 18 6
1689 10 10 4
1690 12 11 5
1691 13 12 4
1692 18 17 5
1693 17 17 5
1694 13 12 6
1695 12 12 4
1696 12 11 5
1697 17 16 4
1698 12 11 5
1699 15 15 5
1700 9 9 5
1701 13 12 4
1702 16 15 7
1703 15 14 4
1704 6 5 4
1705 8 7 6
1706 6 6 6
1707 11 10 4
1708 12 11 5
1709 15 15 5
1710 19 19 5
1711 17 16 4
1712 16 15 7
1713 21 20 6
1714 10 10 4
1715 12 11 5
1716 11 11 5
1717 9 8 4
1718 16 15 5
1719 9 9 5
1720 17 17 5
1721 23 22 6
1722 18 18 4
1723 16 15 5
1724 17 16 6
1725 12 12 4
1726 12 11 5
1727 21 21 5
1728 27 26 4
1729 20 19 5
1730 19 18 6
1731 16 16 4
1732 12 11 5
1733 19 18 4
1734 20 19 5
1735 13 13 5
1736 11 10 6
1737 10 10 4
1738 14 13 5
1739 11 11 5
1740 11 11 5
1741 17 16 4
1742 12 11 5
1743 11 10 4
1744 12 11 5
1745 7 7 7
1746 16 16 6
1747 14 14 4
1748 14 13 5
1749 21 20 8
1750 12 12 4
1751 14 13 5
1752 11 10 4
1753 14 13 7
1754 11 10 4
1755 16 15 5
1756 11 10 4
1757 8 7 6
1758 12 12 4
1759 14 13 5
1760 13 12 6
1761 18 18 6
1762 24 24 4
1763 20 19 5
1764 11 11 5
1765 11 10 4
1766 10 9 5
1767 13 12 6
1768 16 16 6
1769 14 14 4
1770 16 15 5
1771 17 17 5
1772 11 11 5
1773 13 13 5
1774 19 18 6
1775 16 16 6
1776 16 16 4
1777 16 15 5
1778 11 11 5
1779 21 20 4
1780 14 13 7
1781 25 24 6
1782 18 18 4
1783 16 15 5
1784 15 14 4
1785 12 11 5
1786 5 5 5
1787 12 11 5
1788 15 14 6
1789 10 10 6
1790 12 12 4
1791 10 9 5
1792 9 9 5
1793 7 6 5
1794 13 13 5
1795 13 12 4
1796 14 13 5
1797 13 13 5
1798 15 15 5
1799 11 10 4
1800 16 15 5
1801 29 29 7
1802 11 10 6
1803 14 14 4
1804 12 11 5
1805 11 10 6
1806 12 11 5
1807 11 10 4
1808 14 13 5
1809 23 22 6
1810 16 16 4
1811 18 17 7
1812 13 12 4
1813 26 25 5
1814 25 24 6
1815 22 22 4
1816 18 17 5
1817 7 6 5
1818 17 16 4
1819 14 13 5
1820 17 16 6
1821 20 19 5
1822 25 24 6
1823 22 21 5
1824 13 13 5
1825 11 10 4
1826 16 15 5
1827 11 10 4
1828 22 21 5
1829 13 13 5
1830 11 10 4
1831 12 11 5
1832 11 10 4
1833 16 15 5
1834 15 14 6
1835 22 21 5
1836 17 16 6
1837 24 24 6
1838 16 15 5
1839 15 14 6
1840 18 18 6
1841 22 21 7
1842 25 25 7
1843 27 26 6
1844 32 31 5
1845 39 39 7
1846 15 14 6
1847 20 19 5
1848 33 32 6
1849 28 27 7
1850 31 31 7
1851 31 30 6
1852 18 18 6
1853 20 20 4
1854 30 29 7
1855 35 34 10
1856 16 16 4
1857 26 25 7
1858 23 22 6
1859 34 34 8
1860 26 25 5
1861 35 35 9
1862 39 38 8
1863 30 29 9
1864 23 23 5
1865 25 25 9
1866 29 29 5
1867 37 37 11
1868 27 27 7
1869 25 25 9
1870 43 43 15
1871 29 29 5
1872 35 35 13
1873 41 41 11
1874 25 25 7
1875 49 48 12
1876 26 25 7
1877 33 32 8
1878 26 25 7
1879 29 28 6
1880 30 30 6
1881 34 33 7
1882 31 31 9
1883 43 42 10
1884 28 28 10
1885 50 50 12
1886 24 23 5
1887 55 54 16
1888 28 28 8
1889 26 26 6
1890 22 21 5
1891 37 37 9
1892 27 26 6
1893 34 33 7
1894 35 34 6
1895 20 19 7
1896 11 11 5
1897 45 45 7
1898 55 54 8
1899 24 23 7
1900 25 24 8
1901 32 31 9
1902 31 30 8
1903 32 32 8
1904 28 28 6
1905 38 37 7
1906 35 34 8
1907 26 25 7
1908 39 39 9
1909 25 24 6
1910 26 26 6
1911 46 46 16
1912 46 46 12
1913 46 45 11
1914 37 36 8
1915 36 36 10
1916 24 24 6
1917 22 21 9
1918 51 51 11
1919 29 29 7
1920 45 44 10
1921 26 25 5
1922 43 42 12
1923 40 40 16
1924 32 32 8
1925 28 28 6
1926 30 29 11
1927 45 44 14
1928 48 48 10
1929 26 26 6
1930 24 24 6
1931 20 19 5
1932 25 24 4
1933 36 35 9
1934 23 22 4
1935 32 31 7
1936 41 40 12
1937 30 29 9
1938 39 38 8
1939 40 40 6
1940 32 32 10
1941 18 18 6
1942 26 25 5
1943 23 22 6
1944 28 27 11
1945 27 26 6
1946 30 29 7
1947 31 31 5
1948 23 22 6
1949 24 23 7
1950 25 25 5
1951 27 27 7
1952 17 16 4
1953 20 19 5
1954 19 18 4
1955 22 21 7
1956 23 22 4
1957 20 19 5
1958 19 19 5
1959 29 29 7
1960 27 26 6
1961 18 18 6
1962 24 23 7
1963 27 27 7
1964 25 25 7
1965 21 21 5
1966 19 19 5
1967 19 18 4
1968 20 19 5
1969 25 24 8
1970 22 22 6
1971 18 17 5
1972 25 25 7
1973 31 30 6
1974 22 21 5
1975 25 24 6
1976 12 12 6
1977 20 19 5
1978 19 18 4
1979 30 29 5
1980 21 21 7
1981 15 14 4
1982 14 13 5
1983 13 12 4
1984 16 15 5
1985 9 9 5
1986 19 19 7
1987 21 20 6
1988 12 12 4
1989 22 21 5
1990 17 17 5
1991 13 12 4
1992 12 11 5
1993 21 20 6
1994 16 16 6
1995 20 20 4
1996 14 13 5
1997 17 16 4
1998 6 5 4
1999 20 19 5
2000 13 12 4
2001 12 11 5
2002 13 12 4
2003 16 15 5
2004 23 22 6
2005 10 10 6
2006 18 18 4
2007 18 17 5
2008 7 7 7
2009 14 14 4
2010 14 13 5
2011 21 20 6
2012 16 15 5
2013 13 12 4
2014 22 21 5
2015 27 26 6
2016 20 20 6
2017 16 16 4
2018 10 9 5
2019 15 14 4
2020 20 19 5
2021 19 19 5
2022 17 17 5
2023 15 14 6
2024 14 14 6
2025 14 14 6
2026 18 18 4
2027 14 13 5
2028 15 14 4
2029 14 13 5
2030 7 7 7
2031 6 6 6
2032 11 10 6
2033 16 16 6
2034 14 14 4
2035 18 17 5
2036 21 21 5
2037 15 14 6
2038 10 10 4
2039 14 13 5
2040 11 10 4
2041 12 11 5
2042 9 9 5
2043 15 14 4
2044 16 15 5
2045 15 14 6
2046 26 26 6
2047 12 12 6
2048 8 8 4
2049 10 9 5
2050 13 13 7
2051 13 12 6
2052 6 6 6
2053 7 6 5
2054 9 9 5
2055 15 14 6
2056 16 15 5
2057 25 24 6
2058 26 26 6
2059 22 21 5
2060 19 19 7
2061 13 12 4
2062 20 19 7
2063 17 17 5
2064 13 13 5
2065 11 10 4
2066 14 13 5
2067 13 13 5
2068 13 12 4
2069 12 11 5
2070 21 20 4
2071 22 21 5
2072 19 19 5
2073 25 24 6
2074 16 16 6
2075 8 8 4
2076 10 9 5
2077 15 14 6
2078 22 22 6
2079 10 10 4
2080 16 15 5
2081 9 8 4
2082 24 23 5
2083 27 26 6
2084 12 12 6
2085 6 6 6
2086 11 10 4
2087 14 13 5
2088 11 11 5
2089 11 10 4
2090 14 13 5
2091 11 11 5
2092 7 6 5
2093 17 17 5
2094 9 9 5
2095 9 8 4
2096 10 9 5
2097 9 8 7
2098 21 20 4
2099 20 19 5
2100 19 19 5
2101 7 6 5
2102 11 10 4
2103 16 15 5
2104 11 11 5
2105 7 6 5
2106 11 11 5
2107 15 15 5
2108 17 16 4
2109 12 11 5
2110 11 10 4
2111 10 9 5
2112 25 24 6
2113 18 18 4
2114 16 15 5
2115 11 10 4
2116 10 9 5
2117 17 16 8
2118 18 18 6
2119 14 14 4
2120 38 37 5
2121 25 24 4
2122 26 25 5
2123 21 20 6
2124 30 29 5
2125 21 21 5
2126 23 23 5
2127 21 20 4
2128 24 23 5
2129 21 20 4
2130 26 25 7
2131 19 18 4
2132 24 23 5
2133 25 25 5
2134 23 23 5
2135 31 30 6
2136 24 23 5
2137 31 31 5
2138 29 28 4
2139 50 49 9
2140 25 25 5
2141 25 25 5
2142 17 16 6
2143 20 20 6
2144 18 18 4
2145 20 19 5
2146 37 37 5
2147 31 30 8
2148 24 23 5
2149 19 19 5
2150 27 26 6
2151 22 21 5
2152 27 27 5
2153 21 20 6
2154 22 22 4
2155 20 19 5
2156 39 38 8
2157 16 16 4
2158 28 27 5
2159 17 17 5
2160 33 33 7
2161 19 18 6
2162 26 26 4
2163 24 23 7
2164 15 14 6
2165 18 17 5
2166 27 26 6
2167 22 22 6
2168 18 17 5
2169 23 23 7
2170 25 25 5
2171 27 26 6
2172 18 18 4
2173 26 25 5
2174 15 14 4
2175 26 25 5
2176 23 23 5
2177 29 28 6
2178 18 18 4
2179 32 31 9
2180 13 13 5
2181 33 32 8
2182 24 24 6
2183 24 23 5
2184 15 14 4
2185 12 11 5
2186 27 26 6
2187 20 19 5
2188 25 24 6
2189 20 20 4
2190 16 15 5
2191 17 17 5
2192 21 20 6
2193 30 30 4
2194 20 19 5
2195 31 30 6
2196 16 16 6
2197 20 20 6
2198 16 16 4
2199 16 15 5
2200 15 14 4
2201 24 23 5
2202 23 22 6
2203 6 6 6
2204 21 20 4
2205 16 15 5
2206 17 16 6
2207 20 19 5
2208 21 20 4
2209 12 11 5
2210 23 22 6
2211 14 14 4
2212 16 15 5
2213 21 20 6
2214 22 22 4
2215 14 13 5
2216 17 17 5
2217 35 35 5
2218 13 13 5
2219 21 20 6
2220 10 10 4
2221 22 21 5
2222 23 22 6
2223 18 18 6
2224 14 14 4
2225 14 13 5
2226 15 15 5
2227 19 19 5
2228 19 19 5
2229 23 22 4
2230 20 19 5
2231 11 10 4
2232 26 25 5
2233 13 13 5
2234 21 21 5
2235 13 13 5
2236 25 24 4
2237 24 23 5
2238 15 15 5
2239 9 8 4
2240 24 23 5
2241 11 10 4
2242 14 13 5
2243 19 19 5
2244 15 14 4
2245 12 11 5
2246 9 8 4
2247 20 19 7
2248 7 6 5
2249 11 10 4
2250 18 17 5
2251 13 12 6
2252 18 17 5
2253 13 12 4
2254 16 15 5
2255 15 14 6
2256 22 22 4
2257 14 13 5
2258 11 11 5
2259 15 15 5
2260 15 14 6
2261 14 13 5
2262 13 12 4
2263 16 15 5
2264 11 11 5
2265 11 11 5
2266 11 10 4
2267 12 11 5
2268 13 12 6
2269 16 16 4
2270 16 15 5
2271 7 6 5
2272 11 11 5
2273 5 5 5
2274 20 19 5
2275 9 9 5
2276 19 18 6
2277 14 14 6
2278 14 14 6
2279 12 12 4
2280 8 7 6
2281 16 16 6
2282 10 10 4
2283 10 9 5
2284 11 10 4
2285 18 17 5
2286 15 15 5
2287 13 12 4
2288 12 11 5
2289 9 9 5
2290 11 10 6
2291 10 10 4
2292 12 11 5
2293 7 6 5
2294 21 21 5
2295 17 17 5
2296 19 18 4
2297 10 9 5
2298 11 11 5
2299 7 6 5
2300 5 5 5
2301 12 11 7
2302 9 8 4
2303 14 13 5
2304 11 10 4
2305 18 17 5
2306 19 18 6
2307 14 14 4
2308 20 19 7
2309 21 20 4
2310 14 13 5
2311 11 10 6
2312 10 9 5
2313 15 15 5
2314 19 18 6
2315 12 12 6
2316 8 8 4
2317 10 9 5
2318 11 11 5
2319 15 14 6
2320 14 14 4
2321 14 13 5
2322 7 6 5
2323 19 18 6
2324 18 18 6
2325 6 6 6
2326 11 11 5
2327 7 6 5
2328 11 10 6
2329 10 10 6
2330 8 8 4
2331 12 11 5
2332 15 15 5
2333 17 16 6
2334 6 6 6
2335 9 9 5
2336 21 20 6
2337 14 13 5
2338 13 12 6
2339 10 10 4
2340 10 9 5
2341 13 12 6
2342 8 8 4
2343 14 13 5
2344 13 12 6
2345 14 13 5
2346 9 8 4
2347 6 5 4
2348 16 15 7
2349 13 12 4
2350 14 13 5
2351 13 12 4
2352 10 9 5
2353 9 8 4
2354 12 11 5
2355 9 9 5
2356 7 6 5
2357 13 13 5
2358 7 6 5
2359 13 12 6
2360 12 12 4
2361 16 15 5
2362 9 9 5
2363 5 5 5
2364 14 13 5
2365 9 8 4
2366 8 7 6
2367 12 11 5
2368 7 6 5
2369 13 12 4
2370 16 15 5
2371 13 13 5
2372 13 12 6
2373 12 12 4
2374 6 5 4
2375 6 5 4
2376 10 9 5
2377 15 14 6
2378 8 8 4
2379 10 9 5
2380 13 12 6
2381 10 9 5
2382 13 12 4
2383 12 11 5
2384 9 8 4
2385 14 13 5
2386 13 13 5
2387 9 9 5
2388 13 12 4
2389 8 7 6
2390 10 10 6
2391 10 10 4
2392 14 13 5
2393 17 16 6
2394 10 10 4
2395 14 13 5
2396 13 12 6
2397 6 5 4
2398 12 11 5
2399 11 10 4
2400 16 15 5
2401 9 9 5
2402 17 17 5
2403 15 14 4
2404 14 13 5
2405 13 12 4
2406 10 9 5
2407 11 11 5
2408 13 13 5
2409 15 14 6
2410 12 11 5
2411 17 16 6
2412 12 11 5
2413 19 18 4
2414 16 15 5
2415 11 11 5
2416 9 8 4
2417 12 11 5
2418 13 12 4
2419 22 21 5
2420 21 20 4
2421 14 13 5
2422 15 14 4
2423 30 29 5
2424 37 37 7
2425 31 30 6
2426 22 22 4
2427 26 25 7
2428 15 14 6
2429 20 20 6
2430 32 32 6
2431 16 15 5
2432 15 15 5
2433 17 17 7
2434 19 18 6
2435 34 34 8
2436 24 24 6
2437 42 41 11
2438 25 24 6
2439 24 24 6
2440 42 41 13
2441 37 36 8
2442 22 21 5
2443 25 25 7
2444 29 28 8
2445 34 33 5
2446 23 23 5
2447 29 29 9
2448 23 22 6
2449 44 44 14
2450 30 30 10
2451 26 25 7
2452 53 52 6
2453 34 34 6
2454 30 29 5
2455 27 26 4
2456 46 45 7
2457 35 35 7
2458 21 21 7
2459 35 35 7
2460 41 40 10
2461 36 36 6
2462 34 33 5
2463 31 31 7
2464 29 29 7
2465 29 28 8
2466 24 23 5
2467 25 25 5
2468 25 25 5
2469 29 29 5
2470 35 35 7
2471 17 17 5
2472 31 31 5
2473 19 18 6
2474 20 19 5
2475 19 19 5
2476 23 22 8
2477 28 28 8
2478 16 16 6
2479 30 29 5
2480 17 17 5
2481 21 20 6
2482 14 14 4
2483 20 19 5
2484 25 25 7
2485 31 31 7
2486 21 21 5
2487 23 22 4
2488 36 35 7
2489 15 15 5
2490 17 17 5
2491 23 23 5
2492 15 15 5
2493 19 18 6
2494 22 22 6
2495 20 20 4
2496 14 13 5
2497 15 14 4
2498 28 27 7
2499 13 12 4
2500 16 15 5
2501 19 18 6
2502 20 20 4
2503 14 13 5
2504 9 8 4
2505 10 9 5
2506 11 11 5
2507 17 16 4
2508 20 19 5
2509 21 20 4
2510 24 23 5
2511 23 22 6
2512 18 18 6
2513 14 14 4
2514 20 19 5
2515 15 15 5
2516 17 16 6
2517 18 17 5
2518 21 20 4
2519 14 13 5
2520 15 14 4
2521 12 11 5
2522 19 19 5
2523 9 9 5
2524 15 14 4
2525 12 11 5
2526 21 20 4
2527 12 11 5
2528 13 13 5
2529 25 25 7
2530 13 12 4
2531 22 21 5
2532 19 18 8
2533 10 10 4
2534 12 11 5
2535 17 16 4
2536 12 11 5
2537 21 20 6
2538 12 12 4
2539 14 13 5
2540 15 14 4
2541 18 17 7
2542 15 14 4
2543 26 25 5
2544 17 16 4
2545 14 13 5
2546 11 10 6
2547 12 12 4
2548 18 17 5
2549 17 16 4
2550 14 13 5
2551 21 20 6
2552 12 11 5
2553 21 21 5
2554 13 12 6
2555 18 18 4
2556 22 21 5
2557 21 20 4
2558 20 19 5
2559 21 20 6
2560 18 17 5
2561 23 22 6
2562 20 19 5
2563 27 27 5
2564 27 26 6
2565 18 17 5
2566 13 12 6
2567 12 12 4
2568 16 15 5
2569 29 28 4
2570 22 21 5
2571 21 20 6
2572 16 15 5
2573 17 16 4
2574 24 23 5
2575 27 27 7
2576 11 10 4
2577 32 31 5
2578 17 17 5
2579 27 27 5
2580 23 22 4
2581 18 17 5
2582 17 17 5
2583 19 19 5
2584 17 16 4
2585 22 21 5
2586 17 17 5
2587 19 19 5
2588 21 20 4
2589 20 19 5
2590 19 18 4
2591 16 15 5
2592 15 14 4
2593 22 21 5
2594 11 11 5
2595 23 22 6
2596 14 14 4
2597 18 17 5
2598 19 18 4
2599 20 19 5
2600 21 20 4
2601 16 15 5
2602 17 16 8
2603 20 20 6
2604 8 8 4
2605 14 13 5
2606 11 11 5
2607 13 12 4
2608 20 19 7
2609 11 10 4
2610 24 23 5
2611 19 18 4
2612 14 13 5
2613 11 10 4
2614 14 13 5
2615 15 14 4
2616 18 17 7
2617 9 8 4
2618 20 19 5
2619 21 20 4
2620 16 15 5
2621 17 17 5
2622 17 16 6
2623 14 14 6
2624 12 12 4
2625 12 11 5
2626 15 14 6
2627 10 10 4
2628 6 5 4
2629 22 21 5
2630 17 16 6
2631 18 17 5
2632 11 10 4
2633 16 15 5
2634 15 15 5
2635 25 24 6
2636 10 10 4
2637 14 13 5
2638 9 9 5
2639 19 18 4
2640 10 9 5
2641 13 13 5
2642 15 14 6
2643 14 14 6
2644 18 18 6
2645 12 12 6
2646 10 10 4
2647 10 9 5
2648 21 20 4
2649 12 11 5
2650 15 14 4
2651 10 9 5
2652 19 19 5
2653 13 12 4
2654 14 13 5
2655 11 10 4
2656 18 17 5
2657 15 14 6
2658 8 8 4
2659 14 13 5
2660 11 10 4
2661 24 23 5
2662 11 10 6
2663 10 10 6
2664 10 10 4
2665 12 11 5
2666 11 11 5
2667 13 12 6
2668 16 15 5
2669 15 14 4
2670 14 13 5
2671 13 13 5
2672 7 6 5
2673 7 6 5
2674 13 13 5
2675 7 6 5
2676 13 13 5
2677 15 15 7
2678 11 10 4
2679 12 11 5
2680 23 22 4
2681 18 17 5
2682 17 16 4
2683 18 17 7
2684 7 6 5
2685 17 16 6
2686 6 6 6
2687 19 18 4
2688 14 13 5
2689 17 16 6
2690 8 8 4
2691 10 9 5
2692 17 17 5
2693 13 12 4
2694 12 11 5
2695 15 14 6
2696 20 20 4
2697 20 19 5
2698 13 12 4
2699 12 11 5
2700 21 20 6
2701 18 18 6
2702 18 18 4
2703 18 17 5
2704 31 30 8
2705 14 14 6
2706 24 24 4
2707 26 25 7
2708 25 25 5
2709 17 17 5
2710 25 24 4
2711 20 19 5
2712 21 20 6
2713 26 26 4
2714 26 25 5
2715 27 27 5
2716 25 25 5
2717 27 26 6
2718 30 29 7
2719 21 20 8
2720 18 18 6
2721 24 24 4
2722 20 19 5
2723 21 21 5
2724 23 22 6
2725 26 26 4
2726 22 21 5
2727 29 28 6
2728 30 29 5
2729 27 26 6
2730 30 30 6
2731 26 26 6
2732 22 22 6
2733 28 27 5
2734 39 39 5
2735 25 25 5
2736 43 42 8
2737 20 20 6
2738 26 26 4
2739 32 31 7
2740 21 20 6
2741 18 18 6
2742 18 18 6
2743 22 22 6
2744 18 18 4
2745 28 27 9
2746 25 25 5
2747 25 24 6
2748 22 22 8
2749 12 12 4
2750 24 23 7
2751 31 30 6
2752 14 13 5
2753 17 16 4
2754 20 19 7
2755 33 32 6
2756 24 23 5
2757 19 19 5
2758 25 25 5
2759 31 31 5
2760 29 28 8
2761 18 18 6
2762 18 18 6
2763 24 23 5
2764 31 31 9
2765 19 18 8
2766 38 37 9
2767 33 33 7
2768 23 23 5
2769 25 24 6
2770 40 39 11
2771 37 36 10
2772 24 24 6
2773 26 25 7
2774 27 27 7
2775 37 36 8
2776 18 17 7
2777 39 38 10
2778 18 18 4
2779 22 21 5
2780 19 19 7
2781 27 26 8
2782 28 27 9
2783 35 35 7
2784 25 25 7
2785 23 22 6
2786 16 16 4
2787 26 25 9
2788 33 32 12
2789 24 23 5
2790 15 15 5
2791 11 11 5
2792 39 38 12
2793 18 18 6
2794 28 28 6
2795 26 26 8
2796 28 28 4
2797 42 41 13
2798 21 21 7
2799 17 17 5
2800 15 14 6
2801 16 16 6
2802 12 12 4
2803 12 11 5
2804 13 13 5
2805 25 25 5
2806 33 33 5
2807 19 18 6
2808 38 38 10
2809 26 26 8
2810 10 10 4
2811 34 33 7
2812 9 8 4
2813 28 27 7
2814 19 18 6
2815 22 21 7
2816 27 26 6
2817 8 8 4
2818 20 19 5
2819 17 16 6
2820 28 28 6
2821 12 12 4
2822 30 29 9
2823 9 8 4
2824 20 19 7
2825 17 16 4
2826 16 15 5
2827 17 17 5
2828 9 9 5
2829 9 9 5
2830 11 10 4
2831 16 15 5
2832 11 11 5
2833 11 11 5
2834 11 10 4
2835 14 13 5
2836 15 14 4
2837 10 9 5
2838 13 12 6
2839 14 14 4
2840 14 13 5
2841 17 16 4
2842 30 29 5
2843 17 17 5
2844 19 18 4
2845 14 13 5
2846 23 22 6
2847 14 14 6
2848 16 16 4
2849 12 11 5
2850 13 12 6
2851 10 10 4
2852 20 19 5
2853 29 29 5
2854 21 21 5
2855 19 19 5
2856 13 13 5
2857 13 12 4
2858 12 11 5
2859 17 16 6
2860 10 10 4
2861 12 11 5
2862 13 13 5
2863 15 15 7
2864 11 10 4
2865 12 11 5
2866 17 16 4
2867 16 15 5
2868 5 5 5
2869 24 23 5
2870 13 13 5
2871 21 20 6
2872 14 14 4
2873 10 9 5
2874 15 14 6
2875 18 18 6
2876 12 12 4
2877 10 9 5
2878 5 5 5
2879 18 17 5
2880 25 24 6
2881 10 9 5
2882 11 10 6
2883 6 6 6
2884 9 9 5
2885 19 18 4
2886 16 15 5
2887 15 15 5
2888 15 15 5
2889 29 28 4
2890 18 17 5
2891 21 21 5
2892 9 9 5
2893 15 15 5
2894 19 18 4
2895 16 15 5
2896 9 8 4
2897 14 13 5
2898 19 18 6
2899 18 17 5
2900 13 13 5
2901 17 17 5
2902 13 12 6
2903 20 20 8
2904 12 12 4
2905 18 17 5
2906 15 14 6
2907 12 11 5
2908 11 11 5
2909 17 16 4
2910 16 15 5
2911 23 22 6
2912 16 16 4
2913 16 15 5
2914 21 20 4
2915 14 13 5
2916 25 25 7
2917 15 14 4
2918 14 13 5
2919 17 17 5
2920 9 8 4
2921 12 11 5
2922 15 15 5
2923 11 11 5
2924 15 14 4
2925 22 21 5
2926 21 20 6
2927 16 16 4
2928 20 19 7
2929 9 9 5
2930 11 10 4
2931 12 11 5
2932 19 18 4
2933 18 17 5
2934 13 13 5
2935 11 11 5
2936 17 16 4
2937 14 13 5
2938 17 16 4
2939 16 15 5
2940 11 10 6
2941 12 12 4
2942 10 9 5
2943 15 14 4
2944 16 15 5
2945 17 17 5
2946 15 14 4
2947 14 13 5
2948 13 12 4
2949 12 11 5
2950 17 17 5
2951 31 30 6
2952 16 15 5
2953 19 18 4
2954 24 23 7
2955 15 15 5
2956 15 15 5
2957 19 19 5
2958 13 13 5
2959 23 22 4
2960 22 21 5
2961 15 15 5
2962 23 22 6
2963 26 26 8
2964 12 11 5
2965 31 30 12
2966 24 24 8
2967 32 31 11
2968 17 16 4
2969 22 21 5
2970 31 31 9
2971 25 25 5
2972 27 27 7
2973 17 16 4
2974 20 19 5
2975 21 20 4
2976 18 17 5
2977 15 14 4
2978 28 27 7
2979 21 20 6
2980 18 18 6
2981 14 14 6
2982 16 16 4
2983 16 15 7
2984 15 14 6
2985 22 22 8
2986 18 18 4
2987 22 21 7
2988 15 15 5
2989 17 16 4
2990 26 25 9
2991 19 18 4
2992 16 15 5
2993 23 22 6
2994 20 20 4
2995 32 31 7
2996 27 26 6
2997 22 22 4
2998 36 35 7
2999 23 22 6
3000 28 28 6
3001 14 14 6
3002 16 16 4
3003 28 27 7
3004 25 24 4
3005 28 27 7
3006 27 26 6
3007 24 24 4
3008 20 19 5
3009 23 22 8
3010 26 25 7
3011 15 14 6
3012 16 16 4
3013 26 25 5
3014 27 26 6
3015 16 16 6
3016 26 25 7
3017 13 13 7
3018 17 17 5
3019 33 33 5
3020 13 12 4
3021 20 19 5
3022 29 29 9
3023 17 17 5
3024 25 24 10
3025 18 17 5
3026 17 17 5
3027 21 20 4
3028 28 27 9
3029 31 30 10
3030 22 22 6
3031 26 25 7
3032 23 23 7
3033 29 28 6
3034 26 25 7
3035 21 21 9
3036 25 24 6
3037 18 18 4
3038 30 29 7
3039 27 26 4
3040 30 29 9
3041 25 24 4
3042 34 33 7
3043 25 25 5
3044 31 30 6
3045 28 27 9
3046 29 28 8
3047 22 22 6
3048 24 23 7
3049 13 13 5
3050 29 28 6
3051 26 26 6
3052 18 17 5
3053 15 14 6
3054 16 16 6
3055 16 16 6
3056 16 16 4
3057 24 23 5
3058 21 20 6
3059 22 21 7
3060 21 20 6
3061 14 14 6
3062 20 20 6
3063 20 20 6
3064 20 20 6
3065 14 13 5
3066 23 22 4
3067 14 13 5
3068 15 15 5
3069 19 19 5
3070 19 18 4
3071 24 23 5
3072 11 11 5
3073 15 15 5
3074 13 13 5
3075 23 22 4
3076 20 19 5
3077 21 20 6
3078 22 22 6
3079 18 18 6
3080 16 16 4
3081 20 19 5
3082 11 10 4
3083 22 21 5
3084 17 17 7
3085 13 12 4
3086 16 15 5
3087 13 13 5
3088 17 17 5
3089 27 27 5
3090 11 10 4
3091 14 13 5
3092 15 15 5
3093 11 11 5
3094 15 14 6
3095 14 14 4
3096 12 11 5
3097 15 14 4
3098 14 13 7
3099 13 12 4
3100 26 25 5
3101 13 13 5
3102 19 18 4
3103 20 19 5
3104 23 23 7
3105 11 10 4
3106 32 31 5
3107 17 17 5
3108 25 25 5
3109 21 20 6
3110 24 24 6
3111 16 15 5
3112 21 20 4
3113 32 31 9
3114 33 32 6
3115 24 24 8
3116 26 26 8
3117 28 28 6
3118 30 30 8
3119 46 45 13
3120 23 22 4
3121 18 17 5
3122 33 32 6
3123 26 26 4
3124 26 25 7
3125 31 31 7
3126 33 33 5
3127 31 31 5
3128 37 36 4
3129 28 27 7
3130 27 26 6
3131 32 32 8
3132 28 27 5
3133 11 10 4
3134 28 27 7
3135 25 24 6
3136 22 22 6
3137 28 28 10
3138 20 19 5
3139 19 18 4
3140 20 19 5
3141 21 21 5
3142 13 12 6
3143 16 16 4
3144 18 17 5
3145 17 16 6
3146 12 12 4
3147 16 15 5
3148 15 15 5
3149 13 12 6
3150 12 12 4
3151 14 13 5
3152 13 12 4
3153 12 11 5
3154 9 9 5
3155 11 10 6
3156 10 10 4
3157 14 13 5
3158 13 13 5
3159 11 11 5
3160 21 20 6
3161 14 14 6
3162 10 10 4
3163 14 13 5
3164 11 10 6
3165 10 10 6
3166 14 14 4
3167 20 19 5
3168 15 14 4
3169 12 11 5
3170 11 11 5
3171 9 9 5
3172 11 10 6
3173 14 13 5
3174 23 22 4
3175 20 19 5
3176 19 19 5
3177 9 8 4
3178 10 9 5
3179 11 10 4
3180 10 9 5
3181 15 15 5
3182 13 12 6
3183 12 12 6
3184 8 8 4
3185 10 9 5
3186 9 8 7
3187 13 12 4
3188 14 13 5
3189 13 13 5
3190 11 10 4
3191 16 15 5
3192 15 15 5
3193 9 8 4
3194 10 9 5
3195 17 16 6
3196 12 12 4
3197 6 5 4
3198 10 9 5
3199 9 9 5
3200 11 11 5
3201 11 10 4
3202 16 15 5
3203 13 13 5
3204 21 21 5
3205 13 12 4
3206 14 13 5
3207 5 5 5
3208 14 13 5
3209 13 12 6
3210 8 8 4
3211 12 11 5
3212 13 12 6
3213 8 8 8
3214 19 18 4
3215 24 23 5
3216 21 20 6
3217 20 19 5
3218 13 12 6
3219 14 14 4
3220 20 19 5
3221 15 15 5
3222 13 12 4
3223 10 9 5
3224 19 18 4
3225 8 7 6
3226 10 10 4
3227 10 9 5
3228 13 12 4
3229 20 19 5
3230 11 11 5
3231 11 11 5
3232 7 6 5
3233 13 12 6
3234 18 18 6
3235 18 18 6
3236 22 21 5
3237 15 15 5
3238 19 18 6
3239 14 14 6
3240 12 12 4
3241 14 13 5
3242 15 14 6
3243 10 10 4
3244 14 13 5
3245 15 14 6
3246 12 12 6
3247 16 16 6
3248 8 8 4
3249 12 11 5
3250 11 10 4
3251 18 17 5
3252 15 15 5
3253 17 17 5
3254 15 15 5
3255 17 16 6
3256 12 12 4
3257 10 9 5
3258 5 5 5
3259 10 9 5
3260 15 15 5
3261 15 14 4
3262 10 9 5
3263 17 17 5
3264 11 11 5
3265 19 18 6
3266 16 16 4
3267 8 7 6
3268 8 8 4
3269 12 11 5
3270 11 11 5
3271 9 9 5
3272 13 12 4
3273 14 13 5
3274 13 12 4
3275 24 23 7
3276 15 14 6
3277 20 20 6
3278 12 12 4
3279 20 19 5
3280 23 22 4
3281 26 25 7
3282 27 26 4
3283 20 19 5
3284 25 24 6
3285 18 18 4
3286 18 17 5
3287 13 13 5
3288 19 18 6
3289 16 16 4
3290 14 13 5
3291 15 15 5
3292 31 31 7
3293 15 14 4
3294 14 13 5
3295 13 12 4
3296 10 9 5
3297 21 20 4
3298 14 13 5
3299 31 31 9
3300 17 16 6
3301 18 18 4
3302 20 19 5
3303 21 20 6
3304 24 24 8
3305 14 14 4
3306 16 15 5
3307 23 22 6
3308 22 22 6
3309 20 20 4
3310 24 23 5
3311 17 16 6
3312 14 14 4
3313 28 27 5
3314 13 13 5
3315 17 17 5
3316 19 19 5
3317 17 17 5
3318 11 10 4
3319 12 11 5
3320 17 16 6
3321 20 19 5
3322 9 8 4
3323 16 15 5
3324 11 10 4
3325 16 15 5
3326 19 18 6
3327 12 12 6
3328 20 20 4
3329 14 13 5
3330 15 15 5
3331 13 13 5
3332 17 17 5
3333 15 15 5
3334 11 10 4
3335 22 21 5
3336 13 13 5
3337 15 14 4
3338 20 19 5
3339 15 15 5
3340 7 6 5
3341 11 10 6
3342 14 14 6
3343 8 8 4
3344 20 19 5
3345 17 17 7
3346 19 18 4
3347 12 11 5
3348 11 10 4
3349 14 13 5
3350 5 5 5
3351 16 15 5
3352 11 10 4
3353 20 19 5
3354 11 11 5
3355 9 8 4
3356 16 15 5
3357 17 17 5
3358 11 11 5
3359 15 14 6
3360 20 20 4
3361 12 11 5
3362 17 16 4
3363 16 15 5
3364 15 14 4
3365 16 15 5
3366 13 13 5
3367 15 15 5
3368 13 12 4
3369 12 11 5
3370 19 18 6
3371 12 12 4
3372 26 25 5
3373 13 12 4
3374 16 15 5
3375 19 19 5
3376 17 17 5
3377 13 13 5
3378 13 12 6
3379 20 20 4
3380 16 15 5
3381 17 17 5
3382 15 14 4
3383 16 15 5
3384 13 12 4
3385 6 5 4
3386 16 15 5
3387 13 12 4
3388 10 9 5
3389 17 17 5
3390 17 16 6
3391 12 12 4
3392 18 17 5
3393 11 10 4
3394 10 9 5
3395 9 9 5
3396 13 12 6
3397 12 12 4
3398 16 15 5
3399 13 12 6
3400 14 13 5
3401 15 14 4
3402 18 17 5
3403 15 14 4
3404 24 23 5
3405 9 9 5
3406 13 13 5
3407 11 10 4
3408 14 13 5
3409 15 14 6
3410 22 22 4
3411 10 9 5
3412 13 12 6
3413 10 10 4
3414 12 11 5
3415 11 10 6
3416 12 12 4
3417 14 13 5
3418 15 15 5
3419 13 12 4
3420 10 9 5
3421 13 13 5
3422 21 21 5
3423 15 14 6
3424 16 16 4
3425 12 11 5
3426 17 16 6
3427 16 16 4
3428 16 15 5
3429 19 18 6
3430 18 17 5
3431 9 8 4
3432 12 11 5
3433 29 29 5
3434 11 10 4
3435 12 11 5
3436 19 18 6
3437 16 16 6
3438 10 10 4
3439 10 9 5
3440 15 15 5
3441 15 15 5
3442 17 16 6
3443 18 18 6
3444 12 12 4
3445 18 17 5
3446 19 18 6
3447 12 12 4
3448 12 11 5
3449 13 12 6
3450 16 16 4
3451 12 11 5
3452 15 14 6
3453 14 14 6
3454 14 14 4
3455 14 13 5
3456 11 10 6
3457 12 12 4
3458 16 15 5
3459 9 9 5
3460 9 9 5
3461 11 10 4
3462 8 7 6
3463 10 10 4
3464 18 17 5
3465 13 13 5
3466 7 6 5
3467 19 18 4
3468 8 7 6
3469 22 22 6
3470 18 17 5
3471 7 6 5
3472 13 12 6
3473 12 12 6
3474 12 12 4
3475 12 11 5
3476 15 15 5
3477 17 17 5
3478 11 10 4
3479 12 11 5
3480 11 11 7
3481 21 21 5
3482 27 26 4
3483 20 19 5
3484 19 18 4
3485 14 13 5
3486 13 12 4
3487 20 19 5
3488 13 13 5
3489 19 19 7
3490 13 13 5
3491 19 18 6
3492 24 24 4
3493 10 9 5
3494 13 12 6
3495 16 16 6
3496 8 8 4
3497 12 11 5
3498 15 14 4
3499 26 25 5
3500 35 35 5
3501 11 11 5
3502 13 12 4
3503 24 23 5
3504 21 20 6
3505 18 18 4
3506 20 19 7
3507 13 13 5
3508 19 18 4
3509 18 17 5
3510 19 19 5
3511 13 13 5
3512 13 13 5
3513 7 6 5
3514 17 16 6
3515 20 19 5
3516 23 22 6
3517 24 24 6
3518 20 19 5
3519 13 13 5
3520 15 15 5
3521 11 11 5
3522 23 22 6
3523 22 22 4
3524 26 25 5
3525 23 23 7
3526 29 28 6
3527 28 28 8
3528 16 15 5
3529 15 15 5
3530 15 14 4
3531 28 27 5
3532 47 46 6
3533 22 21 5
3534 19 19 5
3535 23 22 6
3536 18 18 6
3537 10 10 4
3538 22 21 5
3539 17 17 5
3540 21 21 5
3541 19 18 6
3542 24 24 4
3543 30 29 7
3544 27 26 6
3545 24 24 6
3546 14 14 6
3547 22 22 6
3548 14 14 6
3549 18 18 4
3550 18 17 5
3551 19 19 5
3552 19 18 6
3553 34 34 6
3554 16 16 6
3555 18 18 4
3556 26 25 7
3557 25 24 6
3558 22 21 5
3559 29 29 5
3560 31 31 5
3561 31 31 5
3562 21 21 5
3563 35 35 7
3564 27 27 7
3565 37 37 5
3566 31 31 9
3567 19 18 6
3568 48 47 11
3569 53 52 12
3570 44 44 10
3571 24 24 8
3572 26 26 6
3573 30 30 6
3574 28 27 5
3575 39 38 12
3576 26 26 4
3577 28 27 7
3578 33 32 6
3579 20 20 6
3580 44 44 10
3581 36 35 7
3582 21 20 6
3583 22 22 6
3584 28 27 5
3585 23 22 4
3586 28 27 5
3587 23 22 6
3588 18 18 4
3589 22 21 5
3590 21 21 5
3591 25 24 8
3592 12 12 4
3593 26 25 5
3594 17 16 4
3595 16 15 5
3596 21 21 7
3597 23 23 5
3598 19 18 6
3599 14 14 6
3600 22 22 4
3601 22 21 7
3602 19 19 5
3603 15 14 4
3604 12 11 5
3605 11 11 5
3606 25 24 4
3607 14 13 5
3608 13 12 4
3609 20 19 5
3610 23 22 6
3611 18 18 6
3612 12 12 4
3613 16 15 5
3614 15 14 4
3615 16 15 5
3616 13 12 4
3617 10 9 5
3618 15 14 6
3619 8 8 4
3620 10 9 5
3621 17 17 5
3622 17 16 4
3623 12 11 5
3624 11 11 5
3625 13 13 5
3626 13 12 4
3627 12 11 5
3628 17 16 6
3629 12 11 5
3630 13 13 5
3631 13 13 5
3632 19 18 4
3633 14 13 5
3634 21 20 4
3635 16 15 5
3636 19 18 6
3637 14 14 4
3638 12 11 5
3639 13 12 6
3640 20 20 6
3641 8 8 4
3642 14 13 5
3643 17 17 5
3644 23 22 8
3645 10 10 4
3646 20 19 5
3647 7 6 5
3648 9 8 4
3649 20 19 7
3650 21 20 4
3651 10 9 5
3652 27 26 6
3653 24 24 6
3654 22 22 4
3655 38 37 7
3656 37 36 6
3657 32 31 7
3658 19 19 5
3659 17 17 5
3660 19 19 5
3661 25 24 6
3662 24 23 5
3663 19 18 4
3664 26 25 7
3665 11 11 5
3666 21 20 6
3667 34 34 6
3668 24 23 7
3669 15 14 4
3670 28 27 7
3671 31 30 6
3672 16 16 4
3673 14 13 5
3674 23 22 6
3675 18 18 4
3676 34 33 5
3677 19 19 5
3678 27 27 5
3679 27 27 5
3680 15 14 6
3681 22 22 6
3682 12 12 6
3683 18 18 6
3684 10 10 6
3685 18 18 4
3686 14 13 5
3687 17 16 6
3688 26 26 6
3689 20 19 5
3690 13 13 5
3691 23 23 5
3692 21 20 4
3693 22 21 5
3694 9 9 5
3695 15 15 5
3696 15 15 5
3697 25 24 6
3698 16 16 4
3699 22 21 7
3700 13 12 4
3701 22 21 5
3702 15 14 6
3703 22 22 6
3704 22 22 6
3705 16 15 7
3706 11 10 4
3707 16 15 5
3708 17 16 6
3709 26 25 7
3710 21 20 6
3711 10 10 4
3712 18 17 5
3713 19 18 4
3714 16 15 7
3715 9 8 4
3716 14 13 5
3717 11 10 4
3718 16 15 5
3719 19 18 6
3720 10 10 4
3721 18 17 5
3722 9 9 5
3723 17 16 6
3724 14 14 4
3725 18 17 5
3726 15 15 5
3727 7 6 5
3728 19 19 5
3729 27 26 6
3730 6 6 6
3731 17 17 5
3732 13 13 5
3733 21 20 4
3734 12 11 5
3735 13 12 6
3736 8 8 4
3737 12 11 5
3738 11 10 4
3739 10 9 5
3740 11 11 5
3741 15 15 7
3742 9 8 4
3743 10 9 5
3744 13 12 4
3745 16 15 5
3746 21 20 6
3747 8 8 4
3748 12 11 5
3749 11 11 5
3750 9 9 5
3751 15 14 6
3752 12 12 6
3753 8 8 4
3754 10 9 5
3755 9 8 4
3756 18 17 7
3757 11 11 5
3758 13 12 4
3759 12 11 5
3760 11 10 6
3761 16 15 5
3762 11 11 5
3763 19 18 6
3764 14 14 4
3765 14 13 5
3766 15 14 4
3767 12 11 5
3768 9 8 4
3769 16 15 5
3770 5 5 5
3771 14 13 5
3772 13 12 4
3773 8 7 6
3774 10 10 4
3775 14 13 5
3776 15 14 4
3777 16 15 5
3778 13 12 4
3779 10 9 5
3780 9 8 7
3781 9 8 4
3782 10 9 5
3783 15 14 6
3784 20 19 5
3785 11 10 6
3786 22 22 6
3787 20 20 4
3788 24 23 5
3789 11 11 5
3790 9 8 4
3791 18 17 5
3792 13 12 6
3793 16 16 4
3794 12 11 5
3795 9 8 4
3796 16 15 5
3797 21 20 4
3798 18 17 5
3799 7 6 5
3800 13 12 4
3801 12 11 5
3802 13 12 6
3803 10 10 4
3804 16 15 5
3805 13 12 6
3806 12 11 5
3807 11 10 6
3808 16 16 4
3809 20 19 7
3810 9 8 4
3811 12 11 5
3812 7 6 5
3813 13 13 5
3814 19 18 6
3815 12 12 4
3816 10 9 5
3817 13 12 4
3818 20 19 5
3819 15 14 4
3820 10 9 5
3821 11 11 5
3822 11 10 4
3823 14 13 5
3824 19 19 5
3825 23 23 5
3826 13 13 5
3827 17 16 6
3828 8 8 4
3829 6 5 4
3830 18 17 5
3831 13 13 5
3832 19 18 4
3833 20 19 5
3834 15 15 5
3835 15 14 4
3836 14 13 5
3837 17 16 4
3838 22 21 5
3839 9 8 4
3840 18 17 5
3841 13 12 4
3842 18 17 5
3843 17 17 7
3844 17 16 4
3845 20 19 5
3846 17 16 6
3847 18 17 5
3848 15 14 4
3849 12 11 5
3850 19 19 5
3851 19 19 7
3852 17 16 4
3853 18 17 5
3854 31 31 7
3855 37 36 6
3856 28 28 8
3857 24 24 4
3858 22 21 5
3859 23 22 4
3860 28 27 7
3861 21 21 5
3862 11 11 5
3863 21 21 5
3864 27 26 8
3865 24 23 5
3866 21 20 4
3867 32 31 5
3868 15 14 6
3869 28 28 4
3870 16 15 5
3871 15 14 4
3872 16 15 5
3873 21 20 4
3874 24 23 5
3875 23 22 6
3876 14 14 4
3877 16 15 5
3878 15 15 5
3879 23 22 6
3880 20 20 6
3881 22 22 6
3882 16 16 4
3883 30 29 9
3884 19 18 4
3885 30 29 5
3886 23 22 6
3887 14 14 4
3888 22 21 5
3889 21 21 5
3890 19 18 4
3891 18 17 5
3892 17 17 5
3893 13 12 4
3894 22 21 5
3895 15 14 4
3896 20 19 5
3897 17 16 4
3898 18 17 5
3899 11 11 5
3900 21 20 6
3901 10 10 4
3902 14 13 7
3903 13 12 4
3904 12 11 5
3905 17 16 4
3906 14 13 5
3907 19 18 4
3908 16 15 5
3909 21 21 5
3910 13 13 5
3911 25 24 6
3912 8 8 4
3913 6 5 4
3914 16 15 5
3915 11 11 5
3916 15 14 6
3917 8 8 4
3918 12 11 5
3919 19 18 4
3920 20 19 5
3921 9 8 4
3922 24 23 5
3923 9 9 5
3924 7 6 5
3925 27 26 6
3926 24 23 5
3927 17 16 4
3928 14 13 5
3929 15 14 4
3930 14 13 5
3931 25 24 6
3932 12 12 4
3933 18 17 5
3934 19 18 4
3935 16 15 5
3936 11 11 5
3937 15 14 4
3938 16 15 5
3939 13 13 5
3940 23 22 6
3941 18 18 6
3942 14 14 4
3943 18 17 7
3944 13 13 5
3945 11 11 5
3946 17 16 4
3947 16 15 5
3948 15 14 6
3949 12 12 6
3950 12 12 4
3951 12 11 5
3952 15 15 5
3953 15 14 4
3954 14 13 5
3955 15 14 6
3956 12 12 4
3957 12 11 5
3958 19 19 5
3959 11 11 5
3960 15 15 5
3961 13 12 4
3962 10 9 5
3963 17 16 6
3964 18 18 4
3965 20 19 5
3966 19 19 5
3967 17 17 5
3968 21 20 4
3969 24 23 5
3970 15 14 6
3971 16 15 5
3972 15 14 4
3973 14 13 5
3974 11 10 4
3975 16 15 5
3976 25 24 4
3977 12 11 5
3978 17 16 6
3979 10 10 4
3980 18 17 5
3981 9 8 4
3982 10 9 5
3983 5 5 5
3984 10 9 5
3985 11 11 5
3986 9 8 4
3987 12 11 5
3988 21 21 5
3989 17 16 6
3990 22 22 4
3991 14 13 5
3992 11 11 5
3993 19 18 6
3994 26 26 4
3995 20 19 5
3996 15 14 4
3997 22 21 5
3998 13 12 4
3999 20 19 5
4000 11 10 6
4001 6 6 6
4002 15 14 6
4003 10 9 5
4004 13 12 4
4005 12 11 5
4006 7 6 5
4007 17 16 4
4008 14 13 5
4009 9 8 4
4010 12 11 5
4011 15 15 5
4012 5 5 5
4013 12 11 5
4014 15 14 6
4015 6 6 6
4016 11 10 6
4017 16 16 6
4018 10 10 4
4019 14 13 5
4020 13 12 4
4021 18 17 5
4022 13 12 4
4023 10 9 5
4024 9 8 7
4025 11 10 4
4026 6 5 4
4027 18 17 5
4028 11 10 6
4029 8 8 4
4030 16 15 5
4031 11 10 4
4032 10 9 5
4033 13 13 5
4034 11 10 4
4035 10 9 5
4036 15 14 6
4037 20 20 4
4038 16 15 5
4039 13 12 4
4040 6 5 4
4041 10 9 5
4042 13 13 5
4043 9 9 5
4044 11 10 4
4045 16 15 5
4046 11 10 4
4047 16 15 5
4048 11 10 4
4049 14 13 5
4050 11 11 5
4051 9 8 4
4052 12 11 5
4053 13 13 5
4054 15 14 4
4055 10 9 5
4056 13 12 6
4057 10 10 6
4058 10 10 4
4059 12 11 5
4060 11 11 5
4061 15 14 6
4062 6 6 6
4063 7 6 5
4064 19 18 6
4065 12 12 6
4066 8 8 4
4067 10 9 5
4068 9 9 5
4069 11 10 4
4070 12 11 5
4071 13 12 6
4072 10 10 4
4073 16 15 5
4074 11 10 4
4075 14 13 5
4076 13 13 5
4077 15 15 5
4078 15 14 4
4079 20 19 5
4080 17 16 4
4081 12 11 5
4082 21 20 6
4083 12 12 4
4084 18 17 5
4085 21 20 4
4086 26 25 7
4087 37 36 6
4088 40 40 6
4089 22 22 6
4090 34 33 5
4091 15 14 6
4092 16 16 4
4093 26 25 5
4094 11 11 5
4095 17 16 6
4096 16 16 6
4097 20 20 4
4098 26 25 5
4099 29 28 8
4100 20 20 4
4101 24 23 5
4102 25 24 4
4103 22 21 5
4104 29 29 7
4105 29 29 5
4106 41 40 8
4107 24 24 4
4108 38 37 5
4109 21 21 5
4110 17 16 4
4111 28 27 7
4112 33 32 8
4113 18 18 4
4114 26 25 7
4115 15 14 4
4116 24 23 7
4117 23 23 5
4118 15 15 5
4119 17 16 4
4120 22 21 5
4121 27 26 6
4122 16 16 4
4123 26 25 5
4124 23 23 5
4125 19 19 5
4126 15 14 4
4127 12 11 5
4128 15 14 4
4129 24 23 5
4130 21 20 4
4131 28 27 7
4132 19 18 4
4133 34 33 7
4134 35 35 5
4135 21 21 5
4136 39 38 8
4137 16 15 5
4138 21 20 4
4139 32 31 7
4140 39 39 5
4141 27 26 6
4142 16 15 5
4143 21 20 6
4144 18 17 5
4145 15 14 4
4146 32 31 5
4147 25 24 4
4148 20 19 5
4149 19 19 5
4150 39 38 6
4151 22 21 5
4152 25 25 5
4153 11 11 5
4154 13 13 5
4155 29 28 6
4156 32 32 6
4157 32 32 6
4158 24 23 5
4159 11 11 5
4160 27 26 6
4161 34 34 6
4162 14 14 4
4163 20 19 5
4164 19 18 4
4165 22 21 7
4166 25 25 7
4167 21 20 8
4168 14 14 4
4169 18 17 5
4170 23 22 6
4171 24 23 5
4172 23 22 6
4173 16 16 4
4174 16 15 5
4175 25 24 6
4176 18 17 5
4177 17 16 4
4178 26 25 5
4179 19 19 5
4180 23 22 6
4181 14 14 4
4182 32 31 5
4183 25 25 5
4184 15 15 5
4185 23 22 4
4186 30 29 7
4187 21 21 5
4188 9 8 4
4189 28 27 5
4190 33 33 5
4191 15 15 5
4192 17 17 5
4193 21 20 4
4194 24 23 7
4195 17 16 4
4196 22 21 5
4197 23 22 6
4198 24 23 7
4199 25 24 6
4200 20 19 5
4201 19 19 5
4202 29 29 7
4203 23 22 6
4204 26 26 8
4205 10 10 4
4206 20 19 5
4207 21 20 6
4208 18 18 4
4209 18 17 5
4210 29 29 5
4211 17 16 4
4212 18 17 5
4213 21 20 6
4214 16 15 5
4215 19 19 5
4216 13 13 5
4217 7 6 5
4218 13 12 4
4219 14 13 5
4220 13 12 4
4221 12 11 5
4222 25 24 6
4223 18 18 6
4224 16 16 6
4225 12 12 4
4226 18 17 5
4227 13 12 4
4228 26 25 7
4229 15 14 4
4230 20 19 5
4231 17 17 5
4232 17 16 6
4233 14 14 6
4234 10 10 6
4235 10 10 4
4236 10 9 5
4237 15 14 6
4238 16 16 6
4239 18 18 4
4240 16 15 5
4241 19 18 6
4242 10 10 4
4243 12 11 5
4244 7 6 5
4245 15 15 5
4246 9 9 5
4247 19 18 6
4248 12 12 4
4249 6 5 4
4250 14 13 5
4251 13 12 6
4252 6 6 6
4253 17 16 6
4254 16 15 5
4255 15 14 4
4256 6 5 4
4257 18 17 7
4258 13 12 4
4259 16 15 5
4260 13 12 4
4261 12 11 5
4262 15 15 5
4263 15 14 6
4264 10 10 4
4265 16 15 5
4266 9 8 4
4267 10 9 5
4268 15 14 6
4269 12 12 4
4270 12 11 5
4271 9 8 4
4272 16 15 5
4273 13 13 5
4274 11 10 6
4275 6 6 6
4276 15 14 4
4277 12 11 5
4278 13 13 5
4279 15 14 6
4280 12 12 4
4281 14 13 7
4282 11 10 4
4283 14 13 5
4284 9 9 5
4285 13 12 6
4286 14 13 5
4287 13 12 6
4288 6 6 6
4289 11 10 4
4290 14 13 5
4291 11 11 5
4292 13 12 4
4293 12 11 5
4294 19 19 5
4295 11 10 4
4296 16 15 5
4297 11 10 6
4298 16 15 5
4299 9 8 4
4300 10 9 5
4301 9 9 5
4302 13 12 6
4303 10 10 4
4304 14 13 5
4305 21 21 5
4306 9 9 5
4307 11 10 6
4308 14 14 4
4309 22 21 5
4310 11 11 5
4311 9 9 5
4312 13 12 4
4313 14 13 5
4314 11 11 5
4315 9 9 5
4316 13 12 6
4317 14 14 4
4318 8 7 6
4319 12 12 6
4320 14 14 6
4321 10 10 4
4322 16 15 5
4323 11 10 4
4324 14 13 5
4325 11 10 6
4326 12 12 4
4327 18 17 5
4328 11 11 5
4329 11 11 5
4330 13 12 6
4331 14 13 5
4332 9 8 4
4333 16 15 7
4334 15 14 6
4335 10 10 4
4336 10 9 5
4337 11 10 6
4338 10 9 5
4339 11 10 4
4340 14 13 5
4341 13 13 5
4342 11 10 4
4343 16 15 5
4344 13 12 4
4345 8 7 6
4346 14 14 6
4347 6 6 6
4348 11 10 6
4349 14 13 5
4350 13 12 6
4351 12 12 4
4352 6 5 4
4353 14 13 7
4354 11 10 6
4355 20 20 6
4356 22 21 7
4357 11 10 4
4358 14 13 7
4359 15 14 4
4360 26 25 5
4361 11 10 4
4362 22 21 7
4363 13 12 4
4364 24 23 5
4365 9 9 5
4366 23 22 8
4367 20 19 5
4368 23 23 9
4369 23 22 6
4370 18 18 8
4371 14 14 6
4372 28 28 8
4373 16 16 6
4374 24 24 6
4375 16 16 6
4376 12 11 5
4377 23 22 6
4378 30 30 8
4379 42 42 6
4380 22 21 5
4381 33 32 6
4382 22 22 4
4383 26 25 5
4384 27 26 6
4385 24 24 6
4386 32 32 6
4387 40 39 7
4388 35 34 6
4389 32 31 7
4390 41 41 9
4391 37 36 8
4392 52 51 15
4393 29 29 7
4394 23 22 4
4395 26 25 9
4396 51 51 9
4397 19 18 4
4398 20 19 7
4399 19 19 5
4400 27 27 7
4401 11 11 5
4402 23 22 4
4403 14 13 5
4404 25 24 6
4405 22 22 8
4406 28 28 8
4407 30 29 7
4408 19 19 7
4409 21 20 6
4410 16 16 6
4411 28 28 8
4412 20 20 6
4413 30 29 7
4414 21 21 5
4415 19 18 4
4416 20 19 5
4417 21 21 5
4418 25 24 6
4419 12 11 5
4420 23 22 6
4421 24 24 4
4422 16 15 5
4423 41 40 8
4424 38 38 10
4425 20 20 6
4426 22 22 4
4427 28 27 5
4428 19 19 7
4429 23 22 4
4430 36 35 7
4431 27 26 6
4432 22 22 6
4433 20 20 6
4434 16 16 4
4435 36 35 9
4436 29 28 4
4437 18 17 5
4438 19 19 7
4439 17 16 4
4440 18 17 7
4441 25 25 5
4442 25 25 5
4443 25 24 8
4444 16 15 5
4445 25 25 5
4446 13 12 4
4447 24 23 5
4448 27 26 6
4449 24 23 5
4450 19 19 5
4451 19 18 4
4452 22 21 7
4453 11 10 4
4454 28 27 5
4455 15 15 5
4456 27 27 5
4457 17 17 5
4458 15 14 6
4459 36 35 11
4460 19 18 6
4461 22 21 7
4462 27 27 7
4463 25 24 6
4464 16 15 5
4465 25 24 6
4466 28 28 10
4467 18 18 6
4468 32 32 4
4469 40 39 9
4470 21 20 6
4471 30 30 4
4472 16 15 5
4473 25 24 6
4474 28 28 8
4475 18 18 4
4476 24 23 7
4477 25 25 5
4478 27 27 5
4479 13 12 4
4480 36 35 7
4481 25 25 5
4482 31 31 9
4483 27 26 6
4484 24 24 6
4485 22 21 5
4486 21 21 5
4487 17 17 5
4488 27 26 6
4489 24 23 5
4490 17 16 4
4491 14 13 5
4492 33 32 4
4493 20 19 5
4494 27 26 6
4495 28 28 8
4496 14 13 5
4497 17 16 4
4498 20 19 7
4499 29 28 4
4500 22 21 5
4501 15 14 4
4502 26 25 5
4503 19 19 5
4504 13 12 4
4505 22 21 5
4506 15 14 4
4507 14 13 5
4508 25 24 4
4509 18 17 5
4510 17 16 6
4511 32 31 5
4512 21 21 5
4513 27 26 8
4514 14 13 5
4515 23 22 6
4516 32 31 5
4517 13 13 5
4518 15 14 4
4519 12 11 5
4520 29 28 6
4521 22 22 6
4522 22 22 6
4523 18 18 4
4524 24 23 5
4525 19 18 4
4526 16 15 5
4527 19 18 4
4528 16 15 5
4529 19 18 6
4530 16 16 6
4531 18 17 5
4532 15 14 6
4533 18 18 6
4534 24 24 6
4535 8 8 4
4536 20 19 5
4537 11 10 4
4538 10 9 5
4539 11 11 5
4540 11 10 4
4541 16 15 5
4542 11 11 5
4543 9 9 5
4544 11 10 4
4545 16 15 5
4546 13 13 5
4547 11 10 4
4548 24 23 5
4549 13 13 5
4550 19 19 5
4551 15 14 6
4552 10 10 4
4553 20 19 7
4554 17 16 4
4555 14 13 5
4556 17 16 6
4557 16 16 4
4558 12 11 5
4559 13 12 4
4560 16 15 5
4561 15 14 6
4562 12 12 4
4563 24 23 5
4564 13 13 5
4565 11 10 4
4566 22 21 7
4567 9 8 4
4568 12 11 5
4569 13 12 6
4570 14 14 6
4571 12 12 4
4572 16 15 5
4573 9 8 7
4574 9 8 4
4575 14 13 5
4576 13 12 4
4577 22 21 7
4578 7 6 5
4579 9 9 5
4580 15 14 4
4581 18 17 5
4582 7 7 7
4583 18 18 4
4584 10 9 5
4585 17 17 5
4586 11 11 5
4587 19 18 4
4588 22 21 5
4589 11 11 5
4590 19 18 4
4591 18 17 5
4592 17 16 4
4593 20 19 5
4594 25 24 4
4595 44 43 7
4596 37 36 6
4597 30 30 4
4598 18 17 5
4599 23 23 5
4600 31 31 7
4601 37 36 6
4602 36 35 5
4603 45 44 8
4604 38 37 9
4605 47 46 8
4606 38 38 8
4607 36 36 8
4608 30 30 6
4609 22 21 7
4610 41 40 8
4611 40 40 10
4612 26 26 6
4613 22 22 4
4614 26 25 5
4615 33 33 9
4616 33 32 6
4617 34 33 7
4618 29 28 8
4619 20 19 5
4620 31 30 8
4621 30 29 7
4622 19 18 6
4623 36 36 8
4624 32 32 8
4625 28 28 6
4626 14 13 5
4627 15 15 7
4628 17 16 6
4629 20 20 8
4630 28 28 6
4631 30 29 5
4632 25 25 11
4633 29 28 6
4634 42 41 9
4635 23 22 4
4636 16 15 5
4637 17 16 4
4638 14 13 5
4639 15 15 5
4640 19 18 4
4641 12 11 5
4642 23 22 4
4643 24 23 7
4644 21 20 6
4645 16 16 4
4646 10 9 5
4647 15 14 4
4648 18 17 5
4649 13 13 5
4650 19 19 5
4651 11 11 5
4652 19 18 4
4653 20 19 5
4654 17 16 4
4655 12 11 5
4656 13 13 5
4657 15 15 5
4658 13 12 6
4659 22 22 6
4660 14 14 4
4661 18 17 5
4662 19 18 6
4663 16 15 5
4664 15 14 6
4665 16 16 4
4666 18 17 7
4667 13 12 4
4668 16 15 5
4669 7 6 5
4670 11 10 4
4671 18 17 5
4672 11 10 4
4673 24 23 5
4674 13 13 5
4675 17 17 5
4676 13 12 6
4677 14 14 4
4678 20 19 5
4679 23 22 4
4680 20 19 5
4681 15 15 5
4682 17 16 4
4683 14 13 5
4684 17 16 4
4685 18 17 5
4686 9 9 5
4687 29 28 6
4688 38 37 9
4689 17 16 4
4690 34 33 5
4691 33 33 7
4692 23 22 6
4693 14 13 5
4694 29 28 6
4695 18 17 5
4696 23 23 5
4697 17 17 5
4698 19 19 7
4699 31 30 6
4700 20 20 6
4701 22 21 5
4702 33 32 6
4703 20 19 5
4704 27 26 4
4705 16 15 5
4706 23 23 5
4707 23 23 5
4708 25 25 5
4709 23 23 7
4710 47 47 9
4711 29 28 8
4712 22 22 4
4713 38 37 9
4714 19 19 5
4715 29 29 7
4716 25 24 6
4717 26 26 6
4718 18 18 4
4719 28 27 5
4720 33 32 6
4721 28 28 4
4722 26 25 7
4723 31 30 6
4724 28 28 6
4725 24 23 7
4726 37 37 9
4727 27 26 6
4728 24 24 6
4729 24 24 6
4730 18 18 4
4731 26 25 5
4732 35 35 5
4733 19 18 4
4734 30 29 9
4735 29 29 7
4736 37 37 7
4737 33 33 5
4738 25 25 5
4739 39 38 8
4740 52 51 13
4741 33 33 9
4742 37 37 9
4743 27 26 8
4744 54 54 16
4745 34 33 7
4746 35 34 10
4747 22 22 8
4748 28 28 6
4749 34 33 7
4750 31 31 11
4751 37 36 6
4752 30 29 7
4753 39 38 8
4754 22 22 4
4755 22 21 5
4756 25 25 5
4757 25 25 7
4758 25 25 9
4759 29 29 5
4760 33 33 9
4761 27 27 5
4762 29 29 7
4763 21 20 4
4764 32 31 13
4765 31 31 5
4766 23 23 5
4767 23 22 4
4768 32 31 7
4769 35 34 8
4770 18 18 6
4771 40 40 8
4772 16 16 4
4773 32 31 5
4774 39 38 6
4775 40 39 9
4776 33 32 8
4777 50 49 7
4778 37 36 8
4779 30 30 8
4780 28 28 6
4781 24 24 8
4782 28 27 7
4783 29 28 6
4784 24 23 7
4785 29 28 6
4786 30 30 10
4787 22 22 6
4788 24 23 5
4789 23 23 5
4790 29 29 7
4791 25 24 4
4792 28 27 7
4793 25 24 10
4794 36 35 5
4795 15 15 5
4796 15 15 5
4797 21 20 4
4798 16 15 5
4799 13 12 4
4800 26 25 5
4801 27 26 6
4802 10 10 4
4803 16 15 5
4804 23 22 6
4805 14 13 5
4806 19 18 4
4807 22 21 5
4808 13 13 5
4809 17 16 4
4810 14 13 5
4811 19 18 4
4812 24 23 5
4813 19 18 6
4814 14 14 4
4815 14 13 5
4816 15 14 4
4817 26 25 7
4818 21 21 5
4819 23 22 4
4820 20 19 5
4821 19 18 6
4822 20 20 4
4823 24 23 5
4824 23 22 8
4825 18 18 4
4826 12 11 5
4827 15 14 4
4828 22 21 5
4829 13 13 5
4830 11 10 4
4831 38 37 9
4832 21 20 4
4833 28 27 7
4834 21 21 5
4835 23 23 5
4836 19 19 5
4837 19 18 6
4838 16 16 6
4839 18 18 4
4840 24 23 5
4841 17 16 4
4842 20 19 5
4843 21 20 8
4844 14 14 4
4845 20 19 5
4846 23 23 5
4847 25 25 7
4848 19 19 5
4849 17 17 5
4850 19 18 4
4851 22 21 5
4852 11 11 5
4853 11 10 4
4854 22 21 5
4855 11 10 4
4856 20 19 5
4857 15 15 5
4858 13 12 6
4859 14 14 6
4860 20 20 6
4861 12 11 5
4862 17 16 6
4863 14 14 6
4864 10 9 5
4865 11 10 4
4866 10 9 5
4867 13 13 5
4868 11 11 5
4869 21 20 4
4870 10 9 5
4871 15 15 5
4872 13 12 6
4873 10 10 4
4874 24 23 7
4875 19 18 4
4876 16 15 5
4877 17 16 4
4878 12 11 5
4879 11 10 4
4880 14 13 5
4881 19 18 6
4882 10 10 4
4883 8 7 6
4884 12 12 4
4885 12 11 5
4886 23 22 6
4887 10 10 4
4888 14 13 5
4889 9 9 5
4890 15 15 5
4891 17 16 6
4892 16 16 6
4893 14 14 6
4894 10 10 4
4895 12 11 5
4896 15 14 4
4897 12 11 5
4898 19 19 5
4899 11 10 4
4900 10 9 5
4901 15 14 6
4902 10 10 4
4903 12 11 5
4904 13 12 6
4905 12 12 6
4906 12 12 6
4907 14 14 4
4908 10 9 5
4909 11 11 5
4910 9 9 5
4911 13 12 4
4912 12 11 5
4913 17 16 4
4914 16 15 5
4915 19 18 6
4916 12 12 4
4917 12 11 5
4918 11 11 5
4919 11 10 6
4920 18 18 6
4921 12 12 6
4922 18 18 4
4923 14 13 5
4924 11 10 4
4925 10 9 5
4926 11 10 4
4927 10 9 5
4928 9 8 4
4929 12 11 5
4930 17 16 6
4931 14 14 6
4932 14 13 5
4933 9 9 5
4934 9 8 4
4935 12 11 5
4936 13 12 4
4937 12 11 5
4938 11 10 4
4939 10 9 5
4940 15 15 5
4941 13 13 5
4942 15 15 5
4943 13 12 4
4944 14 13 5
4945 11 11 5
4946 11 10 6
4947 12 12 6
4948 6 6 6
4949 13 13 5
4950 15 14 4
4951 14 13 5
4952 15 14 6
4953 26 26 6
4954 10 10 4
4955 12 11 5
4956 13 13 5
4957 13 12 4
4958 10 9 5
4959 15 14 6
4960 14 14 4
4961 12 11 5
4962 9 8 4
4963 6 5 4
4964 18 17 5
4965 13 13 5
4966 7 6 5
4967 11 11 5
4968 9 9 5
4969 19 18 6
4970 14 14 4
4971 10 9 5
4972 11 10 4
4973 14 13 5
4974 17 16 6
4975 14 13 5
4976 13 12 4
4977 8 7 6
4978 16 16 4
4979 14 13 5
4980 19 18 4
4981 34 33 5
4982 21 21 5
4983 17 16 6
4984 28 28 6
4985 14 14 4
4986 18 17 5
4987 15 14 4
4988 16 15 5
4989 17 16 6
4990 18 17 5
4991 33 32 6
4992 20 20 6
4993 22 22 4
4994 24 23 5
4995 13 13 5
4996 17 16 4
4997 18 17 5
4998 27 27 7
4999 13 13 5
