0 22 21 5
1 13 12 6
2 14 14 6
3 28 28 8
4 14 14 4
5 18 17 5
6 23 22 8
7 14 14 6
8 18 18 4
9 22 21 7
10 13 12 4
11 12 11 5
12 7 6 5
13 9 9 5
14 15 14 6
15 14 13 5
16 13 13 5
17 23 23 7
18 11 10 4
19 14 13 5
20 17 16 6
21 10 10 4
22 16 15 5
23 15 15 7
24 9 9 5
25 13 12 6
26 14 14 6
27 10 10 6
28 10 10 6
29 16 15 5
30 13 13 5
31 13 12 4
32 12 11 7
33 11 10 6
34 10 10 4
35 12 11 5
36 13 12 4
37 8 7 6
38 22 21 7
39 15 15 5
40 13 12 6
41 14 13 5
42 13 13 5
43 9 9 5
44 13 12 6
45 12 12 6
46 14 13 5
47 11 10 4
48 24 23 5
49 11 10 4
50 18 17 5
51 23 22 6
52 6 5 4
53 14 13 5
54 7 6 5
55 11 10 6
56 14 14 6
57 18 17 5
58 27 26 6
59 18 18 6
60 22 21 5
61 15 15 5
62 17 16 6
63 34 34 6
64 30 30 6
65 36 35 5
66 25 25 7
67 15 15 5
68 15 14 6
69 20 20 4
70 18 17 5
71 21 20 6
72 26 26 6
73 22 22 6
74 12 12 6
75 20 19 5
76 15 15 5
77 25 25 7
78 25 24 6
79 16 16 6
80 20 20 6
81 10 10 4
82 30 29 7
83 23 23 5
84 21 21 5
85 23 23 5
86 41 41 7
87 33 32 4
88 16 15 5
89 19 19 5
90 27 26 6
91 36 36 6
92 20 20 4
93 36 35 7
94 29 28 8
95 20 20 4
96 24 23 7
97 23 22 4
98 22 21 5
99 19 18 4
100 24 23 5
101 21 21 5
102 29 29 5
103 23 22 6
104 18 18 6
105 12 12 4
106 18 17 5
107 27 26 6
108 18 18 4
109 20 19 5
110 17 17 5
111 27 26 6
112 20 19 5
113 21 20 6
114 32 32 8
115 20 20 6
116 22 21 5
117 31 31 7
118 21 21 5
119 33 32 12
120 14 13 5
121 17 17 5
122 17 16 4
123 34 33 5
124 21 21 5
125 27 27 5
126 25 25 7
127 33 32 4
128 32 31 9
129 17 17 5
130 15 15 5
131 21 21 5
132 21 21 9
133 19 18 6
134 26 25 5
135 29 28 4
136 18 17 5
137 15 15 5
138 23 23 5
139 23 22 6
140 18 17 5
141 29 29 9
142 21 21 5
143 33 32 6
144 22 22 8
145 26 25 7
146 17 16 8
147 22 22 8
148 18 18 4
149 20 19 5
150 29 29 7
151 27 27 7
152 25 24 6
153 28 27 7
154 17 17 5
155 35 34 8
156 16 16 4
157 26 25 5
158 19 18 6
159 28 27 5
160 29 28 10
161 18 18 4
162 30 29 5
163 31 31 7
164 23 22 6
165 14 14 4
166 18 17 5
167 19 18 4
168 30 29 5
169 25 25 5
170 21 21 7
171 25 24 6
172 26 25 7
173 21 20 4
174 32 31 7
175 23 22 8
176 24 24 6
177 38 37 7
178 35 35 13
179 29 28 4
180 28 27 7
181 27 26 6
182 24 24 6
183 26 26 4
184 28 27 7
185 31 30 6
186 36 35 9
187 27 26 4
188 26 25 5
189 23 23 7
190 29 28 4
191 26 25 5
192 13 13 5
193 15 15 5
194 17 16 4
195 22 21 9
196 23 22 6
197 20 20 6
198 26 26 6
199 26 25 5
