0 22 21 5
1 13 12 6
2 14 14 6
3 28 28 8
4 14 14 4
5 18 17 5
6 23 22 8
7 14 14 6
8 18 18 4
9 22 21 7
10 13 12 4
11 12 11 5
12 7 6 5
13 9 9 5
14 15 14 6
15 14 13 5
16 13 13 5
17 23 23 7
18 11 10 4
19 14 13 5
20 17 16 6
21 10 10 4
22 16 15 5
23 15 15 7
24 9 9 5
25 13 12 6
26 14 14 6
27 10 10 6
28 10 10 6
29 16 15 5
30 13 13 5
31 13 12 4
32 12 11 7
33 11 10 6
34 10 10 4
35 12 11 5
36 13 12 4
37 8 7 6
38 22 21 7
39 15 15 5
40 13 12 6
41 14 13 5
42 13 13 5
43 9 9 5
44 13 12 6
45 12 12 6
46 14 13 5
47 11 10 4
48 24 23 5
49 11 10 4
50 18 17 5
51 23 22 6
52 6 5 4
53 14 13 5
54 7 6 5
55 11 10 6
56 14 14 6
57 18 17 5
58 27 26 6
59 18 18 6
60 22 21 5
61 15 15 5
62 17 16 6
63 34 34 6
64 30 30 6
65 36 35 5
66 25 25 7
67 15 15 5
68 15 14 6
69 20 20 4
70 18 17 5
71 21 20 6
72 26 26 6
73 22 22 6
74 12 12 6
75 20 19 5
76 15 15 5
77 25 25 7
78 25 24 6
79 16 16 6
80 20 20 6
81 10 10 4
82 30 29 7
83 23 23 5
84 21 21 5
85 23 23 5
86 41 41 7
87 33 32 4
88 16 15 5
89 19 19 5
90 27 26 6
91 36 36 6
92 20 20 4
93 36 35 7
94 29 28 8
95 20 20 4
96 24 23 7
97 23 22 4
98 22 21 5
99 19 18 4
100 24 23 5
101 21 21 5
102 29 29 5
103 23 22 6
104 18 18 6
105 12 12 4
106 18 17 5
107 27 26 6
108 18 18 4
109 20 19 5
110 17 17 5
111 27 26 6
112 20 19 5
113 21 20 6
114 32 32 8
115 20 20 6
116 22 21 5
117 31 31 7
118 21 21 5
119 33 32 12
120 14 13 5
121 17 17 5
122 17 16 4
123 34 33 5
124 21 21 5
125 27 27 5
126 25 25 7
127 33 32 4
128 32 31 9
129 17 17 5
130 15 15 5
131 21 21 5
132 21 21 9
133 19 18 6
134 26 25 5
135 29 28 4
136 18 17 5
137 15 15 5
138 23 23 5
139 23 22 6
140 18 17 5
141 29 29 9
142 21 21 5
143 33 32 6
144 22 22 8
145 26 25 7
146 17 16 8
147 22 22 8
148 18 18 4
149 20 19 5
150 29 29 7
151 27 27 7
152 25 24 6
153 28 27 7
154 17 17 5
155 35 34 8
156 16 16 4
157 26 25 5
158 19 18 6
159 28 27 5
160 29 28 10
161 18 18 4
162 30 29 5
163 31 31 7
164 23 22 6
165 14 14 4
166 18 17 5
167 19 18 4
168 30 29 5
169 25 25 5
170 21 21 7
171 25 24 6
172 26 25 7
173 21 20 4
174 32 31 7
175 23 22 8
176 24 24 6
177 38 37 7
178 35 35 13
179 29 28 4
180 28 27 7
181 27 26 6
182 24 24 6
183 26 26 4
184 28 27 7
185 31 30 6
186 36 35 9
187 27 26 4
188 26 25 5
189 23 23 7
190 29 28 4
191 26 25 5
192 13 13 5
193 15 15 5
194 17 16 4
195 22 21 9
196 23 22 6
197 20 20 6
198 26 26 6
199 26 25 5
200 13 12 4
201 22 21 5
202 23 22 4
203 24 23 5
204 17 17 5
205 21 21 5
206 27 27 7
207 17 17 5
208 35 35 5
209 23 23 5
210 19 19 5
211 21 20 6
212 26 26 4
213 42 41 7
214 19 18 4
215 22 21 5
216 19 19 5
217 29 28 4
218 24 23 7
219 15 15 5
220 25 24 8
221 18 17 5
222 19 19 5
223 27 26 6
224 24 24 6
225 22 21 5
226 31 30 6
227 32 32 6
228 22 22 8
229 26 26 6
230 26 25 5
231 27 26 4
232 16 15 5
233 19 19 5
234 19 19 5
235 31 30 4
236 26 25 5
237 27 27 7
238 15 15 5
239 25 24 6
240 24 23 5
241 25 25 7
242 17 16 4
243 34 33 5
244 13 13 5
245 9 8 4
246 16 15 5
247 15 15 5
248 23 22 4
249 18 17 5
250 13 12 6
251 8 8 4
252 12 11 5
253 15 14 6
254 16 15 7
255 9 8 4
256 10 9 5
257 15 14 4
258 16 15 7
259 19 18 6
260 16 16 4
261 12 11 5
262 17 16 6
263 8 8 4
264 20 19 5
265 9 9 5
266 23 22 8
267 22 22 6
268 24 23 9
269 27 26 4
270 18 17 5
271 19 19 5
272 17 16 4
273 16 15 5
274 11 10 4
275 18 17 5
276 21 20 6
277 22 21 5
278 15 15 5
279 19 19 5
280 21 20 4
281 18 17 7
282 13 12 4
283 40 39 5
284 21 21 5
285 17 17 5
286 25 24 6
287 16 15 5
288 15 14 6
289 14 14 4
290 20 19 5
291 21 21 5
292 27 27 5
293 9 8 4
294 20 19 5
295 15 14 4
296 24 23 7
297 39 38 6
298 32 32 6
299 22 22 6
300 30 30 4
301 52 51 7
302 23 23 5
303 29 28 6
304 32 32 6
305 36 35 7
306 41 41 5
307 41 41 7
308 43 42 6
309 34 34 6
310 36 36 8
311 36 36 6
312 18 17 5
313 43 42 10
314 30 30 8
315 22 22 6
316 36 36 10
317 22 22 8
318 24 24 6
319 24 23 7
320 45 44 6
321 38 37 7
322 43 43 7
323 51 50 8
324 42 41 9
325 17 16 4
326 30 29 5
327 27 27 5
328 33 32 4
329 32 31 7
330 23 23 5
331 23 22 6
332 28 28 8
333 22 22 6
334 10 10 4
335 12 11 5
336 15 14 4
337 24 23 5
338 15 15 5
339 17 16 4
340 32 31 5
341 23 23 7
342 11 10 6
343 14 14 4
344 20 19 5
345 25 25 5
346 17 16 4
347 20 19 5
348 25 25 7
349 17 16 4
350 26 25 7
351 15 14 4
352 16 15 5
353 9 8 4
354 18 17 7
355 17 16 4
356 24 23 5
357 13 13 5
358 13 12 6
359 20 20 4
360 22 21 5
361 13 13 5
362 11 11 5
363 23 22 6
364 16 16 4
365 20 19 7
366 17 16 6
367 26 26 6
368 16 16 6
369 24 24 4
370 14 13 5
371 23 22 6
372 16 15 5
373 21 20 6
374 20 20 6
375 16 16 4
376 20 19 7
377 11 10 4
378 18 17 5
379 19 18 6
380 28 27 5
381 15 15 5
382 11 11 5
383 17 16 6
384 18 18 4
385 14 13 5
386 27 26 6
387 14 13 5
388 19 18 6
389 18 18 6
390 20 20 8
391 12 12 4
392 12 11 5
393 17 16 6
394 14 14 4
395 22 21 5
396 19 18 4
397 22 21 5
398 17 17 7
399 9 8 4
400 10 9 5
401 19 18 6
402 12 11 5
403 15 14 4
404 12 11 5
405 13 12 6
406 8 7 6
407 10 9 5
408 11 10 4
409 26 25 7
410 11 10 6
411 10 10 6
412 10 10 6
413 10 10 4
414 16 15 5
415 21 20 6
416 18 17 5
417 19 18 8
418 10 10 4
419 14 13 5
420 9 8 4
421 14 13 5
422 13 12 6
423 14 14 6
424 10 10 4
425 20 19 5
426 11 11 5
427 13 12 6
428 14 14 6
429 16 16 6
430 14 14 4
431 12 11 5
432 23 22 6
433 32 31 7
434 23 23 5
435 25 24 4
436 16 15 5
437 9 9 5
438 13 13 5
439 15 15 5
440 17 17 7
441 15 14 6
442 20 20 4
443 24 23 7
444 17 16 4
445 12 11 5
446 9 8 4
447 18 17 5
448 11 10 4
449 12 11 7
450 17 16 4
451 14 13 7
452 17 16 4
453 10 9 5
454 15 14 4
455 20 19 7
456 17 17 5
457 15 14 6
458 18 17 7
459 17 16 4
460 14 13 5
461 11 10 6
462 10 10 6
463 20 20 8
464 8 8 4
465 14 13 5
466 11 11 5
467 13 12 4
468 12 11 7
469 7 6 5
470 11 10 6
471 14 14 6
472 10 9 5
473 15 14 4
474 20 19 5
475 27 27 5
476 13 12 4
477 12 11 5
478 7 6 5
479 15 14 6
480 18 18 6
481 10 9 5
482 9 8 4
483 10 9 5
484 7 6 5
485 9 9 5
486 11 11 5
487 15 15 5
488 17 17 7
489 17 16 6
490 10 9 5
491 11 10 4
492 14 13 5
493 15 15 7
494 9 8 4
495 22 21 7
496 11 10 6
497 10 9 5
498 17 16 6
499 8 8 4
