0 22 21 5
1 11 11 5
2 13 12 4
3 28 27 7
4 15 15 5
5 21 20 8
6 18 18 4
7 14 13 5
8 19 18 4
9 22 21 7
10 13 13 5
11 13 12 6
12 6 6 6
13 9 8 4
14 14 13 5
15 15 15 7
16 13 13 5
17 25 24 8
18 12 12 6
19 14 14 6
20 16 16 6
21 12 12 6
22 16 16 6
23 14 13 5
24 9 8 4
25 12 11 5
26 15 14 6
27 8 8 4
28 10 9 5
29 17 17 7
30 15 14 6
31 12 12 4
32 10 9 5
33 9 8 4
34 14 13 7
35 11 10 4
36 14 13 5
37 5 5 5
38 22 21 7
39 17 16 6
40 12 11 5
41 15 15 7
42 15 14 6
43 8 8 4
44 12 11 5
45 11 11 5
46 13 12 4
47 12 11 5
48 27 27 9
49 11 10 4
50 18 17 5
51 23 22 6
52 6 6 6
53 15 15 7
54 7 6 5
55 11 10 6
56 14 14 6
57 16 16 4
58 26 25 5
59 17 16 4
60 24 23 7
61 15 14 4
62 16 15 5
63 35 34 6
64 30 30 6
65 36 35 5
66 25 25 7
67 15 14 4
68 14 13 5
69 21 21 5
70 17 17 5
71 21 20 6
72 26 26 6
73 20 20 4
74 12 11 5
75 19 18 4
76 18 17 7
77 25 24 6
78 22 22 4
79 18 17 7
80 19 19 5
81 11 11 5
82 31 30 8
83 22 22 4
84 24 23 7
85 23 23 5
86 39 39 5
87 35 35 7
88 15 15 5
89 19 18 4
90 28 27 7
91 37 36 6
92 22 22 6
93 32 32 4
94 26 25 5
95 21 21 5
96 21 21 5
97 23 23 5
98 21 21 5
99 19 18 4
100 24 23 5
101 21 21 5
102 31 30 6
103 22 22 6
104 16 16 4
105 14 13 5
106 17 16 4
107 26 25 5
108 21 20 6
109 20 19 5
110 17 17 5
111 27 26 6
112 18 18 4
113 22 21 7
114 35 34 10
115 18 18 4
116 22 21 5
117 31 31 7
118 25 24 8
119 28 28 8
120 14 14 6
121 18 17 5
122 17 16 4
123 34 33 5
124 21 21 5
125 27 27 5
126 27 26 8
127 34 34 6
128 28 27 5
129 19 19 7
130 15 14 4
131 24 23 7
132 21 20 8
133 18 18 6
134 24 24 4
135 32 31 7
136 17 16 4
137 16 15 5
138 25 24 6
139 22 21 5
140 17 17 5
141 27 26 6
142 22 22 6
143 32 32 6
144 20 20 6
145 26 26 8
146 14 14 6
147 20 19 5
148 23 22 8
149 20 20 6
150 28 28 6
151 26 25 5
152 23 23 5
153 25 24 4
154 18 17 5
155 33 32 6
156 16 16 4
157 26 25 5
158 17 17 5
159 27 26 4
160 26 25 7
161 19 19 5
162 31 31 7
163 29 28 4
164 24 23 7
165 15 14 4
166 18 17 5
167 19 18 4
168 32 31 7
169 25 24 4
170 20 19 5
171 23 23 5
172 23 23 5
173 21 21 5
174 31 30 6
175 20 20 6
176 24 23 5
177 37 36 6
178 32 32 10
179 28 28 4
180 26 25 5
181 25 25 5
182 23 22 4
183 30 29 7
184 25 24 4
185 32 31 7
186 31 30 4
187 30 29 7
188 25 24 4
189 22 21 5
190 31 30 6
191 26 25 5
192 13 13 5
193 17 17 7
194 19 18 6
195 18 18 6
196 24 23 7
197 19 18 4
198 28 27 7
199 25 25 5
