0 22 21 5
1 11 10 4
2 14 13 5
3 25 25 5
4 15 14 4
5 18 17 5
6 19 19 5
7 15 14 6
8 20 20 6
9 18 18 4
10 14 13 5
11 11 10 4
12 8 7 6
13 10 10 6
14 12 12 4
15 14 13 5
16 13 13 5
17 23 22 6
18 12 11 5
19 15 14 6
20 14 14 4
21 12 11 5
22 15 15 5
23 13 12 4
24 10 9 5
25 13 12 6
26 12 12 4
27 10 9 5
28 11 10 6
29 16 16 6
30 12 12 4
31 16 15 7
32 9 8 4
33 10 9 5
34 13 12 6
35 10 10 4
36 14 13 5
37 7 6 5
38 21 20 6
39 16 16 6
40 12 12 6
41 14 14 6
42 12 12 4
43 10 9 5
44 11 10 4
45 12 11 5
46 15 14 6
47 12 12 6
48 22 22 4
49 12 11 5
50 19 18 6
51 20 20 4
52 6 5 4
53 14 13 5
54 5 5 5
55 10 9 5
56 15 14 6
57 16 16 4
58 26 25 5
59 19 18 6
60 22 21 5
61 15 14 4
62 18 17 7
63 35 34 6
64 28 28 4
65 36 35 5
66 23 23 5
67 17 16 6
68 12 12 4
69 22 21 5
70 17 16 4
71 20 19 5
72 25 25 5
73 23 22 6
74 10 10 4
75 20 19 5
76 17 16 6
77 22 22 4
78 24 23 5
79 15 15 5
80 21 20 6
81 10 10 4
82 28 27 5
83 25 25 7
84 21 20 4
85 24 23 5
86 41 40 6
87 34 34 6
88 16 15 5
89 19 18 4
90 28 27 7
91 35 34 4
92 22 21 5
93 33 33 5
94 25 24 4
95 22 21 5
96 23 22 6
97 24 24 6
98 22 22 6
99 20 20 6
100 24 24 6
101 22 21 5
102 29 29 5
103 21 20 4
104 18 17 5
105 15 14 6
106 16 16 4
107 26 25 5
108 21 20 6
109 20 19 5
110 17 16 4
111 28 27 7
112 21 20 6
113 20 20 6
114 30 29 5
115 19 18 4
116 22 21 5
117 29 29 5
118 21 21 5
119 27 26 6
120 14 13 5
121 19 18 6
122 18 18 6
123 34 34 6
124 22 22 6
125 28 28 6
126 22 22 4
127 34 33 5
128 27 27 5
129 17 16 4
130 16 15 5
131 23 22 6
132 18 18 6
133 18 17 5
134 27 26 6
135 28 28 4
136 18 17 5
137 17 16 6
138 24 24 6
139 20 20 4
140 18 17 5
141 27 26 6
142 22 22 6
143 30 30 4
144 20 19 5
145 23 23 5
146 13 12 4
147 20 19 5
148 19 18 4
149 20 19 5
150 31 30 8
151 26 26 6
152 22 22 4
153 26 25 5
154 19 18 6
155 32 32 6
156 18 18 6
157 26 26 6
158 18 17 5
159 27 27 5
160 25 25 7
161 19 19 5
162 33 32 8
163 28 28 4
164 22 21 5
165 15 15 5
166 17 17 5
167 19 18 4
168 30 29 5
169 27 27 7
170 19 18 4
171 24 23 5
172 23 23 5
173 21 21 5
174 29 28 4
175 20 19 5
176 23 23 5
177 35 34 4
178 30 29 7
179 29 29 5
180 25 24 4
181 26 25 5
182 23 23 5
183 27 26 4
184 26 25 5
185 29 28 4
186 32 31 5
187 27 27 5
188 25 25 5
189 23 22 6
190 30 30 6
191 24 24 4
192 14 13 5
193 15 14 4
194 18 17 5
195 17 17 5
196 23 22 6
197 18 18 4
198 26 25 5
199 27 26 6
