0 204 203 83
1 119 119 84
2 136 136 84
3 238 238 84
4 152 152 83
5 169 169 83
6 187 187 84
7 136 136 84
8 186 186 83
9 187 187 84
10 136 136 84
11 118 118 83
12 85 85 85
13 102 102 84
14 136 136 84
15 136 136 84
16 136 136 84
17 204 204 84
18 118 118 83
19 135 135 83
20 153 153 84
21 118 118 83
22 153 153 84
23 136 136 84
24 102 102 84
25 118 118 83
26 135 135 83
27 101 101 83
28 101 101 83
29 153 153 84
30 136 136 84
31 136 136 84
32 102 102 84
33 102 102 84
34 118 118 83
35 119 119 84
36 136 136 84
37 84 84 84
38 187 187 84
39 152 152 83
40 119 119 84
41 136 136 84
42 136 136 84
43 102 102 84
44 118 118 83
45 119 119 84
46 136 136 84
47 118 118 83
48 221 221 84
49 118 118 83
50 169 169 83
51 203 203 83
52 85 85 85
53 136 136 84
54 84 84 84
55 101 101 83
56 135 135 83
57 169 169 83
58 237 237 83
59 169 169 83
60 203 203 83
61 153 153 84
62 152 152 83
63 305 305 83
64 271 271 83
65 323 323 84
66 220 220 83
67 153 153 84
68 136 136 84
69 204 204 84
70 170 170 84
71 186 186 83
72 237 237 83
73 203 203 83
74 119 119 84
75 186 186 83
76 153 153 84
77 220 220 83
78 221 221 84
79 152 152 83
80 187 187 84
81 118 118 83
82 255 255 84
83 220 220 83
84 203 203 83
85 221 221 84
86 356 356 83
87 305 305 83
88 153 153 84
89 186 186 83
90 237 237 83
91 323 323 84
92 204 204 84
93 306 306 84
94 238 238 84
95 204 204 84
96 204 204 84
97 220 220 83
98 203 203 83
99 187 187 84
100 220 220 83
101 203 203 83
102 271 271 83
103 203 203 83
104 169 169 83
105 135 135 83
106 169 169 83
107 237 237 83
108 187 187 84
109 186 186 83
110 169 169 83
111 237 237 83
112 187 187 84
113 186 186 83
114 271 271 83
115 187 187 84
116 204 204 84
117 272 272 84
118 204 204 84
119 238 238 84
120 136 136 84
121 170 170 84
122 170 170 84
123 306 306 84
124 204 204 84
125 254 254 83
126 221 221 84
127 306 306 84
128 254 254 83
129 169 169 83
130 153 153 84
131 204 204 84
132 170 170 84
133 170 170 84
134 238 238 84
135 272 272 84
136 170 170 84
137 152 152 83
138 221 221 84
139 204 204 84
140 170 170 84
141 238 238 84
142 204 204 84
143 288 288 83
144 187 187 84
145 220 220 83
146 135 135 83
147 187 187 84
148 186 186 83
149 187 187 84
150 254 254 83
151 237 237 83
152 221 221 84
153 238 238 84
154 170 170 84
155 288 288 83
156 169 169 83
157 237 237 83
158 169 169 83
159 255 255 84
160 220 220 83
161 187 187 84
162 272 272 84
163 272 272 84
164 204 204 84
165 152 152 83
166 169 169 83
167 187 187 84
168 272 272 84
169 238 238 84
170 186 186 83
171 221 221 84
172 220 220 83
173 203 203 83
174 271 271 83
175 187 187 84
176 220 220 83
177 323 323 84
178 254 254 83
179 271 271 83
180 237 237 83
181 237 237 83
182 221 221 84
183 254 254 83
184 237 237 83
185 271 271 83
186 289 289 84
187 254 254 83
188 237 237 83
189 203 203 83
190 271 271 83
191 237 237 83
192 135 135 83
193 153 153 84
194 170 170 84
195 170 170 84
196 204 204 84
197 186 186 83
198 237 237 83
199 237 237 83
200 135 135 83
201 203 203 83
202 221 221 84
203 220 220 83
204 169 169 83
205 203 203 83
206 237 237 83
207 169 169 83
208 323 323 84
209 220 220 83
210 187 187 84
211 186 186 83
212 255 255 84
213 356 356 83
214 187 187 84
215 204 204 84
216 186 186 83
217 271 271 83
218 203 203 83
219 153 153 84
220 204 204 84
221 170 170 84
222 186 186 83
223 237 237 83
224 221 221 84
225 204 204 84
226 272 272 84
227 288 288 83
228 187 187 84
229 238 238 84
230 238 238 84
231 254 254 83
232 153 153 84
233 186 186 83
234 187 187 84
235 288 288 83
236 237 237 83
237 237 237 83
238 153 153 84
239 220 220 83
240 221 221 84
241 220 220 83
242 169 169 83
243 305 305 83
244 135 135 83
245 101 101 83
246 153 153 84
247 152 152 83
248 221 221 84
249 170 170 84
250 118 118 83
251 101 101 83
252 119 119 84
253 136 136 84
254 136 136 84
255 102 102 84
256 102 102 84
257 152 152 83
258 135 135 83
259 169 169 83
260 169 169 83
261 119 119 84
262 152 152 83
263 101 101 83
264 187 187 84
265 102 102 84
266 186 186 83
267 203 203 83
268 187 187 84
269 254 254 83
270 169 169 83
271 187 187 84
272 170 170 84
273 152 152 83
274 119 119 84
275 170 170 84
276 186 186 83
277 203 203 83
278 153 153 84
279 186 186 83
280 203 203 83
281 153 153 84
282 136 136 84
283 356 356 83
284 203 203 83
285 169 169 83
286 221 221 84
287 152 152 83
288 135 135 83
289 153 153 84
290 186 186 83
291 203 203 83
292 255 255 84
293 102 102 84
294 186 186 83
295 153 153 84
296 204 204 84
297 340 340 84
298 288 288 83
299 203 203 83
300 289 289 84
301 442 442 84
302 220 220 83
303 255 255 84
304 288 288 83
305 305 305 83
306 373 373 83
307 357 357 84
308 374 374 84
309 306 306 84
310 306 306 84
311 322 322 83
312 169 169 83
313 339 339 83
314 255 255 84
315 204 204 84
316 288 288 83
317 187 187 84
318 220 220 83
319 203 203 83
320 391 391 84
321 322 322 83
322 373 373 83
323 425 425 84
324 340 340 84
325 170 170 84
326 272 272 84
327 254 254 83
328 305 305 83
329 271 271 83
330 221 221 84
331 204 204 84
332 238 238 84
333 204 204 84
334 118 118 83
335 119 119 84
336 152 152 83
337 221 221 84
338 152 152 83
339 169 169 83
340 289 289 84
341 204 204 84
342 102 102 84
343 152 152 83
344 187 187 84
345 238 238 84
346 170 170 84
347 186 186 83
348 221 221 84
349 170 170 84
350 220 220 83
351 153 153 84
352 152 152 83
353 101 101 83
354 153 153 84
355 170 170 84
356 220 220 83
357 135 135 83
358 119 119 84
359 204 204 84
360 204 204 84
361 136 136 84
362 118 118 83
363 203 203 83
364 169 169 83
365 169 169 83
366 153 153 84
367 238 238 84
368 152 152 83
369 237 237 83
370 135 135 83
371 203 203 83
372 153 153 84
373 186 186 83
374 187 187 84
375 170 170 84
376 170 170 84
377 118 118 83
378 169 169 83
379 169 169 83
380 255 255 84
381 152 152 83
382 119 119 84
383 152 152 83
384 187 187 84
385 136 136 84
386 238 238 84
387 136 136 84
388 170 170 84
389 170 170 84
390 170 170 84
391 136 136 84
392 118 118 83
393 153 153 84
394 152 152 83
395 203 203 83
396 187 187 84
397 204 204 84
398 152 152 83
399 101 101 83
400 101 101 83
401 169 169 83
402 119 119 84
403 152 152 83
404 119 119 84
405 118 118 83
406 85 85 85
407 102 102 84
408 118 118 83
409 221 221 84
410 102 102 84
411 102 102 84
412 102 102 84
413 118 118 83
414 153 153 84
415 186 186 83
416 169 169 83
417 153 153 84
418 118 118 83
419 135 135 83
420 101 101 83
421 135 135 83
422 119 119 84
423 136 136 84
424 118 118 83
425 187 187 84
426 118 118 83
427 119 119 84
428 136 136 84
429 152 152 83
430 153 153 84
431 118 118 83
432 203 203 83
433 271 271 83
434 221 221 84
435 238 238 84
436 152 152 83
437 101 101 83
438 135 135 83
439 153 153 84
440 152 152 83
441 135 135 83
442 203 203 83
443 203 203 83
444 169 169 83
445 119 119 84
446 102 102 84
447 170 170 84
448 118 118 83
449 101 101 83
450 169 169 83
451 119 119 84
452 170 170 84
453 102 102 84
454 152 152 83
455 169 169 83
456 169 169 83
457 135 135 83
458 153 153 84
459 170 170 84
460 136 136 84
461 102 102 84
462 102 102 84
463 170 170 84
464 102 102 84
465 136 136 84
466 118 118 83
467 135 135 83
468 101 101 83
469 85 85 85
470 102 102 84
471 136 136 84
472 102 102 84
473 152 152 83
474 187 187 84
475 254 254 83
476 135 135 83
477 119 119 84
478 84 84 84
479 135 135 83
480 169 169 83
481 101 101 83
482 101 101 83
483 101 101 83
484 85 85 85
485 102 102 84
486 118 118 83
487 153 153 84
488 152 152 83
489 153 153 84
490 102 102 84
491 118 118 83
492 135 135 83
493 135 135 83
494 101 101 83
495 187 187 84
496 102 102 84
497 102 102 84
498 152 152 83
499 101 101 83
500 119 119 84
501 136 136 84
502 152 152 83
503 101 101 83
504 135 135 83
505 169 169 83
506 101 101 83
507 153 153 84
508 102 102 84
509 152 152 83
510 135 135 83
511 153 153 84
512 136 136 84
513 170 170 84
514 118 118 83
515 135 135 83
516 135 135 83
517 153 153 84
518 186 186 83
519 153 153 84
520 102 102 84
521 102 102 84
522 152 152 83
523 119 119 84
524 118 118 83
525 119 119 84
526 118 118 83
527 135 135 83
528 119 119 84
529 84 84 84
530 119 119 84
531 102 102 84
532 136 136 84
533 170 170 84
534 102 102 84
535 102 102 84
536 102 102 84
537 136 136 84
538 186 186 83
539 289 289 84
540 204 204 84
541 152 152 83
542 169 169 83
543 101 101 83
544 101 101 83
545 119 119 84
546 84 84 84
547 169 169 83
548 169 169 83
549 221 221 84
550 204 204 84
551 204 204 84
552 186 186 83
553 135 135 83
554 119 119 84
555 118 118 83
556 119 119 84
557 84 84 84
558 153 153 84
559 152 152 83
560 187 187 84
561 220 220 83
562 135 135 83
563 203 203 83
564 187 187 84
565 152 152 83
566 187 187 84
567 102 102 84
568 84 84 84
569 203 203 83
570 135 135 83
571 135 135 83
572 255 255 84
573 136 136 84
574 136 136 84
575 136 136 84
576 186 186 83
577 203 203 83
578 169 169 83
579 101 101 83
580 237 237 83
581 221 221 84
582 152 152 83
583 221 221 84
584 170 170 84
585 186 186 83
586 187 187 84
587 220 220 83
588 271 271 83
589 221 221 84
590 306 306 84
591 322 322 83
592 203 203 83
593 221 221 84
594 288 288 83
595 169 169 83
596 203 203 83
597 407 407 83
598 323 323 84
599 204 204 84
600 204 204 84
601 204 204 84
602 238 238 84
603 254 254 83
604 323 323 84
605 322 322 83
606 323 323 84
607 340 340 84
608 204 204 84
609 238 238 84
610 306 306 84
611 204 204 84
612 306 306 84
613 254 254 83
614 289 289 84
615 254 254 83
616 255 255 84
617 152 152 83
618 289 289 84
619 272 272 84
620 254 254 83
621 221 221 84
622 322 322 83
623 271 271 83
624 237 237 83
625 255 255 84
626 204 204 84
627 254 254 83
628 203 203 83
629 339 339 83
630 407 407 83
631 255 255 84
632 204 204 84
633 186 186 83
634 221 221 84
635 306 306 84
636 186 186 83
637 237 237 83
638 271 271 83
639 271 271 83
640 255 255 84
641 204 204 84
642 186 186 83
643 255 255 84
644 238 238 84
645 220 220 83
646 237 237 83
647 339 339 83
648 271 271 83
649 221 221 84
650 204 204 84
651 306 306 84
652 204 204 84
653 204 204 84
654 340 340 84
655 204 204 84
656 204 204 84
657 204 204 84
658 306 306 84
659 306 306 84
660 186 186 83
661 305 305 83
662 305 305 83
663 339 339 83
664 305 305 83
665 289 289 84
666 272 272 84
667 220 220 83
668 305 305 83
669 373 373 83
670 255 255 84
671 136 136 84
672 170 170 84
673 322 322 83
674 221 221 84
675 306 306 84
676 272 272 84
677 356 356 83
678 221 221 84
679 272 272 84
680 272 272 84
681 170 170 84
682 238 238 84
683 254 254 83
684 221 221 84
685 238 238 84
686 288 288 83
687 153 153 84
688 272 272 84
689 238 238 84
690 170 170 84
691 238 238 84
692 152 152 83
693 203 203 83
694 271 271 83
695 237 237 83
696 203 203 83
697 271 271 83
698 169 169 83
699 187 187 84
700 238 238 84
701 152 152 83
702 135 135 83
703 153 153 84
704 272 272 84
705 186 186 83
706 119 119 84
707 136 136 84
708 186 186 83
709 169 169 83
710 153 153 84
711 186 186 83
712 169 169 83
713 187 187 84
714 170 170 84
715 204 204 84
716 204 204 84
717 220 220 83
718 135 135 83
719 101 101 83
720 153 153 84
721 152 152 83
722 169 169 83
723 101 101 83
724 101 101 83
725 153 153 84
726 118 118 83
727 187 187 84
728 170 170 84
729 204 204 84
730 152 152 83
731 203 203 83
732 135 135 83
733 153 153 84
734 118 118 83
735 169 169 83
736 153 153 84
737 152 152 83
738 187 187 84
739 170 170 84
740 220 220 83
741 187 187 84
742 136 136 84
743 204 204 84
744 186 186 83
745 187 187 84
746 136 136 84
747 118 118 83
748 187 187 84
749 136 136 84
750 238 238 84
751 152 152 83
752 135 135 83
753 237 237 83
754 153 153 84
755 152 152 83
756 237 237 83
757 135 135 83
758 119 119 84
759 152 152 83
760 187 187 84
761 170 170 84
762 118 118 83
763 187 187 84
764 118 118 83
765 135 135 83
766 101 101 83
767 101 101 83
768 135 135 83
769 135 135 83
770 119 119 84
771 152 152 83
772 221 221 84
773 170 170 84
774 220 220 83
775 187 187 84
776 186 186 83
777 169 169 83
778 135 135 83
779 101 101 83
780 119 119 84
781 136 136 84
782 118 118 83
783 119 119 84
784 136 136 84
785 254 254 83
786 153 153 84
787 118 118 83
788 153 153 84
789 254 254 83
790 101 101 83
791 135 135 83
792 153 153 84
793 136 136 84
794 152 152 83
795 289 289 84
796 136 136 84
797 238 238 84
798 272 272 84
799 306 306 84
800 254 254 83
801 135 135 83
802 101 101 83
803 119 119 84
804 118 118 83
805 169 169 83
806 169 169 83
807 221 221 84
808 152 152 83
809 221 221 84
810 220 220 83
811 119 119 84
812 118 118 83
813 135 135 83
814 135 135 83
815 187 187 84
816 152 152 83
817 237 237 83
818 119 119 84
819 170 170 84
820 170 170 84
821 118 118 83
822 169 169 83
823 255 255 84
824 152 152 83
825 119 119 84
826 238 238 84
827 186 186 83
828 169 169 83
829 119 119 84
830 204 204 84
831 84 84 84
832 119 119 84
833 170 170 84
834 136 136 84
835 118 118 83
836 135 135 83
837 101 101 83
838 135 135 83
839 169 169 83
840 135 135 83
841 135 135 83
842 135 135 83
843 169 169 83
844 203 203 83
845 169 169 83
846 203 203 83
847 153 153 84
848 170 170 84
849 186 186 83
850 203 203 83
851 221 221 84
852 84 84 84
853 221 221 84
854 102 102 84
855 102 102 84
856 170 170 84
857 186 186 83
858 187 187 84
859 102 102 84
860 152 152 83
861 119 119 84
862 152 152 83
863 119 119 84
864 118 118 83
865 135 135 83
866 101 101 83
867 101 101 83
868 237 237 83
869 119 119 84
870 186 186 83
871 187 187 84
872 136 136 84
873 102 102 84
874 170 170 84
875 118 118 83
876 101 101 83
877 135 135 83
878 153 153 84
879 186 186 83
880 101 101 83
881 153 153 84
882 118 118 83
883 153 153 84
884 136 136 84
885 152 152 83
886 153 153 84
887 152 152 83
888 119 119 84
889 84 84 84
890 169 169 83
891 101 101 83
892 135 135 83
893 135 135 83
894 119 119 84
895 136 136 84
896 136 136 84
897 170 170 84
898 170 170 84
899 152 152 83
900 135 135 83
901 187 187 84
902 220 220 83
903 135 135 83
904 119 119 84
905 118 118 83
906 119 119 84
907 102 102 84
908 102 102 84
909 152 152 83
910 119 119 84
911 152 152 83
912 119 119 84
913 102 102 84
914 84 84 84
915 135 135 83
916 119 119 84
917 118 118 83
918 119 119 84
919 136 136 84
920 186 186 83
921 169 169 83
922 101 101 83
923 119 119 84
924 102 102 84
925 118 118 83
926 85 85 85
927 102 102 84
928 102 102 84
929 170 170 84
930 152 152 83
931 221 221 84
932 118 118 83
933 169 169 83
934 135 135 83
935 169 169 83
936 187 187 84
937 136 136 84
938 102 102 84
939 136 136 84
940 186 186 83
941 101 101 83
942 119 119 84
943 118 118 83
944 135 135 83
945 119 119 84
946 254 254 83
947 203 203 83
948 187 187 84
949 186 186 83
950 153 153 84
951 170 170 84
952 84 84 84
953 119 119 84
954 118 118 83
955 101 101 83
956 169 169 83
957 135 135 83
958 119 119 84
959 118 118 83
960 135 135 83
961 169 169 83
962 135 135 83
963 153 153 84
964 136 136 84
965 152 152 83
966 187 187 84
967 136 136 84
968 152 152 83
969 153 153 84
970 136 136 84
971 136 136 84
972 170 170 84
973 118 118 83
974 135 135 83
975 119 119 84
976 102 102 84
977 136 136 84
978 238 238 84
979 220 220 83
980 101 101 83
981 237 237 83
982 187 187 84
983 118 118 83
984 237 237 83
985 187 187 84
986 186 186 83
987 169 169 83
988 135 135 83
989 187 187 84
990 238 238 84
991 306 306 84
992 238 238 84
993 170 170 84
994 220 220 83
995 305 305 83
996 289 289 84
997 238 238 84
998 408 408 84
999 220 220 83
1000 237 237 83
1001 339 339 83
1002 237 237 83
1003 255 255 84
1004 238 238 84
1005 204 204 84
1006 238 238 84
1007 238 238 84
1008 340 340 84
1009 238 238 84
1010 220 220 83
1011 237 237 83
1012 255 255 84
1013 272 272 84
1014 204 204 84
1015 306 306 84
1016 238 238 84
1017 238 238 84
1018 272 272 84
1019 322 322 83
1020 203 203 83
1021 305 305 83
1022 187 187 84
1023 254 254 83
1024 221 221 84
1025 272 272 84
1026 220 220 83
1027 203 203 83
1028 237 237 83
1029 237 237 83
1030 135 135 83
1031 135 135 83
1032 135 135 83
1033 169 169 83
1034 203 203 83
1035 203 203 83
1036 237 237 83
1037 221 221 84
1038 220 220 83
1039 271 271 83
1040 187 187 84
1041 254 254 83
1042 289 289 84
1043 238 238 84
1044 288 288 83
1045 203 203 83
1046 187 187 84
1047 118 118 83
1048 255 255 84
1049 170 170 84
1050 136 136 84
1051 186 186 83
1052 203 203 83
1053 135 135 83
1054 289 289 84
1055 322 322 83
1056 221 221 84
1057 170 170 84
1058 186 186 83
1059 221 221 84
1060 220 220 83
1061 221 221 84
1062 288 288 83
1063 203 203 83
1064 203 203 83
1065 153 153 84
1066 254 254 83
1067 271 271 83
1068 203 203 83
1069 255 255 84
1070 238 238 84
1071 220 220 83
1072 153 153 84
1073 118 118 83
1074 221 221 84
1075 170 170 84
1076 220 220 83
1077 221 221 84
1078 84 84 84
1079 203 203 83
1080 203 203 83
1081 221 221 84
1082 204 204 84
1083 170 170 84
1084 220 220 83
1085 237 237 83
1086 187 187 84
1087 170 170 84
1088 186 186 83
1089 203 203 83
1090 187 187 84
1091 136 136 84
1092 220 220 83
1093 153 153 84
1094 136 136 84
1095 170 170 84
1096 204 204 84
1097 170 170 84
1098 220 220 83
1099 187 187 84
1100 204 204 84
1101 152 152 83
1102 101 101 83
1103 153 153 84
1104 170 170 84
1105 170 170 84
1106 118 118 83
1107 119 119 84
1108 238 238 84
1109 170 170 84
1110 204 204 84
1111 186 186 83
1112 169 169 83
1113 135 135 83
1114 237 237 83
1115 221 221 84
1116 204 204 84
1117 204 204 84
1118 204 204 84
1119 136 136 84
1120 186 186 83
1121 119 119 84
1122 152 152 83
1123 119 119 84
1124 152 152 83
1125 169 169 83
1126 135 135 83
1127 153 153 84
1128 186 186 83
1129 135 135 83
1130 101 101 83
1131 203 203 83
1132 153 153 84
1133 254 254 83
1134 135 135 83
1135 135 135 83
1136 169 169 83
1137 169 169 83
1138 135 135 83
1139 221 221 84
1140 170 170 84
1141 118 118 83
1142 101 101 83
1143 203 203 83
1144 135 135 83
1145 135 135 83
1146 203 203 83
1147 255 255 84
1148 204 204 84
1149 136 136 84
1150 254 254 83
1151 153 153 84
1152 118 118 83
1153 135 135 83
1154 169 169 83
1155 153 153 84
1156 170 170 84
1157 152 152 83
1158 153 153 84
1159 152 152 83
1160 221 221 84
1161 118 118 83
1162 119 119 84
1163 220 220 83
1164 135 135 83
1165 187 187 84
1166 170 170 84
1167 152 152 83
1168 153 153 84
1169 152 152 83
1170 153 153 84
1171 152 152 83
1172 169 169 83
1173 187 187 84
1174 152 152 83
1175 119 119 84
1176 118 118 83
1177 119 119 84
1178 136 136 84
1179 136 136 84
1180 152 152 83
1181 135 135 83
1182 85 85 85
1183 84 84 84
1184 153 153 84
1185 152 152 83
1186 119 119 84
1187 136 136 84
1188 102 102 84
1189 170 170 84
1190 118 118 83
1191 85 85 85
1192 152 152 83
1193 119 119 84
1194 84 84 84
1195 135 135 83
1196 119 119 84
1197 136 136 84
1198 152 152 83
1199 119 119 84
1200 238 238 84
1201 136 136 84
1202 186 186 83
1203 101 101 83
1204 101 101 83
1205 135 135 83
1206 153 153 84
1207 118 118 83
1208 169 169 83
1209 85 85 85
1210 118 118 83
1211 119 119 84
1212 204 204 84
1213 136 136 84
1214 136 136 84
1215 118 118 83
1216 169 169 83
1217 119 119 84
1218 136 136 84
1219 102 102 84
1220 102 102 84
1221 118 118 83
1222 119 119 84
1223 136 136 84
1224 102 102 84
1225 118 118 83
1226 101 101 83
1227 169 169 83
1228 119 119 84
1229 186 186 83
1230 101 101 83
1231 135 135 83
1232 101 101 83
1233 101 101 83
1234 119 119 84
1235 84 84 84
1236 169 169 83
1237 169 169 83
1238 85 85 85
1239 102 102 84
1240 118 118 83
1241 101 101 83
1242 119 119 84
1243 118 118 83
1244 187 187 84
1245 102 102 84
1246 118 118 83
1247 135 135 83
1248 101 101 83
1249 101 101 83
1250 101 101 83
1251 101 101 83
1252 101 101 83
1253 153 153 84
1254 170 170 84
1255 136 136 84
1256 152 152 83
1257 135 135 83
1258 101 101 83
1259 135 135 83
1260 169 169 83
1261 119 119 84
1262 84 84 84
1263 101 101 83
1264 85 85 85
1265 152 152 83
1266 85 85 85
1267 136 136 84
1268 118 118 83
1269 203 203 83
1270 153 153 84
1271 136 136 84
1272 136 136 84
1273 102 102 84
1274 118 118 83
1275 101 101 83
1276 135 135 83
1277 169 169 83
1278 169 169 83
1279 119 119 84
1280 170 170 84
1281 136 136 84
1282 170 170 84
1283 84 84 84
1284 187 187 84
1285 136 136 84
1286 102 102 84
1287 118 118 83
1288 135 135 83
1289 119 119 84
1290 152 152 83
1291 119 119 84
1292 136 136 84
1293 170 170 84
1294 152 152 83
1295 119 119 84
1296 170 170 84
1297 118 118 83
1298 101 101 83
1299 119 119 84
1300 118 118 83
1301 101 101 83
1302 203 203 83
1303 101 101 83
1304 135 135 83
1305 187 187 84
1306 136 136 84
1307 102 102 84
1308 84 84 84
1309 169 169 83
1310 135 135 83
1311 135 135 83
1312 101 101 83
1313 119 119 84
1314 186 186 83
1315 187 187 84
1316 84 84 84
1317 135 135 83
1318 101 101 83
1319 119 119 84
1320 102 102 84
1321 118 118 83
1322 119 119 84
1323 288 288 83
1324 153 153 84
1325 102 102 84
1326 102 102 84
1327 152 152 83
1328 135 135 83
1329 153 153 84
1330 152 152 83
1331 153 153 84
1332 118 118 83
1333 135 135 83
1334 169 169 83
1335 187 187 84
1336 220 220 83
1337 119 119 84
1338 170 170 84
1339 118 118 83
1340 119 119 84
1341 186 186 83
1342 135 135 83
1343 101 101 83
1344 221 221 84
1345 84 84 84
1346 169 169 83
1347 153 153 84
1348 170 170 84
1349 118 118 83
1350 221 221 84
1351 152 152 83
1352 119 119 84
1353 186 186 83
1354 119 119 84
1355 186 186 83
1356 135 135 83
1357 101 101 83
1358 203 203 83
1359 339 339 83
1360 169 169 83
1361 187 187 84
1362 204 204 84
1363 220 220 83
1364 187 187 84
1365 204 204 84
1366 186 186 83
1367 169 169 83
1368 153 153 84
1369 220 220 83
1370 187 187 84
1371 186 186 83
1372 169 169 83
1373 119 119 84
1374 238 238 84
1375 204 204 84
1376 186 186 83
1377 255 255 84
1378 186 186 83
1379 135 135 83
1380 153 153 84
1381 136 136 84
1382 254 254 83
1383 119 119 84
1384 186 186 83
1385 135 135 83
1386 153 153 84
1387 186 186 83
1388 237 237 83
1389 169 169 83
1390 135 135 83
1391 203 203 83
1392 203 203 83
1393 271 271 83
1394 153 153 84
1395 118 118 83
1396 153 153 84
1397 170 170 84
1398 152 152 83
1399 169 169 83
1400 203 203 83
1401 187 187 84
1402 238 238 84
1403 136 136 84
1404 136 136 84
1405 152 152 83
1406 85 85 85
1407 186 186 83
1408 187 187 84
1409 170 170 84
1410 136 136 84
1411 152 152 83
1412 135 135 83
1413 135 135 83
1414 169 169 83
1415 187 187 84
1416 170 170 84
1417 136 136 84
1418 170 170 84
1419 152 152 83
1420 187 187 84
1421 254 254 83
1422 203 203 83
1423 169 169 83
1424 153 153 84
1425 186 186 83
1426 169 169 83
1427 101 101 83
1428 119 119 84
1429 136 136 84
1430 118 118 83
1431 119 119 84
1432 136 136 84
1433 136 136 84
1434 102 102 84
1435 102 102 84
1436 102 102 84
1437 136 136 84
1438 102 102 84
1439 170 170 84
1440 102 102 84
1441 118 118 83
1442 101 101 83
1443 119 119 84
1444 102 102 84
1445 118 118 83
1446 135 135 83
1447 119 119 84
1448 118 118 83
1449 237 237 83
1450 135 135 83
1451 135 135 83
1452 169 169 83
1453 153 153 84
1454 136 136 84
1455 102 102 84
1456 118 118 83
1457 101 101 83
1458 135 135 83
1459 119 119 84
1460 118 118 83
1461 101 101 83
1462 101 101 83
1463 101 101 83
1464 135 135 83
1465 169 169 83
1466 119 119 84
1467 118 118 83
1468 135 135 83
1469 101 101 83
1470 101 101 83
1471 289 289 84
1472 136 136 84
1473 152 152 83
1474 119 119 84
1475 102 102 84
1476 170 170 84
1477 136 136 84
1478 204 204 84
1479 118 118 83
1480 153 153 84
1481 186 186 83
1482 169 169 83
1483 119 119 84
1484 118 118 83
1485 135 135 83
1486 237 237 83
1487 135 135 83
1488 153 153 84
1489 170 170 84
1490 118 118 83
1491 221 221 84
1492 204 204 84
1493 118 118 83
1494 271 271 83
1495 135 135 83
1496 221 221 84
1497 102 102 84
1498 306 306 84
1499 238 238 84
1500 374 374 84
1501 238 238 84
1502 170 170 84
1503 152 152 83
1504 357 357 84
1505 152 152 83
1506 271 271 83
1507 169 169 83
1508 255 255 84
1509 152 152 83
1510 169 169 83
1511 203 203 83
1512 221 221 84
1513 254 254 83
1514 101 101 83
1515 169 169 83
1516 271 271 83
1517 289 289 84
1518 170 170 84
1519 204 204 84
1520 186 186 83
1521 187 187 84
1522 238 238 84
1523 204 204 84
1524 220 220 83
1525 187 187 84
1526 186 186 83
1527 203 203 83
1528 153 153 84
1529 170 170 84
1530 220 220 83
1531 169 169 83
1532 169 169 83
1533 255 255 84
1534 272 272 84
1535 186 186 83
1536 169 169 83
1537 221 221 84
1538 254 254 83
1539 221 221 84
1540 220 220 83
1541 187 187 84
1542 356 356 83
1543 339 339 83
1544 255 255 84
1545 272 272 84
1546 186 186 83
1547 153 153 84
1548 170 170 84
1549 220 220 83
1550 255 255 84
1551 170 170 84
1552 152 152 83
1553 203 203 83
1554 203 203 83
1555 187 187 84
1556 136 136 84
1557 136 136 84
1558 238 238 84
1559 204 204 84
1560 152 152 83
1561 237 237 83
1562 187 187 84
1563 152 152 83
1564 169 169 83
1565 271 271 83
1566 237 237 83
1567 203 203 83
1568 187 187 84
1569 186 186 83
1570 187 187 84
1571 204 204 84
1572 186 186 83
1573 85 85 85
1574 288 288 83
1575 187 187 84
1576 204 204 84
1577 136 136 84
1578 170 170 84
1579 170 170 84
1580 186 186 83
1581 203 203 83
1582 221 221 84
1583 220 220 83
1584 187 187 84
1585 170 170 84
1586 220 220 83
1587 271 271 83
1588 169 169 83
1589 101 101 83
1590 187 187 84
1591 238 238 84
1592 102 102 84
1593 186 186 83
1594 203 203 83
1595 153 153 84
1596 186 186 83
1597 289 289 84
1598 170 170 84
1599 136 136 84
1600 136 136 84
1601 84 84 84
1602 237 237 83
1603 153 153 84
1604 170 170 84
1605 152 152 83
1606 153 153 84
1607 170 170 84
1608 170 170 84
1609 186 186 83
1610 135 135 83
1611 135 135 83
1612 169 169 83
1613 153 153 84
1614 136 136 84
1615 136 136 84
1616 220 220 83
1617 187 187 84
1618 152 152 83
1619 135 135 83
1620 221 221 84
1621 152 152 83
1622 153 153 84
1623 118 118 83
1624 187 187 84
1625 118 118 83
1626 153 153 84
1627 118 118 83
1628 119 119 84
1629 204 204 84
1630 118 118 83
1631 203 203 83
1632 153 153 84
1633 136 136 84
1634 238 238 84
1635 152 152 83
1636 169 169 83
1637 119 119 84
1638 136 136 84
1639 136 136 84
1640 186 186 83
1641 153 153 84
1642 152 152 83
1643 255 255 84
1644 220 220 83
1645 271 271 83
1646 221 221 84
1647 152 152 83
1648 187 187 84
1649 272 272 84
1650 254 254 83
1651 221 221 84
1652 204 204 84
1653 306 306 84
1654 254 254 83
1655 203 203 83
1656 221 221 84
1657 186 186 83
1658 305 305 83
1659 305 305 83
1660 255 255 84
1661 254 254 83
1662 221 221 84
1663 204 204 84
1664 170 170 84
1665 238 238 84
1666 272 272 84
1667 220 220 83
1668 169 169 83
1669 255 255 84
1670 186 186 83
1671 135 135 83
1672 187 187 84
1673 170 170 84
1674 136 136 84
1675 136 136 84
1676 238 238 84
1677 186 186 83
1678 119 119 84
1679 152 152 83
1680 169 169 83
1681 119 119 84
1682 186 186 83
1683 135 135 83
1684 153 153 84
1685 118 118 83
1686 85 85 85
1687 186 186 83
1688 169 169 83
1689 119 119 84
1690 118 118 83
1691 135 135 83
1692 169 169 83
1693 169 169 83
1694 119 119 84
1695 136 136 84
1696 118 118 83
1697 169 169 83
1698 119 119 84
1699 152 152 83
1700 101 101 83
1701 135 135 83
1702 135 135 83
1703 153 153 84
1704 84 84 84
1705 85 85 85
1706 84 84 84
1707 119 119 84
1708 118 118 83
1709 153 153 84
1710 186 186 83
1711 169 169 83
1712 135 135 83
1713 187 187 84
1714 118 118 83
1715 119 119 84
1716 118 118 83
1717 101 101 83
1718 153 153 84
1719 102 102 84
1720 170 170 84
1721 204 204 84
1722 186 186 83
1723 153 153 84
1724 152 152 83
1725 135 135 83
1726 119 119 84
1727 204 204 84
1728 254 254 83
1729 187 187 84
1730 170 170 84
1731 170 170 84
1732 118 118 83
1733 187 187 84
1734 186 186 83
1735 135 135 83
1736 101 101 83
1737 119 119 84
1738 136 136 84
1739 118 118 83
1740 119 119 84
1741 170 170 84
1742 118 118 83
1743 119 119 84
1744 118 118 83
1745 85 85 85
1746 152 152 83
1747 153 153 84
1748 136 136 84
1749 170 170 84
1750 136 136 84
1751 136 136 84
1752 118 118 83
1753 119 119 84
1754 118 118 83
1755 153 153 84
1756 118 118 83
1757 85 85 85
1758 136 136 84
1759 136 136 84
1760 118 118 83
1761 169 169 83
1762 237 237 83
1763 187 187 84
1764 118 118 83
1765 119 119 84
1766 102 102 84
1767 118 118 83
1768 153 153 84
1769 152 152 83
1770 153 153 84
1771 170 170 84
1772 118 118 83
1773 135 135 83
1774 169 169 83
1775 153 153 84
1776 170 170 84
1777 152 152 83
1778 119 119 84
1779 204 204 84
1780 118 118 83
1781 221 221 84
1782 186 186 83
1783 153 153 84
1784 152 152 83
1785 119 119 84
1786 84 84 84
1787 119 119 84
1788 136 136 84
1789 102 102 84
1790 136 136 84
1791 102 102 84
1792 102 102 84
1793 84 84 84
1794 135 135 83
1795 135 135 83
1796 135 135 83
1797 135 135 83
1798 153 153 84
1799 118 118 83
1800 153 153 84
1801 254 254 83
1802 101 101 83
1803 153 153 84
1804 118 118 83
1805 101 101 83
1806 119 119 84
1807 118 118 83
1808 135 135 83
1809 203 203 83
1810 169 169 83
1811 153 153 84
1812 136 136 84
1813 238 238 84
1814 220 220 83
1815 221 221 84
1816 170 170 84
1817 84 84 84
1818 169 169 83
1819 135 135 83
1820 153 153 84
1821 186 186 83
1822 221 221 84
1823 204 204 84
1824 136 136 84
1825 118 118 83
1826 153 153 84
1827 118 118 83
1828 203 203 83
1829 135 135 83
1830 119 119 84
1831 118 118 83
1832 119 119 84
1833 152 152 83
1834 135 135 83
1835 203 203 83
1836 153 153 84
1837 220 220 83
1838 153 153 84
1839 136 136 84
1840 170 170 84
1841 186 186 83
1842 221 221 84
1843 238 238 84
1844 288 288 83
1845 339 339 83
1846 135 135 83
1847 187 187 84
1848 288 288 83
1849 237 237 83
1850 271 271 83
1851 271 271 83
1852 169 169 83
1853 203 203 83
1854 255 255 84
1855 272 272 84
1856 170 170 84
1857 220 220 83
1858 203 203 83
1859 289 289 84
1860 238 238 84
1861 288 288 83
1862 323 323 84
1863 238 238 84
1864 220 220 83
1865 203 203 83
1866 271 271 83
1867 289 289 84
1868 238 238 84
1869 204 204 84
1870 306 306 84
1871 272 272 84
1872 254 254 83
1873 323 323 84
1874 220 220 83
1875 373 373 83
1876 221 221 84
1877 272 272 84
1878 220 220 83
1879 255 255 84
1880 272 272 84
1881 288 288 83
1882 255 255 84
1883 340 340 84
1884 220 220 83
1885 391 391 84
1886 220 220 83
1887 391 391 84
1888 238 238 84
1889 238 238 84
1890 204 204 84
1891 306 306 84
1892 238 238 84
1893 288 288 83
1894 305 305 83
1895 169 169 83
1896 119 119 84
1897 390 390 83
1898 459 459 84
1899 204 204 84
1900 204 204 84
1901 254 254 83
1902 255 255 84
1903 272 272 84
1904 254 254 83
1905 323 323 84
1906 288 288 83
1907 221 221 84
1908 322 322 83
1909 221 221 84
1910 238 238 84
1911 322 322 83
1912 357 357 84
1913 356 356 83
1914 305 305 83
1915 289 289 84
1916 220 220 83
1917 169 169 83
1918 407 407 83
1919 255 255 84
1920 356 356 83
1921 237 237 83
1922 323 323 84
1923 272 272 84
1924 272 272 84
1925 254 254 83
1926 221 221 84
1927 322 322 83
1928 391 391 84
1929 238 238 84
1930 220 220 83
1931 187 187 84
1932 238 238 84
1933 288 288 83
1934 221 221 84
1935 272 272 84
1936 306 306 84
1937 238 238 84
1938 322 322 83
1939 357 357 84
1940 254 254 83
1941 169 169 83
1942 237 237 83
1943 203 203 83
1944 203 203 83
1945 237 237 83
1946 255 255 84
1947 288 288 83
1948 203 203 83
1949 203 203 83
1950 237 237 83
1951 237 237 83
1952 169 169 83
1953 187 187 84
1954 186 186 83
1955 187 187 84
1956 220 220 83
1957 187 187 84
1958 186 186 83
1959 255 255 84
1960 238 238 84
1961 170 170 84
1962 204 204 84
1963 238 238 84
1964 220 220 83
1965 203 203 83
1966 187 187 84
1967 186 186 83
1968 187 187 84
1969 204 204 84
1970 204 204 84
1971 170 170 84
1972 220 220 83
1973 271 271 83
1974 203 203 83
1975 221 221 84
1976 118 118 83
1977 187 187 84
1978 186 186 83
1979 271 271 83
1980 187 187 84
1981 152 152 83
1982 135 135 83
1983 135 135 83
1984 153 153 84
1985 102 102 84
1986 170 170 84
1987 186 186 83
1988 135 135 83
1989 203 203 83
1990 169 169 83
1991 135 135 83
1992 119 119 84
1993 186 186 83
1994 153 153 84
1995 204 204 84
1996 136 136 84
1997 170 170 84
1998 84 84 84
1999 187 187 84
2000 136 136 84
2001 118 118 83
2002 135 135 83
2003 153 153 84
2004 204 204 84
2005 102 102 84
2006 186 186 83
2007 169 169 83
2008 85 85 85
2009 152 152 83
2010 135 135 83
2011 187 187 84
2012 152 152 83
2013 135 135 83
2014 203 203 83
2015 237 237 83
2016 187 187 84
2017 170 170 84
2018 102 102 84
2019 152 152 83
2020 187 187 84
2021 186 186 83
2022 169 169 83
2023 135 135 83
2024 135 135 83
2025 135 135 83
2026 187 187 84
2027 136 136 84
2028 152 152 83
2029 135 135 83
2030 85 85 85
2031 84 84 84
2032 101 101 83
2033 153 153 84
2034 152 152 83
2035 169 169 83
2036 203 203 83
2037 135 135 83
2038 119 119 84
2039 136 136 84
2040 118 118 83
2041 119 119 84
2042 102 102 84
2043 152 152 83
2044 153 153 84
2045 136 136 84
2046 238 238 84
2047 118 118 83
2048 101 101 83
2049 101 101 83
2050 119 119 84
2051 118 118 83
2052 85 85 85
2053 84 84 84
2054 101 101 83
2055 135 135 83
2056 153 153 84
2057 220 220 83
2058 237 237 83
2059 203 203 83
2060 169 169 83
2061 135 135 83
2062 169 169 83
2063 169 169 83
2064 135 135 83
2065 119 119 84
2066 136 136 84
2067 136 136 84
2068 136 136 84
2069 118 118 83
2070 203 203 83
2071 203 203 83
2072 187 187 84
2073 220 220 83
2074 153 153 84
2075 102 102 84
2076 102 102 84
2077 136 136 84
2078 204 204 84
2079 118 118 83
2080 153 153 84
2081 102 102 84
2082 220 220 83
2083 237 237 83
2084 119 119 84
2085 84 84 84
2086 119 119 84
2087 136 136 84
2088 118 118 83
2089 119 119 84
2090 136 136 84
2091 118 118 83
2092 85 85 85
2093 170 170 84
2094 102 102 84
2095 102 102 84
2096 102 102 84
2097 84 84 84
2098 203 203 83
2099 187 187 84
2100 186 186 83
2101 85 85 85
2102 118 118 83
2103 153 153 84
2104 118 118 83
2105 85 85 85
2106 118 118 83
2107 153 153 84
2108 170 170 84
2109 118 118 83
2110 119 119 84
2111 102 102 84
2112 220 220 83
2113 187 187 84
2114 152 152 83
2115 119 119 84
2116 102 102 84
2117 136 136 84
2118 170 170 84
2119 152 152 83
2120 339 339 83
2121 237 237 83
2122 237 237 83
2123 187 187 84
2124 272 272 84
2125 204 204 84
2126 220 220 83
2127 203 203 83
2128 221 221 84
2129 204 204 84
2130 220 220 83
2131 187 187 84
2132 220 220 83
2133 237 237 83
2134 221 221 84
2135 272 272 84
2136 220 220 83
2137 289 289 84
2138 272 272 84
2139 408 408 84
2140 238 238 84
2141 238 238 84
2142 152 152 83
2143 187 187 84
2144 186 186 83
2145 187 187 84
2146 340 340 84
2147 254 254 83
2148 221 221 84
2149 186 186 83
2150 237 237 83
2151 203 203 83
2152 255 255 84
2153 186 186 83
2154 221 221 84
2155 186 186 83
2156 323 323 84
2157 170 170 84
2158 254 254 83
2159 169 169 83
2160 289 289 84
2161 170 170 84
2162 254 254 83
2163 203 203 83
2164 135 135 83
2165 169 169 83
2166 237 237 83
2167 203 203 83
2168 169 169 83
2169 203 203 83
2170 237 237 83
2171 237 237 83
2172 187 187 84
2173 238 238 84
2174 152 152 83
2175 237 237 83
2176 221 221 84
2177 254 254 83
2178 187 187 84
2179 254 254 83
2180 135 135 83
2181 271 271 83
2182 221 221 84
2183 220 220 83
2184 153 153 84
2185 118 118 83
2186 237 237 83
2187 187 187 84
2188 220 220 83
2189 203 203 83
2190 153 153 84
2191 170 170 84
2192 186 186 83
2193 289 289 84
2194 186 186 83
2195 271 271 83
2196 153 153 84
2197 186 186 83
2198 169 169 83
2199 153 153 84
2200 152 152 83
2201 221 221 84
2202 204 204 84
2203 84 84 84
2204 203 203 83
2205 153 153 84
2206 152 152 83
2207 187 187 84
2208 204 204 84
2209 118 118 83
2210 203 203 83
2211 153 153 84
2212 152 152 83
2213 187 187 84
2214 220 220 83
2215 135 135 83
2216 169 169 83
2217 323 323 84
2218 136 136 84
2219 186 186 83
2220 119 119 84
2221 204 204 84
2222 204 204 84
2223 170 170 84
2224 152 152 83
2225 135 135 83
2226 153 153 84
2227 186 186 83
2228 187 187 84
2229 220 220 83
2230 187 187 84
2231 118 118 83
2232 237 237 83
2233 135 135 83
2234 203 203 83
2235 135 135 83
2236 237 237 83
2237 221 221 84
2238 152 152 83
2239 101 101 83
2240 221 221 84
2241 118 118 83
2242 135 135 83
2243 187 187 84
2244 152 152 83
2245 119 119 84
2246 102 102 84
2247 170 170 84
2248 84 84 84
2249 119 119 84
2250 170 170 84
2251 118 118 83
2252 169 169 83
2253 135 135 83
2254 153 153 84
2255 136 136 84
2256 220 220 83
2257 135 135 83
2258 119 119 84
2259 152 152 83
2260 135 135 83
2261 135 135 83
2262 135 135 83
2263 153 153 84
2264 118 118 83
2265 119 119 84
2266 118 118 83
2267 119 119 84
2268 118 118 83
2269 169 169 83
2270 153 153 84
2271 84 84 84
2272 119 119 84
2273 84 84 84
2274 187 187 84
2275 102 102 84
2276 170 170 84
2277 136 136 84
2278 136 136 84
2279 136 136 84
2280 84 84 84
2281 153 153 84
2282 118 118 83
2283 101 101 83
2284 119 119 84
2285 170 170 84
2286 152 152 83
2287 135 135 83
2288 119 119 84
2289 102 102 84
2290 102 102 84
2291 118 118 83
2292 119 119 84
2293 84 84 84
2294 203 203 83
2295 169 169 83
2296 187 187 84
2297 102 102 84
2298 118 118 83
2299 85 85 85
2300 84 84 84
2301 101 101 83
2302 101 101 83
2303 135 135 83
2304 119 119 84
2305 170 170 84
2306 170 170 84
2307 152 152 83
2308 169 169 83
2309 203 203 83
2310 135 135 83
2311 101 101 83
2312 101 101 83
2313 153 153 84
2314 170 170 84
2315 118 118 83
2316 101 101 83
2317 101 101 83
2318 119 119 84
2319 136 136 84
2320 152 152 83
2321 135 135 83
2322 85 85 85
2323 170 170 84
2324 170 170 84
2325 84 84 84
2326 119 119 84
2327 84 84 84
2328 101 101 83
2329 101 101 83
2330 101 101 83
2331 119 119 84
2332 152 152 83
2333 153 153 84
2334 84 84 84
2335 101 101 83
2336 187 187 84
2337 136 136 84
2338 118 118 83
2339 119 119 84
2340 102 102 84
2341 118 118 83
2342 101 101 83
2343 135 135 83
2344 119 119 84
2345 136 136 84
2346 102 102 84
2347 84 84 84
2348 135 135 83
2349 135 135 83
2350 135 135 83
2351 135 135 83
2352 101 101 83
2353 101 101 83
2354 119 119 84
2355 102 102 84
2356 84 84 84
2357 135 135 83
2358 85 85 85
2359 118 118 83
2360 135 135 83
2361 153 153 84
2362 102 102 84
2363 84 84 84
2364 135 135 83
2365 101 101 83
2366 85 85 85
2367 118 118 83
2368 85 85 85
2369 136 136 84
2370 152 152 83
2371 135 135 83
2372 119 119 84
2373 136 136 84
2374 84 84 84
2375 85 85 85
2376 102 102 84
2377 136 136 84
2378 102 102 84
2379 102 102 84
2380 118 118 83
2381 101 101 83
2382 135 135 83
2383 119 119 84
2384 102 102 84
2385 136 136 84
2386 136 136 84
2387 102 102 84
2388 136 136 84
2389 84 84 84
2390 101 101 83
2391 119 119 84
2392 136 136 84
2393 152 152 83
2394 119 119 84
2395 136 136 84
2396 118 118 83
2397 85 85 85
2398 118 118 83
2399 119 119 84
2400 152 152 83
2401 101 101 83
2402 169 169 83
2403 153 153 84
2404 136 136 84
2405 136 136 84
2406 102 102 84
2407 118 118 83
2408 135 135 83
2409 135 135 83
2410 119 119 84
2411 152 152 83
2412 119 119 84
2413 186 186 83
2414 153 153 84
2415 118 118 83
2416 101 101 83
2417 119 119 84
2418 136 136 84
2419 204 204 84
2420 204 204 84
2421 136 136 84
2422 152 152 83
2423 271 271 83
2424 323 323 84
2425 272 272 84
2426 220 220 83
2427 221 221 84
2428 136 136 84
2429 186 186 83
2430 289 289 84
2431 152 152 83
2432 153 153 84
2433 152 152 83
2434 169 169 83
2435 289 289 84
2436 220 220 83
2437 323 323 84
2438 220 220 83
2439 221 221 84
2440 306 306 84
2441 306 306 84
2442 204 204 84
2443 220 220 83
2444 237 237 83
2445 305 305 83
2446 221 221 84
2447 238 238 84
2448 204 204 84
2449 322 322 83
2450 237 237 83
2451 221 221 84
2452 458 458 83
2453 305 305 83
2454 271 271 83
2455 255 255 84
2456 390 390 83
2457 305 305 83
2458 187 187 84
2459 306 306 84
2460 322 322 83
2461 323 323 84
2462 306 306 84
2463 272 272 84
2464 254 254 83
2465 237 237 83
2466 221 221 84
2467 238 238 84
2468 238 238 84
2469 272 272 84
2470 306 306 84
2471 170 170 84
2472 288 288 83
2473 169 169 83
2474 187 187 84
2475 186 186 83
2476 187 187 84
2477 238 238 84
2478 152 152 83
2479 271 271 83
2480 169 169 83
2481 187 187 84
2482 152 152 83
2483 187 187 84
2484 220 220 83
2485 271 271 83
2486 203 203 83
2487 221 221 84
2488 306 306 84
2489 152 152 83
2490 169 169 83
2491 221 221 84
2492 152 152 83
2493 169 169 83
2494 203 203 83
2495 203 203 83
2496 135 135 83
2497 153 153 84
2498 238 238 84
2499 136 136 84
2500 152 152 83
2501 169 169 83
2502 203 203 83
2503 135 135 83
2504 101 101 83
2505 101 101 83
2506 119 119 84
2507 170 170 84
2508 186 186 83
2509 203 203 83
2510 221 221 84
2511 204 204 84
2512 170 170 84
2513 152 152 83
2514 187 187 84
2515 152 152 83
2516 153 153 84
2517 170 170 84
2518 204 204 84
2519 136 136 84
2520 152 152 83
2521 119 119 84
2522 186 186 83
2523 101 101 83
2524 153 153 84
2525 118 118 83
2526 203 203 83
2527 119 119 84
2528 136 136 84
2529 220 220 83
2530 135 135 83
2531 203 203 83
2532 153 153 84
2533 118 118 83
2534 119 119 84
2535 170 170 84
2536 118 118 83
2537 187 187 84
2538 136 136 84
2539 136 136 84
2540 152 152 83
2541 153 153 84
2542 152 152 83
2543 237 237 83
2544 169 169 83
2545 135 135 83
2546 101 101 83
2547 135 135 83
2548 169 169 83
2549 169 169 83
2550 135 135 83
2551 187 187 84
2552 118 118 83
2553 203 203 83
2554 119 119 84
2555 186 186 83
2556 203 203 83
2557 203 203 83
2558 187 187 84
2559 186 186 83
2560 169 169 83
2561 203 203 83
2562 187 187 84
2563 254 254 83
2564 237 237 83
2565 169 169 83
2566 119 119 84
2567 136 136 84
2568 152 152 83
2569 271 271 83
2570 203 203 83
2571 187 187 84
2572 152 152 83
2573 169 169 83
2574 221 221 84
2575 238 238 84
2576 118 118 83
2577 289 289 84
2578 170 170 84
2579 254 254 83
2580 221 221 84
2581 170 170 84
2582 170 170 84
2583 186 186 83
2584 169 169 83
2585 203 203 83
2586 169 169 83
2587 187 187 84
2588 204 204 84
2589 186 186 83
2590 187 187 84
2591 152 152 83
2592 153 153 84
2593 204 204 84
2594 118 118 83
2595 203 203 83
2596 153 153 84
2597 170 170 84
2598 186 186 83
2599 187 187 84
2600 204 204 84
2601 152 152 83
2602 135 135 83
2603 187 187 84
2604 102 102 84
2605 136 136 84
2606 118 118 83
2607 135 135 83
2608 169 169 83
2609 119 119 84
2610 220 220 83
2611 187 187 84
2612 136 136 84
2613 118 118 83
2614 135 135 83
2615 153 153 84
2616 152 152 83
2617 101 101 83
2618 187 187 84
2619 204 204 84
2620 152 152 83
2621 169 169 83
2622 153 153 84
2623 136 136 84
2624 136 136 84
2625 118 118 83
2626 135 135 83
2627 119 119 84
2628 84 84 84
2629 203 203 83
2630 153 153 84
2631 170 170 84
2632 118 118 83
2633 153 153 84
2634 152 152 83
2635 221 221 84
2636 118 118 83
2637 135 135 83
2638 101 101 83
2639 187 187 84
2640 102 102 84
2641 136 136 84
2642 136 136 84
2643 136 136 84
2644 170 170 84
2645 118 118 83
2646 119 119 84
2647 102 102 84
2648 204 204 84
2649 118 118 83
2650 153 153 84
2651 102 102 84
2652 186 186 83
2653 135 135 83
2654 135 135 83
2655 119 119 84
2656 170 170 84
2657 136 136 84
2658 102 102 84
2659 136 136 84
2660 118 118 83
2661 221 221 84
2662 102 102 84
2663 102 102 84
2664 118 118 83
2665 119 119 84
2666 118 118 83
2667 119 119 84
2668 152 152 83
2669 153 153 84
2670 136 136 84
2671 136 136 84
2672 84 84 84
2673 85 85 85
2674 136 136 84
2675 84 84 84
2676 135 135 83
2677 135 135 83
2678 119 119 84
2679 118 118 83
2680 221 221 84
2681 170 170 84
2682 170 170 84
2683 152 152 83
2684 85 85 85
2685 152 152 83
2686 85 85 85
2687 186 186 83
2688 135 135 83
2689 153 153 84
2690 102 102 84
2691 102 102 84
2692 170 170 84
2693 136 136 84
2694 118 118 83
2695 135 135 83
2696 203 203 83
2697 187 187 84
2698 136 136 84
2699 118 118 83
2700 187 187 84
2701 170 170 84
2702 186 186 83
2703 169 169 83
2704 255 255 84
2705 136 136 84
2706 238 238 84
2707 220 220 83
2708 237 237 83
2709 169 169 83
2710 237 237 83
2711 187 187 84
2712 186 186 83
2713 255 255 84
2714 238 238 84
2715 254 254 83
2716 237 237 83
2717 237 237 83
2718 255 255 84
2719 170 170 84
2720 170 170 84
2721 238 238 84
2722 186 186 83
2723 203 203 83
2724 203 203 83
2725 255 255 84
2726 204 204 84
2727 254 254 83
2728 271 271 83
2729 237 237 83
2730 271 271 83
2731 237 237 83
2732 203 203 83
2733 255 255 84
2734 356 356 83
2735 237 237 83
2736 357 357 84
2737 186 186 83
2738 255 255 84
2739 272 272 84
2740 186 186 83
2741 169 169 83
2742 169 169 83
2743 203 203 83
2744 187 187 84
2745 220 220 83
2746 237 237 83
2747 221 221 84
2748 186 186 83
2749 135 135 83
2750 203 203 83
2751 271 271 83
2752 135 135 83
2753 169 169 83
2754 169 169 83
2755 289 289 84
2756 220 220 83
2757 187 187 84
2758 238 238 84
2759 288 288 83
2760 237 237 83
2761 169 169 83
2762 169 169 83
2763 221 221 84
2764 254 254 83
2765 153 153 84
2766 306 306 84
2767 288 288 83
2768 221 221 84
2769 220 220 83
2770 305 305 83
2771 289 289 84
2772 220 220 83
2773 221 221 84
2774 238 238 84
2775 306 306 84
2776 152 152 83
2777 305 305 83
2778 187 187 84
2779 204 204 84
2780 170 170 84
2781 220 220 83
2782 221 221 84
2783 306 306 84
2784 220 220 83
2785 203 203 83
2786 169 169 83
2787 203 203 83
2788 237 237 83
2789 221 221 84
2790 152 152 83
2791 119 119 84
2792 288 288 83
2793 169 169 83
2794 255 255 84
2795 220 220 83
2796 271 271 83
2797 305 305 83
2798 187 187 84
2799 170 170 84
2800 136 136 84
2801 152 152 83
2802 135 135 83
2803 119 119 84
2804 136 136 84
2805 238 238 84
2806 306 306 84
2807 170 170 84
2808 306 306 84
2809 220 220 83
2810 119 119 84
2811 288 288 83
2812 101 101 83
2813 237 237 83
2814 169 169 83
2815 187 187 84
2816 238 238 84
2817 102 102 84
2818 186 186 83
2819 153 153 84
2820 254 254 83
2821 135 135 83
2822 237 237 83
2823 101 101 83
2824 169 169 83
2825 169 169 83
2826 153 153 84
2827 170 170 84
2828 102 102 84
2829 102 102 84
2830 118 118 83
2831 153 153 84
2832 118 118 83
2833 119 119 84
2834 118 118 83
2835 135 135 83
2836 153 153 84
2837 102 102 84
2838 118 118 83
2839 153 153 84
2840 136 136 84
2841 170 170 84
2842 272 272 84
2843 170 170 84
2844 186 186 83
2845 135 135 83
2846 203 203 83
2847 135 135 83
2848 169 169 83
2849 119 119 84
2850 118 118 83
2851 119 119 84
2852 186 186 83
2853 271 271 83
2854 203 203 83
2855 187 187 84
2856 136 136 84
2857 136 136 84
2858 118 118 83
2859 153 153 84
2860 118 118 83
2861 119 119 84
2862 136 136 84
2863 136 136 84
2864 118 118 83
2865 119 119 84
2866 170 170 84
2867 152 152 83
2868 85 85 85
2869 220 220 83
2870 135 135 83
2871 187 187 84
2872 152 152 83
2873 101 101 83
2874 135 135 83
2875 169 169 83
2876 135 135 83
2877 101 101 83
2878 85 85 85
2879 170 170 84
2880 220 220 83
2881 101 101 83
2882 101 101 83
2883 85 85 85
2884 102 102 84
2885 186 186 83
2886 153 153 84
2887 152 152 83
2888 153 153 84
2889 272 272 84
2890 170 170 84
2891 204 204 84
2892 102 102 84
2893 152 152 83
2894 187 187 84
2895 152 152 83
2896 101 101 83
2897 135 135 83
2898 169 169 83
2899 169 169 83
2900 135 135 83
2901 169 169 83
2902 119 119 84
2903 170 170 84
2904 136 136 84
2905 170 170 84
2906 136 136 84
2907 118 118 83
2908 119 119 84
2909 170 170 84
2910 152 152 83
2911 203 203 83
2912 169 169 83
2913 153 153 84
2914 204 204 84
2915 136 136 84
2916 220 220 83
2917 153 153 84
2918 136 136 84
2919 170 170 84
2920 102 102 84
2921 118 118 83
2922 153 153 84
2923 118 118 83
2924 153 153 84
2925 204 204 84
2926 186 186 83
2927 169 169 83
2928 169 169 83
2929 101 101 83
2930 119 119 84
2931 118 118 83
2932 187 187 84
2933 170 170 84
2934 136 136 84
2935 118 118 83
2936 169 169 83
2937 135 135 83
2938 169 169 83
2939 153 153 84
2940 102 102 84
2941 136 136 84
2942 102 102 84
2943 152 152 83
2944 153 153 84
2945 170 170 84
2946 152 152 83
2947 135 135 83
2948 135 135 83
2949 119 119 84
2950 170 170 84
2951 272 272 84
2952 152 152 83
2953 187 187 84
2954 204 204 84
2955 152 152 83
2956 153 153 84
2957 186 186 83
2958 135 135 83
2959 221 221 84
2960 204 204 84
2961 152 152 83
2962 203 203 83
2963 221 221 84
2964 118 118 83
2965 221 221 84
2966 204 204 84
2967 238 238 84
2968 170 170 84
2969 204 204 84
2970 254 254 83
2971 237 237 83
2972 237 237 83
2973 169 169 83
2974 187 187 84
2975 204 204 84
2976 170 170 84
2977 152 152 83
2978 237 237 83
2979 187 187 84
2980 170 170 84
2981 136 136 84
2982 170 170 84
2983 136 136 84
2984 136 136 84
2985 186 186 83
2986 187 187 84
2987 186 186 83
2988 153 153 84
2989 170 170 84
2990 204 204 84
2991 186 186 83
2992 153 153 84
2993 204 204 84
2994 204 204 84
2995 272 272 84
2996 238 238 84
2997 220 220 83
2998 305 305 83
2999 203 203 83
3000 255 255 84
3001 136 136 84
3002 170 170 84
3003 238 238 84
3004 238 238 84
3005 238 238 84
3006 238 238 84
3007 238 238 84
3008 186 186 83
3009 187 187 84
3010 220 220 83
3011 135 135 83
3012 169 169 83
3013 237 237 83
3014 237 237 83
3015 153 153 84
3016 220 220 83
3017 119 119 84
3018 170 170 84
3019 306 306 84
3020 136 136 84
3021 186 186 83
3022 237 237 83
3023 169 169 83
3024 187 187 84
3025 170 170 84
3026 170 170 84
3027 204 204 84
3028 220 220 83
3029 237 237 83
3030 203 203 83
3031 221 221 84
3032 204 204 84
3033 254 254 83
3034 221 221 84
3035 170 170 84
3036 220 220 83
3037 187 187 84
3038 254 254 83
3039 255 255 84
3040 238 238 84
3041 238 238 84
3042 288 288 83
3043 237 237 83
3044 271 271 83
3045 221 221 84
3046 238 238 84
3047 204 204 84
3048 204 204 84
3049 136 136 84
3050 254 254 83
3051 237 237 83
3052 169 169 83
3053 135 135 83
3054 153 153 84
3055 152 152 83
3056 169 169 83
3057 221 221 84
3058 186 186 83
3059 187 187 84
3060 186 186 83
3061 135 135 83
3062 187 187 84
3063 186 186 83
3064 187 187 84
3065 136 136 84
3066 220 220 83
3067 135 135 83
3068 153 153 84
3069 186 186 83
3070 187 187 84
3071 220 220 83
3072 119 119 84
3073 152 152 83
3074 135 135 83
3075 221 221 84
3076 186 186 83
3077 187 187 84
3078 204 204 84
3079 170 170 84
3080 170 170 84
3081 186 186 83
3082 119 119 84
3083 204 204 84
3084 152 152 83
3085 135 135 83
3086 153 153 84
3087 136 136 84
3088 170 170 84
3089 254 254 83
3090 119 119 84
3091 136 136 84
3092 152 152 83
3093 119 119 84
3094 136 136 84
3095 152 152 83
3096 119 119 84
3097 152 152 83
3098 119 119 84
3099 136 136 84
3100 238 238 84
3101 136 136 84
3102 186 186 83
3103 187 187 84
3104 204 204 84
3105 118 118 83
3106 289 289 84
3107 170 170 84
3108 238 238 84
3109 186 186 83
3110 221 221 84
3111 152 152 83
3112 203 203 83
3113 255 255 84
3114 288 288 83
3115 203 203 83
3116 221 221 84
3117 254 254 83
3118 255 255 84
3119 340 340 84
3120 220 220 83
3121 169 169 83
3122 289 289 84
3123 254 254 83
3124 221 221 84
3125 272 272 84
3126 306 306 84
3127 288 288 83
3128 339 339 83
3129 237 237 83
3130 237 237 83
3131 271 271 83
3132 255 255 84
3133 118 118 83
3134 237 237 83
3135 221 221 84
3136 204 204 84
3137 220 220 83
3138 187 187 84
3139 186 186 83
3140 187 187 84
3141 204 204 84
3142 118 118 83
3143 169 169 83
3144 169 169 83
3145 153 153 84
3146 136 136 84
3147 152 152 83
3148 153 153 84
3149 118 118 83
3150 135 135 83
3151 135 135 83
3152 135 135 83
3153 119 119 84
3154 102 102 84
3155 102 102 84
3156 118 118 83
3157 135 135 83
3158 135 135 83
3159 119 119 84
3160 186 186 83
3161 135 135 83
3162 119 119 84
3163 136 136 84
3164 102 102 84
3165 102 102 84
3166 152 152 83
3167 187 187 84
3168 152 152 83
3169 119 119 84
3170 118 118 83
3171 101 101 83
3172 101 101 83
3173 135 135 83
3174 221 221 84
3175 186 186 83
3176 187 187 84
3177 102 102 84
3178 102 102 84
3179 118 118 83
3180 101 101 83
3181 153 153 84
3182 118 118 83
3183 119 119 84
3184 102 102 84
3185 102 102 84
3186 84 84 84
3187 135 135 83
3188 135 135 83
3189 135 135 83
3190 119 119 84
3191 152 152 83
3192 153 153 84
3193 102 102 84
3194 102 102 84
3195 152 152 83
3196 135 135 83
3197 85 85 85
3198 102 102 84
3199 102 102 84
3200 118 118 83
3201 119 119 84
3202 152 152 83
3203 135 135 83
3204 203 203 83
3205 135 135 83
3206 135 135 83
3207 85 85 85
3208 136 136 84
3209 118 118 83
3210 101 101 83
3211 119 119 84
3212 118 118 83
3213 85 85 85
3214 186 186 83
3215 221 221 84
3216 186 186 83
3217 187 187 84
3218 118 118 83
3219 153 153 84
3220 186 186 83
3221 153 153 84
3222 136 136 84
3223 102 102 84
3224 186 186 83
3225 85 85 85
3226 118 118 83
3227 101 101 83
3228 135 135 83
3229 187 187 84
3230 118 118 83
3231 119 119 84
3232 84 84 84
3233 119 119 84
3234 170 170 84
3235 170 170 84
3236 204 204 84
3237 152 152 83
3238 169 169 83
3239 135 135 83
3240 135 135 83
3241 135 135 83
3242 135 135 83
3243 119 119 84
3244 136 136 84
3245 136 136 84
3246 118 118 83
3247 153 153 84
3248 102 102 84
3249 118 118 83
3250 119 119 84
3251 170 170 84
3252 152 152 83
3253 169 169 83
3254 153 153 84
3255 152 152 83
3256 135 135 83
3257 101 101 83
3258 85 85 85
3259 102 102 84
3260 152 152 83
3261 153 153 84
3262 102 102 84
3263 170 170 84
3264 118 118 83
3265 169 169 83
3266 169 169 83
3267 85 85 85
3268 102 102 84
3269 118 118 83
3270 119 119 84
3271 102 102 84
3272 136 136 84
3273 136 136 84
3274 136 136 84
3275 204 204 84
3276 136 136 84
3277 186 186 83
3278 135 135 83
3279 187 187 84
3280 220 220 83
3281 221 221 84
3282 254 254 83
3283 187 187 84
3284 220 220 83
3285 187 187 84
3286 170 170 84
3287 136 136 84
3288 170 170 84
3289 170 170 84
3290 136 136 84
3291 152 152 83
3292 271 271 83
3293 153 153 84
3294 136 136 84
3295 136 136 84
3296 102 102 84
3297 204 204 84
3298 136 136 84
3299 254 254 83
3300 153 153 84
3301 186 186 83
3302 187 187 84
3303 186 186 83
3304 203 203 83
3305 153 153 84
3306 152 152 83
3307 203 203 83
3308 203 203 83
3309 203 203 83
3310 221 221 84
3311 152 152 83
3312 153 153 84
3313 254 254 83
3314 135 135 83
3315 169 169 83
3316 187 187 84
3317 170 170 84
3318 118 118 83
3319 119 119 84
3320 152 152 83
3321 187 187 84
3322 102 102 84
3323 152 152 83
3324 119 119 84
3325 152 152 83
3326 169 169 83
3327 119 119 84
3328 204 204 84
3329 136 136 84
3330 152 152 83
3331 135 135 83
3332 169 169 83
3333 153 153 84
3334 118 118 83
3335 203 203 83
3336 135 135 83
3337 153 153 84
3338 186 186 83
3339 153 153 84
3340 84 84 84
3341 101 101 83
3342 135 135 83
3343 101 101 83
3344 187 187 84
3345 152 152 83
3346 187 187 84
3347 118 118 83
3348 119 119 84
3349 136 136 84
3350 84 84 84
3351 153 153 84
3352 118 118 83
3353 187 187 84
3354 118 118 83
3355 101 101 83
3356 153 153 84
3357 170 170 84
3358 118 118 83
3359 135 135 83
3360 203 203 83
3361 119 119 84
3362 170 170 84
3363 152 152 83
3364 153 153 84
3365 152 152 83
3366 135 135 83
3367 153 153 84
3368 136 136 84
3369 118 118 83
3370 169 169 83
3371 135 135 83
3372 237 237 83
3373 135 135 83
3374 153 153 84
3375 186 186 83
3376 169 169 83
3377 135 135 83
3378 119 119 84
3379 204 204 84
3380 152 152 83
3381 169 169 83
3382 153 153 84
3383 152 152 83
3384 135 135 83
3385 85 85 85
3386 152 152 83
3387 135 135 83
3388 101 101 83
3389 169 169 83
3390 153 153 84
3391 136 136 84
3392 170 170 84
3393 118 118 83
3394 101 101 83
3395 101 101 83
3396 119 119 84
3397 136 136 84
3398 152 152 83
3399 119 119 84
3400 136 136 84
3401 152 152 83
3402 169 169 83
3403 153 153 84
3404 220 220 83
3405 101 101 83
3406 135 135 83
3407 119 119 84
3408 136 136 84
3409 136 136 84
3410 220 220 83
3411 101 101 83
3412 119 119 84
3413 118 118 83
3414 119 119 84
3415 102 102 84
3416 136 136 84
3417 136 136 84
3418 152 152 83
3419 135 135 83
3420 101 101 83
3421 135 135 83
3422 203 203 83
3423 135 135 83
3424 169 169 83
3425 119 119 84
3426 152 152 83
3427 169 169 83
3428 153 153 84
3429 170 170 84
3430 170 170 84
3431 102 102 84
3432 118 118 83
3433 271 271 83
3434 119 119 84
3435 118 118 83
3436 169 169 83
3437 153 153 84
3438 118 118 83
3439 101 101 83
3440 153 153 84
3441 152 152 83
3442 153 153 84
3443 170 170 84
3444 136 136 84
3445 170 170 84
3446 170 170 84
3447 136 136 84
3448 118 118 83
3449 119 119 84
3450 170 170 84
3451 118 118 83
3452 135 135 83
3453 135 135 83
3454 153 153 84
3455 136 136 84
3456 102 102 84
3457 136 136 84
3458 152 152 83
3459 101 101 83
3460 101 101 83
3461 119 119 84
3462 84 84 84
3463 119 119 84
3464 170 170 84
3465 136 136 84
3466 84 84 84
3467 187 187 84
3468 84 84 84
3469 203 203 83
3470 169 169 83
3471 85 85 85
3472 118 118 83
3473 119 119 84
3474 136 136 84
3475 118 118 83
3476 153 153 84
3477 170 170 84
3478 118 118 83
3479 119 119 84
3480 102 102 84
3481 204 204 84
3482 254 254 83
3483 187 187 84
3484 186 186 83
3485 135 135 83
3486 135 135 83
3487 187 187 84
3488 136 136 84
3489 170 170 84
3490 136 136 84
3491 170 170 84
3492 238 238 84
3493 102 102 84
3494 118 118 83
3495 153 153 84
3496 102 102 84
3497 118 118 83
3498 153 153 84
3499 238 238 84
3500 322 322 83
3501 119 119 84
3502 136 136 84
3503 220 220 83
3504 187 187 84
3505 186 186 83
3506 169 169 83
3507 135 135 83
3508 187 187 84
3509 170 170 84
3510 186 186 83
3511 135 135 83
3512 135 135 83
3513 85 85 85
3514 152 152 83
3515 187 187 84
3516 204 204 84
3517 220 220 83
3518 187 187 84
3519 136 136 84
3520 152 152 83
3521 119 119 84
3522 204 204 84
3523 220 220 83
3524 237 237 83
3525 203 203 83
3526 255 255 84
3527 238 238 84
3528 152 152 83
3529 153 153 84
3530 152 152 83
3531 255 255 84
3532 408 408 84
3533 204 204 84
3534 186 186 83
3535 203 203 83
3536 169 169 83
3537 119 119 84
3538 204 204 84
3539 170 170 84
3540 204 204 84
3541 170 170 84
3542 238 238 84
3543 254 254 83
3544 237 237 83
3545 221 221 84
3546 136 136 84
3547 204 204 84
3548 136 136 84
3549 186 186 83
3550 169 169 83
3551 187 187 84
3552 170 170 84
3553 306 306 84
3554 152 152 83
3555 187 187 84
3556 220 220 83
3557 221 221 84
3558 204 204 84
3559 272 272 84
3560 288 288 83
3561 289 289 84
3562 204 204 84
3563 306 306 84
3564 238 238 84
3565 340 340 84
3566 254 254 83
3567 169 169 83
3568 373 373 83
3569 407 407 83
3570 357 357 84
3571 204 204 84
3572 238 238 84
3573 272 272 84
3574 254 254 83
3575 289 289 84
3576 254 254 83
3577 237 237 83
3578 289 289 84
3579 186 186 83
3580 357 357 84
3581 306 306 84
3582 186 186 83
3583 203 203 83
3584 255 255 84
3585 220 220 83
3586 255 255 84
3587 204 204 84
3588 186 186 83
3589 203 203 83
3590 203 203 83
3591 203 203 83
3592 135 135 83
3593 237 237 83
3594 169 169 83
3595 153 153 84
3596 186 186 83
3597 221 221 84
3598 170 170 84
3599 136 136 84
3600 220 220 83
3601 187 187 84
3602 186 186 83
3603 153 153 84
3604 118 118 83
3605 119 119 84
3606 238 238 84
3607 136 136 84
3608 136 136 84
3609 186 186 83
3610 203 203 83
3611 169 169 83
3612 135 135 83
3613 153 153 84
3614 152 152 83
3615 153 153 84
3616 136 136 84
3617 102 102 84
3618 136 136 84
3619 102 102 84
3620 102 102 84
3621 170 170 84
3622 170 170 84
3623 118 118 83
3624 119 119 84
3625 136 136 84
3626 136 136 84
3627 118 118 83
3628 153 153 84
3629 118 118 83
3630 135 135 83
3631 135 135 83
3632 187 187 84
3633 136 136 84
3634 204 204 84
3635 152 152 83
3636 169 169 83
3637 153 153 84
3638 118 118 83
3639 119 119 84
3640 186 186 83
3641 101 101 83
3642 135 135 83
3643 169 169 83
3644 187 187 84
3645 118 118 83
3646 187 187 84
3647 84 84 84
3648 101 101 83
3649 169 169 83
3650 203 203 83
3651 101 101 83
3652 237 237 83
3653 221 221 84
3654 220 220 83
3655 323 323 84
3656 322 322 83
3657 271 271 83
3658 187 187 84
3659 170 170 84
3660 186 186 83
3661 221 221 84
3662 220 220 83
3663 187 187 84
3664 220 220 83
3665 119 119 84
3666 186 186 83
3667 305 305 83
3668 203 203 83
3669 153 153 84
3670 238 238 84
3671 272 272 84
3672 170 170 84
3673 136 136 84
3674 204 204 84
3675 186 186 83
3676 305 305 83
3677 187 187 84
3678 254 254 83
3679 255 255 84
3680 136 136 84
3681 204 204 84
3682 118 118 83
3683 169 169 83
3684 101 101 83
3685 187 187 84
3686 136 136 84
3687 152 152 83
3688 237 237 83
3689 187 187 84
3690 136 136 84
3691 220 220 83
3692 203 203 83
3693 203 203 83
3694 101 101 83
3695 153 153 84
3696 152 152 83
3697 221 221 84
3698 170 170 84
3699 186 186 83
3700 135 135 83
3701 203 203 83
3702 135 135 83
3703 203 203 83
3704 203 203 83
3705 135 135 83
3706 119 119 84
3707 152 152 83
3708 153 153 84
3709 220 220 83
3710 187 187 84
3711 118 118 83
3712 169 169 83
3713 187 187 84
3714 136 136 84
3715 102 102 84
3716 136 136 84
3717 118 118 83
3718 153 153 84
3719 170 170 84
3720 118 118 83
3721 169 169 83
3722 101 101 83
3723 153 153 84
3724 152 152 83
3725 169 169 83
3726 153 153 84
3727 84 84 84
3728 187 187 84
3729 238 238 84
3730 84 84 84
3731 169 169 83
3732 135 135 83
3733 203 203 83
3734 119 119 84
3735 118 118 83
3736 101 101 83
3737 119 119 84
3738 118 118 83
3739 101 101 83
3740 119 119 84
3741 136 136 84
3742 102 102 84
3743 102 102 84
3744 136 136 84
3745 152 152 83
3746 187 187 84
3747 102 102 84
3748 118 118 83
3749 119 119 84
3750 102 102 84
3751 136 136 84
3752 118 118 83
3753 101 101 83
3754 101 101 83
3755 101 101 83
3756 153 153 84
3757 118 118 83
3758 135 135 83
3759 119 119 84
3760 102 102 84
3761 152 152 83
3762 119 119 84
3763 170 170 84
3764 152 152 83
3765 135 135 83
3766 153 153 84
3767 118 118 83
3768 101 101 83
3769 153 153 84
3770 84 84 84
3771 135 135 83
3772 135 135 83
3773 85 85 85
3774 118 118 83
3775 135 135 83
3776 153 153 84
3777 152 152 83
3778 135 135 83
3779 101 101 83
3780 85 85 85
3781 102 102 84
3782 102 102 84
3783 136 136 84
3784 186 186 83
3785 101 101 83
3786 203 203 83
3787 203 203 83
3788 221 221 84
3789 118 118 83
3790 101 101 83
3791 169 169 83
3792 119 119 84
3793 170 170 84
3794 118 118 83
3795 101 101 83
3796 153 153 84
3797 204 204 84
3798 170 170 84
3799 84 84 84
3800 135 135 83
3801 119 119 84
3802 118 118 83
3803 119 119 84
3804 152 152 83
3805 119 119 84
3806 118 118 83
3807 101 101 83
3808 169 169 83
3809 169 169 83
3810 101 101 83
3811 119 119 84
3812 84 84 84
3813 135 135 83
3814 169 169 83
3815 135 135 83
3816 101 101 83
3817 135 135 83
3818 187 187 84
3819 152 152 83
3820 101 101 83
3821 119 119 84
3822 118 118 83
3823 135 135 83
3824 187 187 84
3825 220 220 83
3826 135 135 83
3827 153 153 84
3828 102 102 84
3829 84 84 84
3830 169 169 83
3831 135 135 83
3832 187 187 84
3833 186 186 83
3834 153 153 84
3835 152 152 83
3836 135 135 83
3837 169 169 83
3838 203 203 83
3839 101 101 83
3840 169 169 83
3841 135 135 83
3842 169 169 83
3843 153 153 84
3844 170 170 84
3845 186 186 83
3846 153 153 84
3847 170 170 84
3848 152 152 83
3849 119 119 84
3850 186 186 83
3851 169 169 83
3852 169 169 83
3853 169 169 83
3854 271 271 83
3855 323 323 84
3856 238 238 84
3857 238 238 84
3858 204 204 84
3859 220 220 83
3860 237 237 83
3861 203 203 83
3862 119 119 84
3863 204 204 84
3864 220 220 83
3865 221 221 84
3866 204 204 84
3867 288 288 83
3868 135 135 83
3869 271 271 83
3870 153 153 84
3871 152 152 83
3872 153 153 84
3873 204 204 84
3874 220 220 83
3875 203 203 83
3876 153 153 84
3877 152 152 83
3878 153 153 84
3879 204 204 84
3880 186 186 83
3881 203 203 83
3882 169 169 83
3883 237 237 83
3884 187 187 84
3885 272 272 84
3886 204 204 84
3887 152 152 83
3888 203 203 83
3889 203 203 83
3890 187 187 84
3891 170 170 84
3892 170 170 84
3893 136 136 84
3894 204 204 84
3895 152 152 83
3896 187 187 84
3897 170 170 84
3898 170 170 84
3899 118 118 83
3900 187 187 84
3901 118 118 83
3902 119 119 84
3903 136 136 84
3904 118 118 83
3905 169 169 83
3906 135 135 83
3907 187 187 84
3908 152 152 83
3909 203 203 83
3910 135 135 83
3911 221 221 84
3912 102 102 84
3913 84 84 84
3914 153 153 84
3915 118 118 83
3916 135 135 83
3917 101 101 83
3918 119 119 84
3919 186 186 83
3920 187 187 84
3921 102 102 84
3922 220 220 83
3923 101 101 83
3924 85 85 85
3925 238 238 84
3926 220 220 83
3927 169 169 83
3928 135 135 83
3929 153 153 84
3930 136 136 84
3931 220 220 83
3932 135 135 83
3933 169 169 83
3934 187 187 84
3935 152 152 83
3936 119 119 84
3937 152 152 83
3938 153 153 84
3939 136 136 84
3940 204 204 84
3941 170 170 84
3942 152 152 83
3943 153 153 84
3944 136 136 84
3945 118 118 83
3946 169 169 83
3947 153 153 84
3948 136 136 84
3949 118 118 83
3950 135 135 83
3951 119 119 84
3952 152 152 83
3953 153 153 84
3954 136 136 84
3955 136 136 84
3956 136 136 84
3957 118 118 83
3958 187 187 84
3959 118 118 83
3960 153 153 84
3961 136 136 84
3962 102 102 84
3963 152 152 83
3964 187 187 84
3965 186 186 83
3966 187 187 84
3967 170 170 84
3968 204 204 84
3969 220 220 83
3970 135 135 83
3971 153 153 84
3972 152 152 83
3973 135 135 83
3974 119 119 84
3975 152 152 83
3976 237 237 83
3977 119 119 84
3978 152 152 83
3979 119 119 84
3980 170 170 84
3981 102 102 84
3982 102 102 84
3983 84 84 84
3984 101 101 83
3985 119 119 84
3986 102 102 84
3987 118 118 83
3988 203 203 83
3989 153 153 84
3990 220 220 83
3991 135 135 83
3992 119 119 84
3993 170 170 84
3994 254 254 83
3995 187 187 84
3996 152 152 83
3997 203 203 83
3998 135 135 83
3999 187 187 84
4000 102 102 84
4001 84 84 84
4002 135 135 83
4003 101 101 83
4004 135 135 83
4005 119 119 84
4006 84 84 84
4007 169 169 83
4008 135 135 83
4009 101 101 83
4010 119 119 84
4011 152 152 83
4012 85 85 85
4013 118 118 83
4014 135 135 83
4015 85 85 85
4016 102 102 84
4017 152 152 83
4018 119 119 84
4019 136 136 84
4020 136 136 84
4021 170 170 84
4022 136 136 84
4023 102 102 84
4024 84 84 84
4025 119 119 84
4026 84 84 84
4027 169 169 83
4028 101 101 83
4029 101 101 83
4030 153 153 84
4031 118 118 83
4032 101 101 83
4033 135 135 83
4034 119 119 84
4035 102 102 84
4036 136 136 84
4037 204 204 84
4038 152 152 83
4039 135 135 83
4040 85 85 85
4041 102 102 84
4042 136 136 84
4043 102 102 84
4044 118 118 83
4045 153 153 84
4046 118 118 83
4047 153 153 84
4048 118 118 83
4049 135 135 83
4050 119 119 84
4051 102 102 84
4052 118 118 83
4053 135 135 83
4054 153 153 84
4055 102 102 84
4056 118 118 83
4057 101 101 83
4058 119 119 84
4059 118 118 83
4060 119 119 84
4061 136 136 84
4062 84 84 84
4063 85 85 85
4064 170 170 84
4065 118 118 83
4066 101 101 83
4067 101 101 83
4068 101 101 83
4069 119 119 84
4070 118 118 83
4071 119 119 84
4072 118 118 83
4073 153 153 84
4074 118 118 83
4075 135 135 83
4076 135 135 83
4077 153 153 84
4078 152 152 83
4079 187 187 84
4080 170 170 84
4081 118 118 83
4082 187 187 84
4083 136 136 84
4084 170 170 84
4085 204 204 84
4086 220 220 83
4087 323 323 84
4088 356 356 83
4089 203 203 83
4090 305 305 83
4091 135 135 83
4092 169 169 83
4093 237 237 83
4094 119 119 84
4095 152 152 83
4096 153 153 84
4097 204 204 84
4098 238 238 84
4099 238 238 84
4100 204 204 84
4101 220 220 83
4102 237 237 83
4103 203 203 83
4104 255 255 84
4105 272 272 84
4106 340 340 84
4107 238 238 84
4108 340 340 84
4109 204 204 84
4110 170 170 84
4111 238 238 84
4112 272 272 84
4113 186 186 83
4114 221 221 84
4115 152 152 83
4116 203 203 83
4117 221 221 84
4118 152 152 83
4119 169 169 83
4120 203 203 83
4121 237 237 83
4122 169 169 83
4123 237 237 83
4124 221 221 84
4125 186 186 83
4126 153 153 84
4127 118 118 83
4128 153 153 84
4129 220 220 83
4130 203 203 83
4131 237 237 83
4132 187 187 84
4133 288 288 83
4134 323 323 84
4135 204 204 84
4136 322 322 83
4137 153 153 84
4138 204 204 84
4139 272 272 84
4140 356 356 83
4141 237 237 83
4142 153 153 84
4143 186 186 83
4144 169 169 83
4145 153 153 84
4146 288 288 83
4147 237 237 83
4148 187 187 84
4149 186 186 83
4150 339 339 83
4151 203 203 83
4152 237 237 83
4153 119 119 84
4154 136 136 84
4155 254 254 83
4156 289 289 84
4157 288 288 83
4158 221 221 84
4159 118 118 83
4160 237 237 83
4161 305 305 83
4162 153 153 84
4163 186 186 83
4164 187 187 84
4165 186 186 83
4166 221 221 84
4167 170 170 84
4168 152 152 83
4169 169 169 83
4170 203 203 83
4171 221 221 84
4172 204 204 84
4173 170 170 84
4174 152 152 83
4175 221 221 84
4176 170 170 84
4177 170 170 84
4178 238 238 84
4179 186 186 83
4180 203 203 83
4181 153 153 84
4182 288 288 83
4183 237 237 83
4184 153 153 84
4185 220 220 83
4186 255 255 84
4187 204 204 84
4188 102 102 84
4189 254 254 83
4190 305 305 83
4191 153 153 84
4192 170 170 84
4193 204 204 84
4194 204 204 84
4195 170 170 84
4196 204 204 84
4197 204 204 84
4198 204 204 84
4199 220 220 83
4200 187 187 84
4201 186 186 83
4202 255 255 84
4203 204 204 84
4204 220 220 83
4205 119 119 84
4206 186 186 83
4207 187 187 84
4208 186 186 83
4209 169 169 83
4210 271 271 83
4211 169 169 83
4212 169 169 83
4213 187 187 84
4214 152 152 83
4215 187 187 84
4216 136 136 84
4217 84 84 84
4218 135 135 83
4219 135 135 83
4220 135 135 83
4221 119 119 84
4222 220 220 83
4223 169 169 83
4224 153 153 84
4225 136 136 84
4226 170 170 84
4227 136 136 84
4228 220 220 83
4229 153 153 84
4230 186 186 83
4231 169 169 83
4232 153 153 84
4233 136 136 84
4234 102 102 84
4235 118 118 83
4236 101 101 83
4237 135 135 83
4238 153 153 84
4239 186 186 83
4240 153 153 84
4241 170 170 84
4242 118 118 83
4243 119 119 84
4244 84 84 84
4245 153 153 84
4246 102 102 84
4247 170 170 84
4248 136 136 84
4249 84 84 84
4250 135 135 83
4251 119 119 84
4252 84 84 84
4253 153 153 84
4254 152 152 83
4255 153 153 84
4256 84 84 84
4257 153 153 84
4258 136 136 84
4259 152 152 83
4260 135 135 83
4261 119 119 84
4262 152 152 83
4263 135 135 83
4264 119 119 84
4265 152 152 83
4266 101 101 83
4267 101 101 83
4268 135 135 83
4269 135 135 83
4270 119 119 84
4271 102 102 84
4272 152 152 83
4273 135 135 83
4274 101 101 83
4275 85 85 85
4276 152 152 83
4277 119 119 84
4278 136 136 84
4279 136 136 84
4280 136 136 84
4281 118 118 83
4282 119 119 84
4283 136 136 84
4284 102 102 84
4285 118 118 83
4286 135 135 83
4287 119 119 84
4288 84 84 84
4289 119 119 84
4290 136 136 84
4291 118 118 83
4292 135 135 83
4293 119 119 84
4294 186 186 83
4295 119 119 84
4296 152 152 83
4297 101 101 83
4298 153 153 84
4299 102 102 84
4300 102 102 84
4301 102 102 84
4302 118 118 83
4303 119 119 84
4304 136 136 84
4305 204 204 84
4306 102 102 84
4307 102 102 84
4308 152 152 83
4309 203 203 83
4310 119 119 84
4311 102 102 84
4312 136 136 84
4313 136 136 84
4314 118 118 83
4315 101 101 83
4316 119 119 84
4317 152 152 83
4318 85 85 85
4319 118 118 83
4320 135 135 83
4321 119 119 84
4322 152 152 83
4323 119 119 84
4324 136 136 84
4325 102 102 84
4326 136 136 84
4327 170 170 84
4328 118 118 83
4329 119 119 84
4330 118 118 83
4331 135 135 83
4332 101 101 83
4333 135 135 83
4334 135 135 83
4335 119 119 84
4336 102 102 84
4337 102 102 84
4338 102 102 84
4339 118 118 83
4340 135 135 83
4341 135 135 83
4342 119 119 84
4343 152 152 83
4344 135 135 83
4345 85 85 85
4346 136 136 84
4347 84 84 84
4348 101 101 83
4349 135 135 83
4350 119 119 84
4351 136 136 84
4352 84 84 84
4353 119 119 84
4354 102 102 84
4355 186 186 83
4356 187 187 84
4357 118 118 83
4358 119 119 84
4359 152 152 83
4360 237 237 83
4361 119 119 84
4362 186 186 83
4363 135 135 83
4364 221 221 84
4365 102 102 84
4366 186 186 83
4367 187 187 84
4368 186 186 83
4369 203 203 83
4370 153 153 84
4371 136 136 84
4372 238 238 84
4373 152 152 83
4374 221 221 84
4375 152 152 83
4376 119 119 84
4377 204 204 84
4378 254 254 83
4379 373 373 83
4380 203 203 83
4381 289 289 84
4382 220 220 83
4383 237 237 83
4384 237 237 83
4385 221 221 84
4386 288 288 83
4387 339 339 83
4388 305 305 83
4389 271 271 83
4390 339 339 83
4391 305 305 83
4392 373 373 83
4393 255 255 84
4394 220 220 83
4395 203 203 83
4396 425 425 84
4397 186 186 83
4398 169 169 83
4399 187 187 84
4400 238 238 84
4401 118 118 83
4402 221 221 84
4403 136 136 84
4404 220 220 83
4405 187 187 84
4406 238 238 84
4407 254 254 83
4408 169 169 83
4409 187 187 84
4410 152 152 83
4411 237 237 83
4412 187 187 84
4413 254 254 83
4414 203 203 83
4415 187 187 84
4416 186 186 83
4417 203 203 83
4418 221 221 84
4419 118 118 83
4420 203 203 83
4421 237 237 83
4422 153 153 84
4423 340 340 84
4424 306 306 84
4425 186 186 83
4426 221 221 84
4427 254 254 83
4428 169 169 83
4429 221 221 84
4430 306 306 84
4431 238 238 84
4432 204 204 84
4433 186 186 83
4434 169 169 83
4435 289 289 84
4436 272 272 84
4437 170 170 84
4438 170 170 84
4439 170 170 84
4440 152 152 83
4441 237 237 83
4442 237 237 83
4443 203 203 83
4444 153 153 84
4445 238 238 84
4446 136 136 84
4447 220 220 83
4448 237 237 83
4449 221 221 84
4450 186 186 83
4451 187 187 84
4452 186 186 83
4453 119 119 84
4454 254 254 83
4455 153 153 84
4456 254 254 83
4457 169 169 83
4458 135 135 83
4459 271 271 83
4460 169 169 83
4461 187 187 84
4462 238 238 84
4463 220 220 83
4464 153 153 84
4465 220 220 83
4466 221 221 84
4467 170 170 84
4468 306 306 84
4469 322 322 83
4470 187 187 84
4471 288 288 83
4472 153 153 84
4473 220 220 83
4474 237 237 83
4475 187 187 84
4476 204 204 84
4477 238 238 84
4478 254 254 83
4479 135 135 83
4480 305 305 83
4481 237 237 83
4482 255 255 84
4483 238 238 84
4484 220 220 83
4485 203 203 83
4486 203 203 83
4487 169 169 83
4488 237 237 83
4489 221 221 84
4490 170 170 84
4491 136 136 84
4492 306 306 84
4493 186 186 83
4494 237 237 83
4495 237 237 83
4496 135 135 83
4497 169 169 83
4498 169 169 83
4499 271 271 83
4500 203 203 83
4501 153 153 84
4502 238 238 84
4503 186 186 83
4504 135 135 83
4505 203 203 83
4506 153 153 84
4507 136 136 84
4508 238 238 84
4509 170 170 84
4510 152 152 83
4511 289 289 84
4512 204 204 84
4513 220 220 83
4514 135 135 83
4515 203 203 83
4516 289 289 84
4517 136 136 84
4518 152 152 83
4519 119 119 84
4520 254 254 83
4521 203 203 83
4522 203 203 83
4523 187 187 84
4524 220 220 83
4525 187 187 84
4526 152 152 83
4527 187 187 84
4528 152 152 83
4529 169 169 83
4530 153 153 84
4531 170 170 84
4532 136 136 84
4533 170 170 84
4534 220 220 83
4535 101 101 83
4536 187 187 84
4537 118 118 83
4538 101 101 83
4539 119 119 84
4540 118 118 83
4541 153 153 84
4542 118 118 83
4543 101 101 83
4544 119 119 84
4545 152 152 83
4546 135 135 83
4547 119 119 84
4548 220 220 83
4549 135 135 83
4550 187 187 84
4551 136 136 84
4552 118 118 83
4553 169 169 83
4554 169 169 83
4555 135 135 83
4556 153 153 84
4557 170 170 84
4558 118 118 83
4559 135 135 83
4560 153 153 84
4561 136 136 84
4562 136 136 84
4563 220 220 83
4564 135 135 83
4565 119 119 84
4566 186 186 83
4567 101 101 83
4568 119 119 84
4569 118 118 83
4570 135 135 83
4571 135 135 83
4572 153 153 84
4573 84 84 84
4574 101 101 83
4575 135 135 83
4576 135 135 83
4577 187 187 84
4578 84 84 84
4579 101 101 83
4580 153 153 84
4581 170 170 84
4582 84 84 84
4583 187 187 84
4584 102 102 84
4585 170 170 84
4586 118 118 83
4587 187 187 84
4588 204 204 84
4589 118 118 83
4590 187 187 84
4591 170 170 84
4592 170 170 84
4593 186 186 83
4594 237 237 83
4595 373 373 83
4596 323 323 84
4597 288 288 83
4598 169 169 83
4599 221 221 84
4600 272 272 84
4601 322 322 83
4602 323 323 84
4603 374 374 84
4604 306 306 84
4605 390 390 83
4606 323 323 84
4607 306 306 84
4608 272 272 84
4609 186 186 83
4610 339 339 83
4611 323 323 84
4612 238 238 84
4613 220 220 83
4614 237 237 83
4615 271 271 83
4616 289 289 84
4617 288 288 83
4618 237 237 83
4619 187 187 84
4620 254 254 83
4621 255 255 84
4622 170 170 84
4623 306 306 84
4624 272 272 84
4625 254 254 83
4626 135 135 83
4627 135 135 83
4628 153 153 84
4629 170 170 84
4630 254 254 83
4631 271 271 83
4632 187 187 84
4633 254 254 83
4634 339 339 83
4635 221 221 84
4636 152 152 83
4637 169 169 83
4638 135 135 83
4639 153 153 84
4640 186 186 83
4641 119 119 84
4642 220 220 83
4643 203 203 83
4644 187 187 84
4645 170 170 84
4646 102 102 84
4647 152 152 83
4648 169 169 83
4649 135 135 83
4650 187 187 84
4651 118 118 83
4652 187 187 84
4653 186 186 83
4654 169 169 83
4655 119 119 84
4656 136 136 84
4657 152 152 83
4658 119 119 84
4659 204 204 84
4660 152 152 83
4661 169 169 83
4662 169 169 83
4663 153 153 84
4664 136 136 84
4665 170 170 84
4666 152 152 83
4667 135 135 83
4668 153 153 84
4669 84 84 84
4670 119 119 84
4671 170 170 84
4672 118 118 83
4673 221 221 84
4674 136 136 84
4675 170 170 84
4676 118 118 83
4677 153 153 84
4678 186 186 83
4679 221 221 84
4680 186 186 83
4681 153 153 84
4682 170 170 84
4683 136 136 84
4684 170 170 84
4685 170 170 84
4686 102 102 84
4687 254 254 83
4688 305 305 83
4689 169 169 83
4690 305 305 83
4691 289 289 84
4692 204 204 84
4693 136 136 84
4694 254 254 83
4695 169 169 83
4696 221 221 84
4697 170 170 84
4698 170 170 84
4699 272 272 84
4700 186 186 83
4701 203 203 83
4702 289 289 84
4703 186 186 83
4704 255 255 84
4705 152 152 83
4706 221 221 84
4707 220 220 83
4708 237 237 83
4709 203 203 83
4710 391 391 84
4711 238 238 84
4712 220 220 83
4713 305 305 83
4714 187 187 84
4715 254 254 83
4716 221 221 84
4717 238 238 84
4718 186 186 83
4719 255 255 84
4720 288 288 83
4721 271 271 83
4722 221 221 84
4723 272 272 84
4724 254 254 83
4725 203 203 83
4726 305 305 83
4727 237 237 83
4728 221 221 84
4729 220 220 83
4730 187 187 84
4731 238 238 84
4732 322 322 83
4733 187 187 84
4734 238 238 84
4735 254 254 83
4736 323 323 84
4737 306 306 84
4738 238 238 84
4739 322 322 83
4740 391 391 84
4741 272 272 84
4742 306 306 84
4743 220 220 83
4744 391 391 84
4745 288 288 83
4746 271 271 83
4747 187 187 84
4748 254 254 83
4749 289 289 84
4750 238 238 84
4751 322 322 83
4752 255 255 84
4753 322 322 83
4754 221 221 84
4755 204 204 84
4756 238 238 84
4757 220 220 83
4758 203 203 83
4759 271 271 83
4760 271 271 83
4761 255 255 84
4762 254 254 83
4763 203 203 83
4764 221 221 84
4765 288 288 83
4766 221 221 84
4767 220 220 83
4768 271 271 83
4769 289 289 84
4770 170 170 84
4771 340 340 84
4772 170 170 84
4773 288 288 83
4774 339 339 83
4775 323 323 84
4776 272 272 84
4777 424 424 83
4778 305 305 83
4779 255 255 84
4780 254 254 83
4781 203 203 83
4782 237 237 83
4783 255 255 84
4784 204 204 84
4785 254 254 83
4786 237 237 83
4787 203 203 83
4788 221 221 84
4789 220 220 83
4790 255 255 84
4791 238 238 84
4792 238 238 84
4793 186 186 83
4794 323 323 84
4795 152 152 83
4796 153 153 84
4797 204 204 84
4798 152 152 83
4799 135 135 83
4800 237 237 83
4801 237 237 83
4802 119 119 84
4803 152 152 83
4804 203 203 83
4805 135 135 83
4806 187 187 84
4807 204 204 84
4808 136 136 84
4809 170 170 84
4810 136 136 84
4811 186 186 83
4812 221 221 84
4813 170 170 84
4814 152 152 83
4815 135 135 83
4816 153 153 84
4817 220 220 83
4818 203 203 83
4819 221 221 84
4820 186 186 83
4821 169 169 83
4822 203 203 83
4823 221 221 84
4824 186 186 83
4825 187 187 84
4826 118 118 83
4827 153 153 84
4828 204 204 84
4829 136 136 84
4830 118 118 83
4831 305 305 83
4832 203 203 83
4833 237 237 83
4834 203 203 83
4835 221 221 84
4836 186 186 83
4837 169 169 83
4838 153 153 84
4839 186 186 83
4840 221 221 84
4841 170 170 84
4842 186 186 83
4843 169 169 83
4844 153 153 84
4845 186 186 83
4846 221 221 84
4847 220 220 83
4848 187 187 84
4849 170 170 84
4850 186 186 83
4851 203 203 83
4852 119 119 84
4853 118 118 83
4854 203 203 83
4855 119 119 84
4856 186 186 83
4857 153 153 84
4858 118 118 83
4859 135 135 83
4860 187 187 84
4861 118 118 83
4862 153 153 84
4863 136 136 84
4864 102 102 84
4865 118 118 83
4866 101 101 83
4867 135 135 83
4868 119 119 84
4869 204 204 84
4870 102 102 84
4871 152 152 83
4872 119 119 84
4873 118 118 83
4874 203 203 83
4875 187 187 84
4876 152 152 83
4877 169 169 83
4878 119 119 84
4879 118 118 83
4880 135 135 83
4881 169 169 83
4882 119 119 84
4883 84 84 84
4884 135 135 83
4885 119 119 84
4886 204 204 84
4887 118 118 83
4888 135 135 83
4889 101 101 83
4890 153 153 84
4891 152 152 83
4892 153 153 84
4893 136 136 84
4894 118 118 83
4895 119 119 84
4896 152 152 83
4897 119 119 84
4898 186 186 83
4899 119 119 84
4900 102 102 84
4901 136 136 84
4902 118 118 83
4903 119 119 84
4904 118 118 83
4905 119 119 84
4906 118 118 83
4907 153 153 84
4908 102 102 84
4909 118 118 83
4910 101 101 83
4911 135 135 83
4912 119 119 84
4913 170 170 84
4914 152 152 83
4915 169 169 83
4916 135 135 83
4917 119 119 84
4918 118 118 83
4919 101 101 83
4920 169 169 83
4921 119 119 84
4922 186 186 83
4923 135 135 83
4924 119 119 84
4925 102 102 84
4926 118 118 83
4927 101 101 83
4928 101 101 83
4929 119 119 84
4930 152 152 83
4931 135 135 83
4932 135 135 83
4933 101 101 83
4934 101 101 83
4935 119 119 84
4936 136 136 84
4937 118 118 83
4938 119 119 84
4939 102 102 84
4940 152 152 83
4941 135 135 83
4942 153 153 84
4943 136 136 84
4944 136 136 84
4945 118 118 83
4946 101 101 83
4947 119 119 84
4948 84 84 84
4949 135 135 83
4950 153 153 84
