0 27 26 10
1 13 12 6
2 19 19 11
3 32 32 12
4 21 20 10
5 19 18 6
6 25 25 11
7 18 18 10
8 25 24 10
9 25 24 10
10 15 15 7
11 12 12 6
12 11 11 11
13 10 10 6
14 17 17 9
15 20 19 11
16 16 15 7
17 28 28 12
18 13 13 7
19 14 14 6
20 19 19 9
21 14 13 7
22 16 16 6
23 21 21 13
24 10 10 6
25 13 13 7
26 20 20 12
27 11 10 6
28 15 15 11
29 20 20 10
30 19 18 10
31 15 15 7
32 10 10 6
33 15 15 11
34 16 16 10
35 15 15 9
36 16 15 7
37 6 6 6
38 27 27 13
39 16 16 6
40 13 13 7
41 18 18 10
42 15 14 6
43 15 15 11
44 16 16 10
45 19 18 12
46 15 14 6
47 13 13 7
48 24 24 6
49 13 13 7
