0 22 21 5
1 11 11 5
2 13 12 4
3 28 27 7
4 15 15 5
5 21 20 8
6 18 18 4
7 14 13 5
8 19 18 4
9 22 21 7
10 13 13 5
11 13 12 6
12 6 6 6
13 9 8 4
14 14 13 5
15 15 15 7
16 13 13 5
17 25 24 8
18 12 12 6
19 14 14 6
20 16 16 6
21 12 12 6
22 16 16 6
23 14 13 5
24 9 8 4
25 12 11 5
26 15 14 6
27 8 8 4
28 10 9 5
29 17 17 7
30 15 14 6
31 12 12 4
32 10 9 5
33 9 8 4
34 14 13 7
35 11 10 4
36 14 13 5
37 5 5 5
38 22 21 7
39 17 16 6
40 12 11 5
41 15 15 7
42 15 14 6
43 8 8 4
44 12 11 5
45 11 11 5
46 13 12 4
47 12 11 5
48 27 27 9
49 11 10 4
50 18 17 5
51 23 22 6
52 6 6 6
53 15 15 7
54 7 6 5
55 11 10 6
56 14 14 6
57 16 16 4
58 26 25 5
59 17 16 4
60 24 23 7
61 15 14 4
62 16 15 5
63 35 34 6
64 30 30 6
65 36 35 5
66 25 25 7
67 15 14 4
68 14 13 5
69 21 21 5
70 17 17 5
71 21 20 6
72 26 26 6
73 20 20 4
74 12 11 5
75 19 18 4
76 18 17 7
77 25 24 6
78 22 22 4
79 18 17 7
80 19 19 5
81 11 11 5
82 31 30 8
83 22 22 4
84 24 23 7
85 23 23 5
86 39 39 5
87 35 35 7
88 15 15 5
89 19 18 4
90 28 27 7
91 37 36 6
92 22 22 6
93 32 32 4
94 26 25 5
95 21 21 5
96 21 21 5
97 23 23 5
98 21 21 5
99 19 18 4
100 24 23 5
101 21 21 5
102 31 30 6
103 22 22 6
104 16 16 4
105 14 13 5
106 17 16 4
107 26 25 5
108 21 20 6
109 20 19 5
110 17 17 5
111 27 26 6
112 18 18 4
113 22 21 7
114 35 34 10
115 18 18 4
116 22 21 5
117 31 31 7
118 25 24 8
119 28 28 8
120 14 14 6
121 18 17 5
122 17 16 4
123 34 33 5
124 21 21 5
125 27 27 5
126 27 26 8
127 34 34 6
128 28 27 5
129 19 19 7
130 15 14 4
131 24 23 7
132 21 20 8
133 18 18 6
134 24 24 4
135 32 31 7
136 17 16 4
137 16 15 5
138 25 24 6
139 22 21 5
140 17 17 5
141 27 26 6
142 22 22 6
143 32 32 6
144 20 20 6
145 26 26 8
146 14 14 6
147 20 19 5
148 23 22 8
149 20 20 6
150 28 28 6
151 26 25 5
152 23 23 5
153 25 24 4
154 18 17 5
155 33 32 6
156 16 16 4
157 26 25 5
158 17 17 5
159 27 26 4
160 26 25 7
161 19 19 5
162 31 31 7
163 29 28 4
164 24 23 7
165 15 14 4
166 18 17 5
167 19 18 4
168 32 31 7
169 25 24 4
170 20 19 5
171 23 23 5
172 23 23 5
173 21 21 5
174 31 30 6
175 20 20 6
176 24 23 5
177 37 36 6
178 32 32 10
179 28 28 4
180 26 25 5
181 25 25 5
182 23 22 4
183 30 29 7
184 25 24 4
185 32 31 7
186 31 30 4
187 30 29 7
188 25 24 4
189 22 21 5
190 31 30 6
191 26 25 5
192 13 13 5
193 17 17 7
194 19 18 6
195 18 18 6
196 24 23 7
197 19 18 4
198 28 27 7
199 25 25 5
200 13 12 4
201 22 21 5
202 23 23 5
203 23 23 5
204 19 18 6
205 20 20 4
206 28 27 7
207 17 17 5
208 37 36 6
209 24 23 5
210 21 20 6
211 18 18 4
212 28 27 5
213 43 42 8
214 20 20 6
215 22 22 6
216 18 18 4
217 30 29 5
218 25 24 8
219 14 14 4
220 22 21 5
221 17 17 5
222 21 20 6
223 26 25 5
224 23 23 5
225 23 22 6
226 30 30 6
227 32 31 5
228 21 21 7
229 25 24 4
230 26 25 5
231 27 26 4
232 16 15 5
233 19 19 5
234 19 19 5
235 33 32 6
236 26 25 5
237 25 25 5
238 17 17 7
239 25 24 6
240 24 24 6
241 22 22 4
242 18 17 5
243 35 34 6
244 12 12 4
245 10 9 5
246 15 15 5
247 15 15 5
248 23 22 4
249 18 17 5
250 11 11 5
251 9 8 4
252 12 11 5
253 13 13 5
254 13 12 4
255 10 9 5
256 9 8 4
257 16 15 5
258 15 14 6
259 16 16 4
260 18 17 5
261 11 10 4
262 16 15 5
263 9 9 5
264 23 22 8
265 8 8 4
266 22 21 7
267 23 23 7
268 19 18 4
269 28 27 5
270 17 17 5
271 19 19 5
272 17 17 5
273 15 14 4
274 12 11 5
275 19 18 6
276 20 19 5
277 23 22 6
278 14 14 4
279 20 19 5
280 23 23 7
281 15 14 4
282 14 13 5
283 39 39 5
284 23 23 7
285 17 17 5
286 23 22 4
287 16 15 5
288 13 13 5
289 15 15 5
290 19 18 4
291 22 21 5
292 27 27 5
293 9 9 5
294 21 20 6
295 14 14 4
296 22 21 5
297 41 40 8
298 30 30 4
299 22 21 5
300 33 32 6
301 50 49 5
302 25 24 6
303 30 30 8
304 32 32 6
305 34 33 5
306 41 41 5
307 41 41 7
308 43 43 7
309 35 34 6
310 34 33 5
311 37 36 6
312 18 18 6
313 40 39 7
314 29 29 7
315 23 22 6
316 36 36 10
317 20 20 6
318 24 23 5
319 21 21 5
320 43 43 5
321 37 37 7
322 43 42 6
323 52 51 9
324 39 39 7
325 17 17 5
326 33 32 8
327 26 26 4
328 36 35 7
329 31 30 6
330 26 25 7
331 21 20 4
332 26 25 5
333 21 21 5
334 11 11 5
335 13 12 6
336 14 14 4
337 24 23 5
338 17 16 6
339 16 16 4
340 32 31 5
341 23 23 7
342 9 8 4
343 16 15 5
344 21 20 6
345 26 26 6
346 16 16 4
347 20 19 5
348 23 23 5
349 17 17 5
350 25 24 6
351 16 16 6
352 16 15 5
353 11 10 6
354 16 16 6
355 18 18 6
356 22 22 4
357 14 13 5
358 11 10 4
359 22 21 5
360 21 20 4
361 14 13 5
362 13 13 7
363 21 20 4
364 18 17 5
365 21 20 8
366 14 14 4
367 28 27 7
368 15 14 4
369 26 25 5
370 13 12 4
371 22 21 5
372 15 15 5
373 19 18 4
374 20 19 5
375 21 20 8
376 16 16 4
377 12 11 5
378 17 16 4
379 18 17 5
380 31 30 8
381 16 15 5
382 11 11 5
383 15 14 4
384 20 19 5
385 15 14 6
386 24 24 4
387 14 13 5
388 19 18 6
389 18 17 5
390 19 18 6
391 14 13 5
392 11 10 4
393 16 15 5
394 17 16 6
395 20 20 4
396 20 19 5
397 21 21 5
398 15 15 5
399 11 10 6
400 8 8 4
401 20 19 7
402 11 11 5
403 15 14 4
404 12 11 5
405 13 12 6
406 6 5 4
407 10 9 5
408 11 10 4
409 28 27 9
410 9 8 4
411 10 9 5
412 11 10 6
413 12 12 6
414 14 14 4
415 22 21 7
416 19 18 6
417 14 14 4
418 12 11 5
419 15 14 6
420 8 8 4
421 14 13 5
422 13 12 6
423 14 14 6
424 12 12 6
425 18 18 4
426 14 13 7
427 11 10 4
428 14 13 5
429 15 15 5
430 17 17 7
431 11 10 4
432 24 23 7
433 35 34 10
434 22 22 4
435 26 25 5
436 15 14 4
437 10 9 5
438 15 14 6
439 16 15 5
440 15 14 4
441 14 13 5
442 21 21 5
443 23 23 7
444 17 17 5
445 11 10 4
446 10 9 5
447 19 18 6
448 10 10 4
449 10 9 5
450 17 17 5
451 11 11 5
452 17 16 4
453 10 9 5
454 15 15 5
455 19 19 7
456 19 18 6
457 12 12 4
458 18 17 7
459 17 17 5
460 13 12 4
461 10 9 5
462 9 8 4
463 18 17 5
464 9 9 5
465 13 13 5
466 13 12 6
467 14 14 6
468 8 8 4
469 6 5 4
470 10 9 5
471 15 15 7
472 9 8 4
473 16 15 5
474 19 18 4
475 30 29 7
476 13 12 4
477 12 11 5
478 7 7 7
479 12 12 4
480 18 17 5
481 9 9 5
482 9 8 4
483 10 9 5
484 7 7 7
485 8 8 4
486 12 11 5
487 15 15 5
488 15 15 5
489 17 16 6
490 10 9 5
491 11 11 5
492 13 13 5
493 13 13 5
494 11 10 6
495 18 18 4
496 10 9 5
497 9 9 5
498 17 16 6
499 10 9 5
500 11 11 5
501 13 12 4
502 16 15 5
503 9 9 5
504 13 12 4
505 18 17 5
506 9 8 4
507 18 17 7
508 9 8 4
509 16 15 5
510 13 13 5
511 17 17 7
512 13 12 4
513 18 17 5
514 13 12 6
515 12 12 4
516 16 15 7
517 15 15 5
518 21 20 6
519 16 15 5
520 9 8 4
521 10 9 5
522 17 16 6
523 10 10 4
524 12 11 5
525 11 10 4
526 12 11 5
527 13 13 5
528 13 12 6
529 6 6 6
530 11 10 4
531 12 11 7
532 13 12 4
533 20 19 7
534 9 8 4
535 10 9 5
536 9 8 4
537 16 15 7
538 19 18 4
539 34 33 7
540 21 21 5
541 15 15 5
542 17 17 5
543 9 8 4
544 10 9 5
545 13 12 6
546 6 6 6
547 19 18 6
548 16 16 4
549 26 25 7
550 23 22 6
551 22 21 5
552 21 20 6
553 12 12 4
554 12 11 5
555 11 10 4
556 14 13 7
557 5 5 5
558 18 17 7
559 15 14 4
560 20 19 5
561 23 23 5
562 13 13 5
563 21 20 4
564 20 19 5
565 15 14 4
566 22 21 7
567 9 8 4
568 8 7 6
569 20 20 4
570 14 13 5
571 13 12 4
572 28 27 5
573 13 13 5
574 13 13 5
575 15 14 6
576 18 18 4
577 22 21 5
578 17 17 5
579 9 8 4
580 26 25 5
581 25 24 6
582 16 16 6
583 24 23 5
584 17 17 5
585 19 19 5
586 21 20 6
587 24 23 5
588 29 29 5
589 23 23 5
590 33 33 5
591 35 35 5
592 23 22 6
593 24 23 5
594 33 32 6
595 16 16 4
596 22 21 5
597 47 47 7
598 35 35 5
599 21 21 5
600 21 20 4
601 22 21 5
602 25 25 5
603 29 28 6
604 36 36 6
605 40 40 10
606 36 36 6
607 44 43 11
608 21 21 5
609 29 28 8
610 36 36 8
611 22 22 6
612 34 34 6
613 28 28 6
614 34 33 7
615 29 28 6
616 28 27 5
617 17 16 6
618 30 30 4
619 32 31 7
620 29 28 6
621 26 25 7
622 37 37 7
623 31 31 7
624 27 27 7
625 33 33 11
626 25 24 8
627 28 28 6
628 24 23 7
629 39 38 6
630 52 52 12
631 26 26 4
632 24 23 7
633 19 19 5
634 27 26 8
635 38 37 9
636 23 22 8
637 28 27 7
638 31 31 7
639 31 30 6
640 32 32 10
641 22 22 6
642 22 22 8
643 28 28 6
644 30 29 9
645 29 28 10
646 32 31 11
647 39 39 7
648 29 28 4
649 26 25 7
650 21 20 4
651 38 37 9
652 25 24 8
653 22 22 6
654 44 43 11
655 23 22 6
656 22 22 6
657 22 21 5
658 37 36 8
659 38 37 9
660 19 19 5
661 35 35 7
662 37 37 9
663 41 40 8
664 36 35 7
665 35 35 9
666 33 32 8
667 22 22 4
668 36 35 7
669 43 43 7
670 33 32 10
671 12 12 4
672 18 17 5
673 35 34 4
674 28 27 9
675 39 39 11
676 29 29 5
677 41 41 7
678 25 25 7
679 31 30 6
680 28 28 4
681 18 17 5
682 27 27 7
683 27 26 4
684 24 23 5
685 27 26 6
686 32 32 6
687 16 15 5
688 33 32 8
689 28 27 7
690 17 16 4
691 26 25 5
692 15 15 5
693 23 22 6
694 32 31 7
695 27 26 6
696 22 22 6
697 30 30 6
698 18 17 5
699 19 18 4
700 28 27 7
701 17 16 6
702 14 14 6
703 16 16 6
704 30 30 6
705 20 20 6
706 10 10 4
707 14 13 5
708 19 19 5
709 17 17 5
710 17 16 6
711 20 20 6
712 20 19 7
713 19 19 5
714 17 16 4
715 22 21 5
716 23 23 7
717 25 24 6
718 12 12 4
719 10 9 5
720 15 14 4
721 16 15 5
722 17 16 4
723 10 9 5
724 9 8 4
725 16 15 5
726 11 11 5
727 19 19 5
728 17 16 4
729 22 21 5
730 15 15 5
731 21 21 5
732 13 13 5
733 15 14 4
734 12 11 5
735 17 17 5
736 15 14 4
737 18 17 7
738 21 20 6
739 16 16 4
740 24 23 5
741 19 18 4
742 14 13 5
743 23 22 6
744 18 18 4
745 20 19 5
746 15 14 6
747 12 11 5
748 21 20 6
749 12 12 4
750 28 27 7
751 15 14 4
752 14 13 5
753 25 24 4
754 16 15 5
755 15 15 5
756 29 29 9
757 13 12 4
758 12 11 5
759 15 14 4
760 20 19 5
761 19 18 6
762 10 10 4
763 20 19 5
764 13 12 6
765 14 14 6
766 8 8 4
767 10 9 5
768 17 16 8
769 12 12 4
770 12 11 5
771 17 16 6
772 24 24 6
773 18 18 6
774 24 23 5
775 21 21 7
776 19 18 4
777 20 19 7
778 15 14 6
779 10 10 6
780 10 10 4
781 14 13 5
782 11 11 5
783 11 10 4
784 14 13 5
785 27 27 5
786 17 17 7
787 11 11 5
788 17 16 6
789 28 28 6
790 8 8 4
791 14 13 5
792 17 16 6
793 14 13 5
794 17 17 7
795 31 30 4
796 14 13 5
797 27 26 6
798 30 29 5
799 35 34 6
800 26 26 4
801 14 13 5
802 9 8 4
803 12 11 5
804 11 10 4
805 18 17 5
806 17 16 4
807 24 23 5
808 15 14 4
809 24 23 5
810 23 23 5
811 11 10 4
812 12 11 5
813 13 12 4
814 16 15 7
815 19 19 5
816 15 14 4
817 28 27 7
818 11 11 5
819 17 16 4
820 20 19 7
821 11 10 4
822 18 17 5
823 27 26 4
824 18 17 7
825 11 10 4
826 26 25 5
827 19 19 5
828 17 17 5
829 13 13 7
830 23 22 6
831 6 6 6
832 11 10 4
833 18 17 5
834 13 12 4
835 12 11 5
836 15 14 6
837 10 9 5
838 15 14 6
839 20 19 7
840 13 12 4
841 14 13 5
842 15 14 6
843 16 16 4
844 24 23 7
845 17 17 5
846 21 21 5
847 15 14 4
848 20 19 7
849 21 20 6
850 22 22 6
851 24 24 6
852 8 7 6
853 24 24 6
854 10 10 6
855 10 9 5
856 17 16 4
857 20 19 5
858 19 19 5
859 9 8 4
860 16 15 5
861 11 11 5
862 19 18 8
863 10 10 4
864 12 11 5
865 13 13 5
866 11 10 6
867 8 8 4
868 26 25 5
869 11 10 4
870 20 19 5
871 21 21 7
872 13 12 4
873 10 9 5
874 17 17 5
875 11 11 5
876 9 8 4
877 14 13 5
878 17 16 6
879 22 22 8
880 8 8 4
881 16 15 5
882 15 14 8
883 16 16 6
884 12 12 4
885 16 15 5
886 15 14 4
887 16 15 5
888 11 11 5
889 7 7 7
890 18 18 6
891 10 10 6
892 14 14 6
893 14 14 6
894 12 12 6
895 12 12 4
896 16 15 7
897 19 18 6
898 18 17 5
899 17 17 7
900 13 12 4
901 20 19 5
902 25 24 6
903 14 14 6
904 10 10 4
905 12 11 5
906 13 13 7
907 9 8 4
908 10 9 5
909 15 14 4
910 12 11 5
911 17 16 6
912 12 11 5
913 11 11 7
914 7 6 5
915 13 12 4
916 12 11 5
917 11 11 5
918 13 12 6
919 12 12 4
920 22 21 7
921 19 18 6
922 10 9 5
923 11 10 4
924 10 9 5
925 11 11 5
926 7 6 5
927 11 10 6
928 10 9 5
929 17 17 5
930 17 16 6
931 24 24 6
932 12 12 6
933 16 16 4
934 16 15 7
935 19 18 6
936 18 18 4
937 16 15 7
938 9 8 4
939 14 13 5
940 19 19 5
941 9 8 4
942 12 11 5
943 11 11 5
944 13 13 5
945 11 10 4
946 30 29 7
947 21 20 4
948 20 19 5
949 19 18 4
950 18 17 7
951 17 16 4
952 6 5 4
953 12 11 5
954 11 10 4
955 10 9 5
956 19 18 6
957 12 12 4
958 14 13 7
959 11 11 5
960 13 13 5
961 21 20 8
962 12 12 4
963 18 17 7
964 13 12 4
965 16 15 5
966 19 18 4
967 18 17 9
968 17 16 6
969 16 16 6
970 12 12 4
971 16 15 7
972 17 17 5
973 11 11 5
974 13 13 5
975 11 10 4
976 10 9 5
977 13 13 5
978 27 26 6
979 22 22 4
980 10 9 5
981 25 25 5
982 19 19 5
983 11 10 4
984 28 27 7
985 19 18 4
986 20 19 5
987 17 16 4
988 14 13 5
989 21 20 6
990 24 24 4
991 34 33 5
992 27 26 6
993 18 18 6
994 24 24 6
995 34 34 6
996 32 31 5
997 29 29 9
998 53 52 12
999 24 24 6
1000 28 27 7
1001 39 39 7
1002 27 27 7
1003 27 26 4
1004 26 25 5
1005 21 21 5
1006 25 25 5
1007 25 24 4
1008 38 37 5
1009 27 27 7
1010 23 22 4
1011 26 25 5
1012 27 27 5
1013 29 28 4
1014 22 21 5
1015 37 37 9
1016 25 25 5
1017 27 27 7
1018 29 29 5
1019 35 35 5
1020 21 21 5
1021 35 35 7
1022 19 19 5
1023 29 29 7
1024 25 24 6
1025 36 35 11
1026 23 23 5
1027 23 22 6
1028 24 24 4
1029 26 25 5
1030 13 13 5
1031 13 13 5
1032 15 14 6
1033 16 16 4
1034 22 21 5
1035 23 22 6
1036 24 24 4
1037 24 23 5
1038 23 23 5
1039 31 31 7
1040 23 23 9
1041 37 37 15
1042 35 34 8
1043 26 26 6
1044 32 32 6
1045 20 20 4
1046 20 19 5
1047 11 10 4
1048 28 27 5
1049 19 19 7
1050 15 14 6
1051 20 20 6
1052 22 22 6
1053 12 12 4
1054 32 31 5
1055 37 36 6
1056 24 23 5
1057 19 18 6
1058 20 20 6
1059 24 24 6
1060 24 23 5
1061 23 23 5
1062 33 33 7
1063 21 20 4
1064 22 21 5
1065 15 15 5
1066 29 28 6
1067 30 29 5
1068 21 21 5
1069 27 27 5
1070 27 26 6
1071 26 25 7
1072 17 16 6
1073 10 10 4
1074 24 23 5
1075 17 17 5
1076 23 23 5
1077 23 22 4
1078 6 5 4
1079 22 21 5
1080 25 24 8
1081 24 24 6
1082 20 20 4
1083 18 17 5
1084 23 23 5
1085 27 27 7
1086 21 20 6
1087 16 16 4
1088 20 19 5
1089 25 24 8
1090 18 18 4
1091 16 15 7
1092 23 22 4
1093 16 15 5
1094 15 14 6
1095 18 18 6
1096 20 20 4
1097 18 17 5
1098 25 24 6
1099 20 20 6
1100 20 20 4
1101 16 15 5
1102 9 9 5
1103 15 14 4
1104 20 19 7
1105 19 18 6
1106 10 10 4
1107 12 11 5
1108 27 27 7
1109 19 18 6
1110 22 21 5
1111 21 20 6
1112 16 16 4
1113 14 13 5
1114 27 26 6
1115 22 22 4
1116 24 23 7
1117 21 20 4
1118 22 21 5
1119 13 13 5
1120 19 18 4
1121 12 11 5
1122 15 15 5
1123 13 12 6
1124 14 14 4
1125 20 19 7
1126 15 14 6
1127 14 14 4
1128 20 19 5
1129 13 12 4
1130 10 9 5
1131 21 21 5
1132 15 14 4
1133 30 29 7
1134 13 12 4
1135 14 13 5
1136 19 18 6
1137 20 20 8
1138 12 12 4
1139 24 23 5
1140 19 18 6
1141 12 11 5
1142 11 10 6
1143 22 22 6
1144 12 12 4
1145 14 13 5
1146 23 23 7
1147 27 27 5
1148 23 22 6
1149 12 12 4
1150 30 29 7
1151 15 14 4
1152 12 11 5
1153 15 14 6
1154 18 18 6
1155 16 16 6
1156 18 17 5
1157 15 15 5
1158 17 16 6
1159 14 14 4
1160 24 23 5
1161 11 11 5
1162 11 11 5
1163 25 24 6
1164 12 12 4
1165 20 19 5
1166 17 16 4
1167 16 15 5
1168 17 17 7
1169 17 16 6
1170 14 14 4
1171 16 15 5
1172 19 18 6
1173 18 18 4
1174 16 15 5
1175 13 12 6
1176 10 10 4
1177 12 11 5
1178 13 13 5
1179 15 14 6
1180 16 16 6
1181 12 12 4
1182 6 5 4
1183 6 5 4
1184 18 17 7
1185 17 16 6
1186 12 12 6
1187 14 13 5
1188 9 9 5
1189 17 17 5
1190 13 12 6
1191 6 5 4
1192 16 15 5
1193 13 13 7
1194 7 6 5
1195 13 12 4
1196 12 11 5
1197 13 13 5
1198 19 18 8
1199 10 10 4
1200 28 27 7
1201 13 13 5
1202 23 22 8
1203 8 8 4
1204 10 9 5
1205 15 14 6
1206 14 14 4
1207 12 11 5
1208 17 17 5
1209 7 6 5
1210 11 11 5
1211 13 12 6
1212 22 22 6
1213 14 13 5
1214 13 12 4
1215 12 11 5
1216 19 19 7
1217 13 12 6
1218 12 12 4
1219 10 9 5
1220 9 8 4
1221 14 13 7
1222 11 11 5
1223 13 13 5
1224 11 10 6
1225 10 10 4
1226 10 9 5
1227 19 19 7
1228 11 10 4
1229 20 19 5
1230 9 9 5
1231 13 13 5
1232 11 11 7
1233 9 8 4
1234 12 11 5
1235 7 6 5
1236 19 18 6
1237 18 17 5
1238 7 6 5
1239 9 8 4
1240 12 11 5
1241 9 8 4
1242 14 13 7
1243 13 12 6
1244 20 20 6
1245 10 10 6
1246 12 12 6
1247 14 14 6
1248 10 9 5
1249 9 9 5
1250 9 8 4
1251 12 11 7
1252 9 9 5
1253 17 16 6
1254 16 16 4
1255 14 13 5
1256 15 15 5
1257 13 13 5
1258 9 9 5
1259 13 12 4
1260 20 19 7
1261 13 12 6
1262 6 6 6
1263 9 8 4
1264 6 5 4
1265 18 17 7
1266 7 6 5
1267 17 16 8
1268 10 10 4
1269 22 21 5
1270 15 14 4
1271 16 15 7
1272 13 13 5
1273 9 8 4
1274 14 13 7
1275 9 8 4
1276 14 13 5
1277 17 17 5
1278 17 17 5
1279 13 13 7
1280 19 18 6
1281 14 14 6
1282 18 18 6
1283 6 5 4
1284 22 21 7
1285 15 14 6
1286 8 8 4
1287 12 11 5
1288 15 14 6
1289 12 12 6
1290 16 16 6
1291 10 10 4
1292 16 15 7
1293 19 18 6
1294 16 16 6
1295 12 11 5
1296 17 16 4
1297 12 11 5
1298 9 8 4
1299 12 11 5
1300 11 10 4
1301 10 9 5
1302 25 24 8
1303 8 8 4
1304 14 13 5
1305 21 20 6
1306 14 14 6
1307 8 8 4
1308 6 5 4
1309 18 17 5
1310 15 15 7
1311 13 12 4
1312 10 9 5
1313 11 11 5
1314 23 22 8
1315 18 18 4
1316 6 5 4
1317 16 15 7
1318 9 8 4
1319 12 11 5
1320 9 8 4
1321 12 11 5
1322 13 12 6
1323 30 30 4
1324 16 15 5
1325 9 9 5
1326 9 9 5
1327 19 18 8
1328 12 12 4
1329 16 15 5
1330 15 14 4
1331 16 15 5
1332 11 11 5
1333 15 14 6
1334 18 17 5
1335 19 19 5
1336 25 25 7
1337 11 11 5
1338 17 16 4
1339 12 11 5
1340 11 11 5
1341 23 22 8
1342 12 12 4
1343 10 9 5
1344 25 24 6
1345 6 5 4
1346 18 17 5
1347 17 16 6
1348 20 20 8
1349 12 11 5
1350 25 24 6
1351 14 14 4
1352 12 11 5
1353 23 22 8
1354 12 11 5
1355 21 20 6
1356 14 13 5
1357 11 10 6
1358 20 20 4
1359 40 39 7
1360 17 17 5
1361 19 18 4
1362 22 21 5
1363 25 24 6
1364 20 20 6
1365 20 20 4
1366 22 21 7
1367 17 16 4
1368 16 15 5
1369 23 22 4
1370 20 19 5
1371 19 19 5
1372 17 17 5
1373 11 10 4
1374 26 25 5
1375 23 23 7
1376 19 18 4
1377 28 27 5
1378 19 18 4
1379 14 13 5
1380 15 14 4
1381 14 13 5
1382 29 28 6
1383 14 13 7
1384 21 20 6
1385 14 13 5
1386 15 14 4
1387 20 19 5
1388 25 25 5
1389 19 18 6
1390 14 14 6
1391 20 20 4
1392 22 21 5
1393 33 32 8
1394 16 15 5
1395 11 11 5
1396 15 15 5
1397 19 18 6
1398 16 16 6
1399 18 17 5
1400 21 21 5
1401 21 20 6
1402 26 26 6
1403 12 12 4
1404 14 13 5
1405 15 15 5
1406 5 5 5
1407 20 19 5
1408 19 19 5
1409 17 17 5
1410 15 14 6
1411 16 16 6
1412 12 12 4
1413 14 13 5
1414 17 17 5
1415 21 20 6
1416 18 18 6
1417 12 12 4
1418 18 17 5
1419 15 15 5
1420 19 19 5
1421 29 28 6
1422 22 21 5
1423 17 16 4
1424 16 15 5
1425 21 20 6
1426 18 17 5
1427 11 10 6
1428 10 10 4
1429 16 15 7
1430 11 10 4
1431 12 11 5
1432 15 14 6
1433 12 12 4
1434 12 11 7
1435 9 8 4
1436 10 9 5
1437 13 13 5
1438 11 10 6
1439 16 16 4
1440 10 9 5
1441 11 10 4
1442 10 9 5
1443 11 11 5
1444 9 8 4
1445 12 11 5
1446 15 14 6
1447 12 11 5
1448 13 12 6
1449 26 26 6
1450 12 12 4
1451 16 15 7
1452 17 17 5
1453 17 16 6
1454 12 12 4
1455 10 9 5
1456 11 11 5
1457 11 10 6
1458 14 13 5
1459 11 11 5
1460 13 12 6
1461 8 8 4
1462 10 9 5
1463 11 10 6
1464 14 14 6
1465 18 17 5
1466 11 11 5
1467 11 11 5
1468 13 13 5
1469 9 8 4
1470 10 9 5
1471 33 32 6
1472 14 14 6
1473 16 16 6
1474 12 12 6
1475 8 8 4
1476 18 17 5
1477 17 16 8
1478 22 22 6
1479 10 10 4
1480 16 15 5
1481 19 19 5
1482 17 17 5
1483 11 11 5
1484 11 11 5
1485 13 12 4
1486 30 29 9
1487 15 14 6
1488 14 14 4
1489 20 19 7
1490 13 12 6
1491 24 24 6
1492 20 20 4
1493 12 11 5
1494 31 30 6
1495 14 14 6
1496 24 24 6
1497 8 8 4
1498 36 35 7
1499 25 24 4
1500 42 41 5
1501 25 24 4
1502 18 17 5
1503 17 16 6
1504 40 39 5
1505 15 15 5
1506 29 29 5
1507 17 17 5
1508 29 29 7
1509 15 14 4
1510 18 17 5
1511 21 20 4
1512 24 23 5
1513 27 27 5
1514 9 8 4
1515 18 17 5
1516 31 30 6
1517 30 30 4
1518 18 17 5
1519 23 22 6
1520 20 19 5
1521 19 18 4
1522 26 25 5
1523 21 21 5
1524 25 25 7
1525 21 20 6
1526 20 20 6
1527 20 20 4
1528 16 15 5
1529 19 18 6
1530 22 22 4
1531 18 17 5
1532 21 20 8
1533 28 28 6
1534 32 32 8
1535 22 22 8
1536 18 17 5
1537 23 23 5
1538 27 27 5
1539 23 22 4
1540 24 23 5
1541 19 18 4
1542 40 39 5
1543 39 38 6
1544 30 29 7
1545 29 29 5
1546 19 19 5
1547 15 14 4
1548 18 17 5
1549 23 23 5
1550 27 27 5
1551 17 17 5
1552 15 15 5
1553 21 20 4
1554 24 23 7
1555 19 19 5
1556 13 13 5
1557 13 12 4
1558 26 25 5
1559 21 20 4
1560 16 15 5
1561 25 25 5
1562 19 18 4
1563 18 17 7
1564 17 16 4
1565 30 29 5
1566 27 26 6
1567 24 23 7
1568 19 18 4
1569 20 19 5
1570 21 21 7
1571 25 24 8
1572 20 20 6
1573 6 6 6
1574 31 30 4
1575 20 19 5
1576 23 22 6
1577 12 12 4
1578 18 17 5
1579 17 17 5
1580 19 18 4
1581 22 21 5
1582 23 23 5
1583 25 24 6
1584 22 21 7
1585 17 16 4
1586 24 23 5
1587 29 29 5
1588 17 17 5
1589 9 9 5
1590 21 20 6
1591 26 25 5
1592 11 10 6
1593 18 18 4
1594 24 23 7
1595 15 15 5
1596 19 19 5
1597 35 34 8
1598 18 18 6
1599 12 12 4
1600 14 13 5
1601 7 6 5
1602 27 26 6
1603 16 16 6
1604 18 18 6
1605 16 16 6
1606 16 16 6
1607 18 18 6
1608 18 17 5
1609 21 21 7
1610 13 12 4
1611 14 13 5
1612 19 18 6
1613 14 14 4
1614 14 13 5
1615 15 14 6
1616 24 24 6
1617 20 20 6
1618 14 14 4
1619 14 13 5
1620 25 24 6
1621 14 14 4
1622 16 15 5
1623 11 11 5
1624 21 20 6
1625 12 11 5
1626 17 16 6
1627 12 11 5
1628 11 11 5
1629 23 23 7
1630 11 10 4
1631 24 23 7
1632 15 15 5
1633 13 13 5
1634 27 27 7
1635 17 16 6
1636 16 16 4
1637 12 11 5
1638 15 14 6
1639 12 12 4
1640 20 19 5
1641 15 15 5
1642 17 16 6
1643 30 30 8
1644 24 24 6
1645 28 28 4
1646 24 23 5
1647 15 15 5
1648 21 20 6
1649 32 32 8
1650 26 26 4
1651 24 23 5
1652 23 22 6
1653 34 34 6
1654 28 27 5
1655 21 21 5
1656 25 24 6
1657 18 18 4
1658 36 35 7
1659 33 33 5
1660 29 28 6
1661 30 30 8
1662 24 23 5
1663 23 22 6
1664 18 17 5
1665 27 26 6
1666 30 29 5
1667 23 23 5
1668 19 18 6
1669 28 27 5
1670 21 20 6
1671 14 13 5
1672 21 20 6
1673 18 17 5
1674 15 14 6
1675 12 12 4
1676 26 25 5
1677 19 18 4
1678 14 13 7
1679 17 16 6
1680 18 17 5
1681 11 11 5
1682 21 20 6
1683 14 13 5
1684 15 15 5
1685 11 10 4
1686 6 5 4
1687 22 21 7
1688 19 18 6
1689 12 11 5
1690 13 12 6
1691 14 14 6
1692 16 16 4
1693 20 19 7
1694 11 10 4
1695 14 13 5
1696 13 12 6
1697 18 18 6
1698 12 12 6
1699 16 16 6
1700 8 8 4
1701 16 15 7
1702 13 12 4
1703 16 15 5
1704 7 6 5
1705 7 6 5
1706 7 6 5
1707 13 12 6
1708 10 10 4
1709 16 15 5
1710 21 21 7
1711 21 20 8
1712 14 14 6
1713 20 20 6
1714 12 11 5
1715 11 10 4
1716 12 11 5
1717 11 10 6
1718 16 16 6
1719 10 9 5
1720 17 16 4
1721 24 23 7
1722 19 19 5
1723 17 16 6
1724 16 16 6
1725 12 12 4
1726 14 13 7
1727 23 22 6
1728 28 28 6
1729 20 20 6
1730 18 18 6
1731 18 17 5
1732 13 12 6
1733 20 20 6
1734 18 18 4
1735 14 13 5
1736 9 8 4
1737 12 11 5
1738 15 15 7
1739 13 12 6
1740 12 12 6
1741 20 20 8
1742 10 10 4
1743 12 11 5
1744 11 10 4
1745 6 5 4
1746 16 15 5
1747 17 16 6
1748 14 14 6
1749 18 18 6
1750 14 14 6
1751 12 12 4
1752 12 11 5
1753 11 11 5
1754 13 12 6
1755 16 16 6
1756 12 12 6
1757 6 6 6
1758 13 12 4
1759 16 15 7
1760 11 11 5
1761 17 17 5
1762 25 25 5
1763 21 21 7
1764 11 10 4
1765 12 11 5
1766 9 9 5
1767 13 12 6
1768 16 16 6
1769 14 14 4
1770 18 17 7
1771 17 17 5
1772 11 11 5
1773 15 14 6
1774 16 16 4
1775 16 15 5
1776 17 17 5
1777 17 16 6
1778 10 10 4
1779 22 21 5
1780 11 11 5
1781 25 24 6
1782 22 22 8
1783 16 16 6
1784 16 16 6
1785 12 11 5
1786 7 6 5
1787 13 12 6
1788 12 12 4
1789 10 9 5
1790 15 14 6
1791 10 10 6
1792 10 10 6
1793 6 5 4
1794 14 13 5
1795 15 14 6
1796 14 14 6
1797 14 14 6
1798 16 16 6
1799 12 12 6
1800 16 15 5
1801 29 29 7
1802 9 8 4
1803 16 15 5
1804 11 11 5
1805 9 8 4
1806 12 11 5
1807 11 10 4
1808 14 13 5
1809 23 23 7
1810 17 16 4
1811 18 17 7
1812 13 12 4
1813 28 27 7
1814 23 23 5
1815 23 22 4
1816 18 17 5
1817 7 6 5
1818 17 16 4
1819 14 13 5
1820 15 14 4
1821 22 21 7
1822 23 23 5
1823 21 20 4
1824 14 13 5
1825 11 10 4
1826 16 15 5
1827 11 10 4
1828 22 21 5
1829 13 13 5
1830 13 12 6
1831 10 10 4
1832 12 11 5
1833 17 16 6
1834 12 12 4
1835 22 21 5
1836 17 16 6
1837 26 25 7
1838 15 15 5
1839 13 12 4
1840 18 17 5
1841 19 18 4
1842 26 25 7
1843 27 26 6
1844 34 33 7
1845 37 36 4
1846 14 13 5
1847 21 20 6
1848 34 34 8
1849 24 24 4
1850 32 31 7
1851 31 30 6
1852 18 17 5
1853 23 22 6
1854 26 26 4
1855 32 31 7
1856 19 18 6
1857 24 23 5
1858 21 20 4
1859 32 31 5
1860 25 25 5
1861 35 34 8
1862 36 36 6
1863 28 27 7
1864 23 23 5
1865 23 23 7
1866 31 30 6
1867 32 32 6
1868 30 29 9
1869 23 22 6
1870 38 37 9
1871 31 31 7
1872 31 31 9
1873 41 40 10
1874 24 23 5
1875 47 47 11
1876 25 24 6
1877 32 32 8
1878 24 24 6
1879 26 26 4
1880 30 29 5
1881 31 31 5
1882 31 31 9
1883 43 42 10
1884 34 33 15
1885 45 44 6
1886 26 25 7
1887 55 54 16
1888 26 26 6
1889 24 24 4
1890 22 21 5
1891 33 32 4
1892 26 25 5
1893 31 30 4
1894 36 35 7
1895 19 18 6
1896 10 10 4
1897 44 43 5
1898 53 53 7
1899 21 21 5
1900 23 22 6
1901 32 31 9
1902 27 27 5
1903 31 31 7
1904 29 28 6
1905 36 36 6
1906 32 32 6
1907 24 23 5
1908 39 39 9
1909 27 26 8
1910 28 28 8
1911 38 38 8
1912 48 48 14
1913 44 44 10
1914 34 34 6
1915 32 32 6
1916 24 24 6
1917 22 21 9
1918 53 52 12
1919 28 28 6
1920 42 42 8
1921 26 26 6
1922 42 42 12
1923 34 33 9
1924 31 31 7
1925 29 28 6
1926 28 27 9
1927 43 43 13
1928 49 48 10
1929 24 24 4
1930 24 23 5
1931 21 21 7
1932 25 24 4
1933 34 33 7
1934 23 22 4
1935 30 29 5
1936 39 38 10
1937 28 28 8
1938 36 36 6
1939 42 41 7
1940 31 30 8
1941 18 17 5
1942 27 26 6
1943 22 22 6
1944 22 22 6
1945 28 27 7
1946 29 29 7
1947 33 32 6
1948 20 20 4
1949 24 23 7
1950 27 26 6
1951 26 25 5
1952 17 17 5
1953 19 19 5
1954 19 19 5
1955 19 18 4
1956 24 23 5
1957 21 20 6
1958 20 20 6
1959 28 28 6
1960 24 24 4
1961 18 17 5
1962 21 21 5
1963 25 25 5
1964 23 23 5
1965 23 23 7
1966 19 18 4
1967 20 19 5
1968 21 20 6
1969 22 22 6
1970 24 24 8
1971 18 17 5
1972 23 22 4
1973 30 29 5
1974 21 21 5
1975 23 22 4
1976 12 11 5
1977 21 20 6
1978 20 20 6
1979 30 30 6
1980 20 19 5
1981 15 15 5
1982 15 14 6
1983 12 12 4
1984 18 17 7
1985 9 9 5
1986 17 16 4
1987 20 19 5
1988 15 14 6
1989 22 21 5
1990 17 17 5
1991 13 12 4
1992 12 11 5
1993 21 21 7
1994 15 14 4
1995 22 21 5
1996 15 14 6
1997 18 17 5
1998 7 6 5
1999 21 21 7
2000 13 12 4
2001 12 11 5
2002 13 13 5
2003 17 16 6
2004 22 21 5
2005 9 9 5
2006 21 20 6
2007 16 16 4
2008 8 7 6
2009 16 16 6
2010 12 12 4
2011 20 19 5
2012 17 17 7
2013 13 12 4
2014 24 23 7
2015 27 26 6
2016 20 19 5
2017 19 18 6
2018 10 10 6
2019 16 16 6
2020 20 20 6
2021 20 19 5
2022 17 16 4
2023 14 13 5
2024 15 15 7
2025 13 12 4
2026 20 19 5
2027 13 12 4
2028 16 15 5
2029 15 14 6
2030 6 6 6
2031 7 6 5
2032 11 10 6
2033 16 15 5
2034 15 15 5
2035 19 19 7
2036 21 21 5
2037 15 14 6
2038 10 10 4
2039 16 15 7
2040 11 10 4
2041 12 11 5
2042 11 11 7
2043 17 16 6
2044 14 14 4
2045 14 13 5
2046 29 28 8
2047 10 10 4
2048 10 9 5
2049 11 10 6
2050 12 11 5
2051 11 10 4
2052 6 5 4
2053 8 7 6
2054 10 10 6
2055 14 14 6
2056 16 15 5
2057 27 26 8
2058 26 25 5
2059 25 24 8
2060 16 16 4
2061 14 13 5
2062 19 18 6
2063 18 17 5
2064 13 13 5
2065 11 10 4
2066 14 13 5
2067 15 14 6
2068 12 12 4
2069 12 11 5
2070 23 22 6
2071 24 24 8
2072 20 20 6
2073 24 24 6
2074 16 16 6
2075 8 8 4
2076 10 9 5
2077 15 14 6
2078 22 22 6
2079 12 11 5
2080 17 16 6
2081 8 8 4
2082 24 23 5
2083 29 29 9
2084 13 12 6
2085 6 6 6
2086 11 10 4
2087 14 13 5
2088 11 11 5
2089 13 12 6
2090 14 14 6
2091 10 10 4
2092 6 5 4
2093 20 19 7
2094 9 9 5
2095 11 10 6
2096 8 8 4
2097 6 5 4
2098 24 23 7
2099 19 18 4
2100 20 19 5
2101 7 6 5
2102 13 12 6
2103 16 15 5
2104 11 10 4
2105 6 5 4
2106 14 13 7
2107 15 15 5
2108 19 18 6
2109 12 12 6
2110 10 10 4
2111 10 9 5
2112 23 22 4
2113 20 19 5
2114 15 15 5
2115 11 10 4
2116 10 9 5
2117 15 14 6
2118 18 18 6
2119 18 17 7
2120 41 40 8
2121 24 24 4
2122 28 27 7
2123 19 19 5
2124 31 30 6
2125 22 21 5
2126 25 24 6
2127 22 22 6
2128 24 23 5
2129 21 20 4
2130 24 23 5
2131 19 19 5
2132 23 23 5
2133 29 28 8
2134 22 22 4
2135 30 29 5
2136 25 24 6
2137 32 31 5
2138 31 30 6
2139 46 46 6
2140 26 25 5
2141 25 25 5
2142 15 15 5
2143 19 18 4
2144 20 19 5
2145 21 20 6
2146 38 38 6
2147 28 27 5
2148 23 22 4
2149 20 19 5
2150 27 26 6
2151 22 21 5
2152 29 28 6
2153 18 18 4
2154 24 23 5
2155 19 19 5
2156 35 35 5
2157 19 18 6
2158 26 26 4
2159 18 17 5
2160 33 32 6
2161 18 17 5
2162 29 28 6
2163 22 21 5
2164 15 14 6
2165 16 16 4
2166 28 27 7
2167 21 20 4
2168 20 19 7
2169 23 22 6
2170 26 25 5
2171 27 26 6
2172 20 19 5
2173 27 26 6
2174 18 18 8
2175 28 28 8
2176 24 24 6
2177 28 27 5
2178 21 21 7
2179 29 29 7
2180 13 13 5
2181 31 30 6
2182 24 23 5
2183 25 24 6
2184 14 14 4
2185 12 11 5
2186 27 26 6
2187 18 18 4
2188 24 23 5
2189 21 21 5
2190 15 14 4
2191 20 19 7
2192 21 20 6
2193 30 30 4
2194 20 19 5
2195 31 30 6
2196 16 15 5
2197 21 20 6
2198 18 18 6
2199 14 14 4
2200 16 15 5
2201 23 23 5
2202 21 21 5
2203 7 6 5
2204 23 22 6
2205 14 14 4
2206 16 15 5
2207 19 18 4
2208 24 23 7
2209 11 11 5
2210 23 22 6
2211 14 14 4
2212 16 15 5
2213 19 18 4
2214 24 23 5
2215 13 13 5
2216 17 17 5
2217 37 36 6
2218 12 12 4
2219 20 19 5
2220 11 10 4
2221 22 21 5
2222 21 21 5
2223 19 18 6
2224 16 15 5
2225 13 13 5
2226 15 14 4
2227 22 21 7
2228 19 18 4
2229 24 23 5
2230 21 20 6
2231 10 10 4
2232 28 27 7
2233 13 12 4
2234 24 23 7
2235 13 12 4
2236 28 27 7
2237 25 24 6
2238 14 14 4
2239 10 9 5
2240 25 24 6
2241 12 11 5
2242 15 14 6
2243 20 20 6
2244 14 14 4
2245 12 11 5
2246 9 9 5
2247 19 19 7
2248 7 6 5
2249 13 12 6
2250 18 17 5
2251 11 11 5
2252 17 17 5
2253 15 14 6
2254 16 15 5
2255 13 13 5
2256 23 22 4
2257 14 13 5
2258 11 11 5
2259 17 16 6
2260 12 12 4
2261 14 13 5
2262 15 14 6
2263 16 16 6
2264 12 11 5
2265 13 12 6
2266 12 11 5
2267 13 12 6
2268 12 11 5
2269 17 16 4
2270 16 15 5
2271 5 5 5
2272 12 11 5
2273 5 5 5
2274 20 19 5
2275 9 9 5
2276 19 19 7
2277 15 14 6
2278 14 14 6
2279 14 13 5
2280 5 5 5
2281 16 15 5
2282 13 12 6
2283 8 8 4
2284 12 11 5
2285 19 19 7
2286 17 17 7
2287 15 14 6
2288 12 11 5
2289 9 8 4
2290 10 9 5
2291 13 12 6
2292 12 11 5
2293 7 6 5
2294 23 22 6
2295 16 16 4
2296 20 19 5
2297 9 9 5
2298 11 10 4
2299 6 5 4
2300 6 5 4
2301 10 9 5
2302 11 10 6
2303 14 13 5
2304 11 11 5
2305 17 17 5
2306 17 17 5
2307 19 18 8
2308 18 17 5
2309 21 20 4
2310 16 15 7
2311 11 10 6
2312 8 8 4
2313 16 15 5
2314 17 17 5
2315 11 11 5
2316 11 10 6
2317 10 10 6
2318 10 10 4
2319 16 15 7
2320 17 16 6
2321 14 14 6
2322 6 6 6
2323 19 18 6
2324 20 20 8
2325 6 6 6
2326 13 12 6
2327 6 6 6
2328 9 9 5
2329 9 8 4
2330 10 9 5
2331 11 11 5
2332 15 15 5
2333 17 17 7
2334 7 6 5
2335 11 10 6
2336 20 20 6
2337 12 12 4
2338 12 11 5
2339 11 11 5
2340 13 12 8
2341 10 10 4
2342 10 9 5
2343 13 12 4
2344 12 11 5
2345 13 13 5
2346 9 9 5
2347 7 7 7
2348 12 12 4
2349 14 13 5
2350 13 13 5
2351 13 13 5
2352 13 12 8
2353 8 8 4
2354 12 11 5
2355 13 12 8
2356 6 6 6
2357 13 12 4
2358 6 5 4
2359 12 11 5
2360 15 14 6
2361 14 14 4
2362 10 9 5
2363 7 6 5
2364 13 12 4
2365 10 9 5
2366 5 5 5
2367 14 13 7
2368 5 5 5
2369 14 13 5
2370 17 17 7
2371 15 14 6
2372 10 10 4
2373 16 15 7
2374 7 6 5
2375 5 5 5
2376 12 11 7
2377 13 12 4
2378 10 9 5
2379 9 9 5
2380 13 12 6
2381 10 10 6
2382 12 12 4
2383 12 11 5
2384 9 8 4
2385 14 13 5
2386 15 14 6
2387 8 8 4
2388 16 15 7
2389 7 6 5
2390 9 8 4
2391 14 13 7
2392 13 13 5
2393 15 15 5
2394 11 11 5
2395 13 13 5
2396 13 13 7
2397 7 6 5
2398 11 10 4
2399 12 11 5
2400 15 14 4
2401 12 11 7
2402 17 16 4
2403 16 15 5
2404 13 12 4
2405 14 13 5
2406 9 9 5
2407 13 12 6
2408 14 14 6
2409 14 14 6
2410 12 12 6
2411 16 16 6
2412 10 10 4
2413 20 19 5
2414 17 16 6
2415 12 11 5
2416 9 8 4
2417 14 13 7
2418 13 12 4
2419 22 21 5
2420 23 22 6
2421 14 13 5
2422 15 14 4
2423 30 29 5
2424 37 36 6
2425 30 29 5
2426 25 24 6
2427 24 24 6
2428 14 14 6
2429 20 19 5
2430 31 30 4
2431 16 15 5
2432 17 16 6
2433 16 15 5
2434 17 16 4
2435 34 33 7
2436 25 24 6
2437 36 36 6
2438 26 25 7
2439 23 22 4
2440 36 35 7
2441 33 33 5
2442 23 23 7
2443 25 24 6
2444 28 28 8
2445 34 34 6
2446 26 25 7
2447 25 24 4
2448 22 21 5
2449 43 42 12
2450 26 26 6
2451 26 25 7
2452 51 51 5
2453 35 34 6
2454 30 29 5
2455 27 26 4
2456 46 45 7
2457 35 34 6
2458 20 20 6
2459 34 34 6
2460 38 37 7
2461 37 36 6
2462 34 33 5
2463 31 31 7
2464 27 27 5
2465 27 27 7
2466 25 24 6
2467 26 26 6
2468 26 25 5
2469 29 28 4
2470 40 39 11
2471 17 16 4
2472 32 31 5
2473 17 17 5
2474 19 19 5
2475 19 19 5
2476 19 19 5
2477 29 28 8
2478 18 17 7
2479 31 30 6
2480 18 17 5
2481 19 19 5
2482 17 16 6
2483 20 20 6
2484 22 22 4
2485 32 31 7
2486 23 22 6
2487 24 24 6
2488 32 32 4
2489 18 17 7
2490 19 18 6
2491 24 23 5
2492 17 16 6
2493 18 17 5
2494 21 21 5
2495 23 22 6
2496 14 13 5
2497 15 14 4
2498 28 27 7
2499 15 14 6
2500 14 14 4
2501 18 17 5
2502 23 22 6
2503 14 14 6
2504 10 10 6
2505 8 8 4
2506 12 11 5
2507 17 17 5
2508 21 21 7
2509 21 20 4
2510 26 25 7
2511 23 22 6
2512 16 16 4
2513 16 15 5
2514 19 19 5
2515 15 15 5
2516 17 16 6
2517 18 17 5
2518 21 21 5
2519 13 13 5
2520 15 14 4
2521 12 11 5
2522 21 20 6
2523 10 10 6
2524 16 16 6
2525 12 11 5
2526 25 24 8
2527 12 12 6
2528 12 12 4
2529 24 23 5
2530 13 13 5
2531 21 21 5
2532 15 15 5
2533 11 10 4
2534 12 11 5
2535 19 19 7
2536 11 10 4
2537 22 21 7
2538 13 12 4
2539 14 13 5
2540 15 15 5
2541 17 16 6
2542 14 14 4
2543 28 27 7
2544 19 18 6
2545 14 14 6
2546 8 8 4
2547 14 13 5
2548 21 20 8
2549 16 16 4
2550 14 13 5
2551 19 19 5
2552 11 11 5
2553 21 21 5
2554 11 11 5
2555 19 19 5
2556 21 20 4
2557 24 23 7
2558 21 20 6
2559 18 18 4
2560 18 17 5
2561 21 20 4
2562 20 19 5
2563 29 28 6
2564 26 25 5
2565 17 16 4
2566 12 11 5
2567 13 12 4
2568 16 15 5
2569 29 29 5
2570 21 21 5
2571 21 20 6
2572 16 15 5
2573 17 16 4
2574 24 23 5
2575 25 25 5
2576 11 10 4
2577 32 31 5
2578 17 17 5
2579 29 28 6
2580 22 22 4
2581 18 17 5
2582 19 18 6
2583 20 20 6
2584 16 16 4
2585 22 21 5
2586 17 17 5
2587 19 18 4
2588 22 21 5
2589 21 21 7
2590 19 18 4
2591 16 15 5
2592 15 14 4
2593 22 21 5
2594 11 11 5
2595 21 21 5
2596 17 17 7
2597 19 18 6
2598 18 18 4
2599 20 19 5
2600 21 21 5
2601 15 15 5
2602 13 13 5
2603 19 19 5
2604 9 9 5
2605 15 14 6
2606 10 10 4
2607 14 13 5
2608 19 18 6
2609 12 12 6
2610 24 24 6
2611 20 20 6
2612 16 15 7
2613 11 10 4
2614 14 13 5
2615 15 14 4
2616 18 17 7
2617 9 8 4
2618 22 21 7
2619 21 20 4
2620 16 15 5
2621 17 16 4
2622 18 17 7
2623 13 12 4
2624 14 13 5
2625 13 12 6
2626 12 12 4
2627 12 11 5
2628 5 5 5
2629 22 21 5
2630 15 14 4
2631 18 17 5
2632 13 12 6
2633 16 16 6
2634 16 16 6
2635 24 24 6
2636 