0 22 21 5
1 11 10 4
2 14 13 5
3 27 26 6
4 16 16 6
5 20 20 8
6 18 18 4
7 14 13 5
8 21 20 6
9 20 20 6
10 12 12 4
11 12 11 5
12 5 5 5
13 10 9 5
14 15 14 6
15 14 14 6
16 12 12 4
17 24 23 7
18 13 12 6
19 14 13 5
20 15 14 4
21 12 11 5
22 15 14 4
23 14 13 5
24 9 8 4
25 12 11 5
26 13 13 5
27 9 9 5
28 9 8 4
29 16 15 5
30 13 13 5
31 13 12 4
32 10 9 5
33 9 8 4
34 16 15 9
35 11 10 4
36 14 13 5
37 5 5 5
38 22 21 7
39 15 14 4
40 12 11 5
41 13 12 4
42 16 15 7
43 9 9 5
44 11 10 4
45 12 11 5
46 13 12 4
47 12 11 5
48 23 23 5
49 11 11 5
50 19 18 6
51 20 20 4
52 6 5 4
53 16 15 7
54 5 5 5
55 10 9 5
56 13 12 4
57 18 17 5
58 25 25 5
59 17 16 4
60 22 21 5
61 15 15 5
62 17 16 6
63 32 32 4
64 32 31 7
65 37 36 6
66 24 24 6
67 14 14 4
68 14 13 5
69 23 22 6
70 18 17 5
71 19 18 4
72 26 25 5
73 21 20 4
74 12 11 5
75 19 18 4
76 16 15 5
77 25 24 6
78 24 23 5
79 17 16 6
80 20 20 6
81 10 10 4
82 28 27 5
83 25 24 6
84 22 21 5
85 25 24 6
86 38 38 4
87 34 33 5
88 15 14 4
89 20 19 5
90 25 25 5
91 37 37 7
92 21 20 4
93 34 33 5
94 25 25 5
95 21 21 5
96 23 22 6
97 24 23 5
98 21 20 4
99 20 19 5
100 23 22 4
101 22 21 5
102 29 29 5
103 23 23 7
104 17 16 4
105 14 13 5
106 17 16 4
107 26 25 5
108 19 18 4
109 20 19 5
110 19 18 6
111 26 26 6
112 18 18 4
113 20 19 5
114 31 31 7
115 19 19 5
116 21 21 5
117 31 30 6
118 24 23 7
119 29 28 8
120 14 13 5
121 17 16 4
122 18 17 5
123 33 33 5
124 23 22 6
125 30 29 7
126 25 24 6
127 36 35 7
128 27 26 4
129 18 17 5
130 17 16 6
131 24 24 8
132 20 20 8
133 18 18 6
134 24 24 4
135 32 31 7
136 17 16 4
137 16 15 5
138 25 24 6
139 22 21 5
140 17 16 4
141 26 25 5
142 23 23 7
143 33 32 6
144 22 21 7
145 25 24 6
146 14 13 5
147 19 18 4
148 20 19 5
149 21 21 7
150 27 26 4
151 26 25 5
152 27 26 8
153 28 28 8
154 18 18 6
155 30 30 4
156 18 17 5
157 25 25 5
158 17 16 4
159 28 27 5
160 25 25 7
161 19 19 5
162 31 30 6
163 28 28 4
164 22 21 5
165 15 15 5
166 19 18 6
167 18 18 4
168 30 29 5
169 27 26 6
170 18 18 4
171 26 25 7
172 25 24 6
173 20 20 4
174 30 29 5
175 19 19 5
176 23 23 5
177 37 36 6
178 30 29 7
179 29 28 4
180 26 25 5
181 25 24 4
182 24 23 5
183 29 29 7
184 27 26 6
185 30 30 6
186 32 31 5
187 27 27 5
188 25 25 5
189 21 21 5
190 29 28 4
191 26 25 5
192 15 14 6
193 16 15 5
194 17 16 4
195 18 17 5
196 21 21 5
197 21 21 7
198 25 25 5
199 25 24 4
