0 30 29 5
1 15 15 5
2 15 14 6
3 6 6 6
4 13 12 6
5 14 14 4
6 14 13 5
7 17 17 5
8 31 30 6
9 24 24 4
10 20 19 5
11 25 24 6
12 16 16 4
13 12 11 5
14 9 9 5
15 23 22 4
16 20 19 5
17 23 23 5
18 9 9 5
19 9 8 4
20 14 13 5
21 17 16 6
22 16 15 5
23 17 16 6
24 20 20 4
25 24 23 5
26 21 20 4
27 16 15 5
28 21 21 7
29 23 22 4
30 14 13 5
31 15 15 5
32 19 18 4
33 22 21 5
34 13 12 4
35 12 11 5
36 13 13 5
37 15 15 5
38 11 10 4
39 24 23 5
40 19 18 6
41 26 26 4
42 22 21 5
43 19 18 6
44 18 18 4
45 32 31 5
46 49 48 4
47 34 33 5
48 27 26 4
49 18 17 5
50 21 20 6
51 26 26 4
52 34 33 5
53 33 33 5
54 25 24 4
55 24 23 5
56 25 25 5
57 27 26 4
58 36 35 5
59 29 28 4
60 22 21 5
61 15 14 4
62 24 23 5
63 19 18 4
64 16 15 5
65 29 28 6
66 26 25 7
67 29 28 4
68 20 19 5
69 37 36 4
70 24 23 5
71 25 24 4
72 26 25 5
73 21 21 5
74 23 22 4
75 12 11 5
76 21 21 5
77 31 30 4
78 30 29 7
79 27 27 5
80 23 22 4
81 30 29 5
82 27 26 4
83 18 17 5
84 37 36 6
85 34 34 6
86 32 32 6
87 28 28 4
88 28 27 5
89 39 38 8
90 30 30 4
91 28 27 7
92 15 14 4
93 32 31 7
94 13 12 4
95 40 39 11
96 23 23 5
97 17 17 5
98 35 34 6
99 16 15 7
100 27 26 6
101 26 26 4
102 38 37 5
103 25 24 4
104 26 25 5
105 31 30 4
106 24 23 5
107 17 16 4
108 30 29 5
109 21 20 6
110 20 20 6
111 30 30 4
112 24 23 5
113 19 18 4
114 34 33 5
115 17 16 6
116 10 10 4
117 34 33 5
118 13 12 6
119 16 16 4
120 24 23 5
121 21 20 4
122 28 27 5
123 13 13 5
124 25 24 6
125 12 12 4
126 18 17 5
127 27 26 6
128 14 13 5
129 27 26 6
130 24 24 6
131 24 24 4
132 30 29 5
133 23 22 4
134 22 21 5
135 23 22 6
136 22 21 5
137 25 25 5
138 21 21 5
139 29 28 6
140 22 22 4
141 22 21 5
142 35 34 6
143 24 24 6
144 22 21 5
145 21 20 4
146 30 29 5
147 31 30 4
148 18 17 5
149 25 24 6
150 24 24 6
151 16 16 4
152 22 21 5
153 27 26 6
154 16 16 4
155 20 19 5
156 21 20 4
157 16 15 5
158 25 24 6
159 22 22 4
160 16 15 5
161 17 16 6
162 20 20 4
163 24 23 5
164 21 20 4
165 22 21 5
166 15 14 4
167 20 19 5
168 17 17 5
169 25 24 6
170 14 14 4
171 12 11 5
172 15 14 6
173 14 14 4
174 32 31 5
175 21 20 4
176 18 17 5
177 13 12 6
178 14 14 4
179 18 17 5
180 19 19 5
181 9 9 5
182 13 12 4
183 32 31 5
184 11 11 5
185 23 23 5
186 17 16 4
187 18 17 5
188 15 14 6
189 22 22 6
190 14 14 4
191 14 13 5
192 15 14 4
193 18 17 5
194 11 10 4
195 14 13 5
196 21 20 6
197 26 26 4
198 24 23 5
199 17 17 5
200 17 16 4
201 6 5 4
202 14 13 5
203 21 21 5
204 15 15 5
205 11 11 5
206 15 14 4
207 12 11 5
208 17 16 6
209 24 24 4
210 16 15 5
211 11 10 4
212 16 15 5
213 19 18 4
214 14 13 5
215 15 14 4
216 14 13 5
217 17 16 6
218 24 24 4
219 24 23 5
220 15 14 4
221 16 15 5
222 11 10 4
223 10 9 5
224 13 12 6
225 20 20 6
226 6 6 6
227 21 20 6
228 20 20 6
229 16 16 4
230 16 15 5
231 15 14 4
232 28 27 5
233 13 13 5
234 25 24 6
235 8 8 4
236 14 13 5
237 21 20 6
238 8 8 4
239 14 13 5
240 9 8 4
241 12 11 5
242 11 10 4
243 18 17 5
244 13 12 4
245 10 9 5
246 13 12 6
247 22 21 7
248 17 16 4
249 26 25 5
250 19 18 6
251 16 16 4
252 12 11 5
253 13 12 6
254 20 20 4
255 14 13 5
256 23 22 4
257 26 25 7
258 23 22 6
259 20 20 6
260 10 10 4
261 14 13 5
262 15 14 6
263 18 18 6
264 26 26 4
265 18 17 5
266 19 19 5
267 11 10 4
268 20 19 5
269 15 14 4
270 12 11 5
271 13 12 6
272 14 14 4
273 14 13 5
274 15 15 5
275 23 22 6
276 14 14 4
277 24 23 5
278 15 15 7
279 29 28 4
280 20 19 5
281 29 28 6
282 18 18 6
283 16 16 4
284 18 17 5
285 19 19 5
286 9 8 4
287 34 33 7
288 15 14 4
289 20 19 5
290 13 13 5
291 33 32 6
292 20 20 6
293 14 14 4
294 16 15 5
295 21 20 4
296 26 25 7
297 15 14 4
298 22 21 5
299 19 18 6
300 10 10 4
301 16 15 5
302 15 14 4
303 30 29 7
304 19 18 4
305 24 23 5
306 13 12 6
307 24 24 4
308 18 17 5
309 27 26 4
310 18 17 5
311 13 12 4
312 12 11 5
313 19 18 4
314 18 17 7
315 23 22 4
316 24 23 5
317 19 18 4
318 16 15 5
319 11 10 4
320 12 11 5
321 21 21 5
322 21 20 6
323 14 14 6
324 22 22 4
325 18 17 5
326 15 14 4
327 22 21 5
328 13 12 4
329 14 13 5
330 29 29 5
331 19 19 5
332 27 26 4
333 20 19 5
334 13 12 4
335 6 5 4
336 16 15 5
337 17 16 4
338 20 19 5
339 27 26 4
340 24 23 5
341 9 9 5
342 11 11 5
343 15 14 4
344 12 11 5
345 15 14 4
346 22 21 7
347 31 30 4
348 16 15 5
349 9 8 4
350 18 17 5
351 15 14 6
352 12 11 5
353 19 18 4
354 16 15 5
355 23 22 4
356 20 19 5
357 15 15 5
358 11 10 4
359 18 17 5
360 11 10 4
361 26 25 5
362 17 17 5
363 25 25 5
364 21 20 4
365 18 17 5
366 25 24 4
367 16 15 5
368 23 22 6
369 20 20 4
370 26 25 5
371 11 11 5
372 17 16 4
373 12 11 5
374 17 16 6
375 22 21 5
376 15 14 4
377 22 21 5
378 25 25 5
379 23 23 5
380 9 8 4
381 18 17 5
382 27 27 5
383 15 14 4
384 20 19 5
385 25 24 6
386 18 18 6
387 38 38 4
388 34 33 5
389 29 28 4
390 34 33 5
391 17 16 4
392 20 19 5
393 15 15 5
394 25 24 4
395 26 25 5
396 29 28 6
397 12 12 4
398 14 13 5
399 17 16 6
400 16 16 6
401 26 26 4
402 24 23 5
403 31 30 4
404 18 17 5
405 11 10 4
406 26 25 5
407 19 18 4
408 28 27 7
409 23 22 6
410 18 18 4
411 14 13 5
412 23 22 4
413 14 13 5
414 33 32 4
415 32 31 5
416 35 34 6
417 14 14 4
418 20 19 5
419 29 29 5
420 31 31 5
421 19 18 4
422 10 9 5
423 19 18 4
424 22 21 5
425 29 28 6
426 42 41 5
427 27 26 6
428 18 18 4
429 16 15 5
430 23 22 4
431 24 23 5
432 35 35 5
433 33 32 4
434 24 23 5
435 13 12 4
436 32 31 5
437 17 16 6
438 28 28 4
439 40 39 5
440 37 36 6
441 32 32 4
442 32 31 5
443 35 34 6
444 34 34 4
445 38 37 5
446 27 26 4
447 34 33 5
448 27 26 4
449 38 37 5
450 19 18 6
451 26 26 4
452 24 23 5
453 51 50 4
454 38 37 5
455 49 48 4
456 48 47 5
457 27 26 4
458 36 35 5
459 33 32 4
460 50 49 5
461 47 46 4
462 30 29 5
463 35 35 5
464 29 29 5
465 37 36 4
466 52 51 5
467 51 51 5
468 35 34 4
469 42 41 5
470 43 42 4
471 48 47 5
472 43 42 4
473 36 35 5
474 45 44 4
475 26 25 5
476 41 40 4
477 48 47 5
478 29 28 6
479 52 52 4
480 40 39 5
481 55 54 4
482 44 43 5
483 43 42 4
484 52 51 5
485 39 38 4
486 44 43 5
487 37 36 4
488 46 45 5
489 41 40 4
490 48 47 5
491 33 32 4
492 48 47 5
493 35 34 4
494 50 49 5
495 39 39 5
496 39 38 4
497 38 37 5
498 37 36 4
499 34 33 5
