0 22 21 5
1 11 10 4
2 14 13 5
3 25 25 5
4 15 14 4
5 18 17 5
6 19 19 5
7 15 14 6
8 20 20 6
9 18 18 4
10 14 13 5
11 11 10 4
12 8 7 6
13 10 10 6
14 12 12 4
15 14 13 5
16 13 13 5
17 23 22 6
18 12 11 5
19 15 14 6
20 14 14 4
21 12 11 5
22 15 15 5
23 13 12 4
24 10 9 5
25 13 12 6
26 12 12 4
27 10 9 5
28 11 10 6
29 16 16 6
30 12 12 4
31 16 15 7
32 9 8 4
33 10 9 5
34 13 12 6
35 10 10 4
36 14 13 5
37 7 6 5
38 21 20 6
39 16 16 6
40 12 12 6
41 14 14 6
42 12 12 4
43 10 9 5
44 11 10 4
45 12 11 5
46 15 14 6
47 12 12 6
48 22 22 4
49 12 11 5
50 19 18 6
51 20 20 4
52 6 5 4
53 14 13 5
54 5 5 5
55 10 9 5
56 15 14 6
57 16 16 4
58 26 25 5
59 19 18 6
60 22 21 5
61 15 14 4
62 18 17 7
63 35 34 6
64 28 28 4
65 36 35 5
66 23 23 5
67 17 16 6
68 12 12 4
69 22 21 5
70 17 16 4
71 20 19 5
72 25 25 5
73 23 22 6
74 10 10 4
75 20 19 5
76 17 16 6
77 22 22 4
78 24 23 5
79 15 15 5
80 21 20 6
81 10 10 4
82 28 27 5
83 25 25 7
84 21 20 4
85 24 23 5
86 41 40 6
87 34 34 6
88 16 15 5
89 19 18 4
90 28 27 7
91 35 34 4
92 22 21 5
93 33 33 5
94 25 24 4
95 22 21 5
96 23 22 6
97 24 24 6
98 22 22 6
99 20 20 6
100 24 24 6
101 22 21 5
102 29 29 5
103 21 20 4
104 18 17 5
105 15 14 6
106 16 16 4
107 26 25 5
108 21 20 6
109 20 19 5
110 17 16 4
111 28 27 7
112 21 20 6
113 20 20 6
114 30 29 5
115 19 18 4
116 22 21 5
117 29 29 5
118 21 21 5
119 27 26 6
120 14 13 5
121 19 18 6
122 18 18 6
123 34 34 6
124 22 22 6
125 28 28 6
126 22 22 4
127 34 33 5
128 27 27 5
129 17 16 4
130 16 15 5
131 23 22 6
132 18 18 6
133 18 17 5
134 27 26 6
135 28 28 4
136 18 17 5
137 17 16 6
138 24 24 6
139 20 20 4
140 18 17 5
141 27 26 6
142 22 22 6
143 30 30 4
144 20 19 5
145 23 23 5
146 13 12 4
147 20 19 5
148 19 18 4
149 20 19 5
150 31 30 8
151 26 26 6
152 22 22 4
153 26 25 5
154 19 18 6
155 32 32 6
156 18 18 6
157 26 26 6
158 18 17 5
159 27 27 5
160 25 25 7
161 19 19 5
162 33 32 8
163 28 28 4
164 22 21 5
165 15 15 5
166 17 17 5
167 19 18 4
168 30 29 5
169 27 27 7
170 19 18 4
171 24 23 5
172 23 23 5
173 21 21 5
174 29 28 4
175 20 19 5
176 23 23 5
177 35 34 4
178 30 29 7
179 29 29 5
180 25 24 4
181 26 25 5
182 23 23 5
183 27 26 4
184 26 25 5
185 29 28 4
186 32 31 5
187 27 27 5
188 25 25 5
189 23 22 6
190 30 30 6
191 24 24 4
192 14 13 5
193 15 14 4
194 18 17 5
195 17 17 5
196 23 22 6
197 18 18 4
198 26 25 5
199 27 26 6
200 14 13 5
201 23 22 6
202 22 22 4
203 24 23 5
204 19 18 6
205 22 22 6
206 24 24 4
207 18 17 5
208 37 36 6
209 24 23 5
210 19 19 5
211 21 20 6
212 26 26 4
213 42 41 7
214 19 18 4
215 22 21 5
216 19 18 4
217 30 29 5
218 21 20 4
219 16 15 5
220 23 22 6
221 18 18 6
222 18 18 4
223 26 25 5
224 25 24 6
225 22 21 5
226 29 28 4
227 34 33 7
228 19 18 4
229 26 25 5
230 27 26 6
231 28 27 5
232 15 14 4
233 20 19 5
234 21 20 6
235 32 31 5
236 25 25 5
237 27 26 6
238 16 15 5
239 25 24 6
240 24 24 6
241 22 22 4
242 18 17 5
243 33 33 5
244 13 12 4
245 10 9 5
246 15 15 5
247 15 15 5
248 23 22 4
249 18 17 5
250 11 11 5
251 11 10 6
252 10 10 4
253 14 13 5
254 13 13 5
255 9 8 4
256 10 9 5
257 17 16 6
258 14 14 6
259 16 16 4
260 18 17 5
261 11 10 4
262 18 17 7
263 9 8 4
264 20 19 5
265 9 9 5
266 21 20 6
267 20 20 4
268 20 19 5
269 29 28 6
270 18 17 5
271 19 19 5
272 19 18 6
273 14 14 4
274 12 11 5
275 19 18 6
276 18 18 4
277 22 21 5
278 15 15 5
279 19 19 5
280 21 20 4
281 16 15 5
282 13 13 5
283 41 40 6
284 22 22 6
285 16 16 4
286 26 25 7
287 15 14 4
288 14 13 5
289 15 15 5
290 21 20 6
291 20 20 4
292 30 29 7
293 9 8 4
294 20 19 5
295 15 14 4
296 24 23 7
297 37 36 4
298 32 31 5
299 21 20 4
300 32 31 5
301 49 49 5
302 23 23 5
303 27 27 5
304 33 32 6
305 34 34 6
306 42 41 5
307 39 39 5
308 41 41 5
309 33 33 5
310 33 33 5
311 37 37 7
312 17 16 4
313 42 41 9
314 29 28 6
315 22 21 5
316 37 36 10
317 22 22 8
318 24 23 5
319 21 21 5
320 43 43 5
321 37 36 6
322 42 42 6
323 52 52 10
324 38 38 6
325 16 16 4
326 30 29 5
327 27 27 5
328 33 32 4
329 32 31 7
330 23 22 4
331 22 21 5
332 25 25 5
333 21 21 5
334 13 12 6
335 12 11 5
336 15 14 4
337 24 23 5
338 15 15 5
339 17 17 5
340 33 32 6
341 22 22 6
342 8 8 4
343 16 15 5
344 21 20 6
345 24 24 4
346 18 17 5
347 19 19 5
348 25 24 6
349 16 16 4
350 24 23 5
351 15 15 5
352 17 16 6
353 8 8 4
354 16 15 5
355 17 17 5
356 23 23 5
357 15 14 6
358 10 10 4
359 22 21 5
360 21 21 5
361 13 13 5
362 11 10 4
363 24 23 7
364 17 16 4
365 18 17 5
366 15 15 5
367 25 25 5
368 15 15 5
369 27 26 6
370 12 12 4
371 22 21 5
372 17 16 6
373 20 20 6
374 18 18 4
375 18 17 5
376 19 18 6
377 12 12 6
378 16 16 4
379 18 17 5
380 27 27 5
381 15 14 4
382 12 11 5
383 17 16 6
384 20 19 5
385 13 12 4
386 26 25 5
387 13 13 5
388 17 17 5
389 17 16 4
390 18 17 5
391 13 13 5
392 11 10 4
393 16 15 5
394 15 15 5
395 21 21 5
396 21 20 6
397 22 22 6
398 14 14 4
399 10 9 5
400 11 10 6
401 18 17 5
402 11 10 4
403 16 15 5
404 11 11 5
405 11 10 4
406 6 5 4
407 10 9 5
408 11 11 5
409 25 24 6
410 10 9 5
411 9 8 4
412 10 9 5
413 11 11 5
414 15 15 5
415 21 20 6
416 18 18 6
417 14 14 4
418 12 11 5
419 13 12 4
420 10 9 5
421 15 14 6
422 12 12 6
423 12 12 4
424 12 11 5
425 21 20 6
426 12 11 5
427 11 11 5
428 15 14 6
429 16 16 6
430 14 14 4
431 12 11 5
432 21 20 4
433 30 29 5
434 23 23 5
435 27 26 6
436 14 14 4
437 10 9 5
438 13 12 4
439 16 15 5
440 15 15 5
441 13 13 5
442 21 21 5
443 21 20 4
444 18 17 5
445 11 11 5
446 9 8 4
447 18 17 5
448 11 11 5
449 11 10 6
450 16 16 4
451 12 11 5
452 17 17 5
453 9 9 5
454 15 14 4
455 18 17 5
456 17 17 5
457 13 13 5
458 15 14 4
459 18 17 5
460 13 12 4
461 10 9 5
462 9 9 5
463 19 18 6
464 10 9 5
465 13 12 4
466 12 11 5
467 13 13 5
468 9 8 4
469 6 5 4
470 10 9 5
471 13 13 5
472 9 9 5
473 15 14 4
474 20 19 5
475 27 27 5
476 13 12 4
477 12 11 5
478 7 6 5
479 15 14 6
480 18 18 6
481 8 8 4
482 10 9 5
483 9 8 4
484 6 5 4
485 10 9 5
486 11 11 5
487 15 15 5
488 17 16 6
489 14 14 4
490 10 9 5
491 11 11 5
492 15 14 6
493 12 12 4
494 10 9 5
495 21 20 6
496 8 8 4
497 10 9 5
498 15 15 5
499 9 8 4
500 12 11 5
501 15 14 6
502 16 16 6
503 8 8 4
504 14 13 5
505 17 17 5
506 9 8 4
507 16 15 5
508 9 9 5
509 15 14 4
510 14 13 5
511 15 14 4
512 16 15 7
513 17 16 4
514 12 11 5
515 15 14 6
516 14 14 6
517 16 15 5
518 21 20 6
519 14 14 4
520 10 9 5
521 11 10 6
522 14 14 4
523 12 11 5
524 11 10 4
525 14 13 7
526 11 10 4
527 14 13 5
528 11 10 4
529 6 5 4
530 12 11 5
531 9 9 5
532 15 14 6
533 18 18 6
534 8 8 4
535 10 9 5
536 11 10 6
537 12 12 4
538 20 19 5
539 33 32 6
540 22 22 6
541 14 14 4
542 18 17 5
543 11 10 6
544 8 8 4
545 12 11 5
546 5 5 5
547 18 17 5
548 17 16 4
549 24 23 5
550 23 23 7
551 21 20 4
552 20 19 5
553 13 13 5
554 11 11 5
555 13 12 6
556 10 10 4
557 8 7 6
558 16 16 6
559 14 14 4
560 20 19 5
561 25 24 6
562 14 14 6
563 20 20 4
564 20 19 5
565 15 14 4
566 22 21 7
567 9 8 4
568 6 5 4
569 22 21 5
570 13 13 5
571 13 12 4
572 28 27 5
573 13 13 5
574 13 12 4
575 14 13 5
576 21 20 6
577 20 20 4
578 18 17 5
579 9 9 5
580 25 24 4
581 24 23 5
582 15 14 4
583 24 23 5
584 17 17 5
585 19 18 4
586 20 19 5
587 23 23 5
588 29 29 5
589 23 23 5
590 33 33 5
591 35 35 5
592 21 20 4
593 24 23 5
594 31 31 5
595 17 16 4
596 22 21 5
597 45 44 4
598 38 37 7
599 21 20 4
600 22 21 5
601 21 20 4
602 26 25 5
603 27 27 5
604 35 34 4
605 38 37 7
606 37 37 7
607 43 42 10
608 20 20 4
609 26 25 5
610 33 33 5
611 21 21 5
612 35 35 7
613 27 26 4
614 32 31 5
615 27 27 5
616 27 27 5
617 17 16 6
618 32 31 5
619 31 30 6
620 32 32 10
621 26 26 8
622 36 36 6
623 30 30 6
624 26 25 5
625 31 31 9
626 23 22 6
627 28 28 6
628 26 25 9
629 37 36 4
630 50 49 9
631 29 28 6
632 22 22 6
633 18 18 4
634 26 25 7
635 35 34 6
636 22 21 7
637 27 27 7
638 29 29 5
639 33 32 8
640 30 30 8
641 22 22 6
642 22 21 7
643 27 27 5
644 27 27 7
645 25 25 7
646 29 28 8
647 40 39 7
648 29 28 4
649 24 23 5
650 25 24 8
651 36 36 8
652 22 22 6
653 24 23 7
654 41 41 9
655 23 22 6
656 22 22 6
657 20 20 4
658 36 35 7
659 37 36 8
660 20 19 5
661 35 34 6
662 36 35 7
663 39 39 7
664 35 35 7
665 37 36 10
666 30 30 6
667 26 25 7
668 37 36 8
669 42 42 6
670 28 27 5
671 13 12 4
672 18 17 5
673 37 37 7
674 25 25 7
675 37 37 9
676 29 29 5
677 39 39 5
678 27 26 8
679 28 28 4
680 30 29 5
681 17 17 5
682 27 26 6
683 30 29 7
684 23 22 4
685 26 25 5
686 33 33 7
687 15 15 5
688 31 30 6
689 26 26 6
690 18 18 6
691 26 26 6
692 16 16 6
693 20 20 4
694 32 31 7
695 25 25 5
696 21 20 4
697 30 29 5
698 17 17 5
699 21 20 6
700 24 24 4
701 16 15 5
702 13 13 5
703 17 16 6
704 30 30 6
705 20 19 5
706 11 10 4
707 14 13 5
708 19 19 5
709 17 16 4
710 16 15 5
711 19 19 5
712 17 16 4
713 20 19 5
714 17 17 5
715 21 20 4
716 24 23 7
717 23 22 4
718 14 13 5
719 9 8 4
720 16 15 5
721 15 15 5
722 17 17 5
723 9 8 4
724 10 9 5
725 17 16 6
726 10 10 4
727 20 19 5
728 17 17 5
729 21 21 5
730 15 14 4
731 22 21 5
732 13 13 5
733 15 14 4
734 12 11 5
735 19 18 6
736 14 14 4
737 16 15 5
738 19 18 4
739 20 19 7
740 23 22 4
741 20 19 5
742 15 14 6
743 20 20 4
744 20 19 5
745 19 19 5
746 13 12 4
747 12 11 5
748 19 19 5
749 13 12 4
750 26 25 5
751 17 16 6
752 14 14 6
753 26 26 6
754 14 14 4
755 16 15 5
756 25 25 5
757 13 13 5
758 11 10 4
759 16 15 5
760 19 18 4
761 20 19 7
762 11 10 4
763 20 19 5
764 11 11 5
765 15 14 6
766 8 8 4
767 10 9 5
768 15 14 6
769 14 13 5
770 11 10 4
771 16 15 5
772 23 23 5
773 17 16 4
774 24 23 5
775 19 19 5
776 19 19 5
777 19 18 6
778 12 12 4
779 10 9 5
780 13 12 6
781 14 14 6
782 12 12 6
783 10 10 4
784 14 13 5
785 27 27 5
786 17 16 6
787 10 10 4
788 16 15 5
789 27 26 4
790 10 9 5
791 15 14 6
792 16 16 6
793 12 12 4
794 16 15 5
795 31 31 5
796 15 14 6
797 26 26 6
798 30 30 6
799 32 32 4
800 28 27 5
801 13 12 4
802 10 9 5
803 11 10 4
804 12 11 5
805 17 17 5
806 17 17 5
807 23 23 5
808 17 16 6
809 22 22 4
810 24 23 5
811 13 12 6
812 10 10 4
813 14 13 5
814 13 12 4
815 20 19 5
816 15 15 5
817 25 25 5
818 13 12 6
819 16 16 4
820 20 19 7
821 11 10 4
822 18 17 5
823 29 28 6
824 16 16 6
825 10 10 4
826 26 25 5
827 21 20 6
828 16 16 4
829 12 11 5
830 23 22 6
831 6 6 6
832 11 11 5
833 17 16 4
834 14 13 5
835 11 11 5
836 15 14 6
837 8 8 4
838 14 13 5
839 17 17 5
840 13 12 4
841 14 13 5
842 13 13 5
843 17 17 5
844 23 22 6
845 18 18 6
846 20 20 4
847 16 15 5
848 19 18 6
849 20 19 5
850 21 20 4
851 24 23 5
852 7 6 5
853 23 23 5
854 9 9 5
855 9 8 4
856 18 17 5
857 21 20 6
858 18 18 4
859 10 9 5
860 15 14 4
861 12 11 5
862 15 15 5
863 11 11 5
864 11 10 4
865 14 13 5
866 11 10 6
867 10 10 6
868 24 24 4
869 12 11 5
870 21 20 6
871 20 20 6
872 12 12 4
873 10 9 5
874 17 16 4
875 12 11 5
876 9 9 5
877 15 14 6
878 14 14 4
879 20 19 5
880 9 9 5
881 15 14 4
882 12 11 5
883 17 16 6
884 14 14 6
885 16 16 6
886 14 14 4
887 16 15 5
888 13 12 6
889 6 6 6
890 17 17 5
891 9 8 4
892 14 13 5
893 15 14 6
894 10 10 4
895 14 13 5
896 13 13 5
897 19 18 6
898 16 16 4
899 16 15 5
900 13 13 5
901 19 19 5
902 25 24 6
903 12 12 4
904 12 11 5
905 11 11 5
906 11 10 4
907 10 9 5
908 11 10 6
909 14 14 4
910 12 11 5
911 15 14 4
912 12 11 5
913 11 10 6
914 6 6 6
915 13 13 5
916 11 10 4
917 12 11 5
918 11 11 5
919 13 12 4
920 20 19 5
921 17 17 5
922 9 9 5
923 11 10 4
924 10 9 5
925 13 12 6
926 6 6 6
927 9 8 4
928 10 9 5
929 19 18 6
930 14 14 4
931 26 25 7
932 11 10 4
933 18 17 5
934 13 13 5
935 19 18 6
936 20 20 6
937 12 12 4
938 10 9 5
939 13 13 5
940 19 18 4
941 10 9 5
942 11 11 5
943 11 10 4
944 14 13 5
945 13 12 6
946 28 28 6
947 20 20 4
948 20 19 5
949 19 19 5
950 15 15 5
951 17 16 4
952 8 7 6
953 10 10 4
954 12 11 5
955 9 9 5
956 17 16 4
957 14 13 5
958 11 11 5
959 11 10 4
960 14 13 5
961 17 17 5
962 15 14 6
963 14 14 4
964 14 13 5
965 15 15 5
966 21 20 6
967 14 13 5
968 15 14 4
969 16 15 5
970 15 14 6
971 14 13 5
972 17 17 5
973 11 10 4
974 16 15 7
975 11 10 4
976 10 9 5
977 13 12 4
978 26 25 5
979 25 24 6
980 10 10 6
981 24 24 4
982 20 19 5
983 11 11 5
984 27 26 6
985 20 19 5
986 19 18 4
987 18 17 5
988 15 14 6
989 20 19 5
990 25 24 4
991 34 33 5
992 25 24 4
993 18 17 5
994 23 23 5
995 33 33 5
996 31 31 5
997 25 25 5
998 49 49 9
999 23 23 5
1000 25 24 4
1001 42 41 9
1002 27 26 6
1003 26 26 4
1004 26 25 5
1005 23 22 6
1006 26 26 6
1007 26 26 6
1008 36 36 4
1009 26 25 5
1010 23 22 4
1011 26 25 5
1012 27 27 5
1013 29 29 5
1014 23 22 6
1015 34 34 6
1016 24 24 4
1017 26 25 5
1018 29 29 5
1019 35 35 5
1020 21 20 4
1021 36 35 7
1022 19 19 5
1023 31 30 8
1024 24 24 6
1025 34 34 10
1026 24 23 5
1027 23 22 6
1028 26 26 6
1029 26 26 6
1030 12 12 4
1031 14 13 5
1032 13 13 5
1033 17 16 4
1034 22 21 5
1035 21 20 4
1036 26 25 5
1037 23 23 5
1038 23 23 5
1039 29 29 5
1040 23 23 9
1041 31 31 9
1042 33 32 6
1043 26 25 5
1044 31 30 4
1045 22 21 5
1046 19 18 4
1047 12 11 5
1048 27 26 4
1049 18 17 5
1050 13 12 4
1051 20 19 5
1052 21 21 5
1053 13 13 5
1054 33 32 6
1055 36 36 6
1056 24 24 6
1057 16 16 4
1058 20 19 5
1059 25 24 6
1060 24 24 6
1061 24 24 6
1062 30 30 4
1063 22 21 5
1064 21 21 5
1065 17 16 6
1066 26 26 4
1067 30 29 5
1068 21 20 4
1069 30 29 7
1070 27 26 6
1071 22 22 4
1072 16 15 5
1073 11 10 4
1074 24 23 5
1075 17 17 5
1076 25 24 6
1077 24 24 6
1078 6 6 6
1079 21 20 4
1080 22 21 5
1081 25 24 6
1082 20 20 4
1083 18 17 5
1084 23 22 4
1085 28 27 7
1086 19 19 5
1087 17 17 5
1088 19 19 5
1089 21 20 4
1090 20 19 5
1091 13 13 5
1092 25 24 6
1093 14 14 4
1094 14 13 5
1095 19 18 6
1096 22 21 5
1097 17 17 5
1098 23 22 4
1099 20 19 5
1100 21 21 5
1101 15 15 5
1102 9 9 5
1103 15 14 4
1104 18 17 5
1105 17 16 4
1106 14 13 7
1107 11 10 4
1108 26 25 5
1109 17 17 5
1110 21 20 4
1111 20 19 5
1112 19 18 6
1113 14 13 5
1114 27 26 6
1115 24 24 6
1116 22 21 5
1117 23 22 6
1118 20 20 4
1119 14 13 5
1120 21 20 6
1121 12 12 6
1122 14 14 4
1123 12 11 5
1124 15 14 4
1125 18 17 5
1126 15 14 6
1127 16 15 5
1128 21 20 6
1129 12 12 4
1130 10 9 5
1131 23 22 6
1132 14 14 4
1133 28 27 5
1134 13 13 5
1135 15 14 6
1136 16 16 4
1137 18 17 5
1138 13 13 5
1139 25 24 6
1140 18 18 6
1141 10 10 4
1142 10 9 5
1143 23 22 6
1144 12 12 4
1145 14 13 5
1146 23 22 6
1147 28 28 6
1148 22 22 6
1149 12 12 4
1150 28 27 5
1151 15 15 5
1152 11 10 4
1153 14 13 5
1154 17 17 5
1155 15 15 5
1156 17 16 4
1157 16 15 5
1158 15 15 5
1159 17 16 6
1160 24 24 6
1161 10 10 4
1162 12 11 5
1163 23 23 5
1164 13 12 4
1165 20 19 5
1166 19 19 7
1167 17 16 6
1168 14 14 4
1169 16 15 5
1170 15 14 4
1171 16 15 5
1172 19 18 6
1173 18 18 4
1174 16 15 5
1175 11 10 4
1176 12 11 5
1177 13 12 6
1178 14 14 6
1179 12 12 4
1180 16 15 5
1181 13 12 4
1182 6 5 4
1183 8 7 6
1184 14 14 4
1185 16 15 5
1186 11 11 5
1187 13 13 5
1188 11 10 6
1189 16 16 4
1190 12 11 5
1191 7 7 7
1192 14 14 4
1193 12 11 5
1194 5 5 5
1195 14 13 5
1196 11 11 5
1197 13 12 4
1198 16 15 5
1199 11 11 5
1200 25 25 5
1201 15 14 6
1202 18 18 4
1203 10 9 5
1204 9 9 5
1205 13 12 4
1206 18 17 7
1207 11 10 4
1208 18 17 5
1209 7 6 5
1210 13 12 6
1211 10 10 4
1212 24 23 7
1213 13 12 4
1214 14 13 5
1215 11 10 4
1216 20 19 7
1217 11 10 4
1218 14 13 5
1219 11 10 6
1220 8 8 4
1221 12 11 5
1222 11 10 4
1223 14 13 5
1224 9 9 5
1225 13 12 6
1226 8 8 4
1227 18 17 5
1228 11 11 5
1229 19 18 4
1230 10 9 5
1231 13 12 4
1232 10 9 5
1233 9 9 5
1234 13 12 6
1235 6 6 6
1236 19 18 6
1237 18 18 6
1238 6 6 6
1239 9 8 4
1240 12 11 5
1241 9 9 5
1242 11 10 4
1243 12 11 5
1244 19 19 5
1245 9 9 5
1246 13 12 6
1247 12 12 4
1248 10 9 5
1249 9 9 5
1250 9 9 5
1251 9 8 4
1252 10 9 5
1253 17 16 6
1254 18 18 6
1255 12 12 4
1256 16 15 5
1257 13 13 5
1258 9 8 4
1259 14 13 5
1260 17 17 5
1261 11 11 5
1262 7 6 5
1263 9 9 5
1264 7 6 5
1265 17 16 6
1266 6 5 4
1267 14 13 5
1268 11 10 4
1269 24 23 7
1270 15 14 4
1271 14 13 5
1272 13 12 4
1273 12 11 7
1274 11 10 4
1275 10 9 5
1276 13 13 5
1277 19 18 6
1278 16 16 4
1279 12 11 5
1280 17 16 4
1281 14 13 5
1282 17 17 5
1283 7 6 5
1284 21 20 6
1285 12 12 4
1286 10 9 5
1287 13 12 6
1288 12 12 4
1289 12 11 5
1290 15 14 4
1291 12 11 5
1292 15 14 6
1293 16 16 4
1294 16 15 5
1295 11 11 5
1296 19 18 6
1297 10 10 4
1298 10 9 5
1299 11 10 4
1300 12 11 5
1301 9 9 5
1302 21 20 4
1303 10 9 5
1304 13 12 4
1305 20 19 5
1306 13 13 5
1307 9 8 4
1308 8 7 6
1309 16 16 4
1310 14 13 5
1311 13 12 4
1312 10 9 5
1313 11 11 5
1314 19 18 4
1315 22 21 7
1316 7 6 5
1317 13 12 4
1318 10 9 5
1319 13 12 6
1320 8 8 4
1321 12 11 5
1322 11 11 5
1323 33 32 6
1324 14 14 4
1325 10 9 5
1326 9 8 4
1327 16 15 5
1328 13 13 5
1329 17 16 6
1330 14 14 4
1331 16 15 5
1332 13 12 6
1333 14 14 6
1334 16 16 4
1335 22 21 7
1336 23 22 4
1337 12 11 5
1338 17 17 5
1339 13 12 6
1340 10 10 4
1341 20 19 5
1342 13 13 5
1343 11 10 6
1344 24 24 6
1345 6 6 6
1346 19 18 6
1347 14 14 4
1348 18 17 5
1349 11 10 4
1350 26 25 7
1351 15 14 4
1352 12 11 5
1353 19 19 5
1354 11 11 5
1355 19 18 4
1356 14 13 5
1357 9 9 5
1358 23 22 6
1359 36 36 4
1360 18 17 5
1361 21 20 6
1362 20 20 4
1363 24 23 5
1364 21 20 6
1365 22 21 5
1366 21 20 6
1367 18 17 5
1368 15 14 4
1369 24 23 5
1370 19 19 5
1371 23 22 8
1372 16 16 4
1373 12 11 5
1374 25 24 4
1375 22 21 5
1376 19 19 5
1377 29 28 6
1378 20 19 5
1379 15 14 6
1380 16 16 6
1381 14 14 6
1382 28 28 6
1383 10 10 4
1384 20 19 5
1385 15 14 6
1386 14 14 4
1387 20 19 5
1388 27 26 6
1389 18 17 5
1390 13 13 5
1391 23 22 6
1392 22 22 6
1393 30 30 6
1394 14 14 4
1395 12 11 5
1396 17 16 6
1397 16 16 4
1398 16 15 5
1399 17 17 5
1400 23 22 6
1401 18 18 4
1402 26 25 5
1403 13 13 5
1404 13 12 4
1405 16 15 5
1406 5 5 5
1407 20 19 5
1408 21 20 6
1409 18 18 6
1410 12 12 4
1411 16 15 5
1412 13 13 5
1413 13 12 4
1414 18 17 5
1415 21 20 6
1416 16 16 4
1417 14 13 5
1418 17 17 5
1419 15 15 5
1420 21 20 6
1421 28 28 6
1422 22 22 6
1423 18 18 6
1424 14 14 4
1425 20 19 5
1426 17 17 5
1427 9 8 4
1428 12 11 5
1429 15 14 6
1430 12 11 5
1431 13 12 6
1432 12 12 4
1433 14 13 5
1434 9 9 5
1435 9 8 4
1436 10 9 5
1437 15 14 6
1438 8 8 4
1439 18 17 5
1440 9 9 5
1441 11 10 4
1442 12 11 7
1443 11 10 4
1444 10 9 5
1445 11 10 4
1446 14 13 5
1447 11 11 5
1448 11 10 4
1449 26 25 5
1450 13 13 5
1451 15 14 6
1452 18 18 6
1453 14 14 4
1454 14 13 5
1455 9 8 4
1456 12 11 5
1457 9 9 5
1458 13 12 4
1459 12 11 5
1460 11 11 5
1461 11 10 6
1462 8 8 4
1463 10 9 5
1464 13 12 4
1465 18 17 5
1466 11 11 5
1467 13 12 6
1468 14 14 6
1469 8 8 4
1470 10 9 5
1471 31 31 5
1472 13 13 5
1473 15 14 4
1474 12 11 5
1475 11 10 6
1476 16 16 4
1477 14 13 5
1478 21 21 5
1479 11 10 4
1480 16 15 5
1481 19 19 5
1482 19 18 6
1483 12 12 6
1484 10 10 4
1485 14 13 5
1486 25 25 5
1487 13 12 4
1488 16 15 5
1489 17 17 5
1490 11 11 5
1491 25 24 6
1492 20 20 4
1493 12 11 5
1494 31 30 6
1495 14 14 6
1496 24 24 6
1497 10 10 6
1498 32 32 4
1499 26 25 5
1500 41 41 5
1501 25 25 5
1502 17 17 5
1503 15 14 4
1504 42 41 7
1505 15 14 4
1506 30 29 5
1507 17 17 5
1508 29 28 6
1509 16 15 5
1510 17 16 4
1511 22 21 5
1512 23 23 5
1513 27 27 5
1514 9 8 4
1515 18 17 5
1516 29 28 4
1517 32 31 5
1518 17 16 4
1519 24 23 7
1520 19 18 4
1521 20 19 5
1522 25 25 5
1523 21 21 5
1524 23 23 5
1525 19 19 5
1526 19 18 4
1527 22 21 5
1528 15 14 4
1529 18 17 5
1530 25 24 6
1531 18 18 6
1532 16 16 4
1533 30 29 7
1534 31 30 6
1535 22 21 7
1536 17 17 5
1537 23 23 5
1538 27 26 4
1539 24 23 5
1540 23 23 5
1541 21 20 6
1542 38 38 4
1543 38 37 5
1544 27 27 5
1545 29 28 4
1546 20 19 5
1547 15 15 5
1548 17 16 4
1549 26 25 7
1550 29 28 6
1551 18 18 6
1552 14 14 4
1553 22 21 5
1554 23 22 6
1555 20 19 5
1556 13 12 4
1557 14 13 5
1558 25 25 5
1559 21 21 5
1560 15 15 5
1561 27 26 6
1562 18 18 4
1563 16 15 5
1564 17 16 4
1565 30 29 5
1566 25 25 5
1567 21 21 5
1568 19 18 4
1569 20 19 5
1570 21 21 7
1571 23 23 7
1572 19 18 4
1573 6 5 4
1574 32 31 5
1575 19 18 4
1576 22 21 5
1577 15 14 6
1578 16 16 4
1579 18 17 5
1580 19 19 5
1581 21 20 4
1582 24 23 5
1583 23 23 5
1584 19 19 5
1585 19 18 6
1586 22 22 4
1587 32 31 7
1588 17 16 4
1589 10 9 5
1590 19 19 5
1591 27 26 6
1592 8 8 4
1593 20 19 5
1594 23 22 6
1595 14 14 4
1596 20 19 5
1597 33 32 6
1598 16 16 4
1599 14 13 5
1600 13 12 4
1601 8 7 6
1602 26 26 6
1603 14 14 4
1604 18 17 5
1605 17 16 6
1606 16 15 5
1607 19 18 6
1608 16 16 4
1609 20 19 5
1610 13 13 5
1611 13 12 4
1612 18 17 5
1613 15 15 5
1614 15 14 6
1615 12 12 4
1616 24 23 5
1617 19 18 4
1618 16 15 5
1619 13 13 5
1620 23 22 4
1621 16 15 5
1622 15 15 5
1623 11 10 4
1624 20 19 5
1625 11 11 5
1626 15 15 5
1627 11 10 4
1628 12 11 5
1629 23 22 6
1630 10 10 4
1631 24 23 7
1632 17 16 6
1633 14 14 6
1634 24 24 4
1635 16 15 5
1636 17 17 5
1637 13 12 6
1638 12 12 4
1639 14 13 5
1640 21 20 6
1641 16 15 5
1642 15 14 4
1643 28 27 5
1644 23 23 5
1645 29 28 4
1646 26 25 7
1647 17 16 6
1648 18 18 4
1649 30 29 5
1650 27 27 5
1651 25 24 6
1652 20 20 4
1653 34 33 5
1654 27 27 5
1655 21 21 5
1656 25 24 6
1657 20 20 6
1658 34 34 6
1659 32 32 4
1660 30 29 7
1661 27 26 4
1662 24 23 5
1663 23 22 6
1664 18 17 5
1665 27 26 6
1666 28 28 4
1667 24 23 5
1668 19 18 6
1669 26 26 4
1670 20 19 5
1671 13 13 5
1672 21 20 6
1673 16 16 4
1674 14 13 5
1675 13 12 4
1676 26 25 5
1677 21 20 6
1678 10 10 4
1679 16 15 5
1680 19 18 6
1681 10 10 4
1682 22 21 7
1683 13 12 4
1684 16 15 5
1685 13 12 6
1686 6 6 6
1687 19 18 4
1688 18 17 5
1689 11 11 5
1690 11 11 5
1691 13 12 4
1692 18 17 5
1693 19 18 6
1694 10 10 4
1695 14 13 5
1696 11 11 5
1697 17 16 4
1698 12 11 5
1699 15 15 5
1700 9 9 5
1701 13 12 4
1702 14 13 5
1703 15 15 5
1704 7 6 5
1705 7 6 5
1706 7 6 5
1707 13 12 6
1708 10 10 4
1709 16 15 5
1710 19 19 5
1711 17 17 5
1712 13 13 5
1713 19 19 5
1714 11 10 4
1715 12 11 5
1716 13 12 6
1717 8 8 4
1718 16 15 5
1719 9 9 5
1720 17 16 4
1721 22 21 5
1722 19 19 5
1723 15 15 5
1724 15 14 4
1725 14 13 5
1726 13 12 6
1727 20 20 4
1728 30 29 7
1729 19 18 4
1730 18 17 5
1731 17 17 5
1732 11 10 4
1733 20 19 5
1734 21 20 6
1735 14 13 5
1736 9 8 4
1737 12 11 5
1738 15 14 6
1739 10 10 4
1740 12 11 5
1741 19 18 6
1742 12 12 6
1743 10 10 4
1744 12 11 5
1745 7 6 5
1746 17 16 6
1747 14 14 4
1748 14 13 5
1749 19 18 6
1750 14 14 6
1751 12 12 4
1752 12 11 5
1753 13 12 6
1754 12 12 6
1755 14 14 4
1756 12 11 5
1757 5 5 5
1758 14 13 5
1759 15 14 6
1760 12 12 6
1761 16 16 4
1762 26 25 5
1763 19 19 5
1764 11 11 5
1765 11 10 4
1766 10 9 5
1767 11 10 4
1768 16 15 5
1769 15 15 5
1770 17 16 6
1771 16 16 4
1772 12 11 5
1773 13 13 5
1774 19 18 6
1775 16 16 6
1776 16 16 4
1777 16 15 5
1778 11 11 5
1779 21 20 4
1780 12 11 5
1781 23 23 5
1782 21 20 6
1783 16 16 6
1784 14 14 4
1785 14 13 7
1786 7 6 5
1787 11 10 4
1788 14 13 5
1789 9 9 5
1790 13 12 4
1791 10 9 5
1792 9 9 5
1793 5 5 5
1794 14 13 5
1795 13 13 5
1796 15 14 6
1797 12 12 4
1798 16 15 5
1799 11 11 5
1800 17 16 6
1801 26 26 4
1802 10 9 5
1803 17 16 6
1804 10 10 4
1805 10 9 5
1806 11 11 5
1807 11 11 5
1808 13 12 4
1809 22 21 5
1810 17 17 5
1811 17 16 6
1812 12 12 4
1813 26 25 5
1814 23 23 5
1815 23 23 5
1816 17 17 5
1817 7 6 5
1818 19 18 6
1819 12 12 4
1820 16 15 5
1821 21 20 6
1822 24 24 6
1823 20 20 4
1824 14 13 5
1825 13 12 6
1826 14 14 4
1827 12 11 5
1828 23 22 6
1829 14 13 5
1830 11 10 4
1831 12 11 5
1832 13 12 6
1833 14 14 4
1834 14 13 5
1835 21 21 5
1836 15 14 4
1837 24 23 5
1838 15 15 5
1839 13 13 5
1840 17 16 4
1841 20 19 5
1842 25 25 7
1843 25 24 4
1844 32 31 5
1845 37 37 5
1846 13 12 4
1847 20 19 5
1848 33 33 7
1849 25 24 4
1850 32 31 7
1851 29 28 4
1852 18 17 5
1853 23 22 6
1854 28 27 5
1855 31 30 6
1856 16 16 4
1857 24 23 5
1858 21 21 5
1859 33 32 6
1860 26 26 6
1861 34 33 7
1862 37 36 6
1863 28 28 8
1864 26 25 7
1865 21 20 4
1866 32 31 7
1867 35 35 9
1868 27 26 6
1869 22 22 6
1870 38 38 10
1871 30 29 5
1872 31 30 8
1873 40 40 10
1874 22 22 4
1875 46 45 9
1876 23 23 5
1877 31 31 7
1878 23 22 4
1879 28 27 5
1880 31 30 6
1881 34 33 7
1882 31 30 8
1883 40 40 8
1884 26 26 8
1885 48 47 9
1886 23 22 4
1887 50 49 11
1888 25 24 4
1889 28 27 7
1890 21 20 4
1891 36 35 7
1892 25 24 4
1893 34 33 7
1894 33 32 4
1895 20 19 7
1896 11 10 4
1897 44 43 5
1898 55 55 9
1899 23 22 6
1900 24 24 8
1901 28 28 6
1902 28 27 5
1903 29 29 5
1904 29 28 6
1905 36 35 5
1906 35 34 8
1907 22 22 4
1908 38 37 7
1909 23 22 4
1910 28 27 7
1911 39 39 9
1912 47 46 12
1913 44 43 9
1914 35 34 6
1915 30 30 4
1916 26 25 7
1917 17 16 4
1918 50 49 9
1919 27 26 4
1920 42 41 7
1921 27 26 6
1922 36 36 6
1923 34 33 9
1924 31 31 7
1925 27 26 4
1926 28 27 9
1927 37 37 7
1928 45 45 7
1929 25 24 4
1930 24 23 5
1931 19 18 4
1932 26 25 5
1933 35 34 8
1934 24 23 5
1935 29 29 5
1936 37 36 8
1937 26 26 6
1938 38 37 7
1939 39 39 5
1940 31 30 8
1941 18 18 6
1942 24 24 4
1943 22 21 5
1944 27 26 10
1945 24 24 4
1946 28 27 5
1947 31 31 5
1948 21 21 5
1949 23 22 6
1950 26 26 6
1951 26 25 5
1952 17 16 4
1953 20 19 5
1954 19 19 5
1955 21 20 6
1956 22 22 4
1957 20 19 5
1958 19 18 4
1959 28 27 5
1960 25 25 5
1961 17 17 5
1962 23 23 7
1963 27 26 6
1964 24 24 6
1965 20 20 4
1966 20 19 5
1967 19 18 4
1968 20 19 5
1969 23 22 6
1970 24 24 8
1971 16 16 4
1972 24 23 5
1973 31 30 6
1974 22 21 5
1975 23 22 4
1976 12 11 5
1977 19 18 4
1978 20 19 5
1979 31 30 6
1980 18 18 4
1981 16 15 5
1982 13 12 4
1983 14 13 5
1984 15 15 5
1985 11 10 6
1986 18 18 6
1987 18 18 4
1988 14 13 5
1989 21 20 4
1990 18 17 5
1991 15 14 6
1992 10 10 4
1993 20 19 5
1994 15 14 4
1995 24 23 7
1996 13 12 4
1997 18 17 5
1998 7 6 5
1999 19 19 5
2000 13 12 4
2001 12 11 5
2002 13 13 5
2003 15 15 5
2004 21 21 5
2005 9 8 4
2006 20 19 5
2007 17 17 5
2008 7 6 5
2009 17 16 6
2010 14 14 6
2011 18 18 4
2012 16 15 5
2013 13 13 5
2014 21 20 4
2015 26 25 5
2016 21 20 6
2017 16 16 4
2018 10 9 5
2019 17 16 6
2020 20 19 5
2021 21 20 6
2022 18 18 6
2023 12 12 4
2024 14 13 5
2025 13 12 4
2026 20 19 5
2027 13 13 5
2028 17 16 6
2029 14 14 6
2030 6 6 6
2031 7 6 5
2032 9 8 4
2033 16 15 5
2034 15 15 5
2035 17 16 4
2036 22 21 5
2037 15 14 6
2038 10 10 4
2039 14 13 5
2040 11 11 5
2041 13 12 6
2042 8 8 4
2043 16 15 5
2044 17 16 6
2045 12 12 4
2046 26 25 5
2047 11 11 5
2048 9 8 4
2049 10 9 5
2050 13 12 6
2051 12 12 6
2052 6 6 6
2053 7 6 5
2054 9 9 5
2055 13 12 4
2056 16 15 5
2057 23 23 5
2058 27 26 6
2059 22 21 5
2060 19 18 6
2061 12 12 4
2062 18 17 5
2063 17 17 5
2064 13 12 4
2065 12 11 5
2066 15 14 6
2067 12 12 4
2068 14 13 5
2069 11 10 4
2070 22 21 5
2071 21 20 4
2072 20 19 5
2073 23 23 5
2074 17 16 6
2075 8 8 4
2076 10 9 5
2077 15 14 6
2078 20 20 4
2079 12 11 5
2080 17 16 6
2081 10 10 6
2082 24 24 6
2083 26 26 6
2084 10 10 4
2085 6 5 4
2086 12 11 5
2087 15 14 6
2088 10 10 4
2089 12 11 5
2090 13 13 5
2091 13 12 6
2092 6 6 6
2093 17 16 4
2094 10 9 5
2095 9 9 5
2096 9 9 5
2097 7 6 5
2098 23 22 6
2099 18 18 4
2100 20 19 5
2101 7 6 5
2102 13 12 6
2103 14 14 4
2104 12 11 5
2105 5 5 5
2106 12 11 5
2107 17 16 6
2108 16 16 4
2109 12 11 5
2110 11 11 5
2111 9 8 4
2112 24 23 5
2113 19 19 5
2114 15 14 4
2115 12 11 5
2116 9 9 5
2117 13 13 5
2118 19 18 6
2119 14 14 4
2120 38 37 5
2121 25 25 5
2122 25 24 4
2123 20 19 5
2124 29 29 5
2125 21 21 5
2126 25 24 6
2127 20 20 4
2128 24 23 5
2129 21 20 4
2130 24 23 5
2131 21 20 6
2132 22 22 4
2133 26 25 5
2134 23 23 5
2135 29 28 4
2136 24 23 5
2137 31 31 5
2138 31 31 7
2139 45 44 4
2140 26 25 5
2141 25 25 5
2142 15 14 4
2143 20 19 5
2144 19 19 5
2145 19 18 4
2146 38 37 5
2147 29 28 6
2148 24 24 6
2149 20 20 6
2150 24 24 4
2151 22 21 5
2152 27 27 5
2153 19 19 5
2154 25 24 6
2155 20 20 6
2156 36 36 6
2157 18 18 6
2158 28 28 6
2159 16 16 4
2160 32 31 5
2161 17 17 5
2162 31 30 8
2163 20 20 4
2164 14 13 5
2165 17 17 5
2166 25 24 4
2167 22 21 5
2168 19 18 6
2169 22 22 6
2170 26 25 5
2171 25 25 5
2172 21 20 6
2173 24 24 4
2174 18 17 7
2175 25 24 4
2176 24 23 5
2177 27 26 4
2178 20 19 5
2179 29 28 6
2180 12 12 4
2181 32 31 7
2182 23 22 4
2183 24 23 5
2184 15 15 5
2185 11 10 4
2186 28 27 7
2187 19 18 4
2188 24 23 5
2189 21 21 5
2190 15 15 5
2191 19 18 6
2192 20 19 5
2193 33 32 6
2194 18 18 4
2195 30 29 5
2196 15 14 4
2197 22 21 7
2198 17 16 4
2199 16 15 5
2200 17 16 6
2201 22 22 4
2202 22 21 5
2203 7 6 5
2204 23 22 6
2205 16 15 5
2206 17 16 6
2207 18 18 4
2208 22 21 5
2209 11 11 5
2210 21 21 5
2211 17 16 6
2212 14 14 4
2213 20 19 5
2214 23 22 4
2215 14 13 5
2216 17 17 5
2217 37 36 6
2218 12 12 4
2219 20 19 5
2220 11 10 4
2221 22 21 5
2222 21 21 5
2223 19 18 6
2224 14 14 4
2225 14 13 5
2226 15 15 5
2227 19 19 5
2228 19 18 4
2229 24 23 5
2230 19 19 5
2231 11 10 4
2232 28 27 7
2233 13 12 4
2234 22 21 5
2235 15 14 6
2236 26 26 6
2237 24 24 6
2238 14 14 4
2239 10 9 5
2240 23 22 4
2241 12 11 5
2242 13 12 4
2243 20 19 5
2244 15 15 5
2245 13 12 6
2246 10 10 6
2247 16 16 4
2248 8 7 6
2249 10 10 4
2250 18 17 5
2251 11 11 5
2252 17 16 4
2253 14 13 5
2254 15 15 5
2255 13 13 5
2256 23 22 4
2257 14 13 5
2258 11 11 5
2259 15 14 4
2260 14 13 5
2261 13 13 5
2262 13 12 4
2263 18 17 7
2264 11 10 4
2265 12 11 5
2266 11 10 4
2267 12 11 5
2268 11 11 5
2269 19 18 6
2270 16 16 6
2271 6 6 6
2272 11 10 4
2273 6 5 4
2274 20 19 5
2275 9 9 5
2276 19 18 6
2277 14 13 5
2278 13 12 4
2279 14 13 5
2280 7 6 5
2281 15 15 5
2282 13 12 6
2283 8 8 4
2284 12 11 5
2285 19 18 6
2286 14 14 4
2287 14 13 5
2288 11 11 5
2289 9 8 4
2290 10 9 5
2291 11 10 4
2292 12 11 5
2293 7 6 5
2294 21 20 4
2295 18 17 5
2296 19 19 5
2297 9 8 4
2298 12 11 5
2299 5 5 5
2300 6 5 4
2301 10 9 5
2302 9 9 5
2303 15 14 6
2304 10 10 4
2305 18 17 5
2306 17 17 5
2307 17 16 6
2308 18 18 6
2309 22 22 6
2310 12 12 4
2311 10 9 5
2312 11 10 6
2313 14 14 4
2314 18 17 5
2315 11 11 5
2316 9 8 4
2317 10 9 5
2318 13 12 6
2319 12 12 4
2320 16 15 5
2321 15 14 6
2322 6 6 6
2323 17 17 5
2324 19 18 6
2325 6 6 6
2326 11 10 4
2327 8 7 6
2328 8 8 4
2329 10 9 5
2330 9 8 4
2331 12 11 5
2332 15 15 5
2333 17 16 6
2334 6 6 6
2335 9 8 4
2336 20 19 5
2337 13 13 5
2338 11 10 4
2339 12 11 5
2340 9 8 4
2341 12 11 5
2342 9 9 5
2343 15 14 6
2344 10 10 4
2345 14 13 5
2346 11 10 6
2347 6 6 6
2348 15 14 6
2349 14 14 6
2350 12 12 4
2351 14 13 5
2352 9 8 4
2353 10 9 5
2354 11 11 5
2355 9 9 5
2356 7 6 5
2357 15 14 6
2358 6 6 6
2359 11 10 4
2360 14 13 5
2361 15 14 4
2362 10 9 5
2363 7 6 5
2364 15 14 6
2365 8 8 4
2366 8 7 6
2367 10 10 4
2368 6 5 4
2369 14 13 5
2370 17 16 6
2371 12 12 4
2372 12 11 5
2373 15 14 6
2374 6 6 6
2375 7 6 5
2376 9 8 4
2377 14 13 5
2378 9 9 5
2379 9 8 4
2380 12 11 5
2381 11 10 6
2382 14 14 6
2383 10 10 4
2384 10 9 5
2385 13 12 4
2386 14 13 5
2387 9 9 5
2388 13 12 4
2389 6 5 4
2390 10 9 5
2391 11 10 4
2392 16 15 7
2393 15 14 4
2394 12 11 5
2395 13 12 4
2396 12 11 5
2397 7 7 7
2398 10 10 4
2399 12 11 5
2400 17 16 6
2401 10 10 6
2402 16 16 4
2403 16 15 5
2404 13 12 4
2405 14 13 5
2406 9 9 5
2407 11 10 4
2408 14 13 5
2409 13 13 5
2410 13 12 6
2411 16 16 6
2412 10 10 4
2413 20 19 5
2414 15 14 4
2415 12 11 5
2416 11 10 6
2417 10 10 4
2418 14 13 5
2419 21 21 5
2420 23 22 6
2421 12 12 4
2422 16 15 5
2423 31 30 6
2424 36 36 6
2425 30 30 6
2426 22 22 4
2427 26 25 7
2428 13 12 4
2429 20 19 5
2430 33 32 6
2431 14 14 4
2432 16 15 5
2433 15 15 5
2434 19 18 6
2435 30 30 4
2436 24 23 5
2437 37 37 7
2438 23 23 5
2439 25 24 6
2440 36 35 7
2441 33 33 5
2442 21 20 4
2443 28 27 9
2444 27 26 6
2445 34 34 6
2446 24 24 6
2447 24 24 4
2448 22 21 5
2449 37 37 7
2450 29 29 9
2451 25 24 6
2452 52 51 5
2453 35 34 6
2454 30 29 5
2455 29 28 6
2456 44 43 5
2457 37 36 8
2458 18 18 4
2459 34 33 5
2460 37 37 7
2461 37 36 6
2462 32 32 4
2463 32 31 7
2464 27 26 4
2465 26 25 5
2466 23 23 5
2467 27 27 7
2468 25 24 4
2469 32 31 7
2470 37 36 8
2471 16 16 4
2472 32 31 5
2473 19 18 6
2474 20 20 6
2475 18 18 4
2476 20 19 5
2477 27 27 7
2478 15 15 5
2479 29 29 5
2480 17 17 5
2481 21 20 6
2482 14 14 4
2483 20 19 5
2484 23 22 4
2485 32 31 7
2486 23 22 6
2487 22 22 4
2488 36 35 7
2489 15 14 4
2490 18 17 5
2491 23 23 5
2492 17 16 6
2493 16 16 4
2494 22 21 5
2495 21 21 5
2496 13 13 5
2497 15 14 4
2498 26 25 5
2499 13 13 5
2500 15 14 4
2501 18 17 5
2502 21 21 5
2503 13 12 4
2504 10 9 5
2505 11 10 6
2506 12 12 6
2507 16 16 4
2508 20 19 5
2509 21 21 5
2510 23 22 4
2511 22 21 5
2512 17 17 5
2513 15 14 4
2514 20 19 5
2515 17 16 6
2516 16 16 6
2517 18 18 6
2518 20 20 4
2519 14 13 5
2520 17 16 6
2521 10 10 4
2522 20 19 5
2523 9 9 5
2524 15 14 4
2525 12 11 5
2526 21 21 5
2527 13 12 6
2528 12 12 4
2529 24 23 5
2530 15 15 7
2531 21 20 4
2532 16 15 5
2533 13 12 6
2534 10 10 4
2535 18 17 5
2536 11 10 4
2537 22 21 7
2538 13 12 4
2539 14 13 5
2540 15 14 4
2541 16 15 5
2542 17 16 6
2543 24 24 4
2544 18 17 5
2545 13 12 4
2546 10 9 5
2547 15 14 6
2548 18 18 6
2549 16 16 4
2550 14 13 5
2551 19 19 5
2552 13 12 6
2553 22 22 6
2554 10 10 4
2555 20 19 5
2556 23 22 6
2557 22 21 5
2558 21 20 6
2559 18 18 4
2560 18 17 5
2561 21 21 5
2562 19 19 5
2563 29 28 6
2564 24 24 4
2565 18 17 5
2566 11 10 4
2567 14 13 5
2568 17 16 6
2569 30 30 6
2570 20 20 4
2571 20 19 5
2572 15 15 5
2573 19 18 6
2574 22 22 4
2575 26 25 5
2576 11 10 4
2577 32 31 5
2578 17 16 4
2579 28 27 5
2580 25 24 6
2581 18 17 5
2582 17 16 4
2583 20 19 5
2584 17 17 5
2585 21 21 5
2586 17 16 4
2587 20 19 5
2588 21 20 4
2589 20 19 5
2590 19 19 5
2591 17 16 6
2592 14 14 4
2593 22 21 5
2594 11 11 5
2595 21 20 4
2596 18 17 7
2597 17 16 4
2598 20 19 5
2599 19 18 4
2600 22 21 5
2601 17 17 7
2602 13 12 4
2603 20 19 5
2604 9 8 4
2605 14 13 5
2606 11 10 4
2607 14 13 5
2608 19 18 6
2609 10 10 4
2610 24 23 5
2611 19 19 5
2612 15 14 6
2613 10 10 4
2614 14 13 5
2615 15 14 4
2616 16 15 5
2617 9 9 5
2618 21 20 6
2619 22 22 6
2620 14 14 4
2621 18 17 5
2622 17 16 6
2623 14 14 6
2624 12 12 4
2625 12 11 5
2626 15 14 6
2627 10 10 4
2628 8 7 6
2629 20 20 4
2630 16 15 5
2631 17 17 5
2632 13 12 6
2633 14 14 4
2634 16 15 5
2635 23 23 5
2636 13 12 6
2637 12 12 4
2638 10 9 5
2639 19 18 4
2640 12 11 7
2641 13 12 4
2642 14 13 5
2643 15 14 6
2644 16 16 4
2645 12 11 5
2646 11 11 5
2647 9 8 4
2648 22 21 5
2649 11 11 5
2650 15 15 5
2651 9 8 4
2652 20 19 5
2653 15 14 6
2654 12 12 4
2655 12 11 5
2656 17 17 5
2657 13 13 5
2658 9 9 5
2659 13 12 4
2660 12 11 5
2661 25 24 6
2662 10 10 6
2663 8 8 4
2664 12 11 5
2665 11 10 4
2666 12 11 5
2667 11 11 5
2668 15 14 4
2669 16 15 5
2670 13 13 5
2671 13 13 5
2672 7 6 5
2673 7 6 5
2674 13 13 5
2675 7 6 5
2676 15 14 6
2677 14 14 6
2678 10 10 4
2679 12 11 5
2680 25 24 6
2681 16 16 4
2682 18 17 5
2683 15 14 4
2684 8 7 6
2685 14 14 4
2686 6 5 4
2687 20 19 5
2688 13 13 5
2689 15 15 5
2690 11 10 6
2691 8 8 4
2692 18 17 5
2693 13 12 4
2694 12 11 5
2695 15 14 6
2696 20 20 4
2697 20 19 5
2698 13 12 4
2699 12 11 5
2700 21 20 6
2701 16 16 4
2702 20 19 5
2703 17 17 5
2704 29 28 6
2705 12 12 4
2706 26 25 5
2707 23 23 5
2708 25 24 4
2709 18 17 5
2710 25 24 4
2711 20 19 5
2712 19 19 5
2713 27 26 4
2714 26 25 5
2715 27 27 5
2716 25 25 5
2717 27 27 7
2718 27 26 4
2719 18 17 5
2720 19 18 6
2721 26 26 6
2722 18 18 4
2723 22 21 5
2724 21 21 5
2725 27 27 5
2726 21 20 4
2727 28 27 5
2728 29 29 5
2729 27 26 6
2730 30 30 6
2731 24 24 4
2732 24 23 7
2733 27 26 4
2734 40 39 5
2735 25 25 5
2736 39 39 5
2737 19 19 5
2738 27 27 5
2739 29 29 5
2740 19 19 5
2741 17 17 5
2742 17 16 4
2743 22 21 5
2744 21 20 6
2745 24 24 6
2746 26 25 5
2747 23 23 5
2748 19 19 5
2749 13 12 4
2750 24 23 7
2751 33 32 8
2752 12 12 4
2753 18 17 5
2754 17 16 4
2755 32 31 5
2756 23 23 5
2757 19 19 5
2758 25 25 5
2759 31 30 4
2760 26 25 5
2761 17 17 5
2762 17 17 5
2763 23 22 4
2764 30 29 7
2765 17 16 6
2766 36 36 8
2767 32 32 6
2768 24 23 5
2769 25 24 6
2770 32 32 4
2771 34 33 7
2772 25 24 6
2773 24 24 6
2774 24 24 4
2775 34 33 5
2776 15 15 5
2777 33 33 5
2778 21 20 6
2779 22 22 6
2780 18 17 5
2781 27 26 8
2782 24 24 6
2783 34 34 6
2784 24 23 5
2785 21 21 5
2786 17 17 5
2787 23 22 6
2788 28 28 8
2789 24 24 6
2790 14 14 4
2791 12 11 5
2792 35 34 8
2793 18 17 5
2794 29 28 6
2795 24 24 6
2796 30 29 5
2797 37 36 8
2798 20 19 5
2799 17 17 5
2800 13 13 5
2801 15 15 5
2802 13 12 4
2803 12 11 5
2804 13 13 5
2805 25 25 5
2806 35 34 6
2807 18 18 6
2808 32 32 4
2809 26 25 7
2810 11 10 4
2811 32 31 5
2812 9 9 5
2813 27 26 6
2814 18 17 5
2815 21 20 6
2816 26 26 6
2817 8 8 4
2818 20 19 5
2819 17 16 6
2820 26 26 4
2821 14 13 5
2822 27 26 6
2823 10 9 5
2824 17 16 4
2825 18 17 5
2826 15 15 5
2827 17 17 5
2828 9 9 5
2829 9 8 4
2830 12 11 5
2831 17 16 6
2832 12 12 6
2833 10 10 4
2834 12 11 5
2835 13 12 4
2836 16 15 5
2837 11 10 6
2838 10 10 4
2839 16 15 5
2840 13 12 4
2841 20 19 7
2842 29 28 4
2843 18 17 5
2844 19 18 4
2845 14 13 5
2846 23 22 6
2847 12 12 4
2848 18 17 5
2849 11 11 5
2850 13 12 6
2851 10 10 4
2852 20 19 5
2853 29 29 5
2854 23 22 6
2855 20 20 6
2856 12 12 4
2857 14 13 5
2858 13 12 6
2859 16 16 6
2860 10 10 4
2861 12 11 5
2862 15 14 6
2863 12 12 4
2864 12 11 5
2865 13 12 6
2866 18 18 6
2867 16 16 6
2868 6 6 6
2869 23 22 4
2870 14 13 5
2871 19 19 5
2872 15 15 5
2873 9 8 4
2874 14 13 5
2875 19 18 6
2876 14 13 5
2877 9 9 5
2878 7 6 5
2879 17 16 4
2880 24 23 5
2881 9 9 5
2882 9 8 4
2883 8 7 6
2884 8 8 4
2885 20 19 5
2886 15 15 5
2887 17 16 6
2888 14 14 4
2889 30 29 5
2890 17 17 5
2891 23 22 6
2892 10 9 5
2893 15 14 4
2894 20 19 5
2895 15 15 5
2896 9 9 5
2897 15 14 6
2898 16 16 4
2899 18 17 5
2900 13 13 5
2901 17 17 5
2902 11 10 4
2903 18 17 5
2904 13 13 5
2905 17 16 4
2906 14 13 5
2907 11 11 5
2908 11 10 4
2909 18 17 5
2910 15 15 5
2911 23 22 6
2912 16 16 4
2913 16 15 5
2914 23 22 6
2915 14 13 5
2916 25 24 6
2917 16 16 6
2918 12 12 4
2919 18 17 5
2920 11 10 6
2921 10 10 4
2922 16 15 5
2923 13 12 6
2924 14 14 4
2925 22 21 5
2926 19 18 4
2927 18 17 5
2928 19 18 6
2929 10 10 6
2930 10 10 4
2931 12 11 5
2932 21 20 6
2933 16 16 4
2934 14 13 5
2935 11 11 5
2936 17 16 4
2937 14 13 5
2938 17 17 5
2939 15 14 4
2940 10 9 5
2941 15 14 6
2942 8 8 4
2943 16 15 5
2944 15 15 5
2945 17 17 5
2946 15 14 4
2947 14 13 5
2948 15 14 6
2949 10 10 4
2950 18 17 5
2951 29 29 5
2952 15 15 5
2953 19 18 4
2954 22 21 5
2955 15 14 4
2956 18 17 7
2957 19 18 4
2958 14 13 5
2959 23 22 4
2960 24 23 7
2961 15 15 5
2962 21 21 5
2963 27 26 8
2964 12 12 6
2965 26 26 8
2966 24 23 7
2967 29 29 9
2968 17 16 4
2969 22 21 5
2970 29 29 7
2971 25 24 4
2972 26 25 5
2973 19 18 6
2974 20 20 6
2975 20 20 4
2976 18 17 5
2977 17 16 6
2978 26 26 6
2979 20 20 6
2980 18 18 6
2981 12 12 4
2982 18 17 5
2983 15 14 6
2984 14 14 6
2985 18 18 4
2986 20 19 5
2987 19 19 5
2988 15 15 5
2989 19 18 6
2990 22 22 6
2991 20 20 6
2992 16 16 6
2993 22 22 6
2994 22 21 5
2995 29 29 5
2996 27 26 6
2997 22 22 4
2998 36 35 7
2999 23 22 6
3000 28 27 5
3001 15 14 6
3002 16 16 4
3003 26 25 5
3004 25 24 4
3005 26 25 5
3006 25 25 5
3007 25 24 4
3008 20 19 5
3009 21 20 6
3010 24 24 6
3011 12 12 4
3012 18 17 5
3013 27 26 6
3014 26 26 6
3015 14 14 4
3016 26 25 7
3017 11 11 5
3018 17 16 4
3019 34 33 5
3020 13 13 5
3021 21 20 6
3022 26 26 6
3023 16 16 4
3024 24 23 9
3025 17 16 4
3026 18 17 5
3027 23 22 6
3028 24 24 6
3029 28 27 7
3030 21 21 5
3031 25 25 7
3032 23 22 6
3033 32 31 9
3034 23 23 5
3035 19 18 6
3036 22 22 4
3037 20 19 5
3038 27 27 5
3039 27 27 5
3040 27 26 6
3041 26 26 6
3042 34 34 8
3043 24 24 4
3044 30 29 5
3045 25 24 6
3046 26 25 5
3047 23 22 6
3048 22 22 6
3049 12 12 4
3050 28 27 5
3051 29 28 8
3052 18 17 5
3053 15 14 6
3054 14 14 4
3055 16 15 5
3056 17 16 4
3057 26 25 7
3058 19 18 4
3059 22 21 7
3060 21 20 6
3061 14 13 5
3062 19 19 5
3063 23 22 8
3064 20 20 6
3065 12 12 4
3066 26 25 7
3067 13 12 4
3068 16 15 5
3069 19 18 4
3070 20 19 5
3071 23 22 4
3072 12 11 5
3073 15 14 4
3074 14 13 5
3075 23 22 4
3076 20 19 5
3077 21 20 6
3078 20 20 4
3079 18 17 5
3080 17 17 5
3081 21 20 6
3082 10 10 4
3083 22 21 5
3084 15 14 4
3085 14 13 5
3086 15 15 5
3087 13 12 4
3088 18 17 5
3089 27 27 5
3090 11 11 5
3091 15 14 6
3092 14 14 4
3093 12 11 5
3094 15 14 6
3095 14 14 4
3096 12 11 5
3097 15 15 5
3098 13 12 6
3099 12 12 4
3100 26 25 5
3101 13 13 5
3102 21 20 6
3103 18 18 4
3104 24 23 7
3105 11 10 4
3106 32 31 5
3107 19 18 6
3108 24 24 4
3109 20 19 5
3110 23 23 5
3111 15 15 5
3112 21 20 4
3113 28 27 5
3114 33 33 7
3115 23 23 7
3116 23 23 5
3117 27 27 5
3118 29 28 6
3119 40 40 8
3120 24 23 5
3121 19 18 6
3122 32 32 6
3123 28 28 6
3124 22 22 4
3125 30 29 5
3126 33 32 4
3127 32 31 5
3128 39 38 6
3129 26 26 6
3130 26 26 6
3131 30 30 6
3132 28 28 6
3133 12 11 5
3134 27 26 6
3135 24 24 6
3136 22 22 6
3137 26 26 8
3138 18 18 4
3139 20 19 5
3140 19 19 5
3141 23 22 6
3142 10 10 4
3143 18 17 5
3144 19 18 6
3145 16 16 6
3146 14 13 5
3147 17 16 6
3148 14 14 4
3149 12 11 5
3150 15 14 6
3151 14 13 5
3152 15 14 6
3153 10 10 4
3154 10 9 5
3155 9 8 4
3156 14 13 7
3157 13 12 4
3158 14 13 5
3159 11 10 4
3160 20 19 5
3161 13 13 5
3162 11 10 4
3163 16 15 7
3164 9 8 4
3165 10 9 5
3166 17 16 6
3167 18 18 4
3168 16 15 5
3169 13 12 6
3170 10 10 4
3171 10 9 5
3172 11 10 6
3173 14 14 6
3174 22 22 4
3175 20 19 5
3176 21 20 6
3177 10 10 6
3178 8 8 4
3179 12 11 5
3180 11 10 6
3181 14 14 4
3182 12 11 5
3183 11 11 5
3184 11 10 6
3185 8 8 4
3186 6 5 4
3187 14 13 5
3188 13 13 5
3189 15 14 6
3190 10 10 4
3191 16 15 5
3192 15 15 5
3193 9 9 5
3194 9 8 4
3195 16 15 5
3196 13 13 5
3197 7 6 5
3198 9 9 5
3199 9 8 4
3200 12 11 5
3201 11 10 4
3202 16 15 5
3203 13 13 5
3204 21 21 5
3205 13 12 4
3206 16 15 7
3207 7 6 5
3208 13 12 4
3209 12 11 5
3210 9 8 4
3211 12 11 5
3212 11 11 5
3213 7 6 5
3214 21 20 6
3215 24 24 6
3216 18 18 4
3217 20 19 5
3218 13 12 6
3219 16 16 6
3220 18 18 4
3221 16 15 5
3222 13 13 5
3223 11 10 6
3224 18 18 4
3225 8 7 6
3226 10 10 4
3227 10 9 5
3228 13 13 5
3229 19 19 5
3230 11 10 4
3231 12 11 5
3232 5 5 5
3233 12 11 5
3234 19 18 6
3235 18 18 6
3236 20 20 4
3237 16 15 5
3238 19 18 6
3239 12 12 4
3240 14 13 5
3241 13 13 5
3242 15 14 6
3243 10 10 4
3244 14 13 5
3245 15 14 6
3246 10 10 4
3247 16 15 5
3248 11 10 6
3249 10 10 4
3250 12 11 5
3251 17 16 4
3252 18 17 7
3253 17 16 4
3254 16 15 5
3255 17 16 6
3256 14 13 5
3257 9 9 5
3258 7 6 5
3259 11 10 6
3260 14 14 4
3261 16 15 5
3262 11 10 6
3263 16 16 4
3264 12 11 5
3265 19 18 6
3266 18 17 5
3267 7 6 5
3268 9 8 4
3269 12 11 5
3270 11 11 5
3271 9 8 4
3272 14 13 5
3273 15 14 6
3274 14 13 5
3275 21 20 4
3276 14 13 5
3277 19 18 4
3278 14 13 5
3279 19 19 5
3280 25 24 6
3281 24 23 5
3282 29 28 6
3283 20 20 6
3284 24 24 6
3285 18 18 4
3286 18 17 5
3287 13 13 5
3288 17 16 4
3289 18 17 5
3290 15 14 6
3291 14 14 4
3292 30 29 5
3293 15 15 5
3294 15 14 6
3295 12 12 4
3296 10 9 5
3297 23 22 6
3298 12 12 4
3299 30 29 7
3300 17 16 6
3301 18 18 4
3302 20 19 5
3303 21 20 6
3304 22 22 6
3305 14 14 4
3306 16 15 5
3307 21 21 5
3308 21 21 5
3309 21 20 4
3310 24 23 5
3311 15 15 5
3312 17 16 6
3313 26 26 4
3314 14 13 5
3315 19 18 6
3316 18 18 4
3317 18 17 5
3318 11 10 4
3319 12 11 5
3320 15 15 5
3321 21 20 6
3322 8 8 4
3323 16 15 5
3324 11 11 5
3325 17 16 6
3326 18 17 5
3327 11 10 4
3328 22 21 5
3329 13 12 4
3330 16 15 5
3331 13 13 5
3332 19 18 6
3333 16 16 6
3334 10 10 4
3335 22 21 5
3336 15 14 6
3337 14 14 4
3338 20 19 5
3339 17 16 6
3340 6 6 6
3341 9 8 4
3342 14 13 5
3343 9 8 4
3344 22 21 7
3345 15 14 4
3346 20 19 5
3347 11 11 5
3348 11 10 4
3349 14 13 5
3350 5 5 5
3351 16 15 5
3352 11 11 5
3353 19 18 4
3354 12 11 5
3355 9 9 5
3356 17 16 6
3357 16 16 4
3358 12 11 5
3359 15 14 6
3360 22 21 5
3361 11 10 4
3362 18 17 5
3363 15 15 5
3364 15 15 5
3365 15 14 4
3366 14 13 5
3367 15 14 4
3368 14 13 5
3369 13 12 6
3370 18 18 6
3371 12 12 4
3372 26 25 5
3373 13 12 4
3374 16 15 5
3375 19 19 5
3376 17 17 5
3377 13 12 4
3378 12 11 5
3379 21 21 5
3380 17 16 6
3381 18 18 6
3382 16 16 6
3383 14 14 4
3384 14 13 5
3385 5 5 5
3386 16 15 5
3387 15 14 6
3388 10 10 6
3389 16 16 4
3390 16 15 5
3391 13 13 5
3392 19 18 6
3393 10 10 4
3394 10 9 5
3395 11 10 6
3396 12 11 5
3397 13 12 4
3398 16 15 5
3399 13 12 6
3400 12 12 4
3401 16 15 5
3402 17 17 5
3403 17 16 6
3404 24 24 6
3405 10 9 5
3406 13 12 4
3407 12 11 5
3408 13 13 5
3409 13 12 4
3410 24 23 5
3411 9 9 5
3412 13 12 6
3413 10 10 4
3414 12 11 5
3415 9 8 4
3416 14 13 5
3417 13 13 5
3418 17 16 6
3419 12 12 4
3420 10 9 5
3421 15 14 6
3422 20 20 4
3423 14 13 5
3424 17 17 5
3425 11 11 5
3426 15 14 4
3427 18 17 5
3428 15 15 5
3429 17 16 4
3430 18 17 5
3431 9 8 4
3432 12 11 5
3433 29 29 5
3434 13 12 6
3435 10 10 4
3436 18 17 5
3437 15 15 5
3438 13 12 6
3439 8 8 4
3440 16 15 5
3441 15 15 5
3442 17 16 6
3443 18 17 5
3444 13 12 4
3445 18 17 5
3446 17 17 5
3447 13 12 4
3448 12 11 5
3449 11 11 5
3450 19 18 6
3451 10 10 4
3452 14 13 5
3453 13 13 5
3454 15 14 4
3455 14 13 5
3456 9 9 5
3457 13 13 5
3458 17 16 6
3459 8 8 4
3460 10 9 5
3461 13 12 6
3462 6 6 6
3463 11 10 4
3464 18 17 5
3465 13 13 5
3466 5 5 5
3467 20 19 5
3468 7 6 5
3469 23 22 6
3470 16 16 4
3471 8 7 6
3472 10 10 4
3473 12 11 5
3474 13 12 4
3475 12 11 5
3476 15 14 4
3477 20 19 7
3478 11 10 4
3479 12 11 5
3480 11 10 6
3481 22 22 6
3482 26 26 4
3483 20 19 5
3484 19 19 5
3485 13 12 4
3486 14 13 5
3487 19 19 5
3488 13 13 5
3489 19 18 6
3490 12 12 4
3491 18 17 5
3492 25 24 4
3493 10 9 5
3494 11 10 4
3495 16 15 5
3496 9 9 5
3497 13 12 6
3498 14 14 4
3499 26 25 5
3500 35 35 5
3501 11 11 5
3502 13 13 5
3503 23 22 4
3504 20 19 5
3505 19 19 5
3506 17 17 5
3507 13 13 5
3508 19 18 4
3509 20 19 7
3510 19 18 4
3511 14 13 5
3512 15 14 6
3513 6 6 6
3514 17 16 6
3515 18 18 4
3516 24 23 7
3517 25 24 6
3518 20 20 6
3519 12 12 4
3520 16 15 5
3521 11 11 5
3522 23 22 6
3523 22 22 4
3524 26 25 5
3525 23 23 7
3526 29 28 6
3527 24 24 4
3528 16 15 5
3529 15 15 5
3530 17 16 6
3531 28 28 6
3532 46 46 6
3533 20 20 4
3534 20 19 5
3535 21 21 5
3536 19 18 6
3537 10 10 4
3538 22 21 5
3539 19 18 6
3540 20 20 4
3541 18 17 5
3542 25 25 5
3543 27 27 5
3544 25 25 5
3545 23 22 4
3546 16 15 7
3547 21 20 4
3548 16 15 7
3549 19 18 4
3550 18 17 5
3551 19 19 5
3552 17 17 5
3553 33 33 5
3554 15 14 4
3555 20 19 5
3556 25 24 6
3557 22 22 4
3558 22 21 5
3559 31 31 7
3560 31 30 4
3561 32 31 5
3562 21 21 5
3563 33 32 4
3564 26 25 5
3565 39 39 7
3566 27 27 5
3567 17 17 5
3568 43 43 7
3569 49 48 8
3570 40 40 6
3571 22 22 6
3572 26 25 5
3573 33 32 8
3574 28 28 6
3575 32 32 6
3576 28 28 6
3577 26 25 5
3578 33 32 6
3579 20 20 6
3580 40 40 6
3581 34 33 5
3582 19 19 5
3583 21 20 4
3584 28 27 5
3585 23 23 5
3586 27 27 5
3587 21 20 4
3588 20 19 5
3589 21 21 5
3590 21 21 5
3591 21 20 4
3592 14 13 5
3593 25 24 4
3594 18 17 5
3595 15 15 5
3596 21 20 6
3597 22 22 4
3598 18 17 5
3599 15 14 6
3600 22 22 4
3601 22 21 7
3602 19 18 4
3603 16 15 5
3604 11 11 5
3605 11 10 4
3606 26 25 5
3607 13 13 5
3608 13 12 4
3609 20 19 5
3610 21 21 5
3611 19 18 6
3612 14 14 6
3613 14 14 4
3614 16 15 5
3615 15 14 4
3616 14 13 5
3617 11 10 6
3618 12 12 4
3619 10 9 5
3620 9 8 4
3621 18 17 5
3622 17 17 5
3623 13 12 6
3624 12 12 6
3625 12 12 4
3626 14 13 5
3627 11 11 5
3628 17 16 6
3629 10 10 4
3630 14 13 5
3631 13 12 4
3632 22 21 7
3633 13 12 4
3634 22 21 5
3635 15 15 5
3636 19 18 6
3637 16 16 6
3638 10 10 4
3639 12 11 5
3640 21 20 6
3641 8 8 4
3642 14 13 5
3643 19 18 6
3644 18 18 4
3645 12 11 5
3646 19 18 4
3647 6 5 4
3648 10 9 5
3649 19 18 6
3650 20 20 4
3651 10 9 5
3652 27 26 6
3653 22 22 4
3654 24 23 5
3655 37 36 6
3656 36 35 5
3657 29 29 5
3658 21 20 6
3659 18 18 6
3660 20 20 6
3661 24 24 6
3662 22 22 4
3663 20 19 5
3664 25 24 6
3665 10 10 4
3666 20 19 5
3667 33 33 5
3668 21 21 5
3669 15 15 5
3670 27 26 6
3671 28 28 4
3672 18 17 5
3673 13 12 4
3674 22 21 5
3675 19 19 5
3676 35 34 6
3677 20 20 6
3678 26 26 4
3679 28 27 5
3680 15 14 6
3681 20 20 4
3682 12 11 5
3683 17 17 5
3684 9 9 5
3685 19 18 4
3686 14 13 5
3687 15 15 5
3688 27 26 6
3689 20 20 6
3690 14 14 6
3691 24 23 5
3692 23 22 6
3693 20 20 4
3694 10 9 5
3695 17 16 6
3696 14 14 4
3697 24 23 5
3698 19 18 6
3699 18 18 4
3700 14 13 5
3701 21 20 4
3702 14 13 5
3703 21 21 5
3704 23 22 6
3705 14 13 5
3706 11 10 4
3707 16 15 5
3708 17 16 6
3709 24 24 6
3710 20 20 6
3711 10 10 4
3712 18 17 5
3713 21 20 6
3714 12 12 4
3715 10 9 5
3716 13 13 5
3717 13 12 6
3718 14 14 4
3719 18 17 5
3720 11 11 5
3721 19 18 6
3722 8 8 4
3723 16 15 5
3724 15 14 4
3725 20 19 7
3726 15 14 4
3727 6 5 4
3728 20 19 5
3729 25 25 5
3730 5 5 5
3731 18 17 5
3732 13 12 4
3733 22 21 5
3734 13 12 6
3735 10 10 4
3736 10 9 5
3737 11 10 4
3738 12 11 5
3739 9 9 5
3740 11 11 5
3741 15 14 6
3742 8 8 4
3743 10 9 5
3744 13 12 4
3745 16 15 5
3746 19 18 4
3747 10 9 5
3748 11 10 4
3749 12 11 5
3750 9 9 5
3751 15 14 6
3752 10 10 4
3753 10 9 5
3754 11 10 6
3755 8 8 4
3756 16 15 5
3757 13 12 6
3758 12 12 4
3759 12 11 5
3760 9 8 4
3761 16 15 5
3762 11 11 5
3763 17 17 5
3764 15 15 5
3765 13 12 4
3766 16 15 5
3767 11 11 5
3768 11 10 6
3769 14 14 4
3770 6 5 4
3771 14 13 5
3772 13 12 4
3773 6 5 4
3774 12 11 5
3775 13 13 5
3776 17 16 6
3777 14 14 4
3778 16 15 7
3779 9 8 4
3780 6 5 4
3781 10 9 5
3782 9 8 4
3783 14 13 5
3784 19 19 5
3785 9 9 5
3786 21 20 4
3787 22 21 5
3788 23 23 5
3789 11 11 5
3790 9 8 4
3791 18 17 5
3792 13 12 6
3793 18 18 6
3794 10 10 4
3795 10 9 5
3796 15 14 4
3797 22 21 5
3798 17 17 5
3799 7 6 5
3800 15 14 6
3801 10 10 4
3802 12 11 5
3803 13 12 6
3804 14 14 4
3805 12 11 5
3806 13 12 6
3807 8 8 4
3808 18 17 5
3809 19 18 6
3810 8 8 4
3811 12 11 5
3812 7 6 5
3813 15 14 6
3814 18 18 6
3815 12 12 4
3816 10 9 5
3817 13 12 4
3818 20 19 5
3819 17 16 6
3820 10 9 5
3821 13 12 6
3822 10 10 4
3823 14 13 5
3824 19 18 4
3825 26 25 7
3826 13 12 4
3827 16 15 5
3828 9 9 5
3829 7 6 5
3830 19 18 6
3831 14 13 5
3832 19 18 4
3833 20 19 5
3834 15 15 5
3835 15 14 4
3836 14 13 5
3837 19 18 6
3838 20 20 4
3839 10 9 5
3840 19 18 6
3841 12 12 4
3842 18 17 5
3843 15 15 5
3844 17 16 4
3845 20 19 5
3846 15 15 5
3847 19 18 6
3848 14 14 4
3849 14 13 7
3850 19 18 4
3851 18 17 5
3852 19 19 7
3853 19 18 6
3854 30 30 6
3855 34 34 4
3856 26 25 5
3857 25 25 5
3858 21 20 4
3859 24 23 5
3860 27 26 6
3861 22 22 6
3862 10 10 4
3863 22 21 5
3864 25 24 6
3865 24 23 5
3866 21 21 5
3867 33 32 6
3868 14 13 5
3869 29 29 5
3870 17 16 6
3871 14 14 4
3872 16 15 5
3873 21 21 5
3874 25 24 6
3875 22 22 6
3876 14 14 4
3877 16 15 5
3878 15 14 4
3879 22 21 5
3880 21 20 6
3881 22 21 5
3882 17 16 4
3883 28 27 7
3884 21 20 6
3885 30 30 6
3886 20 20 4
3887 16 15 5
3888 21 20 4
3889 22 21 5
3890 19 19 5
3891 19 18 6
3892 16 16 4
3893 14 13 5
3894 21 21 5
3895 15 15 5
3896 19 18 4
3897 18 17 5
3898 19 18 6
3899 12 12 6
3900 18 18 4
3901 12 11 5
3902 13 12 6
3903 14 14 6
3904 10 10 4
3905 18 17 5
3906 13 12 4
3907 20 19 5
3908 15 15 5
3909 23 22 6
3910 12 12 4
3911 24 23 5
3912 9 9 5
3913 7 6 5
3914 17 16 6
3915 10 10 4
3916 14 13 5
3917 11 10 6
3918 12 12 6
3919 18 18 4
3920 20 19 5
3921 11 10 6
3922 24 24 6
3923 10 9 5
3924 7 6 5
3925 27 26 6
3926 22 22 4
3927 18 17 5
3928 13 12 4
3929 16 15 5
3930 13 13 5
3931 23 22 4
3932 14 13 5
3933 19 18 6
3934 20 19 5
3935 15 14 4
3936 12 11 5
3937 15 14 4
3938 16 15 5
3939 15 14 6
3940 22 22 6
3941 18 17 5
3942 15 14 4
3943 16 15 5
3944 13 13 5
3945 13 12 6
3946 16 16 4
3947 16 15 5
3948 13 13 5
3949 13 12 6
3950 12 12 4
3951 12 11 5
3952 17 16 6
3953 14 14 4
3954 14 13 5
3955 13 12 4
3956 14 13 5
3957 11 11 5
3958 19 18 4
3959 12 11 5
3960 15 15 5
3961 13 12 4
3962 10 9 5
3963 15 15 5
3964 19 19 5
3965 21 20 6
3966 18 18 4
3967 18 17 5
3968 21 20 4
3969 24 23 5
3970 13 13 5
3971 15 14 4
3972 16 15 5
3973 13 13 5
3974 11 10 4
3975 16 15 5
3976 27 26 6
3977 12 11 5
3978 15 14 4
3979 12 11 5
3980 17 16 4
3981 10 9 5
3982 9 9 5
3983 7 6 5
3984 9 9 5
3985 13 12 6
3986 8 8 4
3987 12 11 5
3988 23 22 6
3989 16 16 6
3990 22 22 4
3991 14 13 5
3992 13 12 6
3993 18 18 6
3994 26 26 4
3995 20 19 5
3996 15 14 4
3997 22 21 5
3998 13 13 5
3999 21 20 6
4000 8 8 4
4001 8 7 6
4002 12 12 4
4003 10 9 5
4004 13 12 4
4005 14 13 7
4006 7 6 5
4007 17 16 4
4008 14 13 5
4009 9 8 4
4010 12 11 5
4011 15 15 5
4012 5 5 5
4013 12 11 5
4014 13 12 4
4015 6 5 4
4016 10 9 5
4017 17 16 6
4018 10 10 4
4019 14 13 5
4020 13 13 5
4021 17 16 4
4022 14 13 5
4023 9 9 5
4024 5 5 5
4025 12 11 5
4026 7 6 5
4027 19 18 6
4028 8 8 4
4029 10 9 5
4030 17 16 6
4031 10 10 4
4032 10 9 5
4033 13 13 5
4034 13 12 6
4035 8 8 4
4036 14 13 5
4037 21 21 5
4038 15 14 4
4039 14 13 5
4040 7 6 5
4041 9 9 5
4042 13 12 4
4043 10 9 5
4044 13 12 6
4045 16 16 6
4046 10 10 4
4047 16 15 5
4048 11 11 5
4049 13 13 5
4050 11 10 4
4051 10 9 5
4052 11 11 5
4053 15 14 6
4054 14 14 4
4055 10 9 5
4056 13 12 6
4057 8 8 4
4058 12 11 5
4059 11 10 4
4060 12 11 5
4061 13 13 5
4062 5 5 5
4063 6 5 4
4064 18 17 5
4065 13 12 6
4066 10 10 6
4067 8 8 4
4068 10 9 5
4069 11 10 4
4070 12 11 5
4071 11 11 5
4072 13 12 6
4073 14 14 4
4074 12 11 5
4075 15 14 6
4076 12 12 4
4077 16 15 5
4078 17 16 6
4079 18 18 4
4080 18 17 5
4081 11 10 4
4082 20 19 5
4083 13 13 5
4084 19 18 6
4085 22 22 6
4086 22 22 4
4087 38 37 7
4088 39 38 4
4089 22 21 5
4090 33 33 5
4091 15 14 6
4092 16 16 4
4093 26 25 5
4094 13 12 6
4095 14 14 4
4096 16 15 5
4097 21 20 4
4098 28 27 7
4099 25 24 4
4100 22 21 5
4101 25 24 6
4102 26 25 5
4103 21 21 5
4104 29 28 6
4105 30 30 6
4106 38 37 5
4107 25 24 4
4108 38 37 5
4109 21 21 5
4110 19 18 6
4111 26 26 6
4112 30 30 6
4113 18 18 4
4114 24 23 5
4115 15 15 5
4116 23 22 6
4117 24 24 6
4118 14 14 4
4119 18 17 5
4120 21 21 5
4121 25 25 5
4122 17 16 4
4123 28 27 7
4124 25 24 6
4125 18 18 4
4126 16 15 5
4127 11 11 5
4128 15 14 4
4129 24 23 5
4130 21 21 5
4131 27 26 6
4132 18 18 4
4133 34 33 7
4134 37 36 6
4135 22 22 6
4136 34 34 4
4137 16 15 5
4138 23 22 6
4139 28 28 4
4140 40 39 5
4141 25 24 4
4142 16 15 5
4143 21 20 6
4144 16 16 4
4145 16 15 5
4146 31 31 5
4147 25 25 5
4148 19 18 4
4149 20 19 5
4150 39 38 6
4151 20 20 4
4152 26 25 5
4153 11 11 5
4154 15 14 6
4155 26 26 4
4156 32 31 5
4157 31 31 5
4158 23 23 5
4159 11 10 4
4160 26 25 5
4161 33 33 5
4162 15 15 5
4163 19 18 4
4164 20 19 5
4165 19 19 5
4166 25 24 6
4167 16 16 4
4168 16 15 5
4169 17 17 5
4170 23 22 6
4171 24 24 6
4172 20 20 4
4173 18 17 5
4174 15 15 5
4175 23 23 5
4176 17 17 5
4177 17 16 4
4178 26 25 5
4179 19 19 5
4180 21 20 4
4181 16 15 5
4182 33 32 6
4183 24 24 4
4184 16 15 5
4185 23 22 4
4186 28 27 5
4187 21 21 5
4188 9 8 4
4189 30 29 7
4190 33 32 4
4191 16 15 5
4192 19 18 6
4193 22 22 6
4194 20 20 4
4195 18 17 5
4196 21 21 5
4197 23 22 6
4198 20 20 4
4199 24 23 5
4200 21 20 6
4201 20 20 6
4202 28 28 6
4203 22 22 6
4204 22 22 4
4205 12 11 5
4206 19 18 4
4207 20 19 5
4208 19 19 5
4209 17 16 4
4210 30 29 5
4211 17 17 5
4212 19 18 6
4213 20 20 6
4214 14 14 4
4215 20 19 5
4216 13 12 4
4217 8 7 6
4218 12 12 4
4219 14 13 5
4220 15 14 6
4221 12 12 6
4222 22 22 4
4223 18 17 5
4224 17 16 6
4225 14 14 6
4226 16 16 4
4227 14 13 5
4228 25 24 6
4229 14 14 4
4230 20 19 5
4231 17 17 5
4232 15 15 5
4233 15 14 6
4234 8 8 4
4235 12 11 5
4236 9 8 4
4237 14 13 5
4238 15 15 5
4239 21 20 6
4240 14 14 4
4241 18 17 5
4242 11 11 5
4243 11 10 4
4244 6 5 4
4245 18 17 7
4246 9 8 4
4247 18 17 5
4248 15 14 6
4249 6 6 6
4250 13 12 4
4251 12 11 5
4252 7 6 5
4253 15 15 5
4254 15 14 4
4255 16 15 5
4256 7 6 5
4257 17 16 6
4258 14 13 5
4259 15 14 4
4260 14 13 5
4261 11 11 5
4262 17 16 6
4263 12 12 4
4264 12 11 5
4265 15 14 4
4266 10 9 5
4267 11 10 6
4268 14 14 6
4269 12 12 4
4270 12 11 5
4271 9 8 4
4272 16 15 5
4273 13 13 5
4274 9 9 5
4275 7 6 5
4276 17 16 6
4277 10 10 4
4278 14 13 5
4279 13 13 5
4280 15 14 6
4281 12 12 6
4282 10 10 4
4283 14 13 5
4284 11 10 6
4285 10 10 4
4286 14 13 5
4287 13 12 6
4288 6 6 6
4289 13 12 6
4290 12 12 4
4291 12 11 5
4292 13 12 4
4293 12 11 5
4294 19 19 5
4295 11 10 4
4296 16 15 5
4297 9 9 5
4298 17 16 6
4299 10 10 6
4300 8 8 4
4301 10 9 5
4302 11 10 4
4303 12 11 5
4304 13 13 5
4305 23 22 6
4306 8 8 4
4307 10 9 5
4308 17 16 6
4309 22 22 6
4310 12 12 6
4311 8 8 4
4312 14 13 5
4313 15 14 6
4314 10 10 4
4315 10 9 5
4316 11 10 4
4317 18 17 7
4318 7 6 5
4319 13 12 6
4320 12 12 4
4321 12 11 5
4322 17 16 6
4323 10 10 4
4324 14 13 5
4325 9 8 4
4326 14 13 5
4327 17 17 5
4328 11 10 4
4329 12 11 5
4330 13 12 6
4331 12 12 4
4332 10 9 5
4333 15 14 6
4334 14 14 6
4335 12 12 6
4336 8 8 4
4337 10 9 5
4338 9 8 4
4339 12 11 5
4340 13 13 5
4341 13 13 5
4342 11 10 4
4343 16 15 5
4344 13 13 5
4345 7 6 5
4346 13 13 5
4347 5 5 5
4348 10 9 5
4349 13 12 4
4350 14 13 7
4351 13 12 4
4352 6 5 4
4353 12 11 5
4354 9 9 5
4355 21 20 6
4356 20 20 6
4357 12 11 5
4358 11 10 4
4359 16 15 5
4360 25 24 4
4361 12 11 5
4362 21 20 6
4363 14 13 5
4364 23 23 5
4365 9 8 4
4366 20 19 5
4367 19 19 5
4368 21 20 6
4369 22 21 5
4370 15 15 5
4371 13 12 4
4372 26 25 5
4373 17 16 6
4374 22 22 4
4375 16 15 5
4376 11 11 5
4377 21 20 4
4378 28 27 5
4379 41 40 4
4380 22 21 5
4381 33 32 6
4382 22 22 4
4383 26 25 5
4384 25 24 4
4385 24 23 5
4386 31 31 5
4387 37 37 5
4388 35 34 6
4389 32 31 7
4390 41 41 9
4391 33 32 4
4392 46 45 9
4393 29 29 7
4394 23 22 4
4395 22 21 5
4396 49 49 7
4397 19 18 4
4398 18 17 5
4399 19 19 5
4400 29 28 8
4401 10 10 4
4402 24 23 5
4403 15 14 6
4404 24 24 6
4405 18 18 4
4406 26 25 5
4407 27 27 5
4408 17 17 5
4409 21 21 7
4410 17 16 6
4411 26 26 6
4412 22 21 7
4413 27 26 4
4414 22 21 5
4415 19 18 4
4416 20 19 5
4417 21 20 4
4418 26 25 7
4419 11 10 4
4420 22 21 5
4421 25 24 4
4422 16 15 5
4423 39 38 6
4424 32 32 4
4425 22 21 7
4426 25 24 6
4427 26 26 4
4428 18 17 5
4429 25 24 6
4430 32 32 4
4431 26 25 5
4432 21 20 4
4433 20 19 5
4434 17 16 4
4435 36 35 9
4436 31 30 6
4437 16 16 4
4438 18 17 5
4439 17 17 5
4440 17 16 6
4441 26 26 6
4442 26 26 6
4443 22 22 6
4444 16 16 6
4445 24 24 4
4446 14 13 5
4447 23 23 5
4448 25 25 5
4449 25 24 6
4450 20 19 5
4451 21 20 6
4452 18 18 4
4453 12 11 5
4454 27 26 4
4455 16 15 5
4456 29 28 6
4457 18 17 5
4458 13 13 5
4459 33 32 8
4460 16 16 4
4461 20 19 5
4462 27 26 6
4463 24 23 5
4464 17 16 6
4465 24 24 6
4466 24 24 6
4467 16 16 4
4468 34 33 5
4469 37 37 7
4470 21 20 6
4471 34 34 8
4472 14 14 4
4473 24 23 5
4474 29 28 8
4475 20 20 6
4476 22 22 6
4477 26 26 6
4478 28 28 6
4479 14 14 6
4480 34 34 6
4481 26 25 5
4482 31 30 8
4483 26 26 6
4484 24 24 6
4485 22 22 6
4486 22 22 6
4487 16 16 4
4488 26 25 5
4489 23 23 5
4490 17 16 4
4491 14 13 5
4492 33 33 5
4493 19 19 5
4494 27 26 6
4495 26 26 6
4496 14 13 5
4497 17 17 5
4498 19 18 6
4499 28 28 4
4500 22 21 5
4501 17 16 6
4502 26 26 6
4503 20 19 5
4504 15 14 6
4505 22 21 5
4506 15 14 4
4507 14 13 5
4508 25 25 5
4509 17 16 4
4510 16 15 5
4511 31 31 5
4512 21 20 4
4513 24 23 5
4514 13 13 5
4515 23 22 6
4516 32 32 6
4517 12 12 4
4518 16 15 5
4519 11 10 4
4520 30 29 7
4521 23 22 6
4522 22 22 6
4523 18 18 4
4524 24 23 5
4525 19 19 5
4526 15 15 5
4527 19 18 4
4528 16 15 5
4529 17 17 5
4530 17 16 6
4531 18 17 5
4532 13 12 4
4533 18 17 5
4534 23 23 5
4535 9 8 4
4536 20 19 5
4537 11 11 5
4538 9 9 5
4539 11 10 4
4540 12 11 5
4541 17 16 6
4542 12 11 5
4543 9 8 4
4544 12 11 5
4545 15 15 5
4546 15 14 6
4547 10 10 4
4548 24 23 5
4549 13 12 4
4550 22 21 7
4551 13 12 4
4552 12 11 5
4553 19 18 6
4554 16 16 4
4555 14 13 5
4556 15 14 4
4557 18 17 5
4558 11 11 5
4559 13 13 5
4560 15 14 4
4561 14 13 5
4562 13 13 5
4563 25 24 6
4564 12 12 4
4565 12 11 5
4566 21 20 6
4567 8 8 4
4568 12 11 5
4569 11 11 5
4570 13 12 4
4571 14 13 5
4572 17 16 6
4573 6 6 6
4574 9 8 4
4575 14 13 5
4576 13 13 5
4577 19 19 5
4578 7 6 5
4579 9 8 4
4580 18 17 7
4581 17 16 4
4582 6 5 4
4583 20 19 5
4584 11 10 6
4585 18 17 5
4586 13 12 6
4587 18 18 4
4588 22 21 5
4589 11 10 4
4590 20 19 5
4591 17 17 5
4592 17 16 4
4593 20 19 5
4594 25 25 5
4595 43 42 6
4596 34 34 4
4597 32 31 5
4598 17 17 5
4599 23 22 4
4600 32 31 7
4601 35 34 4
4602 36 35 5
4603 43 42 6
4604 34 34 6
4605 46 45 7
4606 37 36 6
4607 34 33 5
4608 29 29 5
4609 21 20 6
4610 38 38 6
4611 36 36 6
4612 26 26 6
4613 24 23 5
4614 25 24 4
4615 30 29 5
4616 31 30 4
4617 34 33 7
4618 25 25 5
4619 19 19 5
4620 31 30 8
4621 26 26 4
4622 20 19 7
4623 35 34 6
4624 32 31 7
4625 29 28 6
4626 12 12 4
4627 14 13 5
4628 15 14 4
4629 20 19 7
4630 29 28 6
4631 30 30 6
4632 22 21 7
4633 27 26 4
4634 38 37 5
4635 23 23 5
4636 15 14 4
4637 18 17 5
4638 15 14 6
4639 14 14 4
4640 20 19 5
4641 11 10 4
4642 26 25 7
4643 21 20 4
4644 20 19 5
4645 19 18 6
4646 8 8 4
4647 16 15 5
4648 17 17 5
4649 15 14 6
4650 20 20 6
4651 10 10 4
4652 20 19 5
4653 19 19 5
4654 17 17 5
4655 11 10 4
4656 14 13 5
4657 15 14 4
4658 14 13 7
4659 23 22 6
4660 14 14 4
4661 18 17 5
4662 17 17 5
4663 17 16 6
4664 12 12 4
4665 18 17 5
4666 15 15 5
4667 13 13 5
4668 15 14 4
4669 6 5 4
4670 12 11 5
4671 17 17 5
4672 13 12 6
4673 22 22 4
4674 14 13 5
4675 17 17 5
4676 13 12 6
4677 14 14 4
4678 20 19 5
4679 25 24 6
4680 18 18 4
4681 16 15 5
4682 17 17 5
4683 13 13 5
4684 17 16 4
4685 18 17 5
4686 9 9 5
4687 27 27 5
4688 33 33 5
4689 17 17 5
4690 35 34 6
4691 32 32 6
4692 20 20 4
4693 14 13 5
4694 27 27 5
4695 19 18 6
4696 22 22 4
4697 18 17 5
4698 19 18 6
4699 30 30 6
4700 18 18 4
4701 22 21 5
4702 31 31 5
4703 21 20 6
4704 26 26 4
4705 16 15 5
4706 23 22 4
4707 24 23 5
4708 25 25 5
4709 21 21 5
4710 45 45 7
4711 27 26 6
4712 24 24 6
4713 34 33 5
4714 19 19 5
4715 29 28 6
4716 22 22 4
4717 26 25 5
4718 21 20 6
4719 28 28 6
4720 30 30 4
4721 30 29 5
4722 23 23 5
4723 31 30 6
4724 28 28 6
4725 22 21 5
4726 33 32 4
4727 28 27 7
4728 25 24 6
4729 22 22 4
4730 20 19 5
4731 25 25 5
4732 35 34 4
4733 20 19 5
4734 25 24 4
4735 28 27 5
4736 37 37 7
4737 33 33 5
4738 25 25 5
4739 37 37 7
4740 49 48 10
4741 30 30 6
4742 36 35 7
4743 25 25 7
4744 49 48 10
4745 32 32 6
4746 30 30 6
4747 20 19 5
4748 27 27 5
4749 31 31 5
4750 27 27 7
4751 37 36 6
4752 28 28 6
4753 36 36 6
4754 24 23 5
4755 21 21 5
4756 27 26 6
4757 24 23 5
4758 23 23 7
4759 31 30 6
4760 32 31 7
4761 29 28 6
4762 26 26 4
4763 22 21 5
4764 25 24 6
4765 32 32 6
4766 22 22 4
4767 24 23 5
4768 29 29 5
4769 31 30 4
4770 18 17 5
4771 37 37 5
4772 19 18 6
4773 30 30 4
4774 40 39 7
4775 35 35 5
4776 33 33 9
4777 47 47 5
4778 35 34 6
4779 30 29 7
4780 27 27 5
4781 23 22 6
4782 26 26 6
4783 28 27 5
4784 21 21 5
4785 27 27 5
4786 29 29 9
4787 23 22 6
4788 22 22 4
4789 24 23 5
4790 27 27 5
4791 25 25 5
4792 25 25 5
4793 21 21 7
4794 37 36 6
4795 14 14 4
4796 16 15 5
4797 23 22 6
4798 14 14 4
4799 14 13 5
4800 25 25 5
4801 27 26 6
4802 10 10 4
4803 16 15 5
4804 23 22 6
4805 12 12 4
4806 20 19 5
4807 23 22 6
4808 14 14 6
4809 16 16 4
4810 14 13 5
4811 19 19 5
4812 23 23 5
4813 17 16 4
4814 16 15 5
4815 13 12 4
4816 16 15 5
4817 25 24 6
4818 22 22 6
4819 22 22 4
4820 20 19 5
4821 19 18 6
4822 20 20 4
4823 24 23 5
4824 21 20 6
4825 20 19 5
4826 11 10 4
4827 16 15 5
4828 21 21 5
4829 15 14 6
4830 12 12 6
4831 32 32 4
4832 24 23 7
4833 27 26 6
4834 22 21 5
4835 23 23 5
4836 19 19 5
4837 19 18 6
4838 14 14 4
4839 20 19 5
4840 25 24 6
4841 18 18 6
4842 20 20 6
4843 16 16 4
4844 16 15 5
4845 19 19 5
4846 25 24 6
4847 22 22 4
4848 20 19 5
4849 19 18 6
4850 18 18 4
4851 22 21 5
4852 11 10 4
4853 14 13 7
4854 21 20 4
4855 12 11 5
4856 21 20 6
4857 14 14 4
4858 12 11 5
4859 13 12 4
4860 20 19 5
4861 11 10 4
4862 16 15 5
4863 15 14 6
4864 10 9 5
4865 11 10 4
4866 10 9 5
4867 13 13 5
4868 13 12 6
4869 20 20 4
4870 10 9 5
4871 17 16 6
4872 10 10 4
4873 12 11 5
4874 21 21 5
4875 21 20 6
4876 14 14 4
4877 18 17 5
4878 11 10 4
4879 12 11 5
4880 13 13 5
4881 17 17 5
4882 11 11 5
4883 7 6 5
4884 13 12 4
4885 12 11 5
4886 23 22 6
4887 10 10 4
4888 14 13 5
4889 11 10 6
4890 16 16 6
4891 14 14 4
4892 16 15 5
4893 13 13 5
4894 11 10 4
4895 12 11 5
4896 15 14 4
4897 12 11 5
4898 21 20 6
4899 10 10 4
4900 10 9 5
4901 13 13 5
4902 13 12 6
4903 10 10 4
4904 12 11 5
4905 11 11 5
4906 11 10 4
4907 16 15 5
4908 9 9 5
4909 13 12 6
4910 10 10 6
4911 12 12 4
4912 12 11 5
4913 19 18 6
4914 14 14 4
4915 18 17 5
4916 15 14 6
4917 10 10 4
4918 12 11 5
4919 9 8 4
4920 18 17 5
4921 11 11 5
4922 21 20 6
4923 12 12 4
4924 12 11 5
4925 11 10 6
4926 12 12 6
4927 8 8 4
4928 10 9 5
4929 11 10 4
4930 16 15 5
4931 13 13 5
4932 13 12 4
4933 10 9 5
4934 9 9 5
4935 11 11 5
4936 15 14 6
4937 10 10 4
4938 12 11 5
4939 11 10 6
4940 14 14 4
4941 14 13 5
4942 17 16 6
4943 12 12 4
4944 14 13 5
4945 13 12 6
4946 10 10 6
4947 10 10 4
4948 6 5 4
4949 14 13 5
4950 15 15 5
4951 13 12 4
4952 14 13 5
4953 25 24 4
4954 12 11 5
4955 11 10 4
4956 14 13 5
4957 13 12 4
4958 10 9 5
4959 13 13 5
4960 15 15 5
4961 11 10 4
4962 10 9 5
4963 5 5 5
4964 18 17 5
4965 15 14 6
4966 6 6 6
4967 13 12 6
4968 8 8 4
4969 18 17 5
4970 17 16 6
4971 8 8 4
4972 12 11 5
4973 13 13 5
4974 15 15 5
4975 13 12 4
4976 14 13 5
4977 7 6 5
4978 17 17 5
4979 13 13 5
4980 19 18 4
4981 36 35 7
4982 21 20 4
4983 16 15 5
4984 27 27 5
4985 15 15 5
4986 17 16 4
4987 16 15 5
4988 15 15 5
4989 15 14 4
4990 18 17 5
4991 33 33 7
4992 19 18 4
4993 24 23 5
4994 23 22 4
4995 14 13 5
4996 17 16 4
4997 20 19 7
4998 27 26 6
4999 14 14 6
