0 32 31 7
1 15 14 4
2 16 15 7
3 7 6 5
4 13 12 6
5 14 14 4
6 14 13 5
7 19 18 6
8 30 30 6
9 24 24 4
10 22 21 7
11 25 24 6
12 18 18 6
13 10 10 4
14 10 9 5
15 25 24 6
16 18 18 4
17 24 23 5
18 11 10 6
19 8 8 4
20 14 13 5
21 15 15 5
22 17 16 6
23 14 14 4
24 22 21 5
25 25 24 6
26 22 22 6
27 16 16 6
28 18 18 4
29 26 25 7
30 15 14 6
31 14 14 4
32 20 19 5
33 21 20 4
34 14 13 5
35 13 12 6
36 14 14 6
37 14 14 4
38 12 11 5
39 25 24 6
40 18 18 6
41 28 27 5
42 23 22 6
43 18 18 6
44 20 20 6
45 30 30 4
46 50 49 5
47 33 32 4
48 28 27 5
49 17 16 4
50 20 19 5
51 27 26 4
52 34 33 5
53 33 33 5
54 27 26 6
55 22 22 4
56 26 25 5
57 27 26 4
58 36 35 5
59 29 29 5
60 21 20 4
61 16 15 5
62 23 22 4
63 22 21 7
64 15 14 4
65 28 27 5
66 25 24 6
67 30 29 5
68 21 20 6
69 36 36 4
70 24 23 5
71 27 26 6
72 26 26 6
73 20 20 4
74 24 23 5
75 13 12 6
76 22 21 5
77 31 31 5
78 27 27 5
79 27 27 5
80 23 23 5
81 29 28 4
82 28 27 5
83 17 16 4
84 36 35 5
85 33 33 5
86 31 31 5
87 29 28 4
88 30 29 7
89 39 39 9
90 31 31 5
91 25 25 5
92 15 15 5
93 29 29 5
94 13 13 5
95 41 40 12
96 24 23 5
97 17 16 4
98 38 37 9
99 13 12 4
100 28 27 7
101 27 27 5
102 37 36 4
103 26 25 5
104 25 25 5
105 31 30 4
106 24 23 5
107 17 16 4
108 30 29 5
109 19 19 5
110 21 20 6
111 32 32 6
112 22 22 4
113 20 19 5
114 33 32 4
115 18 17 7
116 11 10 4
117 34 33 5
118 13 12 6
119 16 16 4
120 24 23 5
121 21 21 5
122 27 26 4
123 14 13 5
124 25 24 6
125 14 14 6
126 16 16 4
127 28 27 7
128 15 14 6
129 24 24 4
130 24 23 5
131 25 24 4
132 30 29 5
133 23 23 5
134 21 21 5
135 23 22 6
136 22 22 6
137 28 27 7
138 21 20 4
139 28 27 5
140 23 22 4
141 22 21 5
142 35 35 7
143 25 24 6
144 22 21 5
145 21 20 4
146 30 29 5
147 33 32 6
148 16 16 4
149 24 23 5
150 25 25 7
151 19 18 6
152 20 20 4
153 26 25 5
154 17 17 5
155 19 18 4
156 24 23 7
157 15 14 4
158 24 23 5
159 23 22 4
160 16 15 5
161 15 14 4
162 22 21 5
163 23 23 5
164 21 20 4
165 22 21 5
166 15 14 4
167 20 19 5
168 17 17 5
169 25 24 6
170 16 15 5
171 11 10 4
172 14 13 5
173 15 14 4
174 32 31 5
175 21 21 5
176 17 17 5
177 13 12 6
178 14 14 4
179 18 17 5
180 19 19 5
181 9 9 5
182 15 14 6
183 32 32 6
184 12 11 5
185 25 24 6
186 16 16 4
187 18 17 5
188 13 12 4
189 22 21 5
190 15 14 4
191 14 13 5
192 17 16 6
193 16 16 4
194 12 11 5
195 13 12 4
196 20 19 5
197 29 28 6
198 22 22 4
199 18 17 5
