0 1642 1634 1619
1 1627 1625 1620
2 1630 1627 1620
3 1648 1639 1620
4 1632 1628 1619
5 1635 1630 1619
6 1639 1633 1620
7 1630 1627 1620
8 1638 1632 1619
9 1639 1633 1620
10 1630 1627 1620
11 1626 1624 1619
12 1621 1621 1621
13 1624 1623 1620
14 1630 1627 1620
15 1630 1627 1620
16 1630 1627 1620
17 1642 1635 1620
18 1626 1624 1619
19 1629 1626 1619
20 1633 1629 1620
21 1626 1624 1619
22 1633 1629 1620
23 1630 1627 1620
24 1624 1623 1620
25 1626 1624 1619
26 1629 1626 1619
27 1623 1622 1619
28 1623 1622 1619
29 1633 1629 1620
30 1630 1627 1620
31 1630 1627 1620
32 1624 1623 1620
33 1624 1623 1620
34 1626 1624 1619
35 1627 1625 1620
36 1630 1627 1620
37 1620 1620 1620
38 1639 1633 1620
39 1632 1628 1619
40 1627 1625 1620
41 1630 1627 1620
42 1630 1627 1620
43 1624 1623 1620
44 1626 1624 1619
45 1627 1625 1620
46 1630 1627 1620
47 1626 1624 1619
48 1645 1637 1620
49 1626 1624 1619
50 1635 1630 1619
51 1641 1634 1619
52 1621 1621 1621
53 1630 1627 1620
54 1620 1620 1620
55 1623 1622 1619
56 1629 1626 1619
57 1635 1630 1619
58 1647 1638 1619
59 1635 1630 1619
60 1641 1634 1619
61 1633 1629 1620
62 1632 1628 1619
63 1659 1646 1619
64 1653 1642 1619
65 1663 1649 1620
66 1644 1636 1619
67 1633 1629 1620
68 1630 1627 1620
69 1642 1635 1620
70 1636 1631 1620
71 1638 1632 1619
72 1647 1638 1619
73 1641 1634 1619
74 1627 1625 1620
75 1638 1632 1619
76 1633 1629 1620
77 1644 1636 1619
78 1645 1637 1620
79 1632 1628 1619
80 1639 1633 1620
81 1626 1624 1619
82 1651 1641 1620
83 1644 1636 1619
84 1641 1634 1619
85 1645 1637 1620
86 1668 1652 1619
87 1659 1646 1619
88 1633 1629 1620
89 1638 1632 1619
90 1647 1638 1619
91 1663 1649 1620
92 1642 1635 1620
93 1660 1647 1620
94 1648 1639 1620
95 1642 1635 1620
96 1642 1635 1620
97 1644 1636 1619
98 1641 1634 1619
99 1639 1633 1620
