0 34 33 9
1 15 14 4
2 14 13 5
3 7 6 5
4 11 10 4
5 16 15 5
6 13 12 4
7 18 17 5
8 31 31 7
9 27 26 6
10 18 18 4
11 24 23 5
12 17 16 4
13 12 11 5
14 9 8 4
15 24 23 5
16 19 19 5
17 25 24 6
18 10 9 5
19 9 8 4
20 14 13 5
21 15 14 4
22 16 15 5
23 15 14 4
24 22 21 5
25 23 22 4
26 22 21 5
27 15 15 5
28 19 19 5
29 23 23 5
30 13 12 4
31 16 15 5
32 19 18 4
33 22 21 5
34 13 13 5
35 13 12 6
36 12 12 4
37 16 15 5
38 11 10 4
39 24 23 5
40 19 18 6
41 28 28 6
42 20 20 4
43 18 17 5
44 19 19 5
45 31 31 5
46 51 50 6
47 34 33 5
48 27 26 4
49 20 19 7
50 19 18 4
51 28 27 5
52 35 34 6
53 32 32 4
54 26 25 5
55 23 22 4
56 26 25 5
57 27 26 4
58 36 35 5
59 29 29 5
60 21 21 5
61 15 15 5
62 27 26 8
63 18 18 4
64 16 15 5
65 27 26 4
66 26 25 7
67 29 29 5
68 19 18 4
69 38 37 5
70 23 23 5
71 25 24 4
72 26 25 5
73 21 21 5
74 23 23 5
75 11 11 5
76 23 22 6
77 30 30 4
78 28 27 5
79 27 27 5
80 23 23 5
81 29 28 4
82 28 27 5
83 17 17 5
84 37 36 6
85 34 34 6
86 32 31 5
87 29 29 5
88 27 27 5
89 45 44 14
90 32 32 6
91 28 28 8
92 14 14 4
93 32 31 7
94 13 13 5
95 41 40 12
96 30 29 11
97 19 19 7
98 35 34 6
99 16 16 8
100 26 26 6
101 30 29 7
102 37 36 4
103 26 25 5
104 27 26 6
105 32 31 5
106 23 22 4
107 18 17 5
108 29 28 4
109 20 19 5
110 21 20 6
111 32 32 6
112 24 24 6
113 18 18 4
114 34 33 5
115 17 16 6
116 12 12 6
117 34 34 6
118 12 12 6
119 16 16 4
120 24 23 5
121 23 23 7
122 29 28 6
123 12 12 4
124 24 23 5
125 13 13 5
126 17 16 4
127 28 27 7
128 13 12 4
129 28 27 7
130 23 22 4
131 26 25 5
132 31 30 6
133 24 23 5
134 23 23 7
135 23 22 6
136 22 21 5
137 29 28 8
138 20 20 4
139 28 27 5
140 25 25 7
141 21 20 4
142 36 35 7
143 27 26 8
144 20 20 4
145 22 21 5
146 29 29 5
147 35 34 8
148 18 17 5
149 23 23 5
150 23 23 5
151 17 17 5
152 23 22 6
153 28 28 8
154 16 16 4
155 20 19 5
156 21 20 4
157 16 15 5
158 23 22 4
159 24 23 5
160 17 17 7
161 15 15 5
162 21 20 4
163 24 23 5
164 21 21 5
165 21 21 5
166 15 14 4
167 20 19 5
168 19 18 6
169 24 24 6
170 14 14 4
171 12 11 5
172 13 12 4
173 16 15 5
174 35 34 8
175 22 21 5
176 19 18 6
177 12 11 5
178 17 16 6
179 16 16 4
180 20 19 5
181 9 9 5
182 15 14 6
183 34 34 8
184 12 12 6
185 24 24 6
186 18 17 5
187 19 18 6
188 12 12 4
189 22 21 5
190 15 14 4
191 14 13 5
192 15 15 5
193 17 17 5
194 11 10 4
195 14 13 5
196 21 20 6
197 26 26 4
198 24 23 5
199 17 17 5
