0 204 203 83
1 183 119 83
2 201 137 84
3 302 238 83
4 217 153 83
5 235 171 84
6 252 188 84
7 200 136 83
8 251 187 83
9 251 187 83
10 201 137 84
11 184 120 84
12 150 86 84
13 166 102 83
14 201 137 84
15 200 136 83
16 201 137 84
17 268 204 83
18 183 119 83
19 201 137 84
20 218 154 84
21 184 120 84
22 218 154 84
23 200 136 83
24 167 103 84
25 184 120 84
26 200 136 83
27 167 103 84
28 166 102 83
29 217 153 83
30 201 137 84
31 200 136 83
32 167 103 84
33 166 102 83
34 183 119 83
35 183 119 83
36 201 137 84
37 150 86 84
38 252 188 84
39 218 154 84
40 184 120 84
41 200 136 83
42 201 137 84
43 166 102 83
44 183 119 83
45 183 119 83
46 201 137 84
47 184 120 84
48 286 222 84
49 184 120 84
50 234 170 83
51 269 205 84
52 150 86 84
53 200 136 83
54 149 85 83
55 167 103 84
56 200 136 83
57 235 171 84
58 302 238 83
59 235 171 84
60 268 204 83
61 217 153 83
62 217 153 83
63 371 307 84
64 336 272 83
65 387 323 83
66 285 221 83
67 217 153 83
68 201 137 84
69 268 204 83
70 235 171 84
71 252 188 84
72 302 238 83
73 269 205 84
74 184 120 84
75 252 188 84
76 218 154 84
77 286 222 84
78 286 222 84
79 218 154 84
80 252 188 84
81 184 120 84
82 320 256 84
83 286 222 84
84 268 204 83
85 285 221 83
86 421 357 83
87 371 307 84
88 218 154 84
89 252 188 84
90 302 238 83
91 387 323 83
92 269 205 84
93 370 306 83
94 303 239 84
95 268 204 83
96 269 205 84
97 286 222 84
98 268 204 83
99 251 187 83
100 285 221 83
101 269 205 84
102 336 272 83
103 269 205 84
104 234 170 83
105 201 137 84
106 234 170 83
107 303 239 84
108 252 188 84
109 252 188 84
110 234 170 83
111 303 239 84
112 252 188 84
113 252 188 84
114 336 272 83
115 251 187 83
116 269 205 84
117 336 272 83
118 269 205 84
119 302 238 83
120 201 137 84
121 234 170 83
122 235 171 84
123 370 306 83
124 269 205 84
125 320 256 84
126 286 222 84
127 370 306 83
128 319 255 83
129 235 171 84
130 218 154 84
131 268 204 83
132 235 171 84
133 234 170 83
134 303 239 84
135 336 272 83
136 235 171 84
137 218 154 84
138 286 222 84
139 268 204 83
140 235 171 84
141 302 238 83
142 269 205 84
143 354 290 84
144 252 188 84
145 286 222 84
146 200 136 83
147 251 187 83
148 251 187 83
149 251 187 83
150 319 255 83
151 303 239 84
152 286 222 84
153 302 238 83
154 235 171 84
155 354 290 84
156 234 170 83
157 303 239 84
158 234 170 83
159 319 255 83
160 285 221 83
161 251 187 83
162 337 273 84
163 336 272 83
164 269 205 84
165 218 154 84
166 234 170 83
167 251 187 83
168 337 273 84
169 302 238 83
170 251 187 83
171 285 221 83
172 285 221 83
173 269 205 84
174 336 272 83
175 251 187 83
176 285 221 83
177 387 323 83
178 319 255 83
179 337 273 84
180 302 238 83
181 303 239 84
182 286 222 84
183 320 256 84
184 302 238 83
185 337 273 84
186 354 290 84
187 320 256 84
188 302 238 83
189 269 205 84
190 336 272 83
191 303 239 84
192 200 136 83
193 217 153 83
194 235 171 84
195 234 170 83
196 269 205 84
197 252 188 84
198 302 238 83
199 303 239 84
200 200 136 83
201 269 205 84
202 286 222 84
203 286 222 84
204 234 170 83
205 269 205 84
206 302 238 83
207 235 171 84
208 388 324 84
209 286 222 84
210 252 188 84
211 252 188 84
212 320 256 84
213 422 358 84
214 252 188 84
215 268 204 83
216 251 187 83
217 337 273 84
218 268 204 83
219 217 153 83
220 269 205 84
221 234 170 83
222 251 187 83
223 303 239 84
224 286 222 84
225 268 204 83
226 337 273 84
227 354 290 84
228 252 188 84
229 302 238 83
230 303 239 84
231 320 256 84
232 218 154 84
233 252 188 84
234 252 188 84
235 354 290 84
236 302 238 83
237 303 239 84
238 218 154 84
239 286 222 84
240 286 222 84
241 286 222 84
242 234 170 83
243 371 307 84
244 200 136 83
245 167 103 84
246 218 154 84
247 218 154 84
248 286 222 84
249 234 170 83
250 183 119 83
251 167 103 84
252 184 120 84
253 200 136 83
254 201 137 84
255 166 102 83
256 167 103 84
257 218 154 84
258 200 136 83
259 235 171 84
260 234 170 83
261 183 119 83
262 217 153 83
263 167 103 84
264 252 188 84
265 166 102 83
266 251 187 83
267 269 205 84
268 252 188 84
269 320 256 84
270 234 170 83
271 251 187 83
272 235 171 84
273 218 154 84
274 184 120 84
275 234 170 83
276 251 187 83
277 269 205 84
278 218 154 84
279 252 188 84
280 268 204 83
281 217 153 83
282 201 137 84
283 422 358 84
284 268 204 83
285 235 171 84
286 286 222 84
287 218 154 84
288 200 136 83
289 217 153 83
290 251 187 83
291 269 205 84
292 320 256 84
293 166 102 83
294 251 187 83
295 217 153 83
296 269 205 84
297 404 340 83
298 353 289 83
299 269 205 84
300 354 290 84
301 506 442 83
302 285 221 83
303 319 255 83
304 353 289 83
305 371 307 84
306 438 374 83
307 421 357 83
308 439 375 84
309 370 306 83
310 371 307 84
311 388 324 84
312 234 170 83
313 405 341 84
314 320 256 84
315 268 204 83
316 353 289 83
317 251 187 83
318 285 221 83
319 269 205 84
320 456 392 84
321 388 324 84
322 438 374 83
323 489 425 83
324 405 341 84
325 234 170 83
326 337 273 84
327 320 256 84
328 370 306 83
329 337 273 84
330 286 222 84
331 268 204 83
332 303 239 84
333 268 204 83
334 183 119 83
335 183 119 83
336 217 153 83
337 285 221 83
338 217 153 83
339 235 171 84
340 354 290 84
341 268 204 83
342 167 103 84
343 218 154 84
344 252 188 84
345 302 238 83
346 235 171 84
347 252 188 84
348 286 222 84
349 234 170 83
350 285 221 83
351 217 153 83
352 217 153 83
353 167 103 84
354 218 154 84
355 234 170 83
356 285 221 83
357 201 137 84
358 184 120 84
359 268 204 83
360 269 205 84
361 200 136 83
362 183 119 83
363 269 205 84
364 234 170 83
365 235 171 84
366 218 154 84
367 302 238 83
368 217 153 83
369 303 239 84
370 200 136 83
371 269 205 84
372 218 154 84
373 252 188 84
374 252 188 84
375 234 170 83
376 235 171 84
377 184 120 84
378 234 170 83
379 235 171 84
380 320 256 84
381 218 154 84
382 184 120 84
383 218 154 84
384 252 188 84
385 200 136 83
386 303 239 84
387 200 136 83
388 235 171 84
389 234 170 83
390 235 171 84
391 200 136 83
392 183 119 83
393 217 153 83
394 217 153 83
395 269 205 84
396 252 188 84
397 268 204 83
398 217 153 83
399 167 103 84
400 166 102 83
401 235 171 84
402 184 120 84
403 218 154 84
404 184 120 84
405 184 120 84
406 150 86 84
407 166 102 83
408 183 119 83
409 285 221 83
410 167 103 84
411 166 102 83
412 167 103 84
413 184 120 84
414 218 154 84
415 252 188 84
416 234 170 83
417 217 153 83
418 183 119 83
419 201 137 84
420 166 102 83
421 201 137 84
422 184 120 84
423 200 136 83
424 183 119 83
425 251 187 83
426 183 119 83
427 183 119 83
428 201 137 84
429 218 154 84
430 218 154 84
431 184 120 84
432 268 204 83
433 337 273 84
434 286 222 84
435 302 238 83
436 217 153 83
437 167 103 84
438 200 136 83
439 217 153 83
440 217 153 83
441 201 137 84
442 268 204 83
443 269 205 84
444 234 170 83
445 183 119 83
446 167 103 84
447 234 170 83
448 183 119 83
449 167 103 84
450 234 170 83
451 183 119 83
452 235 171 84
453 166 102 83
454 217 153 83
455 235 171 84
456 234 170 83
457 201 137 84
458 218 154 84
459 234 170 83
460 201 137 84
461 166 102 83
462 167 103 84
463 234 170 83
464 167 103 84
465 200 136 83
466 183 119 83
467 201 137 84
468 166 102 83
469 149 85 83
470 167 103 84
471 200 136 83
472 167 103 84
473 218 154 84
474 252 188 84
475 320 256 84
476 200 136 83
477 183 119 83
478 149 85 83
479 201 137 84
480 234 170 83
481 167 103 84
482 166 102 83
483 167 103 84
484 150 86 84
485 166 102 83
486 183 119 83
487 217 153 83
488 217 153 83
489 217 153 83
490 167 103 84
491 184 120 84
492 200 136 83
493 201 137 84
494 166 102 83
495 251 187 83
496 167 103 84
497 166 102 83
498 217 153 83
499 167 103 84
500 184 120 84
501 200 136 83
502 217 153 83
503 167 103 84
504 200 136 83
505 235 171 84
506 166 102 83
507 217 153 83
508 167 103 84
509 218 154 84
510 200 136 83
511 217 153 83
512 201 137 84
513 234 170 83
514 183 119 83
515 201 137 84
516 200 136 83
517 217 153 83
518 251 187 83
519 217 153 83
520 167 103 84
521 166 102 83
522 217 153 83
523 183 119 83
524 183 119 83
525 183 119 83
526 183 119 83
527 201 137 84
528 184 120 84
529 150 86 84
530 184 120 84
531 166 102 83
532 201 137 84
533 234 170 83
534 167 103 84
535 166 102 83
536 167 103 84
537 200 136 83
538 251 187 83
539 353 289 83
540 269 205 84
541 218 154 84
542 234 170 83
543 167 103 84
544 166 102 83
545 183 119 83
546 149 85 83
547 235 171 84
548 234 170 83
549 285 221 83
550 269 205 84
551 268 204 83
552 251 187 83
553 201 137 84
554 184 120 84
555 184 120 84
556 184 120 84
557 150 86 84
558 218 154 84
559 218 154 84
560 252 188 84
561 286 222 84
562 200 136 83
563 269 205 84
564 252 188 84
565 218 154 84
566 252 188 84
567 166 102 83
568 149 85 83
569 269 205 84
570 200 136 83
571 201 137 84
572 320 256 84
573 200 136 83
574 201 137 84
575 200 136 83
576 251 187 83
577 269 205 84
578 234 170 83
579 167 103 84
580 302 238 83
581 285 221 83
582 217 153 83
583 285 221 83
584 235 171 84
585 252 188 84
586 252 188 84
587 286 222 84
588 336 272 83
589 285 221 83
590 371 307 84
591 388 324 84
592 268 204 83
593 285 221 83
594 353 289 83
595 235 171 84
596 268 204 83
597 473 409 84
598 388 324 84
599 268 204 83
600 269 205 84
601 268 204 83
602 303 239 84
603 320 256 84
604 388 324 84
605 388 324 84
606 388 324 84
607 404 340 83
608 269 205 84
609 302 238 83
610 371 307 84
611 268 204 83
612 371 307 84
613 320 256 84
614 354 290 84
615 320 256 84
616 320 256 84
617 218 154 84
618 354 290 84
619 336 272 83
620 319 255 83
621 285 221 83
622 387 323 83
623 337 273 84
624 302 238 83
625 319 255 83
626 269 205 84
627 320 256 84
628 268 204 83
629 405 341 84
630 472 408 83
631 319 255 83
632 269 205 84
633 252 188 84
634 286 222 84
635 370 306 83
636 251 187 83
637 303 239 84
638 336 272 83
639 337 273 84
640 320 256 84
641 268 204 83
642 251 187 83
643 319 255 83
644 303 239 84
645 286 222 84
646 302 238 83
647 405 341 84
648 336 272 83
649 285 221 83
650 269 205 84
651 370 306 83
652 269 205 84
653 268 204 83
654 405 341 84
655 268 204 83
656 269 205 84
657 268 204 83
658 371 307 84
659 370 306 83
660 251 187 83
661 371 307 84
662 370 306 83
663 405 341 84
664 370 306 83
665 353 289 83
666 337 273 84
667 286 222 84
668 370 306 83
669 439 375 84
670 320 256 84
671 200 136 83
672 235 171 84
673 388 324 84
674 286 222 84
675 370 306 83
676 337 273 84
677 422 358 84
678 286 222 84
679 336 272 83
680 337 273 84
681 234 170 83
682 303 239 84
683 320 256 84
684 286 222 84
685 302 238 83
686 353 289 83
687 217 153 83
688 337 273 84
689 302 238 83
690 235 171 84
691 302 238 83
692 217 153 83
693 269 205 84
694 336 272 83
695 303 239 84
696 268 204 83
697 337 273 84
698 234 170 83
699 251 187 83
700 303 239 84
701 218 154 84
702 200 136 83
703 217 153 83
704 337 273 84
705 252 188 84
706 184 120 84
707 200 136 83
708 251 187 83
709 235 171 84
710 218 154 84
711 252 188 84
712 234 170 83
713 251 187 83
714 235 171 84
715 268 204 83
716 269 205 84
717 286 222 84
718 200 136 83
719 167 103 84
720 218 154 84
721 218 154 84
722 234 170 83
723 167 103 84
724 166 102 83
725 217 153 83
726 183 119 83
727 251 187 83
728 235 171 84
729 268 204 83
730 217 153 83
731 269 205 84
732 200 136 83
733 217 153 83
734 183 119 83
735 235 171 84
736 218 154 84
737 218 154 84
738 252 188 84
739 234 170 83
740 285 221 83
741 251 187 83
742 201 137 84
743 268 204 83
744 251 187 83
745 251 187 83
746 201 137 84
747 184 120 84
748 252 188 84
749 200 136 83
750 303 239 84
751 218 154 84
752 200 136 83
753 303 239 84
754 218 154 84
755 218 154 84
756 302 238 83
757 201 137 84
758 184 120 84
759 218 154 84
760 252 188 84
761 234 170 83
762 183 119 83
763 251 187 83
764 183 119 83
765 201 137 84
766 166 102 83
767 167 103 84
768 200 136 83
769 201 137 84
770 184 120 84
771 218 154 84
772 286 222 84
773 234 170 83
774 285 221 83
775 251 187 83
776 251 187 83
777 235 171 84
778 200 136 83
779 167 103 84
780 184 120 84
781 200 136 83
782 183 119 83
783 183 119 83
784 201 137 84
785 320 256 84
786 218 154 84
787 184 120 84
788 218 154 84
789 320 256 84
790 166 102 83
791 201 137 84
792 218 154 84
793 200 136 83
794 217 153 83
795 353 289 83
796 201 137 84
797 302 238 83
798 337 273 84
799 370 306 83
800 319 255 83
801 201 137 84
802 166 102 83
803 183 119 83
804 183 119 83
805 235 171 84
806 234 170 83
807 285 221 83
808 217 153 83
809 285 221 83
810 285 221 83
811 183 119 83
812 183 119 83
813 201 137 84
814 200 136 83
815 251 187 83
816 217 153 83
817 303 239 84
818 184 120 84
819 234 170 83
820 235 171 84
821 184 120 84
822 234 170 83
823 319 255 83
824 217 153 83
825 183 119 83
826 303 239 84
827 252 188 84
828 234 170 83
829 183 119 83
830 269 205 84
831 150 86 84
832 184 120 84
833 234 170 83
834 201 137 84
835 184 120 84
836 200 136 83
837 167 103 84
838 200 136 83
839 235 171 84
840 200 136 83
841 201 137 84
842 200 136 83
843 235 171 84
844 268 204 83
845 235 171 84
846 268 204 83
847 217 153 83
848 235 171 84
849 252 188 84
850 268 204 83
851 285 221 83
852 149 85 83
853 285 221 83
854 167 103 84
855 166 102 83
856 235 171 84
857 252 188 84
858 252 188 84
859 166 102 83
860 217 153 83
861 183 119 83
862 217 153 83
863 183 119 83
864 183 119 83
865 201 137 84
866 166 102 83
867 167 103 84
868 302 238 83
869 183 119 83
870 251 187 83
871 251 187 83
872 201 137 84
873 166 102 83
874 235 171 84
875 184 120 84
876 166 102 83
877 201 137 84
878 218 154 84
879 252 188 84
880 166 102 83
881 217 153 83
882 183 119 83
883 217 153 83
884 201 137 84
885 218 154 84
886 218 154 84
887 218 154 84
888 184 120 84
889 150 86 84
890 234 170 83
891 167 103 84
892 200 136 83
893 201 137 84
894 184 120 84
895 200 136 83
896 201 137 84
897 234 170 83
898 235 171 84
899 218 154 84
900 200 136 83
901 251 187 83
902 285 221 83
903 201 137 84
904 184 120 84
905 184 120 84
906 184 120 84
907 166 102 83
908 167 103 84
909 218 154 84
910 184 120 84
911 218 154 84
912 184 120 84
913 166 102 83
914 149 85 83
915 201 137 84
916 184 120 84
917 184 120 84
918 184 120 84
919 200 136 83
920 251 187 83
921 235 171 84
922 166 102 83
923 183 119 83
924 167 103 84
925 184 120 84
926 150 86 84
927 166 102 83
928 167 103 84
929 234 170 83
930 217 153 83
931 285 221 83
932 183 119 83
933 235 171 84
934 200 136 83
935 235 171 84
936 252 188 84
937 200 136 83
938 167 103 84
939 200 136 83
940 251 187 83
941 167 103 84
942 184 120 84
943 184 120 84
944 200 136 83
945 183 119 83
946 319 255 83
947 269 205 84
948 252 188 84
949 252 188 84
950 218 154 84
951 234 170 83
952 149 85 83
953 183 119 83
954 183 119 83
955 167 103 84
956 234 170 83
957 201 137 84
958 184 120 84
959 184 120 84
960 200 136 83
961 235 171 84
962 200 136 83
963 217 153 83
964 201 137 84
965 218 154 84
966 252 188 84
967 200 136 83
968 217 153 83
969 217 153 83
970 201 137 84
971 200 136 83
972 235 171 84
973 184 120 84
974 200 136 83
975 183 119 83
976 167 103 84
977 200 136 83
978 303 239 84
979 286 222 84
980 166 102 83
981 303 239 84
982 252 188 84
983 184 120 84
984 302 238 83
985 251 187 83
986 251 187 83
987 235 171 84
988 200 136 83
989 251 187 83
990 303 239 84
991 370 306 83
992 303 239 84
993 234 170 83
994 285 221 83
995 371 307 84
996 354 290 84
997 302 238 83
998 473 409 84
999 286 222 84
