0 32 31 7
1 15 14 4
2 14 13 5
3 7 6 5
4 13 12 6
5 14 14 4
6 14 13 5
7 17 16 4
8 32 31 7
9 27 27 7
10 21 20 6
11 22 22 4
12 18 17 5
13 11 10 4
14 10 9 5
15 23 22 4
16 20 19 5
17 23 22 4
18 10 9 5
19 9 8 4
20 14 13 5
21 15 14 4
22 16 15 5
23 15 15 5
24 21 21 5
25 23 23 5
26 21 21 5
27 15 15 5
28 21 20 6
29 22 22 4
30 14 13 5
31 15 14 4
32 20 19 5
33 21 21 5
34 13 13 5
35 11 10 4
36 14 13 5
37 15 14 4
38 12 11 5
39 23 22 4
40 18 17 5
41 27 27 5
42 21 21 5
43 19 18 6
44 20 20 6
45 32 31 5
46 49 48 4
47 34 33 5
48 27 26 4
49 18 17 5
50 19 18 4
51 28 27 5
52 35 34 6
53 32 32 4
54 26 25 5
55 23 22 4
56 26 25 5
57 27 26 4
58 36 35 5
59 29 28 4
60 22 21 5
61 15 15 5
62 25 24 6
63 20 20 6
64 14 14 4
65 28 27 5
66 27 26 8
67 28 28 4
68 20 19 5
69 39 38 6
70 22 22 4
71 26 25 5
72 27 26 6
73 22 22 6
74 24 24 6
75 12 12 6
76 20 20 4
77 32 31 5
78 29 28 6
79 30 29 7
80 23 23 5
81 31 30 6
82 26 26 4
83 18 17 5
84 35 34 4
85 34 33 5
86 33 32 6
87 28 28 4
88 28 27 5
89 41 40 10
90 32 32 6
91 26 25 5
92 15 15 5
93 29 28 4
94 14 13 5
95 43 42 14
96 28 27 9
97 19 18 6
98 34 34 6
99 14 13 5
100 29 28 8
101 26 26 4
102 38 37 5
103 27 26 6
104 24 24 4
105 32 31 5
106 23 23 5
107 17 16 4
108 30 29 5
109 21 20 6
110 18 18 4
111 32 31 5
112 25 24 6
113 18 18 4
114 34 33 5
115 17 16 6
116 10 10 4
117 34 33 5
118 13 12 6
119 16 16 4
120 24 23 5
121 21 21 5
122 27 27 5
123 13 13 5
124 25 24 6
125 12 12 4
126 18 17 5
127 27 26 6
128 14 14 6
129 26 26 6
130 24 23 5
131 25 24 4
132 32 31 7
133 23 22 4
134 24 23 7
135 25 24 8
136 22 21 5
137 27 27 7
138 21 20 4
139 28 27 5
140 25 24 6
141 20 20 4
142 34 33 5
143 25 25 7
144 21 20 4
145 22 21 5
146 29 29 5
147 37 36 10
148 18 17 5
149 23 22 4
150 24 23 5
151 17 16 4
152 26 25 9
153 25 25 5
154 19 18 6
155 20 20 6
156 20 20 4
157 16 15 5
158 23 23 5
159 23 22 4
160 16 15 5
161 17 16 6
162 20 20 4
163 26 25 7
164 21 20 4
165 22 21 5
166 15 15 5
167 19 18 4
168 18 17 5
169 25 24 6
170 14 14 4
171 12 11 5
172 13 12 4
173 16 15 5
174 33 32 6
175 22 22 6
176 18 17 5
177 13 12 6
178 14 14 4
179 18 17 5
180 21 20 6
181 10 10 6
182 14 14 6
183 34 34 8
184 10 10 4
185 26 25 7
186 19 18 6
187 18 17 5
188 13 12 4
189 22 21 5
190 15 14 4
191 14 13 5
192 17 17 7
193 17 16 4
194 12 11 5
195 13 12 4
196 20 19 5
197 27 27 5
198 23 22 4
199 18 17 5
200 17 17 5
201 7 6 5
202 15 14 6
203 22 22 6
204 14 14 4
205 12 11 5
206 17 16 6
207 10 10 4
208 16 15 5
209 25 25 5
210 17 16 6
211 10 10 4
212 16 15 5
213 21 20 6
214 14 13 5
215 15 14 4
216 14 13 5
217 15 14 4
218 26 25 5
219 23 23 5
220 15 15 5
221 15 14 4
222 12 11 5
223 9 8 4
224 14 13 7
225 21 20 6
226 6 6 6
227 21 20 6
228 20 20 6
229 16 16 4
230 16 15 5
231 15 14 4
232 28 27 5
233 13 12 4
234 24 23 5
235 9 9 5
236 13 12 4
237 20 19 5
238 9 8 4
239 14 13 5
240 9 9 5
241 11 10 4
242 12 11 5
243 17 17 5
244 13 13 5
245 9 8 4
246 12 11 5
247 21 20 6
248 16 16 4
249 26 25 5
250 17 16 4
251 18 17 5
252 11 11 5
253 11 10 4
254 22 21 5
255 13 12 4
256 24 23 5
257 25 24 6
258 20 20 4
259 20 19 5
260 11 11 5
261 13 12 4
262 14 13 5
263 17 16 4
264 28 27 5
265 19 18 6
266 20 20 6
267 10 10 4
268 20 19 5
269 15 15 5
270 11 10 4
271 12 11 5
272 15 14 4
273 14 13 5
274 17 16 6
275 20 20 4
276 16 15 5
277 23 23 5
278 13 13 5
279 29 28 4
280 20 19 5
281 27 26 4
282 18 17 5
283 17 17 5
284 17 17 5
285 19 18 4
286 10 9 5
287 35 34 8
288 14 14 4
289 20 19 5
290 13 13 5
291 31 30 4
292 20 19 5
293 17 16 6
294 14 14 4
295 22 21 5
296 23 22 4
297 16 15 5
298 21 21 5
299 19 18 6
300 10 10 4
301 16 15 5
302 15 15 5
303 27 27 5
304 19 18 4
305 24 23 5
306 11 11 5
307 25 24 4
308 18 17 5
309 27 26 4
310 18 17 5
311 13 12 4
312 12 11 5
313 19 18 4
314 16 15 5
315 23 23 5
316 23 22 4
317 20 19 5
318 15 14 4
319 12 11 5
320 11 11 5
321 23 22 6
322 20 19 5
323 13 12 4
324 24 23 5
325 17 17 5
326 15 14 4
327 22 21 5
328 13 12 4
329 14 13 5
330 29 28 4
331 20 19 5
332 27 26 4
333 20 19 5
334 15 14 6
335 6 6 6
336 17 16 6
337 16 16 4
338 20 19 5
339 29 28 6
340 22 22 4
341 10 9 5
342 11 10 4
343 16 15 5
344 11 10 4
345 16 15 5
346 21 20 6
347 30 30 4
348 16 15 5
349 9 9 5
350 17 17 5
351 13 12 4
352 12 11 5
353 21 20 6
354 16 16 6
355 24 24 6
356 18 18 4
357 16 15 5
358 11 10 4
359 18 17 5
360 11 10 4
361 26 25 5
362 17 16 4
363 26 25 5
364 21 20 4
365 18 17 5
366 27 26 6
367 16 15 5
368 23 22 6
369 20 20 4
370 26 25 5
371 11 11 5
372 17 16 4
373 12 11 5
374 15 14 4
375 22 21 5
376 15 15 5
377 21 20 4
378 26 25 5
379 25 25 7
380 9 8 4
381 18 17 5
382 29 28 6
383 14 14 4
384 20 19 5
385 23 22 4
386 18 17 5
387 39 39 5
388 33 33 5
389 31 30 6
390 32 32 4
391 18 17 5
392 19 18 4
393 16 15 5
394 25 25 5
395 25 24 4
396 28 27 5
397 13 12 4
398 14 13 5
399 15 14 4
400 16 15 5
401 27 27 5
402 23 23 5
403 31 30 4
404 18 17 5
405 11 11 5
406 25 24 4
407 20 19 5
408 27 26 6
409 20 20 4
410 20 19 5
411 13 13 5
412 23 22 4
413 14 13 5
414 33 32 4
415 32 31 5
416 35 35 7
417 15 14 4
418 20 19 5
419 29 28 4
420 32 31 5
421 19 18 4
422 10 9 5
423 21 20 6
424 20 20 4
425 28 27 5
426 43 42 6
427 24 24 4
428 20 19 5
429 17 16 6
430 22 22 4
431 24 23 5
432 35 34 4
433 34 33 5
434 23 22 4
435 14 13 5
436 33 32 6
437 14 14 4
438 30 29 5
439 39 38 4
440 36 35 5
441 33 33 5
442 31 30 4
443 34 33 5
444 37 36 6
445 38 38 6
446 28 28 6
447 32 32 4
448 28 27 5
449 37 36 4
450 18 17 5
451 27 27 5
452 23 22 4
453 52 51 5
454 37 36 4
455 50 49 5
456 47 46 4
457 28 27 5
458 35 34 4
459 34 33 5
460 49 48 4
461 48 47 5
462 29 28 4
463 38 37 7
464 29 28 4
465 38 37 5
466 53 52 6
467 50 50 4
468 38 37 7
469 41 40 4
470 44 43 5
471 47 46 4
472 44 43 5
473 35 35 5
474 45 45 5
475 25 24 4
476 42 41 5
477 49 48 6
478 26 26 4
479 54 53 5
480 41 40 6
481 54 54 4
482 44 43 5
483 43 42 4
484 52 51 5
485 41 40 6
486 42 42 4
487 38 37 5
488 47 46 6
489 42 42 6
490 48 48 6
491 32 32 4
492 48 47 5
493 35 34 4
494 50 49 5
495 39 39 5
496 39 39 5
497 37 36 4
498 38 37 5
499 33 32 4
500 38 37 5
501 37 36 4
502 48 47 5
503 51 50 6
504 44 44 4
505 42 41 5
506 51 50 4
507 58 57 5
508 47 47 5
509 53 52 6
510 46 46 4
511 56 55 5
512 41 40 6
513 42 42 4
514 28 27 5
515 47 46 4
516 58 57 5
517 39 38 4
518 30 29 5
519 39 38 4
520 48 47 5
521 41 41 5
522 43 42 6
523 44 43 5
524 57 56 6
525 48 48 4
526 50 49 5
527 45 44 4
528 52 51 5
529 33 32 4
530 48 47 5
531 45 44 6
532 44 44 4
533 58 57 5
534 35 34 4
535 52 51 5
536 35 35 5
537 41 40 4
538 56 55 5
539 33 32 4
540 40 39 5
541 57 57 5
542 65 64 6
543 54 54 6
544 42 42 6
545 32 32 4
546 44 43 5
547 55 54 4
548 44 43 5
549 47 46 6
550 38 38 4
551 62 61 5
552 57 56 6
553 50 50 4
554 70 69 5
555 43 42 4
556 54 53 5
557 59 58 4
558 60 59 5
559 53 53 5
560 57 56 6
561 40 40 4
562 56 55 5
563 69 69 5
564 43 43 5
565 37 36 4
566 66 65 5
567 61 60 8
568 42 42 4
569 60 59 5
570 29 28 4
571 62 61 5
572 51 51 7
573 45 44 8
574 50 49 5
575 57 56 4
576 54 53 5
577 39 38 6
578 56 56 6
579 42 42 4
580 52 51 5
581 31 31 5
582 43 42 4
583 34 33 5
584 49 48 6
585 44 44 4
586 50 49 5
587 41 40 6
588 50 49 5
589 51 50 4
590 34 33 5
591 63 63 5
592 35 35 7
593 57 56 4
594 60 59 5
595 47 46 6
596 44 43 5
597 43 43 5
598 53 52 4
599 50 49 5
600 41 41 5
601 43 43 5
602 47 47 5
603 37 36 4
604 50 49 5
605 39 38 6
606 44 43 7
607 47 46 6
608 38 38 6
609 42 42 8
610 38 38 4
611 26 25 5
612 35 34 6
613 48 48 6
614 32 32 4
615 34 33 5
616 41 40 4
617 46 45 5
618 41 40 4
619 48 47 5
620 43 43 5
621 31 31 5
622 41 40 6
623 30 30 4
624 30 29 5
625 51 51 5
626 35 35 5
627 59 59 5
628 39 38 4
629 50 49 5
630 45 45 5
631 51 50 6
632 46 46 4
633 36 35 5
634 45 44 4
635 44 43 5
636 53 52 4
637 56 55 5
638 45 45 5
639 53 52 4
640 54 53 7
641 49 48 4
642 54 53 5
643 51 50 6
644 40 40 4
645 42 41 5
646 41 40 4
647 40 39 5
648 27 27 5
649 51 50 6
650 56 56 4
651 30 29 5
652 49 48 4
653 36 35 5
654 55 54 4
655 50 49 5
656 47 46 6
657 54 54 4
658 54 53 5
659 31 30 4
660 40 39 5
661 45 45 5
662 35 34 4
663 32 31 5
664 57 56 6
665 36 36 4
666 52 51 5
667 33 32 4
668 44 43 7
669 39 38 6
670 44 44 4
671 44 43 5
672 33 32 4
673 36 35 5
674 41 40 4
675 60 59 5
676 59 58 8
677 36 36 4
678 60 59 5
679 47 46 4
680 42 41 5
681 37 36 4
682 58 57 5
683 53 52 4
684 56 55 5
685 43 42 6
686 56 56 6
687 48 48 6
688 34 33 5
689 39 38 4
690 50 49 5
691 47 47 5
692 53 52 6
693 60 59 5
694 67 67 5
695 41 40 4
696 40 39 5
697 27 27 5
698 57 56 4
699 50 49 5
700 55 54 4
701 38 37 5
702 49 48 4
703 54 53 5
704 55 54 6
705 42 42 4
706 34 33 5
707 57 56 4
708 48 47 5
709 47 47 5
710 53 52 4
711 42 41 5
712 55 55 5
713 53 53 5
714 31 30 4
715 54 53 5
716 65 64 4
717 48 47 5
718 57 57 5
719 37 36 4
720 44 43 5
721 49 48 4
722 66 65 5
723 47 46 4
724 46 45 5
725 55 54 4
726 48 47 5
727 71 70 6
728 62 62 4
729 52 51 7
730 27 26 4
731 48 47 5
732 37 37 5
733 47 46 4
734 52 51 5
735 57 57 9
736 47 46 6
737 32 31 5
738 55 55 5
739 33 33 5
740 29 29 5
741 37 36 4
742 24 23 5
743 55 54 6
744 30 29 5
745 33 33 5
746 51 50 4
747 36 35 5
748 29 28 4
749 28 27 5
750 29 28 4
751 24 23 5
752 47 46 6
753 32 32 4
754 28 27 5
755 37 36 4
756 36 35 5
757 23 22 6
758 46 46 4
759 20 19 5
760 31 30 4
761 50 49 9
762 33 32 4
763 32 31 7
764 27 26 6
765 24 24 4
766 28 27 5
767 35 34 4
768 26 25 5
769 25 24 4
770 32 31 5
771 27 26 4
772 28 27 5
773 45 45 5
774 39 38 6
775 30 30 6
776 24 24 4
777 22 21 5
778 19 18 4
779 34 33 5
780 25 24 4
781 24 23 5
782 25 24 4
783 16 15 5
784 29 28 6
785 28 28 4
786 36 35 5
787 23 22 4
788 32 31 5
789 21 21 5
790 33 32 4
791 34 33 5
792 43 42 4
793 32 31 5
794 23 22 4
795 22 21 5
796 25 24 4
797 26 25 5
798 39 38 4
799 32 31 5
800 23 22 4
801 32 31 5
802 27 27 5
803 25 25 5
804 29 28 4
805 22 21 5
806 25 24 4
807 42 41 5
808 27 27 5
809 25 24 4
810 30 29 5
811 17 16 4
812 32 31 5
813 37 36 6
814 34 34 4
815 16 15 5
816 29 28 4
817 22 21 5
818 37 36 4
819 20 19 5
820 37 36 4
821 32 31 5
822 39 38 4
823 34 33 5
824 19 18 4
825 22 21 5
826 29 28 4
827 24 23 5
828 31 30 6
829 20 20 4
830 18 17 7
831 21 20 4
832 26 25 5
833 31 31 5
834 43 42 4
835 48 47 5
836 31 30 4
837 26 25 5
838 27 27 5
839 47 46 6
840 58 58 6
841 36 36 4
842 30 29 5
843 33 33 5
844 37 36 6
845 24 24 4
846 18 17 5
847 37 36 6
848 22 21 5
849 19 18 4
850 22 21 5
851 31 30 4
852 28 27 5
853 25 24 4
854 24 23 5
855 17 17 5
856 23 22 4
857 22 21 5
858 27 26 4
859 24 23 5
860 31 30 4
861 18 17 5
862 27 26 4
863 28 27 5
864 21 20 4
865 20 19 5
866 31 31 5
867 21 21 5
868 31 30 6
869 18 17 5
870 15 14 6
871 32 32 6
872 32 32 4
873 30 29 5
874 17 16 6
875 14 14 4
876 24 23 5
877 21 20 4
878 30 29 5
879 13 12 4
880 22 21 5
881 29 29 5
882 23 22 4
883 20 19 5
884 11 10 4
885 34 33 5
886 19 19 5
887 25 24 4
888 20 19 5
889 13 12 4
890 24 23 5
891 17 16 6
892 18 18 4
893 22 21 5
894 15 14 6
895 20 20 4
896 36 35 7
897 15 14 4
898 18 17 5
899 11 10 4
900 24 23 7
901 15 14 4
902 26 25 5
903 25 24 6
904 20 20 8
905 14 14 4
906 12 11 5
907 17 16 4
908 16 15 5
909 31 30 4
910 20 19 5
911 29 28 6
912 20 20 4
913 10 9 5
914 21 20 4
915 12 11 5
916 21 20 6
917 26 25 5
918 23 22 4
919 14 13 5
920 11 10 4
921 20 19 5
922 15 14 6
923 22 22 4
924 24 23 5
925 19 19 5
926 25 24 4
927 20 19 5
928 31 30 6
929 18 18 4
930 26 25 5
931 11 10 4
932 18 17 5
933 19 18 4
934 16 15 5
935 21 21 5
936 23 22 4
937 24 23 5
938 15 14 6
939 14 14 4
940 24 23 5
941 21 21 5
942 19 18 6
943 20 20 4
944 16 15 5
945 25 25 5
946 19 18 4
947 20 19 5
948 13 12 4
949 18 17 5
950 21 20 4
951 12 11 5
952 19 19 5
953 27 26 6
954 22 22 6
955 20 20 4
956 30 29 5
957 15 14 4
958 32 31 7
959 27 26 4
960 22 21 5
961 19 18 4
962 18 17 5
963 19 18 4
964 30 29 7
965 33 32 4
966 16 15 5
967 19 18 4
968 26 25 5
969 23 23 5
970 25 24 4
971 18 17 5
972 19 18 4
973 18 17 5
974 27 27 5
975 17 16 4
976 28 27 5
977 19 18 4
978 18 17 5
979 15 14 4
980 26 25 5
981 33 33 5
982 19 18 4
983 16 15 5
984 35 34 6
985 24 24 4
986 22 21 5
987 21 20 4
988 22 21 5
989 19 18 4
990 20 19 5
991 11 10 4
992 22 21 5
993 19 18 4
994 30 29 5
995 21 20 4
996 14 13 5
997 27 26 4
998 16 15 5
999 17 17 5
1000 13 12 4
1001 14 13 7
1002 11 10 4
1003 16 15 5
1004 21 20 4
1005 24 23 5
1006 23 22 6
1007 26 26 4
1008 14 13 5
1009 33 32 6
1010 40 40 6
1011 16 16 4
1012 42 41 5
1013 21 21 5
1014 27 26 6
1015 30 30 4
1016 40 39 5
1017 29 28 4
1018 26 25 5
1019 33 32 4
1020 24 23 5
1021 33 32 6
1022 28 28 4
1023 40 39 5
1024 31 30 6
1025 40 40 6
1026 32 32 4
1027 42 41 5
1028 29 28 6
1029 48 48 8
1030 20 20 4
1031 36 35 5
1032 37 37 5
1033 25 24 8
1034 20 19 5
1035 21 20 4
1036 36 35 5
1037 29 28 6
1038 22 21 5
1039 25 24 4
1040 28 27 5
1041 33 33 7
1042 35 35 5
1043 39 39 5
1044 35 34 4
1045 28 27 5
1046 45 44 8
1047 36 35 5
1048 33 33 7
1049 35 34 4
1050 18 17 5
1051 43 42 6
1052 30 29 5
1053 31 30 6
1054 26 25 5
1055 37 37 11
1056 19 18 4
1057 36 35 5
1058 31 30 6
1059 26 25 5
1060 33 32 4
1061 28 27 5
1062 31 31 7
1063 31 30 8
1064 36 36 8
1065 28 28 10
1066 32 32 12
1067 30 29 7
1068 29 29 7
1069 37 36 14
1070 38 38 14
1071 34 33 11
1072 29 28 6
1073 16 16 6
1074 14 14 4
1075 36 35 7
1076 29 28 6
1077 18 18 4
1078 34 33 5
1079 17 16 4
1080 28 27 5
1081 25 25 7
1082 21 21 5
1083 27 26 10
1084 36 35 13
1085 19 18 4
1086 24 23 7
1087 15 15 5
1088 27 26 4
1089 30 29 7
1090 23 22 6
1091 26 26 6
1092 22 22 4
1093 24 23 5
1094 27 26 4
1095 20 19 5
1096 29 28 6
1097 26 25 9
1098 25 24 10
1099 24 24 6
1100 28 28 6
1101 40 39 7
1102 23 22 4
1103 12 11 5
1104 35 34 10
1105 16 16 4
1106 22 21 5
1107 23 22 4
1108 20 19 5
1109 21 20 4
1110 14 13 5
1111 23 23 5
1112 29 28 6
1113 14 14 4
1114 24 23 5
1115 9 9 5
1116 13 12 6
1117 12 12 6
1118 14 14 4
1119 26 25 5
1120 23 23 7
1121 21 21 5
1122 17 16 4
1123 24 23 7
1124 19 18 6
1125 14 14 6
1126 14 14 6
1127 20 20 4
1128 22 21 5
1129 27 27 5
1130 21 20 4
1131 20 19 5
1132 19 19 5
1133 21 21 5
1134 21 20 6
1135 16 16 4
1136 26 25 5
1137 23 22 6
1138 16 16 4
1139 16 15 5
1140 13 12 4
1141 24 23 7
1142 21 20 6
1143 38 38 8
1144 18 18 4
1145 26 25 7
1146 13 13 5
1147 11 10 4
1148 10 9 5
1149 17 17 5
1150 23 22 4
1151 12 11 5
1152 19 18 4
1153 14 13 5
1154 15 15 5
1155 23 23 7
1156 21 20 4
1157 18 17 5
1158 13 12 4
1159 24 23 5
1160 19 18 6
1161 16 16 6
1162 12 12 4
1163 26 25 5
1164 21 21 5
1165 19 18 6
1166 24 24 4
1167 22 21 5
1168 15 14 6
1169 22 21 5
1170 15 15 5
1171 15 14 4
1172 34 33 7
1173 15 14 4
1174 16 15 5
1175 21 20 4
1176 18 17 5
1177 17 16 4
1178 14 13 5
1179 17 17 5
1180 21 20 4
1181 18 17 5
1182 19 18 6
1183 20 20 8
1184 14 14 4
1185 10 9 5
1186 11 10 4
1187 6 5 4
1188 10 9 5
1189 17 16 4
1190 12 11 5
1191 19 18 4
1192 14 13 5
1193 9 8 4
1194 34 33 5
1195 13 13 5
1196 15 14 4
1197 20 19 5
1198 17 16 6
1199 16 16 4
1200 22 21 5
1201 23 22 4
1202 26 25 5
1203 15 15 5
1204 19 18 6
1205 10 10 4
1206 24 23 5
1207 13 12 4
1208 16 15 5
1209 19 18 4
1210 22 21 5
1211 23 22 6
1212 8 8 4
1213 12 11 5
1214 11 11 5
1215 17 16 4
1216 18 17 5
1217 19 18 4
1218 16 15 5
1219 15 14 4
1220 10 9 5
1221 17 17 5
1222 15 15 5
1223 19 18 4
1224 10 9 5
1225 19 18 6
1226 12 12 4
1227 18 17 5
1228 15 15 5
1229 15 14 4
1230 24 23 7
1231 11 11 5
1232 15 14 4
1233 28 27 5
1234 15 14 4
1235 20 19 5
1236 23 22 6
1237 20 20 4
1238 16 15 5
1239 17 16 4
1240 12 11 5
1241 15 14 6
1242 14 13 5
1243 19 18 4
1244 30 29 5
1245 15 14 6
1246 14 14 4
1247 18 17 5
1248 7 6 5
1249 13 12 4
1250 22 21 5
1251 9 9 5
1252 25 24 6
1253 20 20 4
1254 18 17 5
1255 21 20 6
1256 34 34 6
1257 20 20 6
1258 18 18 4
1259 22 21 5
1260 33 32 4
1261 24 23 5
1262 21 20 6
1263 12 12 4
1264 28 27 5
1265 23 23 5
1266 19 19 5
1267 37 36 6
1268 32 32 4
1269 44 43 5
1270 25 25 5
1271 15 14 4
1272 14 13 5
1273 19 18 6
1274 24 24 6
1275 12 11 5
1276 25 24 8
1277 12 12 4
1278 18 17 5
1279 15 14 4
1280 12 11 5
1281 9 9 5
1282 27 27 5
1283 19 18 4
1284 22 21 5
1285 15 15 5
1286 11 10 4
1287 12 11 5
1288 11 10 4
1289 16 15 5
1290 15 14 4
1291 24 23 5
1292 15 14 4
1293 20 19 5
1294 13 12 6
1295 20 19 5
1296 11 10 4
1297 20 19 5
1298 9 8 4
1299 20 19 5
1300 15 14 4
1301 18 17 5
1302 21 20 4
1303 22 21 7
1304 21 20 6
1305 20 20 4
1306 14 13 5
1307 13 12 4
1308 22 21 5
1309 15 14 4
1310 10 9 5
1311 13 12 4
1312 14 13 5
1313 13 13 5
1314 13 13 5
1315 19 19 5
1316 17 16 4
1317 16 15 5
1318 19 19 5
1319 11 10 4
1320 28 27 5
1321 13 13 5
1322 15 14 4
1323 10 9 5
1324 11 10 4
1325 12 11 5
1326 15 15 5
1327 13 12 4
1328 10 9 5
1329 25 24 6
1330 14 14 4
1331 26 25 5
1332 15 14 4
1333 30 29 5
1334 21 20 4
1335 22 21 5
1336 19 18 4
1337 24 23 5
1338 11 10 4
1339 14 13 5
1340 15 14 4
1341 14 13 5
1342 15 14 4
1343 12 11 5
1344 23 22 6
1345 14 14 4
1346 26 25 5
1347 15 15 5
1348 19 18 4
1349 20 19 5
1350 25 24 6
1351 26 26 4
1352 18 17 5
1353 15 14 4
1354 16 15 5
1355 19 18 4
1356 12 11 5
1357 21 20 4
1358 28 27 5
1359 35 34 6
1360 24 24 4
1361 22 21 5
1362 11 10 4
1363 18 17 5
1364 15 14 4
1365 28 27 5
1366 15 14 4
1367 18 17 5
1368 25 25 5
1369 15 14 4
1370 18 17 5
1371 13 12 4
1372 24 23 5
1373 11 10 4
1374 24 23 5
1375 21 20 4
1376 18 17 5
1377 17 16 4
1378 22 21 5
1379 23 22 4
1380 24 23 5
1381 23 22 6
1382 18 18 4
1383 30 29 5
1384 27 26 4
1385 26 25 5
1386 27 26 4
1387 16 15 5
1388 21 20 4
1389 20 19 5
1390 29 29 5
1391 27 26 4
1392 24 23 5
1393 25 24 6
1394 32 32 6
1395 20 20 6
1396 24 24 6
1397 24 24 6
1398 30 30 6
1399 34 33 5
1400 21 20 6
1401 16 16 4
1402 18 17 5
1403 27 26 4
1404 52 51 7
1405 33 32 6
1406 14 14 4
1407 22 21 5
1408 19 18 6
1409 34 33 7
1410 39 38 6
1411 26 26 6
1412 38 38 4
1413 22 21 5
1414 21 21 5
1415 27 26 6
1416 44 44 4
1417 40 39 5
1418 33 32 6
1419 22 21 5
1420 23 23 5
1421 45 45 7
1422 27 27 5
1423 37 37 5
1424 33 32 4
1425 36 35 5
1426 31 30 4
1427 38 37 7
1428 33 32 6
1429 26 25 7
1430 33 32 6
1431 28 28 4
1432 32 31 5
1433 35 34 6
1434 24 24 4
1435 34 33 5
1436 33 33 5
1437 29 29 5
1438 27 27 9
1439 51 50 8
1440 30 30 10
1441 12 12 4
1442 20 19 5
1443 29 29 7
1444 13 12 4
1445 20 19 5
1446 31 30 4
1447 22 21 5
1448 31 31 5
1449 39 39 7
1450 21 21 5
1451 29 28 6
1452 26 26 4
1453 28 27 5
1454 39 38 8
1455 18 17 5
1456 31 31 7
1457 35 35 7
1458 33 32 6
1459 20 19 7
1460 23 22 6
1461 42 42 14
1462 50 50 16
1463 34 33 7
1464 13 13 5
1465 23 22 6
1466 32 31 5
1467 41 40 10
1468 32 32 4
1469 26 25 5
1470 23 22 6
1471 26 25 5
1472 29 29 7
1473 23 22 6
1474 22 21 5
1475 21 20 4
1476 20 19 5
1477 29 28 6
1478 44 44 8
1479 24 24 6
1480 18 17 5
1481 29 29 5
1482 31 31 11
1483 33 32 6
1484 30 29 9
1485 37 36 8
1486 24 24 6
1487 32 31 5
1488 13 13 5
1489 17 16 4
1490 44 43 5
1491 23 22 4
1492 22 21 5
1493 33 33 9
1494 19 18 4
1495 20 19 7
1496 33 32 10
1497 22 22 4
1498 36 35 9
1499 21 21 7
1500 29 28 6
1501 18 17 7
1502 29 29 11
1503 37 36 8
1504 30 30 6
1505 46 45 13
1506 37 37 9
1507 21 20 6
1508 28 28 8
1509 28 28 8
1510 58 58 18
1511 20 19 5
1512 33 33 5
1513 19 19 5
1514 23 22 6
1515 24 24 6
1516 38 37 11
1517 23 22 6
1518 22 21 9
1519 27 26 6
1520 24 24 6
1521 16 16 4
1522 22 21 5
1523 27 26 6
1524 28 28 6
1525 14 14 4
1526 26 25 5
1527 23 23 5
1528 39 38 6
1529 38 37 7
1530 17 16 4
1531 26 25 5
1532 17 16 4
1533 28 27 5
1534 45 45 5
1535 37 37 7
1536 27 26 4
1537 30 29 5
1538 21 20 4
1539 34 33 5
1540 25 24 4
1541 28 27 5
1542 25 24 6
1543 34 33 5
1544 25 24 6
1545 24 23 5
1546 21 21 5
1547 35 34 6
1548 16 16 4
1549 20 19 5
1550 17 16 4
1551 16 15 5
1552 21 20 4
1553 18 17 5
1554 13 12 4
1555 18 17 5
1556 21 20 4
1557 34 33 7
1558 19 18 4
1559 26 25 5
1560 13 12 4
1561 26 25 7
1562 23 22 6
1563 14 14 4
1564 22 21 5
1565 13 12 4
1566 16 15 5
1567 13 12 4
1568 18 17 5
1569 13 13 5
1570 13 12 6
1571 14 14 6
1572 16 16 6
1573 20 20 4
1574 20 19 5
1575 13 13 5
1576 15 14 4
1577 16 15 5
1578 17 16 4
1579 12 11 5
1580 23 22 4
1581 12 11 5
1582 9 9 5
1583 27 26 6
1584 18 18 4
1585 14 13 5
1586 11 11 5
1587 17 16 6
1588 14 14 4
1589 18 17 5
1590 9 8 4
1591 14 13 5
1592 15 14 4
1593 32 31 5
1594 27 27 5
1595 23 23 5
1596 21 21 5
1597 13 12 4
1598 20 19 5
1599 25 24 4
1600 40 39 5
1601 39 39 5
1602 27 26 4
1603 34 33 5
1604 33 32 4
1605 34 33 5
1606 35 34 6
1607 64 64 12
1608 62 62 10
1609 46 45 9
1610 25 24 4
1611 38 37 9
1612 19 18 4
1613 40 39 5
1614 35 34 4
1615 24 23 5
1616 35 35 7
1617 29 28 6
1618 22 22 4
1619 44 43 11
1620 15 15 5
1621 25 24 4
1622 18 17 5
1623 25 24 4
1624 24 23 5
1625 17 17 5
1626 25 24 4
1627 26 25 5
1628 23 23 5
1629 13 12 4
1630 22 21 5
1631 19 18 6
1632 24 24 4
1633 24 23 5
1634 21 20 6
1635 18 17 5
1636 17 16 4
1637 24 23 5
1638 21 21 5
1639 19 18 4
1640 18 17 5
1641 23 22 4
1642 24 23 5
1643 25 24 4
1644 18 17 5
1645 21 21 5
1646 21 21 5
1647 23 22 4
1648 18 17 5
1649 15 14 4
1650 14 13 5
1651 23 22 4
1652 16 15 5
1653 17 17 5
1654 19 18 4
1655 14 13 5
1656 23 22 6
1657 24 24 6
1658 28 27 5
1659 23 22 4
1660 18 17 5
1661 15 14 4
1662 16 15 7
1663 15 14 4
1664 6 5 4
1665 12 11 5
1666 13 12 4
1667 20 19 5
1668 19 18 6
1669 20 20 4
1670 14 13 5
1671 21 20 4
1672 20 19 5
1673 19 18 6
1674 16 15 5
1675 21 20 4
1676 12 11 5
1677 9 8 4
1678 18 17 5
1679 17 16 4
1680 22 21 5
1681 21 20 6
1682 12 12 6
1683 20 20 6
1684 10 10 4
1685 16 15 5
1686 15 14 4
1687 16 15 5
1688 13 13 5
1689 21 20 6
1690 10 10 6
1691 10 10 4
1692 16 15 5
1693 17 16 6
1694 14 14 4
1695 12 11 5
1696 13 12 4
1697 14 13 5
1698 19 19 5
1699 17 17 5
1700 11 10 4
1701 22 21 5
1702 15 15 5
1703 13 12 4
1704 18 17 5
1705 25 24 6
1706 18 17 5
1707 13 13 5
1708 15 14 4
1709 18 17 5
1710 17 17 5
1711 31 30 6
1712 16 16 4
1713 16 15 5
1714 21 20 6
1715 14 14 4
1716 20 19 5
1717 15 14 4
1718 20 19 5
1719 11 11 5
1720 19 19 5
1721 13 12 4
1722 18 17 5
1723 21 21 5
1724 23 22 4
1725 12 11 5
1726 23 22 6
1727 14 14 4
1728 12 11 5
1729 15 15 5
1730 15 14 4
1731 20 19 5
1732 35 35 5
1733 15 14 4
1734 12 11 5
1735 13 12 4
1736 20 19 7
1737 17 16 4
1738 16 15 5
1739 29 28 6
1740 16 15 5
1741 19 18 4
1742 6 5 4
1743 26 25 5
1744 17 16 4
1745 24 23 5
1746 21 20 6
1747 24 24 4
1748 20 19 5
1749 11 11 5
1750 13 12 4
1751 20 19 5
1752 21 20 4
1753 20 19 5
1754 9 9 5
1755 19 18 4
1756 16 15 5
1757 15 14 4
1758 14 13 5
1759 15 15 5
1760 17 16 4
1761 16 15 5
1762 15 14 4
1763 10 9 5
1764 23 22 6
1765 20 20 4
1766 16 15 5
1767 13 12 4
1768 18 17 5
1769 17 17 5
1770 19 18 4
1771 26 25 5
1772 25 25 5
1773 11 10 4
1774 10 9 5
1775 23 22 6
1776 10 10 4
1777 16 15 5
1778 9 9 5
1779 19 18 4
1780 18 17 5
1781 13 13 5
1782 13 12 6
1783 22 22 4
1784 20 19 5
1785 23 22 6
1786 16 16 6
1787 18 18 4
1788 26 25 5
1789 21 21 5
1790 9 8 4
1791 30 29 5
1792 23 22 4
1793 22 21 5
1794 21 20 4
1795 26 25 5
1796 29 28 4
1797 32 31 5
1798 33 33 5
1799 25 24 4
1800 28 27 5
1801 27 27 5
1802 23 22 6
1803 26 26 4
1804 42 41 5
1805 39 39 5
1806 27 26 6
1807 40 40 6
1808 36 36 6
1809 30 29 7
1810 35 34 6
1811 34 34 4
1812 26 25 9
1813 37 37 5
1814 55 54 4
1815 62 61 5
1816 43 43 5
1817 33 33 5
1818 33 32 6
1819 40 40 6
1820 34 34 4
1821 44 43 5
1822 45 45 5
1823 19 18 4
1824 40 39 5
1825 39 38 6
1826 24 24 4
1827 36 35 5
1828 47 47 7
1829 31 30 8
1830 24 24 6
1831 20 20 6
1832 30 29 7
1833 31 31 5
1834 55 54 12
1835 42 42 6
1836 32 32 8
1837 42 42 6
1838 30 29 9
1839 17 17 5
1840 37 36 10
1841 36 36 10
1842 24 24 6
1843 40 39 11
1844 25 25 5
1845 27 26 6
1846 28 27 5
1847 43 43 7
1848 35 35 5
1849 23 23 5
1850 33 33 5
1851 23 23 9
1852 33 32 12
1853 46 46 12
1854 50 50 6
1855 44 43 19
1856 25 25 5
1857 19 19 5
1858 31 30 4
1859 28 27 7
1860 35 34 6
1861 36 35 5
1862 21 20 6
1863 22 22 4
1864 18 17 5
1865 27 26 4
1866 34 33 7
1867 27 26 6
1868 16 16 4
1869 22 21 7
1870 25 24 4
1871 40 39 5
1872 41 41 11
1873 25 24 12
1874 40 40 10
1875 42 41 17
1876 35 34 8
1877 24 23 7
1878 31 30 6
1879 22 22 4
1880 22 21 7
1881 39 39 11
1882 51 51 9
1883 29 28 10
1884 38 37 13
1885 29 29 9
1886 21 20 4
1887 28 27 5
1888 29 29 7
1889 33 33 7
1890 35 34 8
1891 40 39 11
1892 35 35 13
1893 21 21 5
1894 27 27 5
1895 35 35 9
1896 21 21 5
1897 31 31 7
1898 45 44 16
1899 42 42 16
1900 28 27 5
1901 41 41 11
1902 29 29 7
1903 25 24 6
1904 36 36 8
1905 32 31 7
1906 27 27 5
1907 33 33 7
1908 35 34 10
1909 44 44 6
1910 26 26 4
1911 38 37 7
1912 29 29 7
1913 19 18 4
1914 12 11 5
1915 25 24 4
1916 22 21 5
1917 31 31 5
1918 25 24 4
1919 30 29 5
1920 23 23 5
1921 23 22 4
1922 28 27 5
1923 23 22 6
1924 26 26 4
1925 30 29 5
1926 35 35 5
1927 13 13 5
1928 27 27 5
1929 25 24 4
1930 22 21 5
1931 41 40 6
1932 16 15 5
1933 33 32 8
1934 30 30 6
1935 26 25 7
1936 21 21 7
1937 21 20 6
1938 30 30 4
1939 26 25 5
1940 27 26 4
1941 32 31 5
1942 19 18 4
1943 20 19 5
1944 27 27 5
1945 33 32 4
1946 32 31 5
1947 33 32 6
1948 14 13 5
1949 23 22 4
1950 26 25 5
1951 27 26 6
1952 26 25 5
1953 27 27 5
1954 27 27 5
1955 21 20 6
1956 30 30 4
1957 30 29 5
1958 27 27 5
1959 21 20 4
1960 34 33 5
1961 31 30 4
1962 18 17 5
1963 27 27 5
1964 17 16 4
1965 18 17 5
1966 19 18 4
1967 36 35 7
1968 29 28 4
1969 28 27 5
1970 35 34 4
1971 20 19 5
1972 23 22 4
1973 30 29 5
1974 35 35 5
1975 45 44 6
1976 52 52 6
1977 16 16 4
1978 28 27 5
1979 27 27 5
1980 49 48 6
1981 44 43 5
1982 37 37 5
1983 43 43 7
1984 23 23 7
1985 41 40 4
1986 26 25 5
1987 23 22 4
1988 40 39 5
1989 27 26 4
1990 34 33 5
1991 27 26 6
1992 20 19 5
1993 45 44 8
1994 54 53 7
1995 49 49 5
1996 37 36 6
1997 36 35 11
1998 33 32 6
1999 18 17 5
2000 27 26 6
2001 12 12 4
2002 24 23 5
2003 23 23 7
2004 35 34 10
2005 18 18 6
2006 20 20 4
2007 24 23 5
2008 17 16 4
2009 20 19 7
2010 39 38 6
2011 30 30 4
2012 26 25 5
2013 41 41 5
2014 15 14 4
2015 34 33 5
2016 15 14 4
2017 20 19 5
2018 27 26 4
2019 38 37 5
2020 17 16 4
2021 22 21 5
2022 25 24 4
2023 28 27 5
2024 19 18 6
2025 12 12 4
2026 18 17 5
2027 27 26 6
2028 16 16 4
2029 16 15 5
2030 19 18 4
2031 12 11 5
2032 23 22 4
2033 18 17 5
2034 19 18 4
2035 24 23 5
2036 13 12 4
2037 26 25 7
2038 19 18 4
2039 26 25 5
2040 17 16 4
2041 26 25 5
2042 23 22 4
2043 22 21 5
2044 23 22 4
2045 34 33 7
2046 31 30 6
2047 24 24 4
2048 22 21 5
2049 21 20 6
2050 20 20 4
2051 40 39 9
2052 27 27 5
2053 35 35 7
2054 13 12 4
2055 26 25 5
2056 19 18 4
2057 26 25 5
2058 19 19 5
2059 29 28 4
2060 24 23 5
2061 15 14 4
2062 22 21 5
2063 27 27 5
2064 33 32 6
2065 18 18 4
2066 32 31 5
2067 31 30 4
2068 28 27 5
2069 15 14 4
2070 10 9 5
2071 25 24 6
2072 26 26 4
2073 22 21 5
2074 19 18 4
2075 22 21 5
2076 15 15 5
2077 13 12 4
2078 18 17 5
2079 19 18 6
2080 12 12 4
2081 16 15 5
2082 21 21 7
2083 23 22 4
2084 24 23 5
2085 25 24 4
2086 24 23 5
2087 15 14 4
2088 16 15 5
2089 29 28 6
2090 22 21 5
2091 23 22 4
2092 20 19 5
2093 23 22 4
2094 16 15 5
2095 15 14 6
2096 14 14 4
2097 10 9 5
2098 21 20 4
2099 18 17 5
2100 21 20 4
2101 14 13 5
2102 13 13 5
2103 17 16 4
2104 16 15 5
2105 13 12 4
2106 14 13 5
2107 17 16 4
2108 18 17 5
2109 33 33 5
2110 21 21 5
2111 13 13 5
2112 11 10 4
2113 16 15 5
2114 21 20 6
2115 16 16 6
2116 24 24 4
2117 14 13 5
2118 25 24 4
2119 12 11 5
2120 13 12 6
2121 26 26 4
2122 12 11 5
2123 13 12 4
2124 20 19 5
2125 19 18 6
2126 12 12 4
2127 6 5 4
2128 14 13 5
2129 19 18 4
2130 18 17 5
2131 9 8 4
2132 24 23 5
2133 15 15 5
2134 17 16 4
2135 12 11 5
2136 21 20 6
2137 12 12 4
2138 14 13 5
2139 13 13 5
2140 11 10 4
2141 12 11 5
2142 27 26 4
2143 12 11 5
2144 11 10 4
2145 14 13 5
2146 13 12 6
2147 20 19 5
2148 15 14 6
2149 16 16 4
2150 18 17 5
2151 13 12 4
2152 10 9 5
2153 11 10 4
2154 24 23 5
2155 19 18 4
2156 26 25 5
2157 17 17 5
2158 15 14 4
2159 30 29 5
2160 23 22 4
2161 26 25 5
2162 21 21 5
2163 21 21 5
2164 15 14 4
2165 20 19 5
2166 19 18 4
2167 30 29 5
2168 19 18 4
2169 14 13 5
2170 25 24 4
2171 20 19 5
2172 23 22 4
2173 36 35 5
2174 29 28 4
2175 26 25 5
2176 15 14 4
2177 30 29 5
2178 23 22 4
2179 30 29 5
2180 25 25 5
2181 15 14 4
2182 12 11 5
2183 29 28 6
2184 22 22 4
2185 28 27 5
2186 31 30 6
2187 12 12 4
2188 22 21 5
2189 23 22 4
2190 20 19 7
2191 21 20 6
2192 28 28 6
2193 26 26 6
2194 20 20 4
2195 14 13 5
2196 27 26 4
2197 28 27 5
2198 29 29 7
2199 35 34 8
2200 26 26 4
2201 40 39 5
2202 19 19 5
2203 25 24 6
2204 26 25 7
2205 23 23 5
2206 27 26 4
2207 30 29 7
2208 21 20 4
2209 26 25 5
2210 21 20 8
2211 26 26 4
2212 26 25 7
2213 25 24 4
2214 12 11 5
2215 29 28 6
2216 22 22 6
2217 32 32 6
2218 20 20 8
2219 24 24 6
2220 22 21 7
2221 29 28 10
2222 36 35 11
2223 23 23 7
2224 31 30 6
2225 28 28 8
2226 20 19 5
2227 27 27 7
2228 29 29 7
2229 15 15 5
2230 19 19 5
2231 27 26 6
2232 36 35 9
2233 19 19 5
2234 15 15 5
2235 19 18 4
2236 20 19 5
2237 19 19 5
2238 17 17 5
2239 19 18 4
2240 18 17 5
2241 21 21 7
2242 17 17 5
2243 31 31 7
2244 17 16 6
2245 28 27 7
2246 15 14 4
2247 22 21 5
2248 15 14 6
2249 18 18 6
2250 18 18 6
2251 26 26 6
2252 18 18 6
2253 44 43 11
2254 27 27 9
2255 15 15 5
2256 13 13 5
2257 33 32 8
2258 22 22 6
2259 16 16 4
2260 26 25 5
2261 35 34 6
2262 36 35 11
2263 23 22 8
2264 16 15 5
2265 31 30 8
2266 26 26 6
2267 34 33 11
2268 33 33 11
2269 27 26 6
2270 38 37 15
2271 15 15 5
2272 35 35 13
2273 61 60 16
2274 38 37 11
2275 19 18 6
2276 22 21 5
2277 21 21 7
2278 37 36 6
2279 22 22 8
2280 24 23 5
2281 23 22 6
2282 20 20 4
2283 30 29 9
2284 21 20 4
2285 26 25 7
2286 13 12 4
2287 30 29 7
2288 29 29 5
2289 27 27 7
2290 37 37 13
2291 23 22 6
2292 26 26 8
2293 22 21 7
2294 19 18 4
2295 28 27 5
2296 31 31 9
2297 17 17 5
2298 23 22 6
2299 22 22 6
2300 26 25 11
2301 19 19 7
2302 29 28 10
2303 20 20 6
2304 16 15 5
2305 9 8 4
2306 22 21 5
2307 19 19 5
2308 17 16 4
2309 22 21 5
2310 27 27 7
2311 25 24 4
2312 34 33 9
2313 13 12 4
2314 32 31 5
2315 33 32 10
2316 26 26 8
2317 18 17 5
2318 27 26 6
2319 22 21 5
2320 19 18 6
2321 24 24 6
2322 16 16 4
2323 28 27 5
2324 25 24 4
2325 28 27 5
2326 17 16 6
2327 30 30 10
2328 30 30 8
2329 24 24 6
2330 30 30 4
2331 34 33 5
2332 23 23 5
2333 37 36 8
2334 34 33 9
2335 23 22 4
2336 24 23 5
2337 23 23 5
2338 17 16 6
2339 18 17 5
2340 19 19 5
2341 37 36 4
2342 30 29 7
2343 39 39 13
2344 29 28 6
2345 20 19 5
2346 37 36 10
2347 20 20 4
2348 20 19 5
2349 37 37 5
2350 17 17 5
2351 37 36 6
2352 26 26 4
2353 14 13 5
2354 41 41 7
2355 25 24 4
2356 24 23 5
2357 11 10 4
2358 20 19 5
2359 19 18 4
2360 20 19 5
2361 31 31 5
2362 37 37 7
2363 39 39 7
2364 43 42 8
2365 28 28 4
2366 24 23 5
2367 35 34 4
2368 30 29 5
2369 31 30 6
2370 22 22 6
2371 32 31 5
2372 19 18 6
2373 28 28 6
2374 34 33 7
2375 19 18 4
2376 34 33 5
2377 19 18 4
2378 24 23 5
2379 27 26 6
2380 42 42 4
2381 28 27 5
2382 21 20 4
2383 38 37 5
2384 31 31 5
2385 23 22 4
2386 24 23 5
2387 35 34 6
2388 32 32 6
2389 26 26 6
2390 32 32 6
2391 24 24 6
2392 30 30 6
2393 18 18 4
2394 24 23 5
2395 31 31 5
2396 23 22 4
2397 16 15 5
2398 15 14 6
2399 28 28 4
2400 40 39 7
2401 27 27 5
2402 21 20 4
2403 22 21 5
2404 17 16 6
2405 20 20 4
2406 32 31 5
2407 31 31 5
2408 27 27 5
2409 33 32 6
2410 34 34 4
2411 42 41 5
2412 35 34 4
2413 22 21 5
2414 21 20 6
2415 16 16 4
2416 24 23 5
2417 21 20 4
2418 40 39 5
2419 35 34 6
2420 24 24 4
2421 30 29 5
2422 15 15 5
2423 21 20 6
2424 24 24 4
2425 38 37 9
2426 27 26 6
2427 26 26 6
2428 14 14 4
2429 24 23 5
2430 19 18 4
2431 26 25 5
2432 25 25 5
2433 23 22 4
2434 22 21 5
2435 27 27 5
2436 15 15 5
2437 9 9 5
2438 29 28 4
2439 26 25 5
2440 23 22 6
2441 22 22 4
2442 16 15 5
2443 29 28 4
2444 12 11 5
2445 21 20 6
2446 10 10 4
2447 18 17 5
2448 17 16 6
2449 22 22 4
2450 22 21 5
2451 17 17 5
2452 15 14 4
2453 20 19 5
2454 21 21 5
2455 13 13 5
2456 23 23 5
2457 27 27 5
2458 9 8 4
2459 24 23 5
2460 19 18 4
2461 14 13 5
2462 15 14 4
2463 12 11 5
2464 7 6 5
2465 9 8 4
2466 22 21 5
2467 17 17 5
2468 21 20 6
2469 16 16 4
2470 18 17 7
2471 25 24 6
2472 18 18 4
2473 12 11 5
2474 13 13 5
2475 17 16 6
2476 6 6 6
2477 15 14 4
2478 24 23 5
2479 19 18 6
2480 16 16 4
2481 24 23 7
2482 7 6 5
2483 13 12 4
2484 30 29 5
2485 25 24 6
2486 20 20 6
2487 26 25 7
2488 21 20 4
2489 12 11 5
2490 15 14 4
2491 12 11 5
2492 21 20 4
2493 30 29 7
2494 17 16 4
2495 20 19 5
2496 23 22 4
2497 18 17 5
2498 25 24 6
2499 18 18 4
2500 18 17 5
2501 11 10 4
2502 12 11 5
2503 9 8 4
2504 20 19 5
2505 21 20 4
2506 24 23 5
2507 9 8 4
2508 14 13 5
2509 21 20 4
2510 20 19 5
2511 15 14 6
2512 24 24 4
2513 18 17 5
2514 17 17 5
2515 19 18 4
2516 24 23 5
2517 15 15 5
2518 25 24 6
2519 10 10 4
2520 14 13 5
2521 21 20 4
2522 18 17 5
2523 9 8 4
2524 12 11 5
2525 15 14 4
2526 14 13 5
2527 13 12 4
2528 28 27 7
2529 17 17 5
2530 23 22 4
2531 16 15 5
2532 21 20 4
2533 26 25 5
2534 11 11 5
2535 9 8 4
2536 20 19 5
2537 19 18 4
2538 20 19 5
2539 25 24 6
2540 10 10 4
2541 18 17 5
2542 25 25 5
2543 19 18 4
2544 18 17 5
2545 11 11 5
2546 13 12 4
2547 14 13 5
2548 23 23 5
2549 19 19 5
2550 15 15 5
2551 13 12 4
2552 20 19 5
2553 21 20 6
2554 18 18 4
2555 22 21 5
2556 15 14 4
2557 18 17 5
2558 27 26 6
2559 20 19 5
2560 21 20 4
2561 16 15 5
2562 23 22 4
2563 18 17 5
2564 17 16 6
2565 22 22 4
2566 30 29 5
2567 15 15 5
2568 19 18 4
2569 24 23 5
2570 21 20 4
2571 22 21 5
2572 27 27 5
2573 15 14 4
2574 6 5 4
2575 10 9 5
2576 17 16 4
2577 18 17 5
2578 13 13 5
2579 21 20 6
2580 20 20 4
2581 16 15 5
2582 19 18 6
2583 14 14 4
2584 28 27 5
2585 21 21 5
2586 35 34 4
2587 18 17 5
2588 9 8 4
2589 18 17 5
2590 27 26 6
2591 16 16 4
2592 26 25 5
2593 11 10 4
2594 22 21 5
2595 25 25 5
2596 17 17 5
2597 27 26 4
2598 22 21 5
2599 41 40 4
2600 30 29 5
2601 21 21 5
2602 15 14 4
2603 32 31 5
2604 25 24 4
2605 20 19 5
2606 37 36 6
2607 22 22 4
2608 24 23 5
2609 21 20 4
2610 26 25 5
2611 37 37 5
2612 31 30 4
2613 20 19 5
2614 29 29 5
2615 37 36 4
2616 30 29 5
2617 31 30 4
2618 24 23 5
2619 41 41 5
2620 31 30 6
2621 44 44 4
2622 38 37 7
2623 21 20 4
2624 22 21 5
2625 21 20 4
2626 38 37 5
2627 27 27 5
2628 23 22 4
2629 30 29 5
2630 23 23 5
2631 25 24 4
2632 28 27 5
2633 41 40 6
2634 34 34 4
2635 22 21 5
2636 35 34 6
2637 26 26 4
2638 34 33 5
2639 23 22 6
2640 30 30 4
2641 24 23 5
2642 21 21 5
2643 41 41 7
2644 37 37 5
2645 35 34 4
2646 36 35 5
2647 43 43 5
2648 37 37 5
2649 47 47 7
2650 45 44 4
2651 32 31 5
2652 29 29 5
2653 45 44 6
2654 26 26 4
2655 36 35 5
2656 45 45 5
2657 25 25 5
2658 19 19 5
2659 51 51 5
2660 59 58 6
2661 44 44 6
2662 50 49 5
2663 33 33 5
2664 25 24 4
2665 40 39 5
2666 51 50 4
2667 42 41 5
2668 31 30 6
2669 36 36 6
2670 46 45 5
2671 43 42 4
2672 30 29 5
2673 31 31 5
2674 37 36 4
2675 30 29 5
2676 33 33 5
2677 33 32 6
2678 26 26 6
2679 32 32 4
2680 28 27 5
2681 35 34 4
2682 40 39 5
2683 39 38 4
2684 32 31 5
2685 51 50 6
2686 44 44 6
2687 30 30 4
2688 48 47 5
2689 49 48 6
2690 44 44 6
2691 32 32 6
2692 32 32 6
2693 48 48 6
2694 52 52 6
2695 34 34 4
2696 28 27 5
2697 41 41 5
2698 37 37 5
2699 39 38 6
2700 44 44 6
2701 42 41 5
2702 29 28 6
2703 46 46 6
2704 44 43 7
2705 53 52 6
2706 42 41 5
2707 41 40 8
2708 36 36 4
2709 24 23 5
2710 67 66 6
2711 42 42 6
2712 46 45 7
2713 33 32 4
2714 46 45 11
2715 51 50 4
2716 28 27 5
2717 71 70 6
2718 42 41 7
2719 43 43 11
2720 43 43 11
2721 31 31 5
2722 21 20 4
2723 26 25 5
2724 61 61 11
2725 41 40 8
2726 32 31 5
2727 27 27 5
2728 43 42 4
2729 36 35 7
2730 35 34 4
2731 28 27 5
2732 35 35 5
2733 33 33 5
2734 41 41 9
2735 37 36 4
2736 40 39 7
2737 43 43 7
2738 43 43 9
2739 31 31 5
2740 29 29 5
2741 47 46 10
2742 46 46 8
2743 28 28 4
2744 36 35 9
2745 37 36 6
2746 48 48 8
2747 30 30 10
2748 50 50 6
2749 42 42 8
2750 26 26 4
2751 46 45 9
2752 27 27 5
2753 37 37 5
2754 31 30 6
2755 22 21 5
2756 43 42 6
2757 26 25 5
2758 41 40 12
2759 32 32 4
2760 28 27 5
2761 45 44 8
2762 32 32 4
2763 30 29 5
2764 15 14 6
2765 28 28 4
2766 34 33 7
2767 49 48 4
2768 28 27 5
2769 25 24 6
2770 8 8 4
2771 24 23 5
2772 27 26 6
2773 16 16 4
2774 24 23 5
2775 39 38 6
2776 18 18 6
2777 18 18 4
2778 18 17 5
2779 27 26 4
2780 32 31 7
2781 23 23 5
2782 21 21 5
2783 25 24 6
2784 32 32 4
2785 22 21 7
2786 19 18 4
2787 18 17 5
2788 25 24 6
2789 26 26 4
2790 20 19 5
2791 17 16 6
2792 22 22 4
2793 22 21 5
2794 35 34 6
2795 22 22 6
2796 16 16 4
2797 22 21 5
2798 23 22 4
2799 32 31 5
2800 45 44 4
2801 18 17 5
2802 15 14 4
2803 26 25 5
2804 17 16 4
2805 22 21 5
2806 27 27 5
2807 27 26 6
2808 20 20 4
2809 26 25 5
2810 35 34 6
2811 28 28 4
2812 24 23 5
2813 21 20 4
2814 6 5 4
2815 16 15 5
2816 29 28 6
2817 18 18 4
2818 14 13 5
2819 27 26 6
2820 18 18 4
2821 24 23 5
2822 25 25 5
2823 41 40 4
2824 30 29 5
2825 23 22 4
2826 32 31 5
2827 35 35 5
2828 17 16 6
2829 22 22 4
2830 30 29 5
2831 25 25 5
2832 27 27 5
2833 27 26 6
2834 28 28 4
2835 26 25 7
2836 21 20 6
2837 22 21 5
2838 15 14 6
2839 24 24 6
2840 22 22 4
2841 18 17 5
2842 37 36 6
2843 18 18 6
2844 26 26 6
2845 10 10 4
2846 30 29 5
2847 13 12 4
2848 28 27 5
2849 25 25 5
2850 19 18 4
2851 24 23 5
2852 19 19 5
2853 35 35 7
2854 23 22 6
2855 28 27 5
2856 25 24 4
2857 28 27 5
2858 13 13 5
2859 19 18 4
2860 18 17 5
2861 13 12 4
2862 22 21 5
2863 19 19 5
2864 27 27 5
2865 11 11 5
2866 11 10 4
2867 24 23 5
2868 13 12 4
2869 14 13 5
2870 21 20 6
2871 12 12 4
2872 24 23 5
2873 17 16 6
2874 22 22 6
2875 22 22 4
2876 22 21 5
2877 15 14 4
2878 14 13 5
2879 15 14 4
2880 16 15 5
2881 15 14 6
2882 24 24 4
2883 16 15 5
2884 19 18 4
2885 16 15 5
2886 17 16 4
2887 16 15 5
2888 17 16 4
2889 20 19 5
2890 15 15 5
2891 17 16 4
2892 32 31 5
2893 21 20 4
2894 22 21 5
2895 17 16 4
2896 12 11 5
2897 31 30 6
2898 22 21 5
2899 25 24 4
2900 22 21 5
2901 19 18 4
2902 22 21 5
2903 17 16 4
2904 16 15 5
2905 25 24 4
2906 32 31 5
2907 29 28 6
2908 24 24 6
2909 10 10 4
2910 14 13 5
2911 15 14 6
2912 16 16 4
2913 12 11 5
2914 21 20 6
2915 16 15 5
2916 25 24 6
2917 10 10 4
2918 16 15 5
2919 13 12 4
2920 20 19 5
2921 13 12 4
2922 38 37 5
2923 29 28 4
2924 14 13 5
2925 13 13 5
2926 13 13 5
2927 13 12 4
2928 12 11 5
2929 17 16 4
2930 26 25 5
2931 21 21 5
2932 25 24 4
2933 16 15 5
2934 11 10 4
2935 20 19 5
2936 23 22 6
2937 28 28 4
2938 20 19 5
2939 9 8 4
2940 28 27 7
2941 13 12 4
2942 10 9 5
2943 13 13 5
2944 11 10 4
2945 16 15 5
2946 25 24 6
2947 30 30 6
2948 16 16 4
2949 18 17 5
2950 15 14 4
2951 28 27 5
2952 13 12 4
2953 22 21 5
2954 13 13 5
2955 23 22 4
2956 16 15 5
2957 27 26 4
2958 22 21 5
2959 11 11 5
2960 21 20 4
2961 32 31 5
2962 17 16 4
2963 12 11 5
2964 25 24 4
2965 14 13 5
2966 17 16 4
2967 18 17 5
2968 21 20 6
2969 14 14 4
2970 18 17 5
2971 19 19 5
2972 21 21 5
2973 15 15 5
2974 23 22 4
2975 32 31 5
2976 17 16 4
2977 28 27 5
2978 27 26 6
2979 28 27 5
2980 21 20 6
2981 16 16 4
2982 26 25 5
2983 11 10 4
2984 20 19 5
2985 31 30 4
2986 26 25 5
2987 21 20 4
2988 22 21 5
2989 5 5 5
2990 14 13 5
2991 21 20 4
2992 30 29 7
2993 29 28 4
2994 16 15 5
2995 17 16 4
2996 42 41 5
2997 21 20 4
2998 14 13 5
2999 25 24 4
3000 26 25 5
3001 19 18 4
3002 24 23 5
3003 31 30 4
3004 24 23 5
3005 15 14 4
3006 30 29 5
3007 33 32 4
3008 40 39 5
3009 19 18 4
3010 20 19 5
3011 37 37 5
3012 25 24 4
3013 52 51 5
3014 43 42 4
3015 36 35 5
3016 11 11 5
3017 21 20 4
3018 16 15 5
3019 45 44 4
3020 28 27 5
3021 49 49 5
3022 29 28 6
3023 36 36 6
3024 16 15 5
3025 27 26 4
3026 38 37 5
3027 51 50 6
3028 36 35 5
3029 45 44 6
3030 28 28 8
3031 36 36 6
3032 32 31 5
3033 21 20 4
3034 58 57 7
3035 51 50 6
3036 40 40 6
3037 50 49 11
3038 21 20 4
3039 18 17 5
3040 27 27 5
3041 25 25 5
3042 41 40 4
3043 48 47 5
3044 23 23 5
3045 35 34 6
3046 28 28 6
3047 54 53 7
3048 31 31 5
3049 29 28 4
3050 42 41 5
3051 31 30 4
3052 30 29 5
3053 27 26 4
3054 48 47 9
3055 39 38 6
3056 50 50 4
3057 42 41 5
3058 33 33 11
3059 39 38 6
3060 42 41 5
3061 55 55 15
3062 55 54 6
3063 30 30 6
3064 28 28 4
3065 38 37 5
3066 37 36 4
3067 32 31 5
3068 27 26 6
3069 36 35 9
3070 19 19 5
3071 29 29 5
3072 27 27 5
3073 33 33 7
3074 49 48 10
3075 48 47 9
3076 21 20 6
3077 34 34 6
3078 54 53 13
3079 43 43 13
3080 35 35 9
3081 31 30 8
3082 54 53 19
3083 47 47 9
3084 37 36 8
3085 34 33 13
3086 29 29 5
3087 31 30 6
3088 38 37 7
3089 39 38 14
3090 24 24 6
3091 36 35 9
3092 33 32 10
3093 48 48 18
3094 38 38 10
3095 38 38 14
3096 38 37 11
3097 21 20 4
3098 34 33 11
3099 19 18 6
3100 24 23 5
3101 53 53 19
3102 25 24 6
3103 30 30 8
3104 38 37 5
3105 31 31 7
3106 47 46 8
3107 36 36 10
3108 32 31 5
3109 27 27 9
3110 35 35 5
3111 25 25 5
3112 37 36 8
3113 22 22 6
3114 32 31 7
3115 39 39 17
3116 21 20 4
3117 26 25 7
3118 29 28 8
3119 26 26 6
3120 36 36 8
3121 22 22 6
3122 32 32 12
3123 26 26 6
3124 26 25 5
3125 25 25 5
3126 15 15 5
3127 21 20 4
3128 36 35 11
3129 27 27 5
3130 25 24 6
3131 26 25 7
3132 31 30 6
3133 30 29 7
3134 35 34 6
3135 36 36 6
3136 16 15 5
3137 21 21 5
3138 29 28 4
3139 20 19 7
3140 27 26 6
3141 22 22 6
3142 26 26 10
3143 22 22 6
3144 8 8 4
3145 14 13 5
3146 21 20 6
3147 26 26 8
3148 16 16 6
3149 16 15 7
3150 19 18 4
3151 18 17 5
3152 23 22 4
3153 30 29 5
3154 25 24 6
3155 20 20 4
3156 16 15 5
3157 11 10 4
3158 16 15 5
3159 11 10 4
3160 34 33 5
3161 21 20 8
3162 16 16 4
3163 22 21 5
3164 11 10 4
3165 16 15 5
3166 25 25 7
3167 17 16 4
3168 36 35 7
3169 19 19 5
3170 21 21 5
3171 17 17 5
3172 25 25 5
3173 19 18 6
3174 18 17 5
3175 21 20 4
3176 14 13 5
3177 17 17 5
3178 25 24 6
3179 10 10 4
3180 28 27 5
3181 13 13 5
3182 19 19 5
3183 19 18 4
3184 26 25 5
3185 19 19 5
3186 31 30 4
3187 16 15 5
3188 23 22 6
3189 20 20 4
3190 16 15 5
3191 17 16 4
3192 32 31 5
3193 27 26 6
3194 20 20 6
3195 26 26 6
3196 24 24 6
3197 18 18 6
3198 28 28 4
3199 20 19 5
3200 23 22 6
3201 28 28 4
3202 20 19 5
3203 17 16 4
3204 20 19 5
3205 13 13 5
3206 25 25 5
3207 17 16 6
3208 34 33 7
3209 27 26 4
3210 22 21 7
3211 21 20 6
3212 14 14 4
3213 12 11 5
3214 25 24 6
3215 20 20 4
3216 32 31 5
3217 17 16 4
3218 22 21 5
3219 17 16 4
3220 14 13 5
3221 11 10 4
3222 18 17 5
3223 15 14 4
3224 24 23 5
3225 11 10 6
3226 14 14 4
3227 28 27 5
3228 13 12 4
3229 26 25 7
3230 11 10 4
3231 6 5 4
3232 20 19 7
3233 21 20 4
3234 24 23 5
3235 11 10 4
3236 34 33 5
3237 25 24 6
3238 12 11 5
3239 15 14 6
3240 16 16 4
3241 18 17 5
3242 17 16 6
3243 20 19 5
3244 15 14 4
3245 16 15 5
3246 11 10 4
3247 20 19 5
3248 19 19 5
3249 13 13 5
3250 31 30 6
3251 18 17 5
3252 15 14 4
3253 10 9 5
3254 17 16 4
3255 14 13 5
3256 11 11 5
3257 31 30 4
3258 24 23 5
3259 29 28 6
3260 24 24 6
3261 16 16 4
3262 18 17 5
3263 29 29 5
3264 27 26 6
3265 14 13 5
3266 27 26 6
3267 20 20 4
3268 24 23 5
3269 9 8 4
3270 20 19 5
3271 19 18 4
3272 20 19 5
3273 21 21 5
3274 29 28 6
3275 28 28 6
3276 32 31 5
3277 23 23 7
3278 23 22 4
3279 28 27 5
3280 15 15 5
3281 39 38 8
3282 30 30 6
3283 20 20 6
3284 22 22 4
3285 16 15 5
3286 29 29 5
3287 15 14 4
3288 30 29 5
3289 41 41 7
3290 31 30 4
3291 38 37 5
3292 29 29 5
3293 33 32 6
3294 30 30 4
3295 40 39 5
3296 35 34 4
3297 38 37 5
3298 19 18 4
3299 40 39 5
3300 17 16 4
3301 36 35 5
3302 29 29 5
3303 37 36 6
3304 32 32 4
3305 34 33 5
3306 17 17 5
3307 21 20 4
3308 28 27 5
3309 33 32 6
3310 44 44 4
3311 30 29 5
3312 29 28 6
3313 38 37 5
3314 17 17 5
3315 29 29 5
3316 29 28 4
3317 24 23 5
3318 25 24 6
3319 30 30 6
3320 20 20 4
3321 16 15 5
3322 27 26 6
3323 10 10 4
3324 16 15 5
3325 27 27 5
3326 23 22 6
3327 16 15 5
3328 29 28 4
3329 14 13 5
3330 23 22 6
3331 16 16 6
3332 20 20 4
3333 22 21 5
3334 5 5 5
3335 28 27 5
3336 11 10 4
3337 18 17 5
3338 13 13 5
3339 21 20 4
3340 18 17 5
3341 15 14 4
3342 16 15 5
3343 23 22 6
3344 22 22 6
3345 24 24 6
3346 16 16 4
3347 22 21 5
3348 21 20 4
3349 24 23 5
3350 9 9 5
3351 17 16 4
3352 16 15 5
3353 23 22 6
3354 14 14 4
3355 24 23 5
3356 13 12 4
3357 16 15 5
3358 19 18 4
3359 18 17 5
3360 25 24 4
3361 18 17 5
3362 15 14 4
3363 16 15 5
3364 9 8 4
3365 14 13 5
3366 23 22 4
3367 20 19 5
3368 25 25 5
3369 13 12 4
3370 14 13 5
3371 13 12 4
3372 20 19 5
3373 19 18 4
3374 22 21 5
3375 21 20 4
3376 12 11 5
3377 23 22 4
3378 20 19 5
3379 13 12 4
3380 16 15 5
3381 21 21 7
3382 19 18 4
3383 16 15 5
3384 19 18 4
3385 16 15 5
3386 9 8 4
3387 18 17 5
3388 33 32 6
3389 28 28 4
3390 18 17 5
3391 9 9 5
3392 21 20 4
3393 16 15 5
3394 19 18 4
3395 28 27 5
3396 15 14 4
3397 16 15 5
3398 11 10 4
3399 12 11 5
3400 11 10 4
3401 14 13 5
3402 23 23 7
3403 25 24 4
3404 24 23 5
3405 17 16 6
3406 18 18 6
3407 14 14 4
3408 18 17 5
3409 27 26 4
3410 26 25 5
3411 19 19 5
3412 15 15 5
3413 9 9 5
3414 13 13 5
3415 17 16 4
3416 20 19 5
3417 15 15 5
3418 25 25 5
3419 11 11 5
3420 17 16 4
3421 12 11 5
3422 17 16 4
3423 18 17 5
3424 19 18 4
3425 20 19 5
3426 21 20 6
3427 20 20 4
3428 14 13 5
3429 13 13 5
3430 25 24 4
3431 22 21 5
3432 13 13 5
3433 17 16 6
3434 14 14 6
3435 24 24 4
3436 28 27 5
3437 37 37 5
3438 31 30 4
3439 20 19 5
3440 9 8 4
3441 14 13 5
3442 33 32 4
3443 26 25 5
3444 15 15 5
3445 15 14 4
3446 14 13 5
3447 13 12 4
3448 16 15 5
3449 47 46 6
3450 50 50 6
3451 32 32 4
3452 12 11 5
3453 19 18 4
3454 20 19 5
3455 21 20 6
3456 36 36 4
3457 24 23 5
3458 31 30 4
3459 24 23 5
3460 15 14 4
3461 10 9 5
3462 31 30 6
3463 36 36 4
3464 34 33 5
3465 35 34 4
3466 24 23 5
3467 27 26 6
3468 16 16 4
3469 32 31 5
3470 39 39 5
3471 39 39 5
3472 35 34 4
3473 14 13 5
3474 17 17 5
3475 17 16 4
3476 34 33 9
3477 39 38 6
3478 22 21 5
3479 17 16 4
3480 24 23 5
3481 35 35 5
3482 35 35 7
3483 35 34 8
3484 16 15 5
3485 29 28 6
3486 14 14 4
3487 16 15 5
3488 21 20 6
3489 16 16 6
3490 24 23 5
3491 17 17 5
3492 23 23 5
3493 7 6 5
3494 17 16 4
3495 16 15 5
3496 21 21 5
3497 23 22 6
3498 20 20 4
3499 22 21 5
3500 21 20 4
3501 12 11 5
3502 23 22 6
3503 14 14 4
3504 12 11 5
3505 19 18 4
3506 18 17 5
3507 35 34 6
3508 24 24 4
3509 22 21 5
3510 15 14 6
3511 12 11 5
3512 15 15 5
3513 21 20 6
3514 14 14 4
3515 16 15 5
3516 17 17 5
3517 17 16 4
3518 22 21 5
3519 13 13 5
3520 17 16 6
3521 12 12 4
3522 18 17 5
3523 17 16 4
3524 12 11 5
3525 9 9 5
3526 11 10 4
3527 12 11 5
3528 13 13 5
3529 13 12 4
3530 20 19 5
3531 21 20 4
3532 10 9 5
3533 13 12 4
3534 18 17 5
3535 21 20 6
3536 12 12 4
3537 12 11 5
3538 9 8 4
3539 20 19 5
3540 17 16 6
3541 22 22 6
3542 10 10 4
3543 20 19 5
3544 17 16 6
3545 8 8 4
3546 18 17 5
3547 9 8 4
3548 6 5 4
3549 14 13 5
3550 21 20 4
3551 16 15 5
3552 23 22 6
3553 12 12 4
3554 14 13 5
3555 13 12 4
3556 16 15 5
3557 11 11 5
3558 9 8 4
3559 24 23 5
3560 23 23 5
3561 13 12 4
3562 10 9 5
3563 15 14 4
3564 18 17 5
3565 19 19 5
3566 21 20 4
3567 16 15 5
3568 17 16 6
3569 8 8 4
3570 12 11 7
3571 17 16 4
3572 20 19 5
3573 13 12 4
3574 16 15 5
3575 13 12 4
3576 18 17 5
3577 15 14 6
3578 10 10 4
3579 16 15 5
3580 15 14 6
3581 20 20 4
3582 36 35 5
3583 17 17 5
3584 11 11 5
3585 11 10 4
3586 14 13 5
3587 17 16 6
3588 20 20 6
3589 28 28 4
3590 22 21 5
3591 15 15 5
3592 11 10 4
3593 18 17 5
3594 9 8 4
3595 12 11 5
3596 23 22 4
3597 24 23 7
3598 31 30 4
3599 18 17 5
3600 21 21 5
3601 15 14 4
3602 24 23 5
3603 27 27 5
3604 27 27 5
3605 23 23 5
3606 17 16 4
3607 20 19 5
3608 19 19 5
3609 13 13 5
3610 11 10 4
3611 14 13 5
3612 17 16 4
3613 22 21 5
3614 11 10 4
3615 14 13 5
3616 13 13 5
3617 13 12 4
3618 24 23 5
3619 23 22 4
3620 24 23 5
3621 29 28 6
3622 12 12 4
3623 14 13 5
3624 19 18 4
3625 10 9 5
3626 11 10 4
3627 16 15 5
3628 19 19 5
3629 17 16 6
3630 18 17 5
3631 13 13 5
3632 13 12 4
3633 14 13 5
3634 23 23 5
3635 27 26 4
3636 24 23 5
3637 21 20 4
3638 16 15 5
3639 11 11 5
3640 9 8 4
3641 24 23 5
3642 9 8 4
3643 10 9 5
3644 25 24 4
3645 10 9 5
3646 19 18 6
3647 12 12 4
3648 14 13 5
3649 11 11 5
3650 17 16 4
3651 14 13 5
3652 35 34 4
3653 28 27 5
3654 11 10 4
3655 14 13 5
3656 11 10 4
3657 16 15 5
3658 21 20 4
3659 16 15 5
3660 19 18 4
3661 14 13 5
3662 11 11 5
3663 13 12 4
3664 6 5 4
3665 18 17 5
3666 29 28 4
3667 18 17 5
3668 27 27 5
3669 15 15 5
3670 13 12 4
3671 10 9 5
3672 21 20 4
3673 26 25 5
3674 25 24 4
3675 16 15 5
3676 15 14 6
3677 16 16 4
3678 12 11 5
3679 15 14 4
3680 18 17 5
3681 13 12 4
3682 24 23 5
3683 19 18 4
3684 24 23 5
3685 13 12 4
3686 16 15 5
3687 35 34 6
3688 18 18 4
3689 26 25 5
3690 11 11 5
3691 17 16 4
3692 20 19 5
3693 15 14 4
3694 22 21 5
3695 17 17 5
3696 15 14 4
3697 16 15 5
3698 19 19 5
3699 17 16 4
3700 24 23 5
3701 19 18 6
3702 12 12 4
3703 40 39 7
3704 29 28 4
3705 42 41 7
3706 35 34 4
3707 14 13 5
3708 19 18 4
3709 22 21 5
3710 47 46 6
3711 38 38 4
3712 30 29 5
3713 29 29 5
3714 23 22 6
3715 50 50 6
3716 40 40 4
3717 40 39 5
3718 35 34 4
3719 32 31 5
3720 29 28 4
3721 30 29 5
3722 55 55 9
3723 37 36 6
3724 54 54 4
3725 52 51 7
3726 27 26 4
3727 40 39 7
3728 53 52 4
3729 42 41 7
3730 41 40 4
3731 50 49 5
3732 45 44 12
3733 36 35 5
3734 37 37 7
3735 41 41 5
3736 39 38 6
3737 44 43 5
3738 29 29 5
3739 47 46 4
3740 32 31 5
3741 45 44 4
3742 54 53 7
3743 41 40 4
3744 30 29 5
3745 29 28 6
3746 36 36 4
3747 52 51 5
3748 27 26 4
3749 18 17 5
3750 33 33 7
3751 19 18 4
3752 18 17 5
3753 31 30 4
3754 42 41 7
3755 33 32 6
3756 24 23 5
3757 33 33 5
3758 23 23 7
3759 23 22 8
3760 28 28 6
3761 24 24 6
3762 24 23 7
3763 31 30 10
3764 34 33 5
3765 25 24 6
3766 16 15 5
3767 15 14 6
3768 40 40 14
3769 48 48 14
3770 34 34 10
3771 24 24 6
3772 18 18 6
3773 18 17 5
3774 17 17 5
3775 33 32 8
3776 20 19 5
3777 13 12 4
3778 28 27 5
3779 17 17 5
3780 23 23 7
3781 17 17 5
3782 25 24 6
3783 18 17 5
3784 31 30 16
3785 18 17 5
3786 21 20 4
3787 16 15 5
3788 23 23 5
3789 25 24 4
3790 36 35 13
3791 27 26 6
3792 18 18 4
3793 14 13 5
3794 21 21 5
3795 17 17 5
3796 23 22 6
3797 18 18 4
3798 16 15 5
3799 21 20 4
3800 16 15 5
3801 19 18 6
3802 16 16 6
3803 30 30 6
3804 22 22 6
3805 30 30 6
3806 30 30 10
3807 16 16 4
3808 34 33 7
3809 23 22 4
3810 24 23 7
3811 23 23 5
3812 17 17 5
3813 29 28 6
3814 24 23 5
3815 13 12 6
3816 26 26 10
3817 32 32 6
3818 26 26 4
3819 28 27 5
3820 27 27 5
3821 19 19 5
3822 31 31 7
3823 31 31 5
3824 27 27 5
3825 27 27 5
3826 25 24 4
3827 20 19 5
3828 29 28 4
3829 28 27 7
3830 15 15 5
3831 29 28 4
3832 30 29 5
3833 37 36 4
3834 34 33 5
3835 21 20 6
3836 18 18 6
3837 28 28 6
3838 24 24 6
3839 36 36 6
3840 22 22 4
3841 38 37 7
3842 35 35 7
3843 33 32 6
3844 34 34 8
3845 16 16 4
3846 30 29 5
3847 19 19 5
3848 27 27 5
3849 39 39 9
3850 27 26 6
3851 36 35 11
3852 15 15 5
3853 9 8 4
3854 28 27 5
3855 29 28 6
3856 38 38 8
3857 24 23 5
3858 21 20 4
3859 20 19 5
3860 17 16 4
3861 16 15 5
3862 29 29 7
3863 21 21 7
3864 29 28 6
3865 16 16 4
3866 16 15 5
3867 13 12 6
3868 20 20 4
3869 22 21 5
3870 21 20 4
3871 26 25 5
3872 27 26 6
3873 32 32 4
3874 22 21 5
3875 23 22 6
3876 20 20 4
3877 22 21 5
3878 33 32 6
3879 26 25 5
3880 9 8 4
3881 14 13 5
3882 17 17 5
3883 17 16 4
3884 12 11 5
3885 21 20 4
3886 28 27 5
3887 17 17 5
3888 9 8 4
3889 26 25 5
3890 17 17 5
3891 19 18 4
3892 22 21 5
3893 15 14 6
3894 14 14 4
3895 16 15 5
3896 19 19 5
3897 19 18 4
3898 18 17 7
3899 19 19 5
3900 13 12 4
3901 20 19 5
3902 19 19 5
3903 21 20 4
3904 14 13 5
3905 15 14 4
3906 24 23 7
3907 17 16 4
3908 26 25 5
3909 13 12 4
3910 14 13 7
3911 21 20 6
3912 6 6 6
3913 17 16 4
3914 34 33 5
3915 23 22 6
3916 20 20 4
3917 22 21 5
3918 17 16 4
3919 16 15 5
3920 17 17 5
3921 25 25 5
3922 25 24 4
3923 14 13 5
3924 31 30 6
3925 8 8 4
3926 16 15 5
3927 23 22 4
3928 22 21 5
3929 13 12 4
3930 12 11 5
3931 13 12 4
3932 20 19 5
3933 17 16 4
3934 22 21 5
3935 21 21 5
3936 25 25 5
3937 19 19 5
3938 15 14 4
3939 12 11 5
3940 19 18 4
3941 16 15 5
3942 15 15 5
3943 21 21 5
3944 23 22 4
3945 14 13 5
3946 23 23 5
3947 21 21 5
3948 23 22 6
3949 20 20 4
3950 24 23 5
3951 13 12 4
3952 28 27 5
3953 27 27 5
3954 21 20 4
3955 16 15 5
3956 15 14 4
3957 16 15 5
3958 17 17 5
3959 17 16 6
3960 10 10 4
3961 16 15 5
3962 15 14 4
3963 16 15 5
3964 11 11 7
3965 17 16 4
3966 20 19 5
3967 9 8 4
3968 14 13 5
3969 11 11 5
3970 19 18 6
3971 16 16 4
3972 30 29 7
3973 11 10 4
3974 18 17 5
3975 21 21 5
3976 17 16 4
3977 12 11 5
3978 15 14 4
3979 30 29 5
3980 11 11 5
3981 13 12 4
3982 18 17 5
3983 19 19 5
3984 19 18 4
3985 24 23 5
3986 25 24 6
3987 16 15 5
3988 15 14 6
3989 14 14 4
3990 16 15 5
3991 15 14 4
3992 16 15 5
3993 13 13 5
3994 13 12 6
3995 14 13 5
3996 11 10 6
3997 10 10 4
3998 12 11 5
3999 13 12 4
4000 26 25 5
4001 19 18 4
4002 24 23 5
4003 15 14 4
4004 22 21 5
4005 13 12 4
4006 16 15 5
4007 17 16 4
4008 18 17 5
4009 25 24 4
4010 16 15 5
4011 13 12 4
4012 20 19 5
4013 15 14 6
4014 8 8 4
4015 12 11 5
4016 9 8 4
4017 20 19 5
4018 15 15 5
4019 11 11 5
4020 13 12 6
4021 10 10 4
4022 12 11 5
4023 31 30 4
4024 16 15 5
4025 25 25 5
4026 13 12 4
4027 6 5 4
4028 14 13 5
4029 13 12 4
4030 10 9 5
4031 23 22 4
4032 10 9 5
4033 11 10 6
4034 14 14 4
4035 8 7 6
4036 6 6 6
4037 11 10 4
4038 10 9 5
4039 13 12 4
4040 20 19 7
4041 9 8 4
4042 14 13 5
4043 17 16 4
4044 16 15 7
4045 17 16 4
4046 16 15 5
4047 15 14 4
4048 14 13 5
4049 11 10 4
4050 16 15 5
4051 13 13 5
4052 9 8 4
4053 14 13 7
4054 19 18 6
4055 12 12 4
4056 18 17 5
4057 13 12 4
4058 14 13 5
4059 11 10 4
4060 14 13 5
4061 11 10 4
4062 20 19 5
4063 13 12 4
4064 10 9 5
4065 17 16 4
4066 10 9 5
4067 15 14 6
4068 12 11 5
4069 23 22 6
4070 18 17 5
4071 13 13 5
4072 15 14 4
4073 10 9 5
4074 25 24 4
4075 26 25 5
4076 21 20 6
4077 20 20 4
4078 16 15 5
4079 11 10 4
4080 16 15 5
4081 13 13 5
4082 13 12 6
4083 20 20 4
4084 14 13 5
4085 25 24 4
4086 24 23 5
4087 21 20 6
4088 8 8 4
4089 18 17 5
4090 13 12 4
4091 22 21 5
4092 39 38 6
4093 24 24 4
4094 28 27 5
4095 13 13 5
4096 15 14 4
4097 14 13 5
4098 25 24 4
4099 46 45 5
4100 55 55 5
4101 33 32 6
4102 18 18 4
4103 16 15 5
4104 21 20 4
4105 24 23 5
4106 31 30 6
4107 44 44 4
4108 44 43 5
4109 31 31 7
4110 13 12 4
4111 14 13 5
4112 17 16 4
4113 28 27 5
4114 39 38 6
4115 44 44 4
4116 36 35 5
4117 21 20 4
4118 12 11 5
4119 21 20 4
4120 44 43 5
4121 73 72 6
4122 58 58 4
4123 28 27 5
4124 21 21 5
4125 25 24 6
4126 26 26 6
4127 24 24 4
4128 28 27 5
4129 31 30 4
4130 34 33 5
4131 21 20 4
4132 24 23 5
4133 23 23 5
4134 31 30 4
4135 22 21 5
4136 35 34 4
4137 36 35 5
4138 29 29 5
4139 21 20 4
4140 32 31 5
4141 25 24 4
4142 28 27 5
4143 17 16 4
4144 24 23 5
4145 23 22 4
4146 20 19 5
4147 17 17 5
4148 21 20 6
4149 20 20 4
4150 18 17 5
4151 39 38 6
4152 30 30 4
4153 28 27 5
4154 17 16 4
4155 38 37 5
4156 21 21 5
4157 29 28 4
4158 40 39 5
4159 11 10 4
4160 22 21 5
4161 27 26 6
4162 24 23 5
4163 25 24 6
4164 34 34 6
4165 26 25 5
4166 23 23 5
4167 35 35 5
4168 29 28 6
4169 12 11 5
4170 27 27 5
4171 31 31 5
4172 25 24 4
4173 18 17 5
4174 21 20 4
4175 26 25 5
4176 23 23 5
4177 25 24 4
4178 24 23 5
4179 25 25 5
4180 25 25 11
4181 15 15 5
4182 23 22 8
4183 28 28 10
4184 36 36 10
4185 20 20 4
4186 30 29 5
4187 31 31 7
4188 21 20 6
4189 28 28 6
4190 26 26 4
4191 18 17 5
4192 25 24 6
4193 18 18 6
4194 24 24 6
4195 14 14 4
4196 16 15 5
4197 9 8 4
4198 28 27 5
4199 9 8 4
4200 22 21 7
4201 29 28 10
4202 22 21 9
4203 35 35 9
4204 29 28 10
4205 20 20 4
4206 14 13 5
4207 23 22 8
4208 22 22 4
4209 22 21 5
4210 19 18 4
4211 20 19 5
4212 27 26 6
4213 28 28 6
4214 12 12 4
4215 16 15 5
4216 17 16 4
4217 24 23 5
4218 49 49 9
4219 29 29 11
4220 23 23 5
4221 13 12 4
4222 18 17 5
4223 17 16 4
4224 22 21 5
4225 19 18 6
4226 24 24 4
4227 18 17 5
4228 21 21 5
4229 17 17 5
4230 13 12 6
4231 28 28 8
4232 16 15 5
4233 21 20 6
4234 18 18 6
4235 14 14 6
4236 16 16 4
4237 16 15 5
4238 15 15 5
4239 29 28 6
4240 22 21 7
4241 17 17 5
4242 23 22 6
4243 8 8 4
4244 14 13 5
4245 19 18 4
4246 20 19 5
4247 29 28 4
4248 14 13 5
4249 9 9 5
4250 19 18 6
4251 22 22 6
4252 22 22 4
4253 24 23 5
4254 23 22 6
4255 28 27 5
4256 17 16 4
4257 20 19 5
4258 17 16 4
4259 30 29 7
4260 35 34 4
4261 16 15 5
4262 23 23 5
4263 21 21 5
4264 23 22 4
4265 22 21 5
4266 25 24 4
4267 20 19 5
4268 35 34 8
4269 16 16 6
4270 12 11 5
4271 25 24 6
4272 14 13 5
4273 21 20 4
4274 20 19 5
4275 29 29 7
4276 27 26 8
4277 18 17 5
4278 21 21 5
4279 15 14 4
4280 32 31 5
4281 19 18 6
4282 34 34 6
4283 26 26 8
4284 34 34 8
4285 14 14 4
4286 20 19 5
4287 25 25 7
4288 21 21 5
4289 29 28 4
4290 18 17 5
4291 25 24 4
4292 30 29 7
4293 15 15 7
4294 13 13 5
4295 17 17 5
4296 19 18 4
4297 18 17 5
4298 25 24 6
4299 18 18 6
4300 18 17 5
4301 31 30 6
4302 24 24 8
4303 24 24 4
4304 24 23 5
4305 11 10 4
4306 22 21 5
4307 25 24 4
4308 44 43 7
4309 31 31 5
4310 17 16 6
4311 16 16 4
4312 10 9 5
4313 29 29 5
4314 25 24 4
4315 24 23 5
4316 15 14 6
4317 22 22 4
4318 14 13 5
4319 15 14 4
4320 12 11 5
4321 31 30 4
4322 16 15 5
4323 15 14 6
4324 20 20 6
4325 20 20 4
4326 16 15 5
4327 23 22 6
4328 22 22 4
4329 30 29 5
4330 11 10 4
4331 16 15 5
4332 11 10 4
4333 14 13 5
4334 11 10 4
4335 18 17 5
4336 21 20 4
4337 14 13 5
4338 13 12 4
4339 18 17 5
4340 15 14 4
4341 16 15 5
4342 21 20 6
4343 18 18 6
4344 22 22 6
4345 22 22 4
4346 16 15 5
4347 11 11 5
4348 11 11 5
4349 17 16 6
4350 16 16 4
4351 18 17 5
4352 15 15 5
4353 13 13 5
4354 15 14 4
4355 12 11 5
4356 9 8 4
4357 20 19 5
4358 13 13 5
4359 17 16 4
4360 22 21 5
4361 13 12 4
4362 18 17 5
4363 17 17 5
4364 13 12 4
4365 14 13 5
4366 15 15 5
4367 13 12 4
4368 16 15 5
4369 13 12 6
4370 26 25 5
4371 11 10 4
4372 18 17 5
4373 17 16 4
4374 22 21 5
4375 13 12 6
4376 14 14 4
4377 18 17 7
4378 13 12 4
4379 10 9 5
4380 21 20 6
4381 22 21 5
4382 29 28 6
4383 18 18 6
4384 16 15 5
4385 11 11 5
4386 7 6 5
4387 9 8 4
4388 22 21 5
4389 13 12 4
4390 10 9 5
4391 15 14 4
4392 24 23 5
4393 17 17 5
4394 15 15 5
4395 23 22 6
4396 22 21 5
4397 13 13 5
4398 15 14 4
4399 20 19 5
4400 15 14 6
4401 10 10 6
4402 14 14 4
4403 16 15 5
4404 19 18 4
4405 12 11 5
4406 13 12 4
4407 10 9 5
4408 11 11 5
4409 17 16 4
4410 12 11 5
4411 11 10 4
4412 26 25 5
4413 11 11 5
4414 13 12 6
4415 8 8 4
4416 24 23 5
4417 15 15 5
4418 7 6 5
4419 9 8 4
4420 16 15 5
4421 21 20 6
4422 12 12 4
4423 22 21 5
4424 15 15 5
4425 11 11 5
4426 13 12 4
4427 24 23 5
4428 21 20 6
4429 20 20 4
4430 12 11 5
4431 17 16 6
4432 18 18 4
4433 12 11 5
4434 13 12 4
4435 20 19 5
4436 13 12 4
4437 18 17 5
4438 15 14 4
4439 14 13 5
4440 23 23 5
4441 15 14 4
4442 14 13 5
4443 15 14 4
4444 28 27 7
4445 21 21 5
4446 15 14 4
4447 14 13 5
4448 15 14 4
4449 16 15 5
4450 27 27 5
4451 15 15 5
4452 29 28 6
4453 28 28 6
4454 10 10 4
4455 16 15 5
4456 13 12 4
4457 20 19 5
4458 21 20 4
4459 26 25 5
4460 25 24 4
4461 20 19 5
4462 23 22 4
4463 26 25 5
4464 35 34 4
4465 36 35 5
4466 13 13 5
4467 35 34 4
4468 40 39 5
4469 29 28 4
4470 32 31 5
4471 41 40 6
4472 40 39 5
4473 49 48 4
4474 34 33 5
4475 51 51 5
4476 45 44 6
4477 54 54 4
4478 34 33 5
4479 45 45 5
4480 43 42 6
4481 50 50 6
4482 54 54 8
4483 42 42 4
4484 50 49 7
4485 51 51 5
4486 43 43 7
4487 47 47 5
4488 23 23 5
4489 35 34 6
4490 28 27 5
4491 35 34 4
4492 26 25 5
4493 27 26 4
4494 32 31 7
4495 41 41 7
4496 31 30 6
4497 30 30 4
4498 22 21 5
4499 47 47 7
4500 33 33 5
4501 31 30 4
4502 32 31 7
4503 45 44 6
4504 40 40 6
4505 60 59 5
4506 41 41 7
4507 33 32 4
4508 44 43 5
4509 43 43 5
4510 19 19 5
4511 37 36 4
4512 42 41 7
4513 31 30 4
4514 40 39 7
4515 21 20 4
4516 26 25 5
4517 31 31 5
4518 29 28 4
4519 28 27 5
4520 27 26 6
4521 34 34 6
4522 42 42 8
4523 34 34 6
4524 28 28 6
4525 34 34 6
4526 34 33 9
4527 29 29 7
4528 31 31 7
4529 41 41 5
4530 19 19 5
4531 19 19 5
4532 35 35 7
4533 49 48 12
4534 42 42 10
4535 60 60 10
4536 40 39 13
4537 21 21 5
4538 39 38 8
4539 24 23 7
4540 33 33 5
4541 13 13 5
4542 53 52 12
4543 36 36 8
4544 26 26 8
4545 28 27 5
4546 37 37 11
4547 43 42 6
4548 42 41 11
4549 41 41 9
4550 13 12 4
4551 38 37 7
4552 33 32 4
4553 30 29 5
4554 27 27 7
4555 37 36 12
4556 36 35 5
4557 35 35 7
4558 23 23 5
4559 35 35 5
4560 31 31 7
4561 39 38 8
4562 36 36 10
4563 48 47 17
4564 35 34 10
4565 36 35 13
4566 37 36 6
4567 30 30 10
4568 30 30 4
4569 22 21 5
4570 29 29 5
4571 23 23 5
4572 15 14 4
4573 24 23 7
4574 31 30 6
4575 30 29 7
4576 41 40 6
4577 28 27 5
4578 31 30 4
4579 12 11 5
4580 27 26 4
4581 28 27 5
4582 21 21 5
4583 25 25 7
4584 27 26 4
4585 32 31 7
4586 17 17 5
4587 33 32 8
4588 40 40 12
4589 34 33 9
4590 25 25 7
4591 23 23 7
4592 15 14 6
4593 34 34 6
4594 36 35 9
4595 29 29 7
4596 23 22 6
4597 24 24 4
4598 28 27 5
4599 29 29 5
4600 37 36 8
4601 30 29 5
4602 31 31 5
4603 27 26 4
4604 32 31 5
4605 27 26 4
4606 28 27 7
4607 27 26 4
4608 28 27 5
4609 21 20 4
4610 38 37 5
4611 31 30 6
4612 14 14 6
4613 24 24 4
4614 18 17 7
4615 39 38 10
4616 30 30 6
4617 32 31 7
4618 37 37 11
4619 25 24 4
4620 40 39 7
4621 27 26 6
4622 28 27 5
4623 19 18 4
4624 36 35 5
4625 29 29 5
4626 25 24 4
4627 22 21 5
4628 27 27 5
4629 43 43 11
4630 31 30 6
4631 28 27 5
4632 37 36 8
4633 32 32 6
4634 34 33 7
4635 23 22 8
4636 22 22 4
4637 32 31 7
4638 33 32 8
4639 46 45 7
4640 27 27 5
4641 25 24 4
4642 28 27 5
4643 17 16 6
4644 30 30 6
4645 32 32 8
4646 24 23 5
4647 19 18 6
4648 20 20 6
4649 24 24 6
4650 28 28 6
4651 30 29 11
4652 19 18 4
4653 22 21 5
4654 21 20 4
4655 26 25 5
4656 29 28 6
4657 36 35 7
4658 17 16 4
4659 20 19 5
4660 19 18 4
4661 26 25 5
4662 23 23 5
4663 21 20 4
4664 34 33 5
4665 19 18 4
4666 30 29 5
4667 23 23 5
4668 21 20 6
4669 26 26 6
4670 32 32 4
4671 20 19 5
4672 25 24 4
4673 20 19 5
4674 29 29 5
4675 17 16 4
4676 18 17 5
4677 31 30 6
4678 32 32 4
4679 20 19 5
4680 13 12 4
4681 22 21 5
4682 17 16 4
4683 26 25 5
4684 37 37 5
4685 23 22 4
4686 16 15 5
4687 15 15 5
4688 15 14 4
4689 14 13 5
4690 11 10 4
4691 14 13 5
4692 23 23 5
4693 17 17 5
4694 21 20 4
4695 22 21 5
4696 23 22 4
4697 20 19 5
4698 17 16 6
4699 20 19 5
4700 37 36 6
4701 20 20 6
4702 10 10 4
4703 12 11 5
4704 19 18 4
4705 16 15 5
4706 27 26 6
4707 16 16 4
4708 16 15 5
4709 9 9 5
4710 19 18 6
4711 14 14 4
4712 22 21 5
4713 21 21 5
4714 21 21 5
4715 19 18 4
4716 20 19 5
4717 15 14 4
4718 24 23 5
4719 15 14 6
4720 18 18 4
4721 18 17 5
4722 23 22 6
4723 18 18 6
4724 8 8 4
4725 26 25 5
4726 19 18 4
4727 10 9 5
4728 25 24 4
4729 18 17 5
4730 17 16 4
4731 24 23 5
4732 25 24 4
4733 24 23 5
4734 17 17 5
4735 15 15 5
4736 19 18 6
4737 14 14 4
4738 20 19 5
4739 17 16 4
4740 16 15 5
4741 19 19 5
4742 29 28 6
4743 22 22 4
4744 20 19 5
4745 13 12 4
4746 12 11 5
4747 15 14 4
4748 26 25 7
4749 27 26 6
4750 18 18 6
4751 22 22 6
4752 16 15 5
4753 15 15 5
4754 21 20 6
4755 14 13 5
4756 11 10 4
4757 20 19 5
4758 13 13 5
4759 27 26 6
4760 14 14 4
4761 30 29 7
4762 23 22 4
4763 24 23 5
4764 9 8 4
4765 16 15 5
4766 21 20 4
4767 22 21 7
4768 23 22 4
4769 20 19 5
4770 19 18 4
4771 18 17 5
4772 11 10 4
4773 14 13 5
4774 11 10 4
4775 14 13 5
4776 25 24 6
4777 24 24 6
4778 32 32 4
4779 18 17 5
4780 23 22 4
4781 20 19 7
4782 17 16 4
4783 24 23 5
4784 31 30 4
4785 40 39 5
4786 21 21 5
4787 13 12 4
4788 16 15 5
4789 23 22 4
4790 24 23 5
4791 25 24 4
4792 24 23 5
4793 13 12 4
4794 26 25 5
4795 27 27 5
4796 17 16 6
4797 16 16 6
4798 24 24 6
4799 36 35 5
4800 31 30 4
4801 24 23 5
4802 15 14 6
4803 18 18 4
4804 32 31 5
4805 25 24 4
4806 16 15 5
4807 25 24 6
4808 30 30 4
4809 28 27 5
4810 17 16 4
4811 28 27 5
4812 25 24 6
4813 20 20 4
4814 22 21 5
4815 25 24 4
4816 28 27 5
4817 23 22 6
4818 24 24 4
4819 22 21 5
4820 21 20 4
4821 22 21 5
4822 15 15 5
4823 23 22 4
4824 24 23 5
4825 31 30 6
4826 10 10 4
4827 22 21 5
4828 17 17 5
4829 15 14 4
4830 36 35 5
4831 37 37 5
4832 49 48 4
4833 34 33 5
4834 17 17 5
4835 31 30 4
4836 34 33 5
4837 55 54 6
4838 36 35 5
4839 23 23 7
4840 37 36 6
4841 18 17 5
4842 43 42 8
4843 44 43 5
4844 39 38 8
4845 20 20 6
4846 32 31 7
4847 47 46 12
4848 42 42 6
4849 48 47 5
4850 25 25 5
4851 33 33 7
4852 31 30 4
4853 26 25 5
4854 59 58 10
4855 36 35 7
4856 39 38 4
4857 28 27 5
4858 53 53 7
4859 47 46 10
4860 34 33 7
4861 57 56 20
4862 44 44 6
4863 28 28 6
4864 38 37 7
4865 51 50 12
4866 38 38 6
4867 38 38 10
4868 28 27 5
4869 37 37 5
4870 49 48 12
4871 38 38 10
4872 20 19 5
4873 43 42 8
4874 28 28 8
4875 24 24 4
4876 38 37 13
4877 41 40 16
4878 22 22 4
4879 36 35 7
4880 19 18 6
4881 34 34 4
4882 26 25 7
4883 53 52 14
4884 20 20 8
4885 28 28 6
4886 26 26 6
4887 42 42 14
4888 38 38 8
4889 34 34 12
4890 28 28 6
4891 12 12 4
4892 30 29 5
4893 23 22 4
4894 16 15 5
4895 23 22 6
4896 30 30 8
4897 22 22 4
4898 32 31 5
4899 43 42 6
4900 50 50 12
4901 22 22 4
4902 40 39 15
4903 19 18 4
4904 30 29 9
4905 21 21 7
4906 43 42 8
4907 32 31 5
4908 23 23 5
4909 35 35 7
4910 31 30 6
4911 48 47 13
4912 41 40 14
4913 26 25 5
4914 33 33 7
4915 37 36 4
4916 34 33 5
4917 27 27 5
4918 51 50 12
4919 20 19 5
4920 45 45 11
4921 35 34 8
4922 26 25 5
4923 35 35 7
4924 19 18 8
4925 40 39 9
4926 43 43 11
4927 51 51 15
4928 25 25 5
4929 23 22 6
4930 26 26 4
4931 28 27 5
4932 37 36 6
4933 18 18 6
4934 24 24 6
4935 16 16 6
4936 26 25 7
4937 33 33 5
4938 21 21 5
4939 17 16 6
4940 20 20 4
4941 32 31 5
4942 33 32 6
4943 24 24 4
4944 22 21 7
4945 13 13 5
4946 21 20 8
4947 12 12 4
4948 32 31 7
4949 29 29 5
4950 31 30 8
4951 22 22 4
4952 20 19 5
4953 21 21 5
4954 27 26 8
4955 24 24 4
4956 20 19 5
4957 27 27 7
4958 29 28 8
4959 22 22 8
4960 20 19 7
4961 13 12 4
4962 32 31 13
4963 13 12 6
4964 24 24 4
4965 12 11 5
4966 19 18 6
4967 20 20 4
4968 20 19 5
4969 17 16 4
4970 16 15 5
4971 17 17 5
4972 17 16 4
4973 22 21 5
4974 15 14 4
4975 20 19 9
4976 19 18 6
4977 18 18 4
4978 24 23 5
4979 19 18 6
4980 24 24 4
4981 14 13 5
4982 25 25 5
4983 17 16 4
4984 18 17 5
4985 15 15 5
4986 15 14 4
4987 18 17 5
4988 23 22 4
4989 16 15 5
4990 19 18 4
4991 26 25 7
4992 17 16 6
4993 14 14 4
4994 22 21 5
4995 19 18 6
4996 30 30 4
4997 22 21 5
4998 11 10 4
4999 20 19 5
