0 22 21 5
1 11 10 4
2 14 13 5
3 27 26 6
4 16 15 5
5 19 18 6
6 22 22 8
7 14 14 6
8 20 20 6
9 20 20 6
10 14 14 6
11 10 10 4
12 6 5 4
13 10 9 5
14 13 12 4
15 16 15 7
16 13 13 5
17 23 22 6
18 12 11 5
19 15 15 7
20 17 16 6
21 12 11 5
22 15 14 4
23 14 13 5
24 11 10 6
25 10 10 4
26 14 13 5
27 9 8 4
28 12 11 7
29 21 20 10
30 14 13 5
31 13 13 5
32 11 10 6
33 10 9 5
34 11 11 5
35 11 11 5
36 13 12 4
37 6 5 4
38 22 21 7
39 15 15 5
40 13 12 6
41 14 14 6
42 14 14 6
43 8 8 4
44 12 11 5
45 13 12 6
46 14 14 6
47 12 12 6
48 24 24 6
49 10 10 4
50 20 19 7
51 21 21 5
52 7 6 5
53 13 12 4
54 8 7 6
55 10 10 6
56 12 12 4
57 18 17 5
58 27 26 6
59 20 19 7
60 23 23 7
61 15 14 4
62 16 15 5
63 33 32 4
64 30 29 5
65 37 36 6
66 26 26 8
67 14 14 4
68 14 13 5
69 21 21 5
70 17 16 4
71 22 21 7
72 25 25 5
73 27 27 11
74 13 12 6
75 20 20 6
76 14 14 4
77 30 29 11
78 25 24 6
79 14 14 4
80 20 19 5
81 11 11 5
82 29 28 6
83 24 24 6
84 22 21 5
85 25 25 7
86 43 42 8
87 36 36 8
88 16 15 5
89 19 18 4
90 28 27 7
91 39 38 8
92 22 21 5
93 35 35 7
94 25 25 5
95 21 20 4
96 26 25 9
97 25 24 6
98 22 22 6
99 20 20 6
100 24 24 6
101 20 20 4
102 30 29 5
103 21 20 4
104 18 17 5
105 13 13 5
106 17 17 5
107 27 26 6
108 18 18 4
109 22 21 7
110 19 19 7
111 27 27 7
112 19 18 4
113 20 19 5
114 33 33 9
115 21 20 6
116 26 26 10
117 30 30 6
118 22 22 6
119 28 27 7
120 13 12 4
121 18 17 5
122 19 19 7
123 33 32 4
124 24 23 7
125 31 30 8
126 28 27 9
127 37 36 8
128 28 28 6
129 16 16 4
130 18 17 7
131 25 24 8
132 20 19 7
133 21 21 9
134 29 28 8
135 32 31 7
136 19 19 7
137 15 15 5
138 25 24 6
139 20 20 4
140 18 17 5
141 27 26 6
142 24 23 7
143 35 35 9
144 21 20 6
145 24 23 5
146 15 15 7
147 23 22 8
148 20 20 6
149 24 24 10
150 28 27 5
151 27 27 7
152 25 24 6
153 26 25 5
154 17 17 5
155 33 32 6
156 18 18 6
157 28 27 7
158 17 17 5
159 31 30 8
160 26 26 8
161 20 19 5
162 31 30 6
163 30 29 5
164 23 23 7
165 15 15 5
166 17 16 4
167 20 19 5
168 31 30 6
169 26 25 5
170 19 19 5
171 27 27 9
172 27 26 8
173 20 20 4
174 30 29 5
175 25 25 11
176 27 26 8
177 34 34 4
178 30 29 7
179 29 29 5
180 27 26 6
181 28 28 8
182 26 25 7
183 29 29 7
184 31 30 10
185 30 29 5
186 31 31 5
187 29 29 7
188 27 26 6
189 22 22 6
190 30 30 6
191 28 28 8
192 14 13 5
193 15 15 5
194 19 19 7
195 19 18 6
196 30 29 13
197 21 21 7
198 27 27 7
199 27 26 6
200 12 12 4
201 24 23 7
202 23 23 5
203 23 23 5
204 17 17 5
205 21 20 4
206 28 27 7
207 17 17 5
208 37 36 6
209 26 25 7
210 19 18 4
211 20 19 5
212 29 28 6
213 44 43 9
214 21 20 6
215 22 22 6
216 20 19 5
217 31 31 7
218 23 23 7
219 15 15 5
220 23 22 6
221 18 18 6
222 20 20 6
223 24 24 4
224 24 23 5
225 21 21 5
226 35 35 11
227 37 36 10
228 22 21 7
229 25 25 5
230 27 26 6
231 28 28 6
232 16 15 5
233 19 18 4
234 20 19 5
235 35 35 9
236 25 24 4
237 28 27 7
238 15 15 5
239 23 23 5
240 23 23 5
241 23 23 5
242 17 17 5
243 35 35 7
244 13 12 4
245 10 9 5
246 15 14 4
247 18 17 7
248 25 24 6
249 18 17 5
250 11 11 5
251 9 8 4
252 12 11 5
253 13 13 5
254 13 13 5
255 9 8 4
256 10 9 5
257 15 14 4
258 14 13 5
259 21 20 8
260 16 16 4
261 12 11 5
262 15 15 5
263 9 9 5
264 23 22 8
265 8 8 4
266 22 21 7
267 25 24 8
268 20 19 5
269 29 28 6
270 18 18 6
271 22 22 8
272 16 16 4
273 16 15 5
274 11 10 4
275 18 17 5
276 19 19 5
277 23 22 6
278 16 16 6
279 20 19 5
280 21 21 5
281 15 15 5
282 13 12 4
283 44 43 9
284 21 20 4
285 18 17 5
286 23 22 4
287 16 15 5
288 13 12 4
289 16 15 5
290 23 22 8
291 22 22 6
292 28 28 6
293 10 9 5
294 21 20 6
295 14 14 4
296 22 21 5
297 37 36 4
298 34 33 7
299 21 20 4
300 32 31 5
301 57 56 12
302 24 24 6
303 28 28 6
304 36 35 9
305 37 36 8
306 42 41 5
307 47 47 13
308 45 44 8
309 34 33 5
310 35 35 7
311 39 38 8
312 18 17 5
313 39 39 7
314 29 29 7
315 23 22 6
316 38 38 12
317 26 26 12
318 24 24 6
319 22 22 6
320 46 46 8
321 38 38 8
322 46 45 9
323 51 50 8
324 44 43 11
325 19 19 7
326 29 29 5
327 27 27 5
328 37 37 9
329 35 34 10
330 24 24 6
331 24 23 7
332 27 26 6
333 22 21 5
334 13 12 6
335 10 10 4
336 18 17 7
337 23 22 4
338 16 15 5
339 19 18 6
340 30 30 4
341 24 23 7
342 9 9 5
343 17 16 6
344 20 20 6
345 26 26 6
346 16 16 4
347 20 19 5
348 27 26 8
349 18 18 6
350 26 26 8
351 14 14 4
352 16 15 5
353 9 8 4
354 16 15 5
355 17 17 5
356 25 24 6
357 14 14 6
358 10 10 4
359 22 21 5
360 21 20 4
361 14 13 5
362 11 10 4
363 22 21 5
364 19 19 7
365 19 18 6
366 14 14 4
367 26 25 5
368 15 15 5
369 25 25 5
370 13 13 5
371 21 21 5
372 15 14 4
373 20 19 5
374 21 21 7
375 19 18 6
376 16 16 4
377 14 13 7
378 19 18 6
379 16 16 4
380 28 27 5
381 15 15 5
382 13 12 6
383 16 15 5
384 21 20 6
385 14 13 5
386 25 25 5
387 13 12 4
388 18 17 5
389 17 17 5
390 19 19 7
391 15 14 6
392 12 11 5
393 15 14 4
394 16 15 5
395 23 22 6
396 18 18 4
397 22 21 5
398 17 16 6
399 12 11 7
400 9 8 4
401 18 17 5
402 11 10 4
403 16 15 5
404 13 12 6
405 12 11 5
406 5 5 5
407 10 9 5
408 13 12 6
409 26 25 7
410 11 10 6
411 8 8 4
412 10 9 5
413 11 11 5
414 17 16 6
415 20 19 5
416 19 19 7
417 17 16 6
418 12 11 5
419 13 13 5
420 9 9 5
421 13 12 4
422 12 11 5
423 15 14 6
424 10 10 4
425 22 21 7
426 11 10 4
427 12 11 5
428 13 13 5
429 15 15 5
430 15 15 5
431 11 11 5
432 25 24 8
433 30 29 5
434 23 22 4
435 26 25 5
436 15 15 5
437 9 9 5
438 13 12 4
439 18 17 7
440 19 18 8
441 14 13 5
442 23 22 6
443 20 20 4
444 20 19 7
445 11 11 5
446 9 8 4
447 18 17 5
448 11 10 4
449 10 9 5
450 19 18 6
451 10 10 4
452 18 17 5
453 9 9 5
454 17 16 6
455 18 18 6
456 18 18 6
457 16 16 8
458 16 16 6
459 18 18 6
460 12 12 4
461 10 9 5
462 9 8 4
463 18 17 5
464 9 9 5
465 15 14 6
466 14 13 7
467 13 12 4
468 10 9 5
469 7 7 7
470 12 11 7
471 15 14 6
472 10 10 6
473 16 16 6
474 20 19 5
475 27 27 5
476 13 12 4
477 12 11 5
478 7 6 5
479 15 14 6
480 16 16 4
481 10 9 5
482 11 11 7
483 9 8 4
484 6 5 4
485 10 9 5
486 11 10 4
487 16 15 5
488 19 18 8
489 16 15 5
490 11 10 6
491 12 12 6
492 12 12 4
493 14 13 5
494 9 9 5
495 19 19 5
496 9 8 4
497 10 9 5
498 17 16 6
499 10 10 6
