0 22 21 5
1 11 10 4
2 14 13 5
3 27 27 7
4 15 14 4
5 18 17 5
6 23 22 8
7 14 14 6
8 20 20 6
9 18 18 4
10 14 13 5
11 13 12 6
12 6 6 6
13 9 8 4
14 14 13 5
15 17 16 8
16 14 14 6
17 22 22 6
18 12 11 5
19 13 13 5
20 17 17 7
21 13 12 6
22 14 14 4
23 14 13 5
24 9 9 5
25 13 12 6
26 14 14 6
27 8 8 4
28 10 9 5
29 21 20 10
30 12 12 4
31 14 13 5
32 9 8 4
33 10 9 5
34 11 11 5
35 11 11 5
36 13 13 5
37 7 6 5
38 21 21 7
39 17 16 6
40 10 10 4
41 16 15 7
42 13 13 5
43 9 9 5
44 15 14 8
45 12 12 6
46 14 13 5
47 13 12 6
48 22 22 4
49 12 11 5
50 17 16 4
51 22 21 5
52 5 5 5
53 14 13 5
54 7 6 5
55 11 11 7
56 13 12 4
57 18 17 5
58 27 26 6
59 18 18 6
60 20 20 4
61 18 17 7
62 15 14 4
63 34 33 5
64 31 30 6
65 34 34 4
66 26 25 7
67 17 16 6
68 14 14 6
69 20 20 4
70 20 19 7
71 19 18 4
72 26 25 5
73 23 22 6
74 12 11 5
75 23 22 8
76 16 15 5
77 25 24 6
78 26 25 7
79 17 16 6
80 18 18 4
81 12 11 5
82 29 28 6
83 22 22 4
84 24 23 7
85 23 22 4
86 42 41 7
87 35 34 6
88 14 14 4
89 20 19 5
90 25 25 5
91 37 37 7
92 21 20 4
93 38 37 9
94 27 26 6
95 22 22 6
96 22 22 6
97 22 22 4
98 22 21 5
99 19 19 5
100 23 23 5
101 21 21 5
102 31 30 6
103 20 20 4
104 18 17 5
105 13 13 5
106 19 18 6
107 24 24 4
108 20 19 5
109 21 20 6
110 16 16 4
111 28 27 7
112 21 20 6
113 20 20 6
114 28 28 4
115 20 19 5
116 23 23 7
117 31 30 6
118 22 22 6
119 30 29 9
120 13 12 4
121 18 17 5
122 17 16 4
123 34 33 5
124 21 21 5
125 29 28 6
126 24 23 5
127 35 34 6
128 30 29 7
129 17 17 5
130 15 15 5
131 21 21 5
132 21 20 8
133 20 19 7
134 25 24 4
135 30 29 5
136 19 19 7
137 17 16 6
138 24 24 6
139 22 22 6
140 18 18 6
141 28 28 8
142 22 21 5
143 31 31 5
144 23 22 8
145 24 24 6
146 16 15 7
147 21 20 6
148 22 21 7
149 21 20 6
150 30 29 7
151 25 25 5
152 23 22 4
153 26 25 5
154 19 18 6
155 32 32 6
156 18 17 5
157 25 25 5
158 17 17 5
159 27 27 5
160 25 24 6
161 18 18 4
162 30 29 5
163 29 29 5
164 21 21 5
165 15 15 5
166 19 18 6
167 20 20 6
168 30 30 6
169 24 24 4
170 24 23 9
171 25 24 6
172 26 25 7
173 21 20 4
174 32 31 7
175 23 22 8
176 22 22 4
177 36 35 5
178 35 35 13
179 31 30 6
180 26 26 6
181 24 24 4
182 24 23 5
183 29 29 7
184 27 26 6
185 30 29 5
186 35 34 8
187 28 28 6
188 26 25 5
189 21 20 4
190 30 29 5
191 25 25 5
192 13 13 5
193 17 16 6
194 18 18 6
195 20 20 8
196 22 21 5
197 19 19 5
198 27 27 7
199 25 25 5
200 13 13 5
201 23 22 6
202 22 22 4
203 26 25 7
204 17 16 4
205 22 21 5
206 27 26 6
207 18 17 5
208 35 35 5
209 23 23 5
210 21 20 6
211 18 18 4
212 28 27 5
213 41 40 6
214 20 20 6
215 22 21 5
216 19 19 5
217 29 28 4
218 22 21 5
219 17 16 6
220 22 22 6
221 18 17 5
222 21 21 7
223 25 25 5
224 25 24 6
225 24 24 8
226 32 32 8
227 32 32 6
228 20 19 5
229 25 25 5
230 25 25 5
231 27 27 5
232 15 15 5
233 19 18 4
234 20 19 5
235 31 30 4
236 26 25 5
237 27 26 6
238 14 14 4
239 26 25 7
240 23 23 5
241 23 22 4
242 18 17 5
243 35 34 6
244 14 13 5
245 9 8 4
246 16 15 5
247 15 14 4
248 24 23 5
249 17 16 4
250 12 11 5
251 9 9 5
252 11 11 5
253 15 14 6
254 14 13 5
255 9 8 4
256 10 9 5
257 17 16 6
258 14 14 6
259 20 19 7
260 17 16 4
261 12 11 5
262 15 14 4
263 10 9 5
264 21 20 6
265 10 10 6
266 20 19 5
267 23 23 7
268 19 19 5
269 29 28 6
270 18 17 5
271 19 19 5
272 19 18 6
273 14 14 4
274 12 11 5
275 17 17 5
276 21 20 6
277 22 22 6
278 16 15 5
279 19 18 4
280 22 21 5
281 15 14 4
282 14 13 5
283 41 40 6
284 20 20 4
285 18 17 5
286 27 26 8
287 14 14 4
288 14 13 5
289 15 14 4
290 20 19 5
291 21 21 5
292 27 27 5
293 9 8 4
294 20 19 5
295 15 14 4
296 24 23 7
297 37 36 4
298 32 31 5
299 21 21 5
300 33 32 6
301 50 50 6
302 24 23 5
303 27 27 5
304 33 32 6
305 36 36 8
306 42 41 5
307 43 43 9
308 45 44 8
309 34 34 6
310 34 33 5
311 37 37 7
312 17 17 5
313 41 41 9
314 27 27 5
315 21 21 5
316 39 38 12
317 22 22 8
318 24 23 5
319 21 21 5
320 45 45 7
321 35 35 5
322 43 43 7
323 53 53 11
324 41 40 8
325 18 17 5
326 29 28 4
327 28 27 5
328 35 34 6
329 34 33 9
330 25 24 6
331 20 20 4
332 28 27 7
333 21 21 5
334 13 12 6
335 10 10 4
336 16 15 5
337 25 24 6
338 14 14 4
339 18 17 5
340 33 32 6
341 24 24 8
342 8 8 4
343 16 15 5
344 21 20 6
345 24 24 4
346 18 17 5
347 19 18 4
348 26 25 7
349 19 18 6
350 22 22 4
351 16 15 5
352 15 14 4
353 10 9 5
354 17 16 6
355 16 16 4
356 26 25 7
357 13 12 4
358 12 11 5
359 23 22 6
360 20 20 4
361 14 13 5
362 11 11 5
363 23 22 6
364 16 16 4
365 18 17 5
366 17 16 6
367 24 24 4
368 16 15 5
369 25 25 5
370 13 12 4
371 22 21 5
372 15 14 4
373 20 19 5
374 19 19 5
375 19 18 6
376 18 18 6
377 10 10 4
378 18 17 5
379 19 19 7
380 27 26 4
381 16 15 5
382 11 11 5
383 15 15 5
384 21 20 6
385 12 12 4
386 26 25 5
387 15 15 7
388 17 16 4
389 18 17 5
390 19 19 7
391 13 12 4
392 14 13 7
393 15 14 4
394 16 15 5
395 23 22 6
396 18 18 4
397 22 21 5
398 15 15 5
399 9 9 5
400 11 10 6
401 20 19 7
402 11 10 4
403 16 15 5
404 11 11 5
405 11 11 5
406 7 7 7
407 10 10 6
408 12 12 6
409 24 23 5
410 9 9 5
411 9 8 4
412 10 9 5
413 11 11 5
414 15 15 5
415 19 19 5
416 17 17 5
417 17 17 7
418 11 11 5
419 13 12 4
420 10 9 5
421 15 14 6
422 10 10 4
423 14 13 5
424 11 11 5
425 21 20 6
426 12 12 6
427 12 12 6
428 12 12 4
429 16 15 5
430 15 15 5
431 13 12 6
432 22 22 6
433 32 32 8
434 26 26 8
435 26 26 6
436 14 14 4
437 10 9 5
438 13 12 4
439 16 15 5
440 15 15 5
441 13 13 5
442 23 22 6
443 22 22 6
444 16 16 4
445 12 11 5
446 9 8 4
447 18 17 5
448 11 10 4
449 12 11 7
450 19 18 6
451 12 12 6
452 18 17 5
453 9 8 4
454 16 15 5
455 19 18 6
456 18 18 6
457 14 13 5
458 17 16 6
459 18 18 6
460 14 14 6
461 10 10 6
462 8 8 4
463 20 19 7
464 9 9 5
465 13 12 4
466 12 11 5
467 13 13 5
468 9 9 5
469 7 6 5
470 11 10 6
471 16 16 8
472 8 8 4
473 16 15 5
474 19 19 5
475 27 27 5
476 13 13 5
477 11 10 4
478 8 7 6
479 12 12 4
480 18 17 5
481 9 9 5
482 9 9 5
483 9 8 4
484 8 7 6
485 10 10 6
486 10 10 4
487 16 15 5
488 19 18 8
489 16 16 6
490 10 9 5
491 13 12 6
492 14 14 6
493 12 12 4
494 10 9 5
495 21 20 6
496 10 10 6
497 10 10 6
498 18 17 7
499 9 8 4
500 12 11 5
501 15 14 6
502 14 14 4
503 12 11 7
504 13 12 4
505 18 17 5
506 11 11 7
507 15 14 4
508 10 9 5
509 15 14 4
510 14 13 5
511 15 15 5
512 13 13 5
513 19 18 6
514 12 11 5
515 15 14 6
516 16 16 8
517 16 16 6
518 20 20 6
519 16 16 6
520 8 8 4
521 10 9 5
522 15 14 4
523 12 11 5
524 11 11 5
525 13 12 6
526 12 12 6
527 14 14 6
528 10 10 4
529 6 5 4
530 14 13 7
531 9 8 4
532 14 13 5
533 19 18 6
534 10 9 5
535 9 8 4
536 12 11 7
537 13 12 4
538 20 19 5
539 31 31 5
540 21 21 5
541 17 17 7
542 17 16 4
543 10 9 5
544 9 9 5
545 13 12 6
546 6 6 6
547 19 18 6
548 18 18 6
549 24 24 6
550 24 24 8
551 22 22 6
552 18 18 4
553 16 15 7
554 11 10 4
555 12 11 5
556 11 10 4
557 8 7 6
558 16 16 6
559 14 14 4
560 20 19 5
561 25 24 6
562 14 14 6
563 22 22 6
564 20 20 6
565 14 14 4
566 20 19 5
567 9 8 4
568 6 5 4
569 22 21 5
570 13 13 5
571 13 13 5
572 27 27 5
573 13 13 5
574 13 13 5
575 13 12 4
576 20 19 5
577 21 20 4
578 18 17 5
579 9 8 4
580 26 25 5
581 23 23 5
582 17 16 6
583 24 24 6
584 16 16 4
585 20 19 5
586 19 18 4
587 26 25 7
588 29 28 4
589 24 23 5
590 33 33 5
591 37 37 7
592 23 22 6
593 24 24 6
594 32 31 5
595 19 18 6
596 22 21 5
597 49 48 8
598 36 36 6
599 22 21 5
600 21 21 5
601 21 20 4
602 28 27 7
603 27 27 5
604 37 37 7
605 37 37 7
606 37 37 7
607 43 43 11
608 23 22 6
609 30 29 9
610 37 36 8
611 22 21 5
612 37 36 8
613 26 26 4
614 32 31 5
615 29 28 6
616 28 27 5
617 17 17 7
618 31 30 4
619 32 31 7
620 31 30 8
621 26 26 8
622 38 37 7
623 33 32 8
624 28 28 8
625 32 32 10
626 22 22 6
627 30 29 7
628 23 22 6
629 42 42 10
630 54 54 14
631 30 29 7
632 21 20 4
633 20 19 5
634 25 24 6
635 38 37 9
636 21 20 6
637 30 29 9
638 33 33 9
639 31 30 6
640 30 30 8
641 22 21 5
642 19 19 5
643 29 29 7
644 29 29 9
645 27 26 8
646 32 32 12
647 40 40 8
648 32 32 8
649 22 22 4
650 24 23 7
651 37 36 8
652 24 23 7
653 21 21 5
654 43 43 11
655 21 21 5
656 23 22 6
657 22 21 5
658 35 34 6
659 36 35 7
660 21 20 6
661 36 36 8
662 36 36 8
663 40 39 7
664 39 39 11
665 37 36 10
666 34 33 9
667 25 25 7
668 37 37 9
669 47 46 10
670 30 29 7
671 13 12 4
672 18 17 5
673 35 35 5
674 25 25 7
675 35 35 7
676 31 31 7
677 43 42 8
678 24 23 5
679 31 31 7
680 33 32 8
681 18 18 6
682 26 26 6
683 30 30 8
684 22 22 4
685 28 27 7
686 35 34 8
687 16 16 6
688 32 32 8
689 24 24 4
690 18 17 5
691 25 25 5
692 17 16 6
693 22 21 5
694 33 32 8
695 26 26 6
696 20 20 4
697 30 29 5
698 17 16 4
699 22 21 7
700 25 24 4
701 16 15 5
702 13 12 4
703 16 15 5
704 31 30 6
705 20 19 5
706 11 11 5
707 13 12 4
708 20 19 5
709 17 16 4
710 16 15 5
711 19 19 5
712 19 18 6
713 18 18 4
714 18 17 5
715 21 21 5
716 23 22 6
717 24 23 5
718 13 13 5
719 9 8 4
720 16 15 5
721 15 15 5
722 17 16 4
723 10 9 5
724 9 9 5
725 15 14 4
726 12 11 5
727 21 20 6
728 18 18 6
729 22 22 6
730 16 16 6
731 20 20 4
732 14 13 5
733 15 14 4
734 12 11 5
735 17 17 5
736 15 14 4
737 16 15 5
738 23 23 9
739 17 17 5
740 25 25 7
741 21 20 6
742 12 12 4
743 22 21 5
744 19 18 4
745 20 19 5
746 13 13 5
747 13 12 6
748 20 20 6
749 14 13 5
750 25 25 5
751 15 15 5
752 13 12 4
753 26 25 5
754 15 15 5
755 15 15 5
756 27 26 6
757 14 13 5
758 11 10 4
759 16 15 5
760 21 20 6
761 18 18 6
762 10 10 4
763 20 19 5
764 11 10 4
765 14 13 5
766 9 8 4
767 10 9 5
768 15 14 6
769 14 13 5
770 13 12 6
771 14 14 4
772 24 23 5
773 17 17 5
774 23 23 5
775 19 18 4
776 20 19 5
777 17 17 5
778 15 14 6
779 8 8 4
780 12 11 5
781 15 14 6
782 12 12 6
783 12 11 5
784 13 12 4
785 30 29 7
786 17 16 6
787 10 10 4
788 16 15 5
789 27 27 5
790 9 9 5
791 15 14 6
792 16 16 6
793 14 14 6
794 14 14 4
795 32 31 5
796 13 13 5
797 27 26 6
798 30 30 6
799 34 34 6
800 28 28 6
801 14 14 6
802 8 8 4
803 12 11 5
804 11 10 4
805 18 17 5
806 19 18 6
807 24 24 6
808 16 15 5
809 23 22 4
810 26 25 7
811 11 10 4
812 12 11 5
813 13 12 4
814 14 13 5
815 19 18 4
816 16 15 5
817 27 26 6
818 12 11 5
819 19 18 6
820 18 18 6
821 12 12 6
822 16 16 4
823 28 27 5
824 17 17 7
825 11 10 4
826 26 25 5
827 19 19 5
828 17 17 5
829 11 11 5
830 21 20 4
831 8 7 6
832 12 12 6
833 18 18 6
834 14 14 6
835 10 10 4
836 14 13 5
837 11 10 6
838 14 14 6
839 18 18 6
840 12 12 4
841 14 13 5
842 15 14 6
843 18 18 6
844 20 20 4
845 18 17 5
846 21 21 5
847 17 16 6
848 16 16 4
849 20 19 5
850 23 23 7
851 25 25 7
852 7 6 5
853 25 24 6
854 10 9 5
855 11 10 6
856 18 17 5
857 19 19 5
858 19 19 5
859 9 8 4
860 16 15 5
861 11 11 5
862 19 18 8
863 10 10 4
864 12 11 5
865 15 14 6
866 10 10 6
867 10 9 5
868 27 26 6
869 10 10 4
870 20 19 5
871 21 20 6
872 12 12 4
873 10 9 5
874 19 18 6
875 10 10 4
876 10 9 5
877 15 14 6
878 14 14 4
879 20 19 5
880 11 11 7
881 17 16 6
882 10 10 4
883 18 17 7
884 13 12 4
885 16 15 5
886 17 16 6
887 14 14 4
888 12 11 5
889 7 7 7
890 16 16 4
891 10 9 5
892 15 15 7
893 15 14 6
894 12 12 6
895 14 14 6
896 14 14 6
897 18 18 6
898 18 17 5
899 15 14 4
900 14 13 5
901 19 19 5
902 25 25 7
903 15 14 6
904 10 10 4
905 12 11 5
906 13 12 6
907 10 9 5
908 9 9 5
909 15 14 4
910 12 11 5
911 15 15 5
912 13 12 6
913 10 10 6
914 6 6 6
915 15 14 6
916 10 10 4
917 12 11 5
918 11 11 5
919 15 14 6
920 18 18 4
921 18 17 5
922 9 9 5
923 11 10 4
924 10 9 5
925 13 12 6
926 6 5 4
927 10 9 5
928 9 8 4
929 18 17 5
930 17 17 7
931 23 23 5
932 11 10 4
933 20 19 7
934 15 14 6
935 16 16 4
936 20 19 5
937 13 12 4
938 10 9 5
939 17 16 8
940 20 20 6
941 8 8 4
942 12 11 5
943 11 11 5
944 13 13 5
945 11 10 4
946 28 27 5
947 21 21 5
948 19 18 4
949 20 19 5
950 15 15 5
951 17 17 5
952 7 6 5
953 11 11 5
954 11 11 5
955 9 8 4
956 18 17 5
957 15 15 7
958 11 11 5
959 11 10 4
960 14 13 5
961 19 18 6
962 14 13 5
963 17 16 6
964 14 13 5
965 15 14 4
966 20 19 5
967 13 12 4
968 18 17 7
969 15 15 5
970 15 14 6
971 14 14 6
972 18 18 6
973 12 11 5
974 13 13 5
975 11 11 5
976 9 8 4
977 14 13 5
978 25 24 4
979 24 23 5
980 11 11 7
981 27 26 6
982 20 20 6
983 12 12 6
984 26 26 6
985 20 19 5
986 21 20 6
987 18 17 5
988 15 14 6
989 20 20 6
990 28 27 7
991 35 34 6
992 26 25 5
993 19 18 6
994 24 24 6
995 36 36 8
996 32 32 6
997 26 25 5
998 51 51 11
999 23 23 5
1000 25 25 5
1001 39 38 6
1002 30 29 9
1003 27 27 5
1004 25 25 5
1005 21 21 5
1006 25 25 5
1007 29 28 8
1008 38 38 6
1009 24 24 4
1010 26 25 7
1011 27 26 6
1012 30 30 8
1013 32 32 8
1014 22 22 6
1015 36 35 7
1016 25 25 5
1017 27 27 7
1018 29 29 5
1019 39 39 9
1020 23 22 6
1021 38 38 10
1022 20 20 6
1023 30 30 8
1024 24 24 6
1025 36 35 11
1026 25 24 6
1027 22 22 6
1028 26 26 6
1029 24 24 4
1030 14 13 5
1031 13 13 5
1032 15 14 6
1033 18 18 6
1034 22 22 6
1035 20 20 4
1036 26 25 5
1037 25 25 7
1038 25 24 6
1039 30 30 6
1040 24 23 9
1041 33 33 11
1042 33 32 6
1043 26 26 6
1044 30 30 4
1045 22 21 5
1046 21 20 6
1047 10 10 4
1048 28 27 5
1049 19 18 6
1050 14 13 5
1051 21 20 6
1052 20 20 4
1053 14 13 5
1054 35 34 8
1055 38 38 8
1056 24 24 6
1057 20 19 7
1058 19 19 5
1059 25 24 6
1060 26 25 7
1061 23 23 5
1062 33 33 7
1063 23 22 6
1064 22 22 6
1065 16 16 6
1066 28 28 6
1067 30 30 6
1068 22 21 5
1069 27 27 5
1070 27 26 6
1071 30 29 11
1072 17 16 6
1073 12 12 6
1074 22 22 4
1075 18 17 5
1076 25 24 6
1077 24 24 6
1078 6 6 6
1079 25 24 8
1080 22 22 6
1081 26 26 8
1082 20 20 4
1083 18 17 5
1084 23 23 5
1085 29 28 8
1086 22 22 8
1087 18 18 6
1088 22 21 7
1089 27 26 10
1090 18 18 4
1091 14 13 5
1092 25 24 6
1093 16 15 5
1094 15 14 6
1095 20 20 8
1096 22 22 6
1097 20 20 8
1098 24 24 6
1099 20 20 6
1100 20 20 4
1101 16 15 5
1102 9 8 4
1103 18 17 7
1104 17 16 4
1105 18 17 5
1106 13 12 6
1107 10 10 4
1108 26 25 5
1109 21 21 9
1110 23 22 6
1111 22 21 7
1112 19 18 6
1113 12 12 4
1114 30 29 9
1115 25 25 7
1116 23 22 6
1117 22 22 6
1118 22 22 6
1119 12 12 4
1120 22 21 7
1121 13 12 6
1122 18 17 7
1123 11 10 4
1124 16 15 5
1125 19 18 6
1126 14 14 6
1127 16 16 6
1128 20 19 5
1129 15 14 6
1130 8 8 4
1131 22 21 5
1132 17 16 6
1133 28 28 6
1134 14 13 5
1135 13 13 5
1136 17 17 5
1137 19 18 6
1138 14 13 5
1139 23 23 5
1140 17 16 4
1141 12 11 5
1142 11 10 6
1143 22 21 5
1144 13 13 5
1145 13 13 5
1146 21 21 5
1147 29 28 6
1148 22 22 6
1149 12 12 4
1150 28 27 5
1151 17 17 7
1152 11 10 4
1153 14 13 5
1154 17 17 5
1155 15 15 5
1156 17 17 5
1157 15 15 5
1158 17 16 6
1159 16 16 6
1160 24 24 6
1161 10 10 4
1162 12 11 5
1163 25 24 6
1164 14 13 5
1165 19 19 5
1166 17 17 5
1167 17 16 6
1168 14 14 4
1169 16 15 5
1170 15 15 5
1171 15 14 4
1172 20 19 7
1173 19 18 4
1174 16 15 5
1175 11 10 4
1176 12 11 5
1177 11 11 5
1178 13 12 4
1179 14 13 5
1180 17 16 6
1181 12 12 4
1182 6 5 4
1183 6 5 4
1184 18 17 7
1185 17 16 6
1186 12 11 5
1187 13 13 5
1188 11 10 6
1189 18 17 5
1190 11 10 4
1191 6 5 4
1192 20 19 9
1193 11 10 4
1194 6 5 4
1195 14 13 5
1196 11 10 4
1197 14 13 5
1198 17 16 6
1199 12 11 5
1200 27 26 6
1201 14 14 6
1202 20 20 6
1203 8 8 4
1204 10 9 5
1205 13 13 5
1206 17 16 6
1207 12 11 5
1208 19 18 6
1209 6 6 6
1210 13 12 6
1211 12 12 6
1212 22 21 5
1213 13 12 4
1214 14 13 5
1215 11 11 5
1216 19 19 7
1217 13 12 6
1218 14 13 5
1219 9 9 5
1220 9 9 5
1221 13 12 6
1222 12 12 6
1223 14 14 6
1224 10 10 6
1225 12 11 5
1226 9 8 4
1227 18 17 5
1228 11 11 5
1229 21 20 6
1230 10 10 6
1231 14 14 6
1232 8 8 4
1233 10 9 5
1234 15 14 8
1235 6 6 6
1236 17 17 5
1237 17 16 4
1238 6 5 4
1239 10 9 5
1240 13 12 6
1241 8 8 4
1242 12 11 5
1243 11 11 5
1244 21 20 6
1245 10 9 5
1246 11 11 5
1247 15 14 6
1248 8 8 4
1249 12 11 7
1250 9 8 4
1251 10 9 5
1252 9 9 5
1253 15 15 5
1254 17 16 4
1255 16 15 7
1256 15 14 4
1257 14 13 5
1258 9 9 5
1259 15 14 6
1260 18 17 5
1261 13 12 6
1262 6 6 6
1263 11 10 6
1264 6 5 4
1265 16 15 5
1266 5 5 5
1267 16 15 7
1268 11 11 5
1269 21 20 4
1270 16 15 5
1271 13 13 5
1272 15 14 6
1273 10 9 5
1274 11 11 5
1275 9 8 4
1276 14 13 5
1277 17 17 5
1278 17 17 5
1279 11 11 5
1280 21 20 8
1281 14 14 6
1282 18 18 6
1283 6 6 6
1284 19 18 4
1285 14 13 5
1286 9 9 5
1287 11 11 5
1288 13 12 4
1289 12 11 5
1290 17 16 6
1291 12 12 6
1292 14 14 6
1293 16 16 4
1294 16 15 5
1295 11 10 4
1296 18 17 5
1297 13 12 6
1298 8 8 4
1299 12 11 5
1300 13 12 6
1301 8 8 4
1302 22 21 5
1303 9 9 5
1304 13 12 4
1305 20 19 5
1306 13 13 5
1307 9 8 4
1308 6 5 4
1309 18 17 5
1310 13 13 5
1311 15 14 6
1312 8 8 4
1313 12 11 5
1314 19 19 5
1315 19 18 4
1316 6 5 4
1317 16 15 7
1318 11 10 6
1319 12 12 6
1320 10 10 6
1321 12 12 6
1322 10 10 4
1323 32 31 5
1324 15 15 5
1325 11 10 6
1326 8 8 4
1327 16 15 5
1328 13 13 5
1329 15 14 4
1330 16 15 5
1331 15 15 5
1332 13 12 6
1333 12 12 4
1334 18 17 5
1335 19 19 5
1336 25 25 7
1337 11 11 5
1338 17 16 4
1339 12 11 5
1340 13 12 6
1341 20 20 6
1342 12 12 4
1343 10 9 5
1344 25 24 6
1345 6 5 4
1346 18 17 5
1347 17 16 6
1348 18 17 5
1349 11 10 4
1350 26 25 7
1351 17 16 6
1352 12 12 6
1353 20 20 6
1354 12 11 5
1355 19 19 5
1356 13 13 5
1357 9 9 5
1358 21 21 5
1359 39 38 6
1360 18 17 5
1361 19 18 4
1362 22 21 5
1363 25 24 6
1364 18 18 4
1365 22 21 5
1366 21 20 6
1367 16 16 4
1368 16 15 5
1369 25 24 6
1370 18 18 4
1371 20 19 5
1372 17 16 4
1373 12 11 5
1374 25 25 5
1375 21 21 5
1376 19 18 4
1377 28 27 5
1378 19 19 5
1379 13 12 4
1380 16 15 5
1381 13 12 4
1382 28 27 5
1383 11 10 4
1384 20 19 5
1385 13 13 5
1386 15 15 5
1387 19 18 4
1388 26 25 5
1389 17 17 5
1390 13 13 5
1391 21 20 4
1392 22 21 5
1393 31 30 6
1394 14 14 4
1395 12 11 5
1396 15 15 5
1397 19 19 7
1398 15 14 4
1399 18 17 5
1400 23 22 6
1401 20 20 6
1402 26 26 6
1403 14 14 6
1404 14 13 5
1405 15 15 5
1406 5 5 5
1407 20 19 5
1408 19 19 5
1409 19 19 7
1410 15 14 6
1411 16 16 6
1412 12 12 4
1413 14 13 5
1414 19 18 6
1415 20 20 6
1416 18 18 6
1417 12 12 4
1418 18 17 5
1419 15 15 5
1420 19 19 5
1421 29 28 6
1422 22 22 6
1423 18 17 5
1424 15 15 5
1425 21 20 6
1426 16 16 4
1427 10 9 5
1428 11 10 4
1429 14 13 5
1430 13 12 6
1431 12 12 6
1432 14 14 6
1433 14 14 6
1434 10 9 5
1435 11 10 6
1436 10 9 5
1437 15 14 6
1438 8 8 4
1439 18 17 5
1440 9 8 4
1441 12 11 5
1442 9 8 4
1443 12 11 5
1444 9 9 5
1445 13 12 6
1446 16 16 8
1447 10 10 4
1448 12 11 5
1449 25 25 5
1450 13 12 4
1451 14 13 5
1452 17 17 5
1453 15 14 4
1454 14 13 5
1455 11 11 7
1456 13 12 6
1457 8 8 4
1458 14 13 5
1459 11 11 5
1460 11 11 5
1461 9 8 4
1462 10 9 5
1463 11 10 6
1464 14 13 5
1465 17 17 5
1466 11 10 4
1467 12 11 5
1468 15 14 6
1469 10 10 6
1470 8 8 4
1471 32 31 5
1472 15 14 6
1473 16 15 5
1474 11 10 4
1475 10 9 5
1476 19 18 6
1477 14 14 6
1478 22 21 5
1479 13 12 6
1480 16 16 6
1481 20 20 6
1482 18 18 6
1483 12 12 6
1484 12 12 6
1485 12 12 4
1486 28 27 7
1487 15 14 6
1488 14 14 4
1489 18 17 5
1490 11 11 5
1491 27 26 8
1492 22 22 6
1493 12 11 5
1494 33 32 8
1495 14 14 6
1496 24 24 6
1497 8 8 4
1498 34 33 5
1499 27 27 7
1500 43 42 6
1501 26 25 5
1502 17 17 5
1503 15 14 4
1504 42 41 7
1505 17 16 6
1506 32 32 8
1507 20 20 8
1508 30 30 8
1509 14 14 4
1510 18 17 5
1511 21 21 5
1512 23 23 5
1513 31 30 8
1514 8 8 4
1515 18 17 5
1516 33 32 8
1517 30 30 4
1518 18 17 5
1519 23 22 6
1520 20 20 6
1521 18 18 4
1522 26 25 5
1523 21 21 5
1524 23 23 5
1525 21 20 6
1526 18 18 4
1527 22 21 5
1528 15 14 4
1529 18 17 5
1530 25 24 6
1531 16 16 4
1532 18 17 5
1533 29 29 7
1534 31 30 6
1535 24 24 10
1536 18 17 5
1537 23 23 5
1538 29 28 6
1539 22 22 4
1540 26 25 7
1541 19 18 4
1542 40 39 5
1543 41 40 8
1544 26 26 4
1545 30 29 5
1546 19 18 4
1547 16 15 5
1548 19 18 6
1549 22 22 4
1550 28 27 5
1551 19 19 7
1552 15 15 5
1553 21 20 4
1554 22 21 5
1555 19 19 5
1556 13 12 4
1557 14 13 5
1558 27 26 6
1559 20 20 4
1560 16 15 5
1561 27 26 6
1562 20 20 6
1563 14 14 4
1564 18 17 5
1565 29 28 4
1566 28 27 7
1567 21 20 4
1568 20 19 5
1569 19 18 4
1570 20 19 5
1571 21 21 5
1572 21 20 6
1573 6 6 6
1574 31 30 4
1575 20 19 5
1576 21 21 5
1577 13 13 5
1578 19 18 6
1579 16 16 4
1580 20 19 5
1581 23 22 6
1582 24 24 6
1583 24 24 6
1584 18 18 4
1585 18 17 5
1586 25 24 6
1587 30 29 5
1588 19 19 7
1589 9 8 4
1590 20 19 5
1591 25 24 4
1592 10 9 5
1593 21 20 6
1594 22 22 6
1595 14 14 4
1596 20 19 5
1597 33 33 7
1598 19 18 6
1599 12 12 4
1600 14 13 5
1601 7 6 5
1602 25 24 4
1603 16 15 5
1604 17 16 4
1605 16 15 5
1606 15 15 5
1607 17 17 5
1608 17 17 5
1609 21 21 7
1610 13 12 4
1611 14 13 5
1612 19 18 6
1613 16 15 5
1614 13 13 5
1615 13 12 4
1616 24 23 5
1617 21 20 6
1618 14 14 4
1619 14 13 5
1620 23 23 5
1621 15 14 4
1622 16 15 5
1623 13 12 6
1624 18 18 4
1625 14 13 7
1626 17 16 6
1627 12 12 6
1628 12 12 6
1629 22 22 6
1630 10 10 4
1631 24 23 7
1632 15 15 5
1633 13 13 5
1634 25 24 4
1635 18 17 7
1636 17 17 5
1637 11 11 5
1638 13 13 5
1639 13 12 4
1640 20 19 5
1641 17 16 6
1642 16 16 6
1643 28 28 6
1644 22 22 4
1645 30 29 5
1646 25 24 6
1647 14 14 4
1648 20 19 5
1649 31 30 6
1650 28 27 5
1651 23 22 4
1652 22 21 5
1653 35 34 6
1654 28 28 6
1655 22 22 6
1656 24 24 6
1657 20 19 5
1658 35 34 6
1659 34 34 6
1660 28 28 6
1661 28 28 6
1662 24 23 5
1663 23 22 6
1664 18 17 5
1665 25 24 4
1666 32 31 7
1667 27 26 8
1668 16 16 4
1669 28 27 5
1670 19 19 5
1671 13 13 5
1672 19 18 4
1673 18 17 5
1674 13 12 4
1675 14 13 5
1676 31 30 10
1677 20 19 5
1678 11 10 4
1679 16 15 5
1680 17 17 5
1681 13 12 6
1682 18 18 4
1683 14 13 5
1684 15 14 4
1685 12 11 5
1686 7 6 5
1687 21 20 6
1688 18 18 6
1689 10 10 4
1690 12 11 5
1691 15 14 6
1692 16 16 4
1693 18 17 5
1694 11 11 5
1695 13 12 4
1696 12 11 5
1697 19 18 6
1698 12 12 6
1699 16 16 6
1700 10 9 5
1701 15 14 6
1702 14 13 5
1703 15 14 4
1704 6 5 4
1705 6 5 4
1706 8 7 6
1707 12 12 6
1708 12 12 6
1709 14 14 4
1710 20 19 5
1711 19 19 7
1712 15 15 7
1713 19 18 4
1714 12 11 5
1715 11 10 4
1716 12 11 5
1717 9 9 5
1718 15 15 5
1719 9 8 4
1720 18 17 5
1721 23 22 6
1722 20 19 5
1723 15 15 5
1724 15 15 5
1725 15 14 6
1726 12 11 5
1727 21 20 4
1728 28 27 5
1729 19 19 5
1730 19 18 6
1731 16 16 4
1732 12 11 5
1733 19 18 4
1734 20 19 5
1735 13 13 5
1736 9 9 5
1737 13 12 6
1738 14 14 6
1739 10 10 4
1740 12 11 5
1741 17 16 4
1742 12 11 5
1743 11 11 5
1744 11 10 4
1745 8 7 6
1746 14 14 4
1747 18 17 7
1748 13 13 5
1749 17 16 4
1750 14 13 5
1751 13 12 4
1752 12 11 5
1753 13 12 6
1754 12 12 6
1755 14 14 4
1756 12 11 5
1757 7 6 5
1758 15 15 7
1759 15 14 6
1760 10 10 4
1761 18 17 5
1762 27 26 6
1763 20 19 5
1764 13 12 6
1765 12 12 6
1766 10 10 6
1767 12 12 6
1768 14 14 4
1769 16 15 5
1770 15 15 5
1771 17 17 5
1772 11 11 5
1773 13 13 5
1774 17 17 5
1775 17 16 6
1776 18 18 6
1777 14 14 4
1778 12 11 5
1779 23 22 6
1780 12 11 5
1781 23 22 4
1782 20 19 5
1783 19 18 8
1784 14 14 4
1785 12 11 5
1786 7 6 5
1787 13 12 6
1788 14 14 6
1789 8 8 4
1790 16 15 7
1791 11 10 6
1792 10 9 5
1793 7 7 7
1794 12 12 4
1795 14 13 5
1796 15 15 7
1797 13 12 4
1798 16 15 5
1799 11 10 4
1800 16 15 5
1801 29 29 7
1802 9 8 4
1803 16 15 5
1804 11 11 5
1805 9 9 5
1806 11 10 4
1807 12 11 5
1808 15 14 6
1809 22 22 6
1810 18 18 6
1811 16 16 6
1812 16 15 7
1813 25 24 4
1814 24 23 5
1815 23 23 5
1816 17 17 5
1817 7 6 5
1818 17 16 4
1819 14 13 5
1820 15 14 4
1821 20 19 5
1822 23 23 5
1823 23 22 6
1824 14 13 5
1825 11 10 4
1826 16 15 5
1827 11 10 4
1828 22 21 5
1829 13 13 5
1830 13 12 6
1831 10 10 4
1832 12 11 5
1833 15 14 4
1834 14 13 5
1835 21 21 5
1836 15 15 5
1837 23 23 5
1838 17 16 6
1839 14 13 5
1840 19 18 6
1841 20 20 6
1842 24 24 6
1843 26 26 6
1844 32 32 6
1845 38 37 5
1846 13 13 5
1847 19 19 5
1848 31 31 5
1849 29 28 8
1850 32 32 8
1851 30 29 5
1852 17 16 4
1853 24 23 7
1854 29 28 6
1855 30 29 5
1856 17 17 5
1857 27 26 8
1858 20 20 4
1859 32 31 5
1860 29 28 8
1861 32 32 6
1862 40 39 9
1863 29 29 9
1864 25 24 6
1865 22 22 6
1866 30 30 6
1867 34 34 8
1868 28 27 7
1869 23 23 7
1870 39 38 10
1871 30 30 6
1872 32 31 9
1873 41 40 10
1874 26 25 7
1875 51 50 14
1876 22 22 4
1877 32 31 7
1878 23 23 5
1879 27 27 5
1880 31 31 7
1881 33 32 6
1882 34 33 11
1883 41 41 9
1884 29 28 10
1885 48 48 10
1886 22 22 4
1887 54 53 15
1888 27 26 6
1889 24 24 4
1890 24 23 7
1891 37 36 8
1892 24 24 4
1893 34 33 7
1894 35 34 6
1895 18 18 6
1896 12 12 6
1897 44 44 6
1898 58 58 12
1899 22 22 6
1900 20 20 4
1901 30 29 7
1902 27 27 5
1903 31 30 6
1904 28 28 6
1905 36 36 6
1906 32 31 5
1907 25 25 7
1908 37 37 7
1909 23 23 5
1910 27 27 7
1911 39 39 9
1912 43 43 9
1913 43 43 9
1914 37 37 9
1915 33 32 6
1916 24 23 5
1917 19 18 6
1918 54 53 13
1919 29 28 6
1920 42 42 8
1921 28 28 8
1922 38 38 8
1923 34 33 9
1924 29 29 5
1925 29 28 6
1926 30 30 12
1927 40 40 10
1928 46 46 8
1929 28 27 7
1930 23 23 5
1931 19 19 5
1932 27 27 7
1933 33 32 6
1934 24 24 6
1935 30 30 6
1936 38 37 9
1937 27 27 7
1938 39 38 8
1939 40 40 6
1940 30 30 8
1941 18 17 5
1942 27 26 6
1943 20 20 4
1944 26 25 9
1945 29 28 8
1946 30 30 8
1947 32 31 5
1948 23 22 6
1949 20 20 4
1950 28 27 7
1951 27 26 6
1952 16 16 4
1953 22 21 7
1954 19 18 4
1955 20 19 5
1956 23 22 4
1957 22 21 7
1958 23 22 8
1959 28 28 6
1960 26 26 6
1961 16 16 4
1962 24 23 7
1963 27 26 6
1964 26 25 7
1965 23 22 6
1966 18 18 4
1967 20 19 5
1968 19 19 5
1969 25 24 8
1970 22 22 6
1971 18 18 6
1972 22 22 4
1973 32 31 7
1974 21 21 5
1975 23 22 4
1976 12 11 5
1977 19 18 4
1978 20 19 5
1979 31 30 6
1980 20 19 5
1981 15 15 5
1982 13 12 4
1983 14 13 5
1984 17 16 6
1985 8 8 4
1986 20 19 7
1987 21 20 6
1988 14 14 6
1989 22 22 6
1990 18 17 5
1991 13 12 4
1992 12 11 5
1993 23 22 8
1994 16 16 6
1995 22 22 6
1996 12 12 4
1997 18 17 5
1998 7 6 5
1999 19 18 4
2000 14 13 5
2001 11 11 5
2002 13 13 5
2003 15 15 5
2004 23 22 6
2005 10 10 6
2006 18 18 4
2007 18 17 5
2008 5 5 5
2009 16 15 5
2010 13 13 5
2011 19 19 5
2012 15 15 5
2013 13 12 4
2014 24 23 7
2015 25 25 5
2016 19 19 5
2017 19 18 6
2018 12 12 8
2019 14 14 4
2020 20 19 5
2021 19 18 4
2022 18 17 5
2023 15 14 6
2024 12 12 4
2025 14 13 5
2026 21 20 6
2027 14 14 6
2028 16 15 5
2029 13 13 5
2030 7 6 5
2031 7 7 7
2032 10 10 6
2033 16 15 5
2034 15 15 5
2035 17 17 5
2036 23 22 6
2037 12 12 4
2038 12 11 5
2039 13 12 4
2040 12 11 5
2041 13 12 6
2042 8 8 4
2043 16 15 5
2044 15 15 5
2045 13 13 5
2046 25 25 5
2047 11 11 5
2048 9 8 4
2049 10 9 5
2050 13 13 7
2051 11 10 4
2052 8 7 6
2053 6 5 4
2054 10 9 5
2055 13 12 4
2056 16 15 5
2057 25 25 7
2058 25 25 5
2059 21 21 5
2060 17 17 5
2061 13 13 5
2062 17 17 5
2063 17 17 5
2064 13 13 5
2065 11 10 4
2066 14 13 5
2067 13 12 4
2068 14 13 5
2069 11 11 5
2070 23 23 7
2071 23 22 6
2072 18 18 4
2073 26 25 7
2074 15 15 5
2075 9 8 4
2076 10 9 5
2077 13 13 5
2078 21 20 4
2079 12 11 5
2080 17 17 7
2081 11 10 6
2082 22 22 4
2083 28 27 7
2084 13 12 6
2085 6 6 6
2086 13 12 6
2087 14 14 6
2088 12 11 5
2089 11 10 4
2090 14 13 5
2091 11 11 5
2092 5 5 5
2093 20 19 7
2094 11 10 6
2095 8 8 4
2096 10 9 5
2097 9 8 7
2098 23 22 6
2099 20 20 6
2100 18 18 4
2101 8 7 6
2102 10 10 4
2103 16 15 5
2104 11 11 5
2105 7 6 5
2106 11 11 5
2107 17 16 6
2108 18 18 6
2109 10 10 4
2110 12 11 5
2111 11 10 6
2112 22 22 4
2113 20 19 5
2114 17 16 6
2115 12 12 6
2116 10 10 6
2117 14 14 6
2118 18 17 5
2119 17 16 6
2120 38 37 5
2121 27 26 6
2122 26 26 6
2123 20 20 6
2124 30 29 5
2125 21 20 4
2126 24 23 5
2127 21 20 4
2128 24 23 5
2129 21 21 5
2130 23 23 5
2131 19 19 5
2132 25 24 6
2133 26 26 6
2134 22 22 4
2135 30 29 5
2136 23 23 5
2137 33 33 7
2138 31 30 6
2139 46 45 5
2140 27 26 6
2141 26 25 5
2142 17 16 6
2143 18 18 4
2144 20 19 5
2145 19 19 5
2146 37 37 5
2147 29 28 6
2148 24 23 5
2149 19 18 4
2150 26 25 5
2151 23 22 6
2152 26 26 4
2153 20 19 5
2154 25 24 6
2155 20 20 6
2156 34 34 4
2157 18 17 5
2158 27 27 5
2159 19 19 7
2160 33 32 6
2161 16 16 4
2162 28 27 5
2163 23 22 6
2164 14 13 5
2165 19 18 6
2166 26 26 6
2167 26 26 10
2168 18 18 6
2169 22 21 5
2170 27 26 6
2171 26 26 6
2172 20 20 6
2173 26 25 5
2174 15 14 4
2175 26 25 5
2176 23 23 5
2177 33 33 11
2178 19 19 5
2179 31 30 8
2180 14 13 5
2181 31 31 7
2182 25 24 6
2183 24 24 6
2184 16 16 6
2185 10 10 4
2186 30 29 9
2187 19 18 4
2188 24 23 5
2189 23 22 6
2190 16 15 5
2191 17 17 5
2192 19 19 5
2193 33 32 6
2194 20 20 6
2195 30 30 6
2196 14 14 4
2197 20 19 5
2198 19 18 6
2199 16 15 5
2200 15 14 4
2201 24 23 5
2202 21 20 4
2203 6 5 4
2204 22 21 5
2205 15 15 5
2206 17 16 6
2207 20 20 6
2208 22 22 6
2209 12 12 6
2210 22 22 6
2211 16 16 6
2212 16 15 5
2213 21 20 6
2214 24 24 6
2215 14 13 5
2216 19 19 7
2217 35 34 4
2218 14 13 5
2219 19 18 4
2220 12 11 5
2221 23 22 6
2222 20 20 4
2223 18 17 5
2224 15 15 5
2225 15 15 7
2226 15 14 4
2227 24 23 9
2228 21 20 6
2229 22 22 4
2230 20 19 5
2231 11 10 4
2232 26 25 5
2233 13 13 5
2234 21 20 4
2235 14 13 5
2236 25 25 5
2237 23 23 5
2238 17 16 6
2239 8 8 4
2240 24 23 5
2241 13 12 6
2242 12 12 4
2243 20 19 5
2244 15 15 5
2245 13 12 6
2246 8 8 4
2247 20 19 7
2248 7 6 5
2249 13 12 6
2250 18 18 6
2251 12 12 6
2252 18 17 5
2253 13 12 4
2254 16 15 5
2255 13 13 5
2256 23 22 4
2257 16 15 7
2258 11 10 4
2259 16 15 5
2260 15 14 6
2261 12 12 4
2262 14 13 5
2263 15 15 5
2264 13 12 6
2265 12 12 6
2266 10 10 4
2267 12 11 5
2268 11 11 5
2269 17 17 5
2270 15 15 5
2271 7 6 5
2272 13 12 6
2273 6 6 6
2274 21 21 7
2275 11 10 6
2276 20 20 8
2277 14 13 5
2278 13 13 5
2279 13 13 5
2280 7 6 5
2281 15 15 5
2282 11 11 5
2283 13 12 8
2284 12 12 6
2285 18 18 6
2286 16 15 5
2287 13 13 5
2288 11 11 5
2289 11 10 6
2290 8 8 4
2291 12 11 5
2292 15 15 9
2293 7 6 5
2294 21 20 4
2295 18 17 5
2296 21 20 6
2297 10 9 5
2298 11 10 4
2299 6 5 4
2300 6 5 4
2301 10 9 5
2302 11 10 6
2303 14 13 5
2304 13 13 7
2305 17 16 4
2306 18 17 5
2307 17 16 6
2308 18 17 5
2309 21 21 5
2310 13 13 5
2311 11 10 6
2312 10 10 6
2313 16 16 6
2314 18 18 6
2315 10 10 4
2316 10 9 5
2317 9 8 4
2318 14 13 7
2319 15 14 6
2320 16 16 6
2321 14 14 6
2322 8 7 6
2323 16 16 4
2324 20 19 7
2325 5 5 5
2326 12 11 5
2327 7 6 5
2328 9 8 4
2329 10 9 5
2330 9 9 5
2331 11 10 4
2332 18 17 7
2333 15 15 5
2334 7 6 5
2335 9 9 5
2336 23 22 8
2337 12 12 4
2338 12 11 5
2339 11 10 4
2340 10 9 5
2341 11 10 4
2342 10 9 5
2343 15 14 6
2344 14 13 7
2345 13 12 4
2346 10 9 5
2347 9 8 7
2348 13 12 4
2349 14 13 5
2350 13 12 4
2351 14 13 5
2352 11 10 6
2353 10 9 5
2354 13 12 6
2355 10 10 6
2356 8 7 6
2357 12 12 4
2358 6 5 4
2359 12 11 5
2360 13 12 4
2361 16 15 5
2362 9 9 5
2363 7 6 5
2364 13 13 5
2365 9 9 5
2366 7 6 5
2367 13 12 6
2368 6 6 6
2369 15 14 6
2370 16 16 6
2371 14 13 5
2372 11 11 5
2373 13 13 5
2374 5 5 5
2375 6 5 4
2376 10 9 5
2377 15 14 6
2378 10 9 5
2379 9 9 5
2380 11 10 4
2381 12 11 7
2382 13 12 4
2383 12 11 5
2384 9 8 4
2385 14 13 5
2386 13 12 4
2387 10 9 5
2388 13 12 4
2389 8 7 6
2390 10 10 6
2391 10 10 4
2392 14 13 5
2393 15 14 4
2394 14 13 7
2395 15 14 6
2396 14 14 8
2397 6 6 6
2398 11 11 5
2399 13 12 6
2400 16 16 6
2401 8 8 4
2402 18 17 5
2403 17 16 6
2404 12 12 4
2405 14 13 5
2406 9 9 5
2407 11 10 4
2408 14 13 5
2409 15 14 6
2410 12 11 5
2411 17 16 6
2412 12 12 6
2413 20 20 6
2414 14 14 4
2415 12 11 5
2416 11 10 6
2417 10 10 4
2418 14 13 5
2419 23 22 6
2420 20 20 4
2421 14 13 5
2422 15 14 4
2423 30 29 5
2424 37 37 7
2425 29 28 4
2426 24 23 5
2427 23 22 4
2428 14 13 5
2429 23 22 8
2430 32 32 6
2431 14 14 4
2432 18 17 7
2433 17 16 6
2434 18 18 6
2435 32 32 6
2436 24 23 5
2437 41 40 10
2438 22 22 4
2439 26 25 7
2440 37 37 9
2441 33 33 5
2442 21 21 5
2443 25 24 6
2444 28 28 8
2445 34 33 5
2446 25 24 6
2447 26 26 6
2448 20 20 4
2449 38 37 7
2450 27 27 7
2451 23 23 5
2452 53 53 7
2453 33 32 4
2454 30 29 5
2455 27 27 5
2456 47 46 8
2457 36 36 8
2458 20 20 6
2459 38 37 9
2460 39 39 9
2461 35 34 4
2462 36 35 7
2463 31 30 6
2464 30 30 8
2465 26 25 5
2466 23 23 5
2467 29 28 8
2468 26 26 6
2469 30 29 5
2470 37 37 9
2471 17 16 4
2472 34 33 7
2473 17 17 5
2474 19 18 4
2475 20 19 5
2476 21 20 6
2477 26 26 6
2478 16 15 5
2479 29 29 5
2480 17 17 5
2481 19 19 5
2482 15 15 5
2483 19 19 5
2484 23 22 4
2485 30 29 5
2486 21 20 4
2487 24 23 5
2488 33 33 5
2489 15 15 5
2490 19 18 6
2491 24 24 6
2492 16 15 5
2493 17 16 4
2494 22 21 5
2495 21 21 5
2496 13 12 4
2497 18 17 7
2498 25 25 5
2499 15 15 7
2500 15 14 4
2501 18 17 5
2502 23 22 6
2503 14 14 6
2504 8 8 4
2505 10 9 5
2506 13 13 7
2507 17 16 4
2508 20 19 5
2509 21 21 5
2510 23 23 5
2511 21 21 5
2512 19 18 6
2513 14 14 4
2514 20 19 5
2515 15 14 4
2516 16 15 5
2517 19 19 7
2518 21 20 4
2519 16 15 7
2520 17 16 6
2521 12 12 6
2522 18 18 4
2523 10 9 5
2524 15 15 5
2525 13 13 7
2526 23 22 6
2527 12 12 6
2528 14 13 5
2529 25 24 6
2530 12 12 4
2531 22 21 5
2532 19 18 8
2533 10 10 4
2534 12 11 5
2535 17 16 4
2536 12 11 5
2537 21 20 6
2538 14 14 6
2539 14 14 6
2540 16 15 5
2541 17 16 6
2542 16 15 5
2543 25 25 5
2544 17 16 4
2545 14 13 5
2546 11 10 6
2547 14 13 5
2548 17 16 4
2549 20 19 7
2550 15 14 6
2551 18 18 4
2552 14 13 7
2553 23 22 6
2554 10 10 4
2555 20 19 5
2556 21 20 4
2557 22 21 5
2558 21 20 6
2559 20 19 5
2560 19 18 6
2561 22 22 6
2562 20 20 6
2563 28 27 5
2564 25 24 4
2565 18 17 5
2566 11 11 5
2567 13 13 5
2568 15 14 4
2569 30 29 5
2570 21 21 5
2571 19 18 4
2572 16 15 5
2573 17 17 5
2574 23 23 5
2575 27 26 6
2576 10 10 4
2577 32 31 5
2578 17 16 4
2579 30 29 7
2580 25 24 6
2581 16 16 4
2582 18 17 5
2583 19 19 5
2584 17 16 4
2585 22 21 5
2586 19 18 6
2587 18 18 4
2588 22 21 5
2589 19 18 4
2590 20 19 5
2591 17 16 6
2592 14 14 4
2593 22 21 5
2594 11 11 5
2595 23 22 6
2596 16 15 5
2597 19 18 6
2598 18 18 4
2599 20 19 5
2600 21 21 5
2601 15 15 5
2602 15 14 6
2603 20 20 6
2604 10 9 5
2605 13 12 4
2606 12 11 5
2607 13 13 5
2608 19 18 6
2609 12 11 5
2610 25 24 6
2611 20 20 6
2612 14 13 5
2613 11 10 4
2614 14 13 5
2615 17 17 7
2616 17 16 6
2617 10 10 6
2618 20 19 5
2619 21 21 5
2620 15 14 4
2621 18 17 5
2622 17 16 6
2623 14 13 5
2624 13 13 5
2625 11 11 5
2626 13 13 5
2627 11 11 5
2628 7 6 5
2629 23 22 6
2630 18 18 8
2631 18 17 5
2632 11 10 4
2633 16 15 5
2634 15 14 4
2635 24 23 5
2636 11 11 5
2637 13 13 5
2638 9 8 4
2639 20 19 5
2640 9 9 5
2641 13 13 5
2642 13 13 5
2643 15 15 7
2644 17 16 4
2645 14 13 7
2646 11 10 4
2647 12 11 7
2648 21 20 4
2649 12 11 5
2650 15 14 4
2651 10 9 5
2652 19 19 5
2653 13 12 4
2654 16 15 7
2655 13 12 6
2656 16 16 4
2657 14 13 5
2658 11 10 6
2659 14 14 6
2660 12 12 6
2661 24 24 6
2662 8 8 4
2663 10 9 5
2664 11 11 5
2665 11 11 5
2666 11 10 4
2667 12 11 5
2668 15 15 5
2669 17 16 6
2670 12 12 4
2671 16 15 7
2672 7 6 5
2673 7 7 7
2674 14 14 6
2675 6 6 6
2676 13 13 5
2677 13 13 5
2678 11 11 5
2679 13 12 6
2680 24 23 5
2681 19 18 6
2682 18 18 6
2683 14 14 4
2684 6 5 4
2685 16 15 5
2686 7 6 5
2687 21 20 6
2688 14 13 5
2689 15 14 4
2690 10 9 5
2691 11 10 6
2692 18 18 6
2693 14 14 6
2694 12 12 6
2695 14 13 5
2696 23 22 6
2697 18 18 4
2698 14 13 5
2699 11 10 4
2700 22 21 7
2701 21 20 8
2702 20 19 5
2703 21 20 8
2704 30 30 8
2705 14 14 6
2706 26 25 5
2707 27 27 9
2708 29 28 8
2709 18 18 6
2710 26 25 5
2711 19 18 4
2712 20 19 5
2713 29 28 6
2714 26 26 6
2715 28 28 6
2716 26 25 5
2717 25 24 4
2718 28 27 5
2719 17 17 5
2720 17 17 5
2721 27 26 6
2722 22 21 7
2723 23 23 7
2724 21 20 4
2725 30 29 7
2726 21 20 4
2727 30 29 7
2728 31 30 6
2729 28 27 7
2730 29 29 5
2731 27 27 7
2732 23 22 6
2733 26 26 4
2734 42 41 7
2735 25 24 4
2736 42 41 7
2737 19 19 5
2738 31 30 8
2739 32 32 8
2740 20 19 5
2741 19 18 6
2742 16 16 4
2743 22 21 5
2744 19 18 4
2745 28 27 9
2746 29 28 8
2747 26 25 7
2748 19 19 5
2749 13 13 5
2750 25 24 8
2751 30 29 5
2752 13 13 5
2753 19 18 6
2754 16 16 4
2755 32 31 5
2756 25 25 7
2757 21 20 6
2758 24 24 4
2759 32 31 5
2760 27 26 6
2761 18 17 5
2762 19 19 7
2763 25 24 6
2764 36 35 13
2765 17 16 6
2766 38 37 9
2767 35 34 8
2768 24 24 6
2769 28 27 9
2770 35 35 7
2771 37 37 11
2772 25 24 6
2773 24 24 6
2774 28 28 8
2775 38 38 10
2776 16 16 6
2777 38 38 10
2778 20 20 6
2779 22 21 5
2780 19 19 7
2781 29 28 10
2782 24 23 5
2783 35 35 7
2784 23 22 4
2785 26 25 9
2786 17 16 4
2787 22 21 5
2788 33 33 13
2789 23 23 5
2790 15 15 5
2791 13 12 6
2792 38 37 11
2793 17 17 5
2794 27 27 5
2795 23 23 5
2796 31 31 7
2797 41 41 13
2798 19 19 5
2799 17 17 5
2800 13 13 5
2801 19 18 8
2802 12 12 4
2803 12 11 5
2804 15 14 6
2805 26 26 6
2806 36 36 8
2807 18 18 6
2808 36 36 8
2809 26 26 8
2810 12 11 5
2811 33 32 6
2812 10 9 5
2813 29 28 8
2814 16 16 4
2815 22 21 7
2816 25 25 5
2817 9 8 4
2818 20 19 5
2819 15 15 5
2820 29 28 6
2821 12 12 4
2822 28 27 7
2823 9 9 5
2824 19 18 6
2825 16 16 4
2826 16 15 5
2827 19 18 6
2828 10 9 5
2829 9 8 4
2830 12 11 5
2831 17 16 6
2832 12 12 6
2833 10 10 4
2834 12 11 5
2835 15 14 6
2836 16 16 6
2837 10 9 5
2838 11 11 5
2839 15 14 4
2840 16 15 7
2841 17 16 4
2842 32 31 7
2843 17 17 5
2844 21 20 6
2845 12 12 4
2846 22 21 5
2847 13 13 5
2848 17 17 5
2849 11 10 4
2850 12 11 5
2851 11 11 5
2852 19 19 5
2853 29 29 5
2854 21 20 4
2855 20 19 5
2856 15 15 7
2857 13 12 4
2858 12 11 5
2859 15 14 4
2860 12 11 5
2861 11 10 4
2862 14 13 5
2863 13 13 5
2864 11 11 5
2865 11 10 4
2866 18 17 5
2867 17 16 6
2868 6 5 4
2869 24 23 5
2870 13 13 5
2871 19 18 4
2872 16 15 5
2873 9 9 5
2874 15 15 7
2875 19 18 6
2876 14 14 6
2877 8 8 4
2878 6 5 4
2879 18 17 5
2880 25 24 6
2881 10 9 5
2882 11 10 6
2883 6 6 6
2884 13 12 8
2885 20 19 5
2886 15 14 4
2887 16 15 5
2888 15 15 5
2889 31 30 6
2890 16 16 4
2891 26 25 9
2892 9 9 5
2893 15 14 4
2894 20 19 5
2895 15 14 4
2896 10 9 5
2897 13 12 4
2898 18 17 5
2899 17 17 5
2900 13 13 5
2901 17 17 5
2902 11 11 5
2903 17 16 4
2904 14 13 5
2905 17 17 5
2906 15 14 6
2907 12 11 5
2908 11 11 5
2909 19 18 6
2910 14 14 4
2911 22 21 5
2912 17 17 5
2913 15 15 5
2914 23 22 6
2915 12 12 4
2916 24 23 5
2917 15 15 5
2918 13 12 4
2919 20 19 7
2920 9 8 4
2921 12 11 5
2922 15 14 4
2923 12 11 5
2924 17 16 6
2925 20 20 4
2926 20 19 5
2927 17 17 5
2928 19 18 6
2929 8 8 4
2930 12 11 5
2931 13 12 6
2932 18 18 4
2933 18 17 5
2934 17 16 8
2935 10 10 4
2936 18 17 5
2937 13 12 4
2938 18 17 5
2939 15 14 4
2940 10 9 5
2941 13 13 5
2942 9 9 5
2943 15 14 4
2944 16 15 5
2945 17 16 4
2946 16 15 5
2947 13 13 5
2948 15 14 6
2949 10 10 4
2950 18 17 5
2951 29 29 5
2952 15 15 5
2953 21 20 6
2954 20 20 4
2955 18 17 7
2956 15 14 4
2957 20 19 5
2958 13 13 5
2959 25 24 6
2960 22 22 6
2961 16 16 6
2962 20 20 4
2963 26 25 7
2964 11 11 5
2965 29 28 10
2966 24 24 8
2967 34 33 13
2968 19 18 6
2969 24 23 7
2970 29 28 6
2971 26 25 5
2972 31 30 10
2973 16 16 4
2974 20 19 5
2975 21 21 5
2976 17 17 5
2977 15 14 4
2978 28 27 7
2979 21 20 6
2980 18 18 6
2981 12 12 4
2982 18 17 5
2983 13 13 5
2984 15 14 6
2985 20 20 6
2986 22 21 7
2987 21 20 6
2988 16 15 5
2989 17 16 4
2990 26 25 9
2991 21 20 6
2992 16 16 6
2993 22 21 5
2994 21 21 5
2995 29 28 4
2996 28 27 7
2997 23 23 5
2998 33 33 5
2999 23 23 7
3000 27 27 5
3001 13 12 4
3002 18 17 5
3003 27 26 6
3004 26 25 5
3005 27 26 6
3006 26 26 6
3007 24 24 4
3008 22 21 7
3009 19 19 5
3010 25 25 7
3011 15 14 6
3012 16 16 4
3013 28 27 7
3014 25 24 4
3015 16 15 5
3016 27 27 9
3017 11 10 4
3018 20 19 7
3019 35 34 6
3020 12 12 4
3021 20 19 5
3022 27 26 6
3023 16 16 4
3024 26 25 11
3025 17 16 4
3026 20 19 7
3027 23 22 6
3028 26 26 8
3029 26 25 5
3030 25 25 9
3031 25 24 6
3032 22 22 6
3033 32 31 9
3034 25 24 6
3035 20 19 7
3036 23 22 4
3037 22 21 7
3038 31 30 8
3039 30 30 8
3040 28 28 8
3041 24 24 4
3042 36 35 9
3043 27 27 7
3044 31 31 7
3045 25 24 6
3046 28 28 8
3047 24 24 8
3048 24 24 8
3049 14 14 6
3050 28 28 6
3051 26 26 6
3052 18 17 5
3053 13 12 4
3054 16 15 5
3055 17 16 6
3056 16 16 4
3057 26 25 7
3058 19 19 5
3059 19 19 5
3060 21 21 7
3061 15 15 7
3062 21 20 6
3063 20 19 5
3064 19 19 5
3065 15 15 7
3066 23 22 4
3067 14 13 5
3068 17 16 6
3069 20 20 6
3070 20 19 5
3071 23 22 4
3072 12 11 5
3073 15 15 5
3074 13 13 5
3075 23 22 4
3076 20 19 5
3077 19 19 5
3078 23 22 6
3079 18 17 5
3080 17 16 4
3081 20 19 5
3082 11 11 5
3083 21 21 5
3084 15 15 5
3085 13 13 5
3086 15 15 5
3087 13 12 4
3088 18 17 5
3089 29 28 6
3090 12 11 5
3091 13 13 5
3092 15 14 4
3093 12 11 5
3094 13 13 5
3095 17 16 6
3096 10 10 4
3097 16 15 5
3098 13 12 6
3099 14 14 6
3100 26 26 6
3101 14 13 5
3102 21 20 6
3103 18 18 4
3104 22 21 5
3105 11 11 5
3106 33 32 6
3107 20 19 7
3108 29 28 8
3109 18 18 4
3110 24 23 5
3111 15 15 5
3112 21 21 5
3113 31 31 9
3114 31 30 4
3115 24 23 7
3116 27 26 8
3117 28 28 6
3118 30 30 8
3119 44 44 12
3120 24 24 6
3121 16 16 4
3122 34 33 7
3123 27 26 4
3124 24 23 5
3125 29 29 5
3126 37 36 8
3127 32 32 6
3128 40 39 7
3129 27 26 6
3130 24 24 4
3131 32 31 7
3132 29 29 7
3133 13 12 6
3134 26 26 6
3135 28 28 10
3136 24 24 8
3137 26 25 7
3138 19 18 4
3139 20 19 5
3140 21 20 6
3141 24 23 7
3142 13 12 6
3143 18 17 5
3144 17 16 4
3145 16 15 5
3146 13 12 4
3147 16 15 5
3148 17 16 6
3149 10 10 4
3150 14 13 5
3151 15 14 6
3152 12 12 4
3153 12 11 5
3154 9 8 4
3155 12 11 7
3156 11 10 4
3157 14 13 5
3158 13 12 4
3159 12 11 5
3160 21 20 6
3161 16 16 8
3162 10 10 4
3163 16 15 7
3164 9 8 4
3165 10 9 5
3166 15 14 4
3167 22 21 7
3168 17 16 6
3169 10 10 4
3170 12 11 5
3171 11 11 7
3172 9 8 4
3173 14 13 5
3174 23 22 4
3175 22 21 7
3176 19 18 4
3177 10 9 5
3178 9 8 4
3179 12 11 5
3180 9 9 5
3181 17 16 6
3182 12 11 5
3183 13 12 6
3184 8 8 4
3185 10 9 5
3186 5 5 5
3187 16 15 7
3188 13 13 5
3189 13 12 4
3190 12 11 5
3191 17 17 7
3192 15 15 5
3193 11 10 6
3194 8 8 4
3195 18 17 7
3196 13 12 4
3197 8 7 6
3198 8 8 4
3199 12 11 7
3200 11 10 4
3201 12 11 5
3202 19 18 8
3203 16 16 8
3204 22 22 6
3205 12 12 4
3206 14 13 5
3207 5 5 5
3208 14 13 5
3209 11 11 5
3210 9 8 4
3211 12 11 5
3212 11 11 5
3213 7 6 5
3214 19 19 5
3215 23 23 5
3216 21 20 6
3217 20 20 6
3218 12 11 5
3219 15 15 5
3220 21 20 6
3221 14 14 4
3222 14 13 5
3223 11 10 6
3224 18 18 4
3225 8 7 6
3226 10 10 4
3227 12 11 7
3228 15 14 6
3229 18 18 4
3230 12 11 5
3231 11 10 4
3232 6 5 4
3233 12 11 5
3234 17 17 5
3235 17 17 5
3236 21 21 5
3237 15 15 5
3238 19 18 6
3239 14 14 6
3240 14 14 6
3241 14 13 5
3242 13 13 5
3243 11 11 5
3244 13 13 5
3245 13 13 5
3246 11 10 4
3247 18 17 7
3248 11 10 6
3249 10 10 4
3250 12 11 5
3251 17 17 5
3252 17 17 7
3253 17 16 4
3254 18 17 7
3255 15 15 5
3256 13 12 4
3257 10 9 5
3258 7 6 5
3259 13 12 8
3260 16 16 6
3261 14 14 4
3262 10 9 5
3263 21 20 8
3264 12 12 6
3265 18 18 6
3266 18 17 5
3267 5 5 5
3268 10 9 5
3269 11 10 4
3270 14 13 7
3271 11 10 6
3272 12 12 4
3273 14 13 5
3274 17 16 8
3275 22 22 6
3276 14 13 5
3277 21 20 6
3278 14 13 5
3279 19 19 5
3280 25 24 6
3281 28 27 9
3282 27 26 4
3283 20 19 5
3284 23 22 4
3285 20 19 5
3286 19 18 6
3287 14 14 6
3288 18 18 6
3289 16 16 4
3290 16 15 7
3291 17 16 6
3292 30 30 6
3293 18 17 7
3294 13 12 4
3295 14 13 5
3296 9 8 4
3297 22 21 5
3298 13 13 5
3299 27 26 4
3300 16 15 5
3301 19 19 5
3302 19 19 5
3303 21 21 7
3304 21 21 5
3305 17 17 7
3306 15 14 4
3307 22 21 5
3308 23 22 6
3309 20 20 4
3310 26 25 7
3311 15 14 4
3312 16 15 5
3313 27 27 5
3314 13 12 4
3315 18 17 5
3316 19 19 5
3317 17 16 4
3318 12 11 5
3319 11 10 4
3320 16 15 5
3321 19 19 5
3322 9 8 4
3323 18 17 7
3324 11 11 5
3325 15 15 5
3326 17 16 4
3327 12 11 5
3328 21 21 5
3329 13 13 5
3330 17 16 6
3331 12 12 4
3332 20 19 7
3333 15 14 4
3334 12 11 5
3335 23 22 6
3336 14 14 6
3337 14 14 4
3338 20 19 5
3339 17 17 7
3340 7 6 5
3341 9 8 4
3342 14 13 5
3343 9 9 5
3344 19 19 5
3345 17 17 7
3346 23 22 8
3347 10 10 4
3348 12 11 5
3349 15 14 6
3350 6 6 6
3351 15 15 5
3352 13 12 6
3353 22 21 7
3354 13 12 6
3355 8 8 4
3356 18 17 7
3357 17 16 4
3358 12 11 5
3359 13 13 5
3360 23 23 7
3361 11 10 4
3362 20 19 7
3363 15 14 4
3364 16 15 5
3365 15 15 5
3366 13 12 4
3367 16 15 5
3368 15 15 7
3369 13 12 6
3370 18 18 6
3371 14 13 5
3372 25 24 4
3373 14 13 5
3374 17 16 6
3375 20 20 6
3376 16 16 4
3377 14 13 5
3378 15 14 8
3379 20 20 4
3380 16 15 5
3381 17 16 4
3382 16 15 5
3383 15 15 5
3384 15 14 6
3385 6 5 4
3386 16 15 5
3387 15 15 7
3388 9 8 4
3389 20 19 7
3390 15 14 4
3391 14 13 5
3392 17 16 4
3393 12 11 5
3394 11 10 6
3395 10 10 6
3396 12 12 6
3397 14 13 5
3398 15 15 5
3399 11 11 5
3400 13 13 5
3401 17 16 6
3402 18 18 6
3403 16 15 5
3404 23 22 4
3405 10 9 5
3406 13 12 4
3407 12 11 5
3408 15 14 6
3409 14 13 5
3410 23 22 4
3411 10 9 5
3412 13 12 6
3413 10 10 4
3414 14 13 7
3415 11 10 6
3416 14 14 6
3417 14 14 6
3418 14 14 4
3419 14 13 5
3420 11 10 6
3421 14 14 6
3422 20 20 4
3423 14 13 5
3424 19 18 6
3425 12 12 6
3426 16 16 6
3427 18 18 6
3428 14 14 4
3429 18 17 5
3430 17 16 4
3431 10 9 5
3432 11 10 4
3433 30 29 5
3434 11 11 5
3435 11 10 4
3436 18 17 5
3437 15 15 5
3438 11 11 5
3439 9 8 4
3440 16 15 5
3441 15 14 4
3442 18 17 7
3443 19 18 6
3444 14 13 5
3445 17 16 4
3446 20 19 7
3447 13 12 4
3448 12 11 5
3449 11 10 4
3450 20 19 7
3451 11 11 5
3452 13 12 4
3453 14 13 5
3454 15 14 4
3455 16 15 7
3456 11 10 6
3457 12 12 4
3458 16 15 5
3459 11 10 6
3460 8 8 4
3461 12 11 5
3462 7 6 5
3463 15 14 8
3464 18 18 6
3465 12 12 4
3466 6 5 4
3467 20 19 5
3468 5 5 5
3469 22 21 5
3470 17 17 5
3471 7 6 5
3472 13 12 6
3473 10 10 4
3474 14 13 5
3475 13 12 6
3476 16 16 6
3477 18 17 5
3478 13 12 6
3479 10 10 4
3480 10 9 5
3481 23 22 6
3482 26 26 4
3483 22 21 7
3484 19 18 4
3485 14 13 5
3486 13 12 4
3487 22 21 7
3488 15 14 6
3489 18 18 6
3490 14 13 5
3491 17 16 4
3492 26 25 5
3493 9 8 4
3494 12 11 5
3495 15 14 4
3496 12 11 7
3497 11 10 4
3498 16 15 5
3499 25 25 5
3500 35 35 5
3501 13 12 6
3502 12 12 4
3503 24 23 5
3504 21 20 6
3505 20 19 5
3506 19 18 6
3507 12 12 4
3508 20 19 5
3509 17 17 5
3510 19 18 4
3511 14 13 5
3512 13 13 5
3513 7 6 5
3514 15 14 4
3515 20 19 5
3516 23 22 6
3517 24 23 5
3518 19 19 5
3519 13 12 4
3520 16 15 5
3521 13 12 6
3522 22 22 6
3523 24 24 6
3524 26 26 6
3525 22 22 6
3526 30 29 7
3527 25 24 4
3528 16 15 5
3529 15 15 5
3530 15 14 4
3531 30 29 7
3532 47 47 7
3533 21 20 4
3534 20 19 5
3535 21 21 5
3536 17 17 5
3537 13 12 6
3538 20 20 4
3539 20 19 7
3540 21 21 5
3541 17 17 5
3542 27 26 6
3543 28 28 6
3544 28 27 7
3545 25 24 6
3546 12 12 4
3547 24 23 7
3548 13 12 4
3549 20 19 5
3550 17 17 5
3551 21 20 6
3552 16 16 4
3553 34 33 5
3554 15 15 5
3555 19 19 5
3556 25 24 6
3557 24 23 5
3558 21 21 5
3559 31 30 6
3560 32 31 5
3561 31 31 5
3562 21 21 5
3563 37 36 8
3564 28 28 8
3565 40 39 7
3566 31 30 8
3567 20 19 7
3568 45 44 8
3569 52 51 11
3570 41 40 6
3571 24 24 8
3572 26 25 5
3573 33 33 9
3574 27 26 4
3575 32 31 5
3576 29 29 7
3577 25 25 5
3578 33 33 7
3579 19 18 4
3580 46 45 11
3581 33 32 4
3582 20 19 5
3583 23 22 6
3584 26 26 4
3585 24 23 5
3586 29 28 6
3587 20 20 4
3588 20 19 5
3589 21 21 5
3590 23 22 6
3591 22 22 6
3592 12 12 4
3593 26 25 5
3594 17 17 5
3595 15 14 4
3596 20 19 5
3597 25 24 6
3598 16 16 4
3599 14 13 5
3600 25 24 6
3601 20 20 6
3602 18 18 4
3603 16 15 5
3604 13 12 6
3605 10 10 4
3606 26 25 5
3607 13 13 5
3608 13 12 4
3609 20 19 5
3610 21 21 5
3611 19 18 6
3612 12 12 4
3613 16 15 5
3614 19 18 8
3615 14 14 4
3616 14 13 5
3617 9 9 5
3618 15 14 6
3619 10 10 6
3620 10 10 6
3621 18 18 6
3622 20 20 8
3623 10 10 4
3624 12 11 5
3625 15 15 7
3626 13 12 4
3627 12 11 5
3628 17 16 6
3629 10 10 4
3630 14 13 5
3631 15 14 6
3632 20 19 5
3633 13 13 5
3634 25 24 8
3635 16 15 5
3636 19 18 6
3637 14 14 4
3638 12 11 5
3639 13 12 6
3640 18 18 4
3641 10 9 5
3642 15 14 6
3643 18 18 6
3644 18 18 4
3645 12 11 5
3646 21 20 6
3647 6 6 6
3648 11 10 6
3649 18 18 6
3650 20 20 4
3651 10 9 5
3652 25 25 5
3653 23 23 5
3654 25 24 6
3655 36 36 6
3656 36 35 5
3657 31 31 7
3658 19 19 5
3659 17 17 5
3660 19 19 5
3661 25 24 6
3662 24 24 6
3663 20 19 5
3664 23 23 5
3665 11 10 4
3666 22 21 7
3667 33 33 5
3668 21 21 5
3669 15 15 5
3670 25 25 5
3671 29 29 5
3672 17 17 5
3673 13 13 5
3674 21 20 4
3675 20 19 5
3676 35 34 6
3677 20 20 6
3678 28 27 5
3679 29 28 6
3680 12 12 4
3681 24 23 7
3682 11 10 4
3683 18 17 5
3684 11 10 6
3685 20 20 6
3686 14 14 6
3687 16 15 5
3688 25 25 5
3689 19 19 5
3690 15 15 7
3691 25 24 6
3692 20 20 4
3693 22 21 5
3694 9 9 5
3695 15 15 5
3696 17 16 6
3697 26 26 8
3698 16 16 4
3699 20 19 5
3700 13 12 4
3701 22 21 5
3702 13 12 4
3703 22 21 5
3704 21 21 5
3705 13 12 4
3706 12 11 5
3707 17 16 6
3708 16 15 5
3709 25 25 7
3710 19 18 4
3711 12 11 5
3712 17 17 5
3713 19 18 4
3714 14 13 5
3715 9 8 4
3716 14 13 5
3717 11 11 5
3718 15 14 4
3719 18 17 5
3720 11 11 5
3721 19 18 6
3722 10 9 5
3723 15 15 5
3724 15 14 4
3725 22 21 9
3726 15 15 5
3727 5 5 5
3728 20 19 5
3729 25 25 5
3730 5 5 5
3731 18 17 5
3732 13 12 4
3733 22 21 5
3734 11 11 5
3735 11 11 5
3736 9 9 5
3737 13 12 6
3738 12 12 6
3739 10 9 5
3740 11 10 4
3741 16 15 7
3742 11 10 6
3743 10 9 5
3744 13 12 4
3745 16 15 5
3746 21 20 6
3747 8 8 4
3748 12 11 5
3749 11 10 4
3750 10 9 5
3751 13 12 4
3752 12 11 5
3753 9 8 4
3754 10 9 5
3755 11 10 6
3756 18 17 7
3757 11 10 4
3758 14 13 5
3759 11 11 5
3760 9 9 5
3761 17 16 6
3762 12 11 5
3763 17 17 5
3764 15 15 5
3765 15 14 6
3766 16 15 5
3767 13 12 6
3768 8 8 4
3769 16 15 5
3770 5 5 5
3771 16 15 7
3772 13 12 4
3773 6 5 4
3774 12 11 5
3775 13 13 5
3776 15 15 5
3777 17 16 6
3778 14 14 6
3779 12 11 7
3780 7 6 5
3781 9 8 4
3782 12 11 7
3783 13 12 4
3784 20 19 5
3785 9 8 4
3786 22 21 5
3787 23 22 6
3788 22 22 4
3789 12 11 5
3790 9 9 5
3791 19 18 6
3792 10 10 4
3793 18 17 5
3794 11 11 5
3795 11 11 7
3796 15 14 4
3797 22 21 5
3798 17 17 5
3799 7 6 5
3800 13 12 4
3801 14 13 7
3802 13 12 6
3803 10 10 4
3804 16 15 5
3805 11 10 4
3806 14 13 7
3807 9 9 5
3808 17 16 4
3809 20 19 7
3810 9 8 4
3811 12 11 5
3812 7 6 5
3813 13 13 5
3814 21 20 8
3815 12 12 4
3816 10 9 5
3817 13 13 5
3818 19 19 5
3819 17 16 6
3820 10 10 6
3821 10 10 4
3822 12 11 5
3823 17 16 8
3824 20 19 5
3825 23 22 4
3826 14 13 5
3827 17 16 6
3828 8 8 4
3829 6 5 4
3830 18 17 5
3831 13 13 5
3832 21 21 7
3833 21 20 6
3834 14 14 4
3835 16 15 5
3836 15 14 6
3837 18 17 5
3838 21 20 4
3839 10 9 5
3840 17 16 4
3841 14 13 5
3842 17 17 5
3843 19 18 8
3844 16 16 4
3845 20 19 5
3846 15 14 4
3847 18 17 5
3848 17 16 6
3849 12 11 5
3850 21 20 6
3851 18 18 6
3852 20 20 8
3853 18 18 6
3854 34 33 9
3855 35 34 4
3856 28 27 7
3857 27 26 6
3858 22 21 5
3859 23 22 4
3860 28 27 7
3861 23 22 6
3862 12 12 6
3863 20 20 4
3864 24 23 5
3865 25 25 7
3866 21 20 4
3867 34 33 7
3868 13 13 5
3869 29 28 4
3870 16 15 5
3871 17 16 6
3872 14 14 4
3873 22 21 5
3874 25 24 6
3875 22 21 5
3876 15 15 5
3877 17 16 6
3878 14 14 4
3879 22 21 5
3880 23 22 8
3881 24 23 7
3882 19 18 6
3883 32 31 11
3884 19 18 4
3885 30 29 5
3886 21 20 4
3887 16 15 5
3888 21 20 4
3889 22 21 5
3890 19 19 5
3891 17 17 5
3892 19 18 6
3893 12 12 4
3894 22 21 5
3895 17 16 6
3896 18 18 4
3897 18 17 5
3898 17 17 5
3899 11 11 5
3900 21 20 6
3901 12 12 6
3902 12 12 6
3903 12 12 4
3904 12 11 5
3905 19 18 6
3906 14 13 5
3907 19 18 4
3908 16 15 5
3909 21 21 5
3910 15 14 6
3911 24 24 6
3912 8 8 4
3913 6 5 4
3914 16 15 5
3915 13 12 6
3916 12 12 4
3917 10 9 5
3918 11 11 5
3919 19 19 5
3920 19 19 5
3921 11 10 6
3922 24 24 6
3923 10 9 5
3924 7 6 5
3925 25 24 4
3926 24 23 5
3927 19 18 6
3928 12 12 4
3929 18 17 7
3930 13 12 4
3931 24 23 5
3932 15 15 7
3933 19 18 6
3934 18 18 4
3935 16 15 5
3936 11 10 4
3937 20 19 9
3938 15 14 4
3939 14 13 5
3940 23 22 6
3941 18 17 5
3942 15 15 5
3943 15 15 5
3944 15 14 6
3945 10 10 4
3946 20 19 7
3947 17 16 6
3948 12 12 4
3949 12 11 5
3950 13 12 4
3951 12 11 5
3952 17 16 6
3953 16 16 6
3954 14 14 6
3955 14 14 6
3956 12 12 4
3957 12 11 5
3958 19 18 4
3959 14 13 7
3960 17 16 6
3961 12 12 4
3962 12 11 7
3963 15 14 4
3964 20 19 5
3965 19 19 5
3966 21 20 6
3967 20 19 7
3968 21 20 4
3969 24 23 5
3970 15 15 7
3971 17 16 6
3972 14 14 4
3973 14 13 5
3974 11 11 5
3975 15 14 4
3976 26 25 5
3977 11 10 4
3978 16 15 5
3979 13 13 7
3980 17 16 4
3981 12 11 7
3982 9 8 4
3983 6 5 4
3984 10 9 5
3985 13 12 6
3986 10 10 6
3987 12 12 6
3988 22 21 5
3989 17 16 6
3990 26 25 7
3991 13 13 5
3992 11 10 4
3993 18 17 5
3994 27 27 5
3995 19 19 5
3996 15 15 5
3997 21 20 4
3998 14 13 5
3999 23 22 8
4000 8 8 4
4001 6 5 4
4002 14 13 5
4003 9 8 4
4004 14 13 5
4005 11 11 5
4006 7 6 5
4007 21 20 8
4008 12 12 4
4009 10 9 5
4010 11 11 5
4011 17 16 6
4012 6 5 4
4013 12 11 5
4014 15 14 6
4015 10 9 8
4016 8 8 4
4017 16 15 5
4018 13 12 6
4019 14 14 6
4020 14 14 6
4021 16 16 4
4022 14 13 5
4023 11 10 6
4024 6 6 6
4025 13 12 6
4026 8 7 6
4027 18 18 6
4028 10 9 5
4029 11 10 6
4030 14 14 4
4031 12 11 5
4032 9 9 5
4033 13 13 5
4034 13 12 6
4035 10 10 6
4036 14 14 6
4037 20 20 4
4038 16 15 5
4039 15 14 6
4040 6 6 6
4041 9 9 5
4042 15 14 6
4043 10 10 6
4044 12 12 6
4045 16 16 6
4046 10 10 4
4047 18 17 7
4048 11 11 5
4049 15 14 6
4050 10 10 4
4051 12 11 7
4052 11 10 4
4053 14 13 5
4054 15 14 4
4055 12 11 7
4056 13 12 6
4057 8 8 4
4058 12 11 5
4059 11 10 4
4060 12 11 5
4061 13 13 5
4062 7 6 5
4063 7 6 5
4064 17 17 5
4065 11 11 5
4066 11 10 6
4067 10 9 5
4068 9 8 4
4069 12 11 5
4070 15 14 8
4071 12 11 5
4072 11 11 5
4073 15 14 4
4074 12 11 5
4075 15 14 6
4076 14 14 6
4077 14 14 4
4078 16 15 5
4079 19 18 4
4080 18 17 5
4081 11 11 5
4082 19 18 4
4083 14 13 5
4084 17 17 5
4085 23 22 6
4086 24 24 6
4087 36 36 6
4088 40 40 6
4089 22 22 6
4090 32 32 4
4091 14 13 5
4092 17 16 4
4093 26 25 5
4094 11 11 5
4095 15 15 5
4096 15 14 4
4097 22 21 5
4098 25 25 5
4099 27 26 6
4100 22 22 6
4101 24 23 5
4102 27 26 6
4103 22 22 6
4104 28 28 6
4105 30 30 6
4106 38 37 5
4107 25 25 5
4108 41 40 8
4109 20 20 4
4110 18 17 5
4111 27 26 6
4112 30 29 5
4113 19 18 4
4114 24 23 5
4115 15 15 5
4116 21 21 5
4117 25 24 6
4118 16 15 5
4119 17 16 4
4120 22 21 5
4121 27 26 6
4122 16 16 4
4123 28 27 7
4124 25 24 6
4125 20 20 6
4126 14 14 4
4127 12 11 5
4128 15 14 4
4129 26 25 7
4130 21 20 4
4131 28 27 7
4132 19 18 4
4133 34 33 7
4134 37 36 6
4135 20 20 4
4136 38 37 7
4137 17 16 6
4138 20 20 4
4139 32 31 7
4140 41 41 7
4141 25 25 5
4142 15 14 4
4143 22 21 7
4144 17 16 4
4145 16 15 5
4146 35 35 9
4147 25 24 4
4148 20 19 5
4149 19 18 4
4150 40 39 7
4151 21 21 5
4152 25 24 4
4153 12 11 5
4154 13 13 5
4155 27 27 5
4156 33 33 7
4157 33 33 7
4158 23 22 4
4159 12 11 5
4160 27 26 6
4161 34 34 6
4162 14 14 4
4163 20 19 5
4164 19 18 4
4165 20 19 5
4166 25 25 7
4167 19 18 6
4168 16 15 5
4169 17 17 5
4170 21 21 5
4171 23 23 5
4172 23 22 6
4173 16 16 4
4174 16 15 5
4175 23 22 4
4176 18 17 5
4177 17 16 4
4178 28 27 7
4179 19 18 4
4180 22 21 5
4181 15 14 4
4182 34 33 7
4183 27 26 6
4184 14 14 4
4185 24 23 5
4186 27 27 5
4187 21 21 5
4188 9 8 4
4189 28 27 5
4190 33 33 5
4191 15 15 5
4192 19 19 7
4193 21 20 4
4194 22 21 5
4195 19 18 6
4196 20 20 4
4197 24 23 7
4198 21 21 5
4199 27 26 8
4200 20 20 6
4201 20 20 6
4202 28 28 6
4203 20 20 4
4204 24 23 5
4205 11 11 5
4206 21 20 6
4207 20 20 6
4208 20 20 6
4209 18 18 6
4210 30 29 5
4211 17 16 4
4212 18 17 5
4213 19 19 5
4214 15 15 5
4215 21 20 6
4216 14 14 6
4217 6 5 4
4218 14 13 5
4219 15 14 6
4220 12 12 4
4221 12 11 5
4222 23 22 4
4223 18 17 5
4224 15 15 5
4225 15 14 6
4226 18 18 6
4227 14 13 5
4228 23 22 4
4229 16 15 5
4230 21 20 6
4231 18 18 6
4232 16 16 6
4233 14 13 5
4234 9 8 4
4235 14 13 7
4236 9 8 4
4237 16 15 7
4238 15 14 4
4239 22 21 7
4240 15 14 4
4241 18 17 5
4242 13 12 6
4243 10 10 4
4244 8 7 6
4245 16 16 6
4246 8 8 4
4247 18 17 5
4248 13 12 4
4249 6 5 4
4250 14 13 5
4251 13 12 6
4252 6 6 6
4253 15 15 5
4254 15 14 4
4255 16 15 5
4256 7 6 5
4257 17 16 6
4258 12 12 4
4259 18 17 7
4260 15 14 6
4261 10 10 4
4262 16 15 5
4263 13 12 4
4264 12 11 5
4265 15 15 5
4266 9 8 4
4267 10 9 5
4268 13 13 5
4269 15 14 6
4270 12 11 5
4271 9 8 4
4272 16 15 5
4273 15 14 6
4274 10 10 6
4275 6 6 6
4276 15 15 5
4277 11 11 5
4278 13 13 5
4279 13 13 5
4280 13 13 5
4281 11 11 5
4282 13 12 6
4283 14 14 6
4284 8 8 4
4285 14 13 7
4286 13 12 4
4287 12 11 5
4288 5 5 5
4289 12 11 5
4290 13 12 4
4291 16 15 9
4292 13 12 4
4293 12 11 5
4294 19 19 5
4295 11 11 5
4296 15 14 4
4297 10 9 5
4298 17 17 7
4299 9 8 4
4300 10 9 5
4301 11 10 6
4302 10 10 4
4303 14 13 7
4304 13 13 5
4305 23 22 6
4306 10 9 5
4307 9 8 4
4308 18 17 7
4309 23 22 6
4310 12 11 5
4311 9 9 5
4312 15 14 6
4313 14 14 6
4314 12 12 6
4315 10 10 6
4316 12 11 5
4317 15 15 5
4318 5 5 5
4319 12 11 5
4320 13 13 5
4321 13 12 6
4322 18 18 8
4323 10 10 4
4324 16 15 7
4325 11 10 6
4326 14 14 6
4327 18 18 6
4328 12 11 5
4329 11 10 4
4330 12 11 5
4331 13 12 4
4332 10 9 5
4333 13 13 5
4334 13 13 5
4335 11 11 5
4336 9 9 5
4337 11 10 6
4338 10 9 5
4339 11 11 5
4340 13 12 4
4341 14 13 5
4342 11 10 4
4343 18 17 7
4344 15 14 6
4345 6 6 6
4346 13 12 4
4347 6 5 4
4348 10 9 5
4349 13 13 5
4350 11 11 5
4351 13 12 4
4352 6 5 4
4353 12 11 5
4354 9 9 5
4355 21 21 7
4356 19 19 5
4357 11 11 5
4358 11 11 5
4359 17 16 6
4360 26 25 5
4361 11 10 4
4362 20 19 5
4363 13 13 5
4364 23 22 4
4365 10 9 5
4366 21 21 7
4367 21 20 6
4368 20 20 6
4369 26 25 9
4370 17 16 6
4371 14 13 5
4372 27 26 6
4373 14 14 4
4374 24 23 5
4375 17 16 6
4376 12 11 5
4377 21 21 5
4378 27 27 5
4379 43 43 7
4380 21 21 5
4381 31 31 5
4382 23 23 5
4383 27 26 6
4384 24 24 4
4385 24 23 5
4386 31 30 4
4387 40 39 7
4388 35 35 7
4389 33 32 8
4390 44 43 11
4391 37 36 8
4392 48 47 11
4393 29 28 6
4394 24 24 6
4395 22 21 5
4396 51 51 9
4397 19 19 5
4398 19 18 6
4399 22 21 7
4400 27 26 6
4401 12 11 5
4402 23 22 4
4403 16 15 7
4404 23 23 5
4405 21 21 7
4406 27 27 7
4407 27 27 5
4408 19 18 6
4409 24 23 9
4410 17 16 6
4411 32 31 11
4412 25 24 10
4413 28 28 6
4414 22 22 6
4415 20 20 6
4416 18 18 4
4417 22 21 5
4418 25 24 6
4419 12 11 5
4420 21 20 4
4421 28 27 7
4422 15 15 5
4423 39 38 6
4424 36 36 8
4425 18 18 4
4426 24 23 5
4427 29 28 6
4428 16 16 4
4429 24 23 5
4430 37 36 8
4431 24 24 4
4432 22 21 5
4433 21 21 7
4434 19 18 6
4435 36 36 10
4436 28 28 4
4437 18 17 5
4438 19 18 6
4439 18 18 6
4440 16 15 5
4441 27 26 6
4442 28 27 7
4443 25 25 9
4444 15 14 4
4445 28 27 7
4446 13 12 4
4447 24 23 5
4448 25 25 5
4449 25 25 7
4450 19 19 5
4451 19 19 5
4452 19 18 4
4453 14 13 7
4454 27 26 4
4455 16 15 5
4456 31 30 8
4457 20 19 7
4458 13 12 4
4459 34 33 9
4460 19 18 6
4461 22 22 8
4462 26 25 5
4463 29 29 11
4464 17 16 6
4465 26 25 7
4466 25 24 6
4467 18 17 5
4468 35 34 6
4469 38 38 8
4470 20 20 6
4471 32 32 6
4472 16 15 5
4473 25 25 7
4474 27 26 6
4475 22 21 7
4476 23 22 6
4477 26 25 5
4478 27 26 4
4479 14 13 5
4480 33 33 5
4481 27 26 6
4482 30 29 7
4483 25 24 4
4484 26 25 7
4485 23 22 6
4486 22 22 6
4487 18 18 6
4488 26 26 6
4489 24 23 5
4490 19 18 6
4491 14 14 6
4492 32 32 4
4493 20 19 5
4494 27 26 6
4495 26 26 6
4496 14 13 5
4497 19 18 6
4498 18 17 5
4499 29 28 4
4500 22 21 5
4501 17 16 6
4502 28 27 7
4503 21 20 6
4504 12 12 4
4505 22 21 5
4506 17 16 6
4507 14 14 6
4508 24 24 4
4509 18 17 5
4510 17 16 6
4511 32 32 6
4512 22 21 5
4513 25 24 6
4514 12 12 4
4515 22 21 5
4516 33 32 6
4517 12 12 4
4518 16 15 5
4519 11 10 4
4520 30 29 7
4521 23 22 6
4522 20 20 4
4523 20 19 5
4524 23 23 5
4525 19 18 4
4526 18 17 7
4527 19 18 4
4528 16 15 5
4529 19 18 6
4530 16 15 5
4531 17 17 5
4532 13 13 5
4533 17 17 5
4534 23 23 5
4535 9 8 4
4536 20 19 5
4537 11 11 5
4538 9 9 5
4539 11 10 4
4540 12 11 5
4541 17 16 6
4542 12 12 6
4543 10 10 6
4544 10 10 4
4545 16 15 5
4546 13 12 4
4547 14 13 7
4548 25 24 6
4549 14 13 5
4550 19 19 5
4551 13 13 5
4552 13 12 6
4553 18 18 6
4554 16 16 4
4555 14 13 5
4556 17 16 6
4557 16 16 4
4558 12 11 5
4559 13 13 5
4560 15 15 5
4561 13 13 5
4562 13 12 4
4563 26 25 7
4564 13 12 4
4565 12 11 5
4566 21 20 6
4567 8 8 4
4568 12 11 5
4569 11 10 4
4570 14 13 5
4571 13 13 5
4572 17 16 6
4573 6 6 6
4574 9 8 4
4575 14 13 5
4576 15 14 6
4577 20 19 5
4578 5 5 5
4579 10 9 5
4580 17 16 6
4581 18 18 6
4582 6 5 4
4583 20 19 5
4584 9 9 5
4585 19 19 7
4586 13 12 6
4587 20 20 6
4588 24 23 7
4589 11 11 5
4590 21 20 6
4591 16 16 4
4592 18 17 5
4593 19 19 5
4594 27 26 6
4595 44 44 8
4596 36 36 6
4597 30 30 4
4598 18 17 5
4599 25 25 7
4600 31 31 7
4601 37 36 6
4602 38 38 8
4603 42 42 6
4604 34 33 5
4605 49 49 11
4606 39 38 8
4607 34 33 5
4608 29 29 5
4609 19 19 5
4610 41 41 9
4611 39 39 9
4612 27 27 7
4613 23 23 5
4614 25 25 5
4615 31 31 7
4616 31 31 5
4617 33 33 7
4618 29 28 8
4619 20 19 5
4620 27 27 5
4621 29 29 7
4622 17 17 5
4623 35 35 7
4624 33 33 9
4625 29 28 6
4626 14 14 6
4627 14 14 6
4628 16 16 6
4629 18 17 5
4630 31 31 9
4631 31 30 6
4632 28 28 14
4633 28 28 6
4634 40 40 8
4635 24 24 6
4636 16 15 5
4637 17 16 4
4638 14 13 5
4639 15 14 4
4640 20 19 5
4641 11 10 4
4642 24 23 5
4643 21 21 5
4644 19 18 4
4645 18 17 5
4646 9 9 5
4647 17 16 6
4648 18 17 5
4649 15 14 6
4650 20 20 6
4651 12 11 5
4652 21 20 6
4653 18 18 4
4654 18 17 5
4655 13 12 6
4656 14 14 6
4657 16 16 6
4658 12 12 6
4659 22 22 6
4660 16 16 6
4661 18 18 6
4662 18 18 6
4663 16 16 6
4664 12 12 4
4665 18 17 5
4666 15 14 4
4667 14 13 5
4668 15 15 5
4669 5 5 5
4670 12 11 5
4671 17 17 5
4672 13 12 6
4673 24 24 6
4674 14 13 5
4675 17 16 4
4676 12 11 5
4677 15 15 5
4678 19 19 5
4679 23 22 4
4680 22 21 7
4681 17 16 6
4682 18 17 5
4683 13 12 4
4684 18 17 5
4685 17 17 5
4686 9 8 4
4687 28 27 5
4688 33 33 5
4689 17 17 5
4690 33 33 5
4691 35 34 8
4692 20 20 4
4693 14 13 5
4694 29 28 6
4695 18 17 5
4696 25 24 6
4697 18 18 6
4698 16 16 4
4699 32 31 7
4700 19 19 5
4701 21 20 4
4702 34 33 7
4703 19 19 5
4704 27 27 5
4705 15 14 4
4706 24 23 5
4707 23 23 5
4708 27 26 6
4709 22 21 5
4710 47 46 8
4711 26 25 5
4712 23 23 5
4713 39 39 11
4714 21 20 6
4715 26 26 4
4716 24 23 5
4717 27 26 6
4718 20 20 6
4719 30 29 7
4720 31 31 5
4721 29 28 4
4722 26 25 7
4723 31 30 6
4724 26 26 4
4725 24 23 7
4726 37 36 8
4727 26 26 6
4728 24 24 6
4729 24 24 6
4730 18 18 4
4731 26 25 5
4732 37 36 6
4733 22 21 7
4734 25 24 4
4735 30 29 7
4736 37 37 7
4737 35 35 7
4738 25 25 5
4739 37 36 6
4740 50 49 11
4741 31 30 6
4742 42 41 13
4743 27 26 8
4744 52 52 14
4745 32 32 6
4746 34 33 9
4747 21 21 7
4748 29 28 6
4749 32 31 5
4750 25 25 5
4751 39 39 9
4752 29 28 6
4753 36 36 6
4754 24 24 6
4755 22 22 6
4756 26 26 6
4757 26 26 8
4758 22 22 6
4759 32 32 8
4760 36 35 11
4761 29 29 7
4762 29 28 6
4763 22 21 5
4764 27 26 8
4765 34 34 8
4766 22 22 4
4767 24 23 5
4768 31 30 6
4769 34 33 7
4770 19 18 6
4771 38 38 6
4772 18 17 5
4773 33 32 6
4774 38 38 6
4775 34 34 4
4776 34 33 9
4777 47 47 5
4778 39 38 10
4779 28 28 6
4780 28 27 5
4781 23 23 7
4782 27 26 6
4783 28 28 6
4784 20 20 4
4785 30 29 7
4786 27 26 6
4787 22 21 5
4788 23 23 5
4789 23 23 5
4790 29 29 7
4791 25 24 4
4792 30 29 9
4793 21 20 6
4794 36 36 6
4795 16 15 5
4796 15 15 5
4797 21 20 4
4798 16 15 5
4799 15 14 6
4800 24 24 4
4801 26 25 5
4802 11 10 4
4803 16 15 5
4804 23 22 6
4805 12 12 4
4806 20 19 5
4807 21 20 4
4808 14 13 5
4809 19 18 6
4810 14 14 6
4811 20 19 5
4812 23 22 4
4813 18 17 5
4814 17 16 6
4815 12 12 4
4816 16 15 5
4817 25 25 7
4818 21 20 4
4819 24 23 5
4820 19 18 4
4821 18 17 5
4822 21 21 5
4823 23 23 5
4824 19 19 5
4825 19 18 4
4826 12 11 5
4827 17 16 6
4828 20 20 4
4829 14 13 5
4830 11 11 5
4831 35 34 6
4832 22 22 6
4833 26 25 5
4834 21 21 5
4835 25 24 6
4836 20 20 6
4837 18 18 6
4838 14 14 4
4839 20 19 5
4840 23 23 5
4841 17 17 5
4842 19 18 4
4843 18 17 5
4844 15 14 4
4845 20 19 5
4846 25 24 6
4847 24 24 6
4848 18 18 4
4849 18 17 5
4850 19 18 4
4851 22 21 5
4852 11 11 5
4853 13 12 6
4854 20 20 4
4855 12 11 5
4856 21 20 6
4857 16 16 6
4858 12 12 6
4859 12 12 4
4860 22 21 7
4861 11 11 5
4862 17 16 6
4863 14 14 6
4864 10 10 6
4865 12 12 6
4866 10 10 6
4867 14 13 5
4868 11 10 4
4869 22 21 5
4870 9 8 4
4871 16 15 5
4872 13 12 6
4873 12 11 5
4874 25 24 8
4875 20 20 6
4876 16 15 5
4877 17 16 4
4878 12 11 5
4879 11 10 4
4880 14 13 5
4881 19 19 7
4882 13 12 6
4883 6 6 6
4884 13 13 5
4885 11 11 5
4886 25 24 8
4887 10 10 4
4888 14 13 5
4889 9 8 4
4890 20 19 9
4891 17 16 6
4892 14 14 4
4893 16 15 7
4894 11 11 5
4895 11 11 5
4896 15 14 4
4897 12 11 5
4898 19 18 4
4899 14 13 7
4900 9 8 4
4901 14 13 5
4902 13 12 6
4903 12 12 6
4904 10 10 4
4905 12 11 5
4906 11 10 4
4907 18 17 7
4908 11 10 6
4909 10 10 4
4910 10 9 5
4911 13 13 5
4912 11 11 5
4913 17 16 4
4914 16 15 5
4915 17 17 5
4916 13 12 4
4917 12 11 5
4918 11 10 4
4919 10 9 5
4920 19 18 6
4921 10 10 4
4922 20 19 5
4923 13 13 5
4924 11 10 4
4925 12 11 7
4926 11 11 5
4927 11 10 6
4928 8 8 4
4929 12 11 5
4930 19 18 8
4931 12 12 4
4932 14 13 5
4933 9 9 5
4934 11 10 6
4935 12 11 5
4936 15 14 6
4937 10 10 4
4938 12 11 5
4939 9 8 4
4940 16 15 5
4941 15 14 6
4942 16 16 6
4943 14 14 6
4944 14 13 5
4945 11 11 5
4946 11 11 7
4947 13 12 6
4948 6 6 6
4949 15 14 6
4950 16 16 6
4951 14 13 5
4952 15 14 6
4953 26 26 6
4954 12 11 5
4955 11 11 5
4956 13 13 5
4957 13 12 4
4958 10 9 5
4959 13 12 4
4960 16 15 5
4961 13 12 6
4962 8 8 4
4963 6 5 4
4964 18 17 5
4965 13 13 5
4966 7 6 5
4967 13 12 6
4968 10 10 6
4969 18 17 5
4970 17 16 6
4971 8 8 4
4972 12 11 5
4973 13 13 5
4974 17 16 6
4975 12 12 4
4976 16 15 7
4977 7 6 5
4978 19 18 6
4979 12 12 4
4980 20 19 5
4981 35 34 6
4982 20 20 4
4983 16 15 5
4984 27 27 5
4985 15 15 5
4986 19 18 6
4987 14 14 4
4988 16 15 5
4989 19 18 8
4990 18 18 6
4991 34 33 7
4992 21 20 6
4993 24 23 5
4994 25 24 6
4995 14 13 5
4996 19 18 6
4997 16 16 4
4998 28 27 7
4999 17 16 8
