0 204 203 83
1 119 119 84
2 136 136 84
3 238 238 84
4 152 152 83
5 169 169 83
6 187 187 84
7 136 136 84
8 186 186 83
9 187 187 84
10 136 136 84
11 118 118 83
12 85 85 85
13 102 102 84
14 136 136 84
15 136 136 84
16 136 136 84
17 204 204 84
18 118 118 83
19 135 135 83
20 153 153 84
21 118 118 83
22 153 153 84
23 136 136 84
24 102 102 84
25 118 118 83
26 135 135 83
27 101 101 83
28 101 101 83
29 153 153 84
30 136 136 84
31 136 136 84
32 102 102 84
33 102 102 84
34 118 118 83
35 119 119 84
36 136 136 84
37 84 84 84
38 187 187 84
39 152 152 83
40 119 119 84
41 136 136 84
42 136 136 84
43 102 102 84
44 118 118 83
45 119 119 84
46 136 136 84
47 118 118 83
48 221 221 84
49 118 118 83
50 169 169 83
51 203 203 83
52 85 85 85
53 136 136 84
54 84 84 84
55 101 101 83
56 135 135 83
57 169 169 83
58 237 237 83
59 169 169 83
60 203 203 83
61 153 153 84
62 152 152 83
63 305 305 83
64 271 271 83
65 323 323 84
66 220 220 83
67 153 153 84
68 136 136 84
69 204 204 84
70 170 170 84
71 186 186 83
72 237 237 83
73 203 203 83
74 119 119 84
75 186 186 83
76 153 153 84
77 220 220 83
78 221 221 84
79 152 152 83
80 187 187 84
81 118 118 83
82 255 255 84
83 220 220 83
84 203 203 83
85 221 221 84
86 356 356 83
87 305 305 83
88 153 153 84
89 186 186 83
90 237 237 83
91 323 323 84
92 204 204 84
93 306 306 84
94 238 238 84
95 204 204 84
96 204 204 84
97 220 220 83
98 203 203 83
99 187 187 84
