0 14 13 5
1 15 14 4
2 10 9 5
3 21 20 10
4 14 14 6
5 10 9 5
6 9 8 7
7 31 30 6
8 22 21 7
9 7 6 5
10 11 11 5
11 13 12 6
12 16 15 7
13 13 12 6
14 18 18 6
15 12 11 5
16 15 14 6
17 12 12 6
18 12 12 6
19 10 9 5
20 15 14 8
21 8 8 4
22 16 15 5
23 15 15 7
24 7 6 5
25 15 15 5
26 9 8 4
27 16 15 7
28 27 26 6
29 20 19 5
30 9 8 4
31 16 15 5
32 17 17 5
33 13 13 7
34 17 16 4
35 16 15 5
36 35 34 6
37 22 22 6
38 20 20 6
39 18 18 4
40 20 19 5
41 39 39 5
42 27 26 6
43 24 24 6
44 12 12 4
45 24 23 5
46 21 21 5
47 17 16 4
48 12 11 5
49 17 16 4
50 22 21 5
51 21 20 4
52 12 11 5
53 25 24 6
54 18 18 6
55 14 13 5
56 9 9 5
57 27 26 6
58 16 16 4
59 30 29 5
60 23 22 6
61 14 13 5
62 23 22 4
63 28 27 7
64 17 16 4
65 20 19 5
66 11 10 4
67 20 19 5
68 17 17 5
69 13 12 4
70 18 17 5
71 25 25 7
72 27 26 8
73 16 16 6
74 28 27 9
75 21 20 8
76 16 16 4
77 16 15 5
78 21 21 7
79 15 15 5
80 19 19 7
81 13 13 5
82 19 19 5
83 17 17 5
84 15 14 6
85 10 10 4
86 16 15 5
87 15 15 5
88 15 14 8
89 18 18 8
90 14 14 8
91 16 15 5
92 15 14 4
93 12 11 5
94 25 25 5
95 9 9 5
96 21 20 8
97 24 24 8
98 22 22 10
99 20 20 6
100 22 21 7
101 13 13 7
102 17 17 7
103 7 6 5
104 17 16 6
105 18 17 7
106 15 14 6
107 24 24 8
108 10 9 5
109 21 20 8
110 16 15 7
111 17 17 7
112 15 14 8
113 18 18 8
114 12 11 5
115 17 16 8
116 16 16 6
117 16 15 5
118 9 9 5
119 13 13 7
120 9 8 4
121 20 19 7
122 19 18 10
123 18 18 6
124 22 21 9
125 25 25 7
126 5 5 5
127 14 13 5
128 13 13 7
129 17 16 4
130 12 11 5
131 29 29 11
132 21 20 8
133 22 22 8
134 8 8 4
135 10 9 5
136 13 12 6
137 22 22 10
138 6 6 6
139 17 16 4
140 14 13 5
141 15 14 8
142 14 14 6
143 26 25 7
144 9 8 4
145 32 31 9
146 11 10 6
147 14 13 7
148 11 11 5
149 21 21 7
150 11 10 4
151 16 15 7
152 19 19 5
153 17 16 6
154 12 11 5
155 13 13 5
156 17 16 8
157 12 11 5
158 21 21 7
159 13 12 6
160 14 14 6
161 10 9 5
162 15 14 8
163 12 12 6
164 16 15 7
165 15 14 4
166 20 19 5
167 17 17 7
168 15 14 8
169 16 16 6
170 14 14 6
171 22 22 12
172 8 8 8
173 15 14 8
174 16 15 7
175 15 14 8
176 30 30 8
177 12 12 6
178 18 17 5
179 9 8 4
180 20 19 5
181 9 8 4
182 26 25 9
183 13 12 4
184 16 15 5
185 9 9 5
186 13 12 6
187 14 14 8
188 14 14 6
189 10 9 5
190 15 14 6
191 16 15 9
192 15 15 9
193 11 10 6
194 10 9 5
195 15 15 7
196 19 18 6
197 14 14 6
198 14 14 8
199 10 10 6
