0 22 21 5
1 11 10 4
2 14 13 5
3 25 25 5
4 15 15 5
5 19 18 6
6 18 18 4
7 14 13 5
8 21 20 6
9 20 19 5
10 13 12 4
11 12 11 5
12 5 5 5
13 10 9 5
14 13 13 5
15 13 13 5
16 15 14 6
17 22 21 5
18 11 11 5
19 15 14 6
20 14 14 4
21 12 11 5
22 15 15 5
23 13 12 4
24 10 9 5
25 13 12 6
26 14 13 5
27 9 8 4
28 10 9 5
29 15 15 5
30 13 13 5
31 15 14 6
32 8 8 4
33 10 9 5
34 13 12 6
35 12 12 6
36 12 12 4
37 8 7 6
38 18 18 4
39 16 15 5
40 11 11 5
41 13 13 5
42 13 13 5
43 9 8 4
44 12 11 5
45 13 12 6
46 14 14 6
47 10 10 4
48 24 23 5
49 11 11 5
50 17 16 4
51 22 21 5
52 5 5 5
53 14 13 5
54 5 5 5
55 10 9 5
56 13 12 4
57 18 17 5
58 25 25 5
59 17 17 5
60 23 22 6
61 14 14 4
62 16 15 5
63 37 36 8
64 28 28 4
65 36 35 5
66 23 23 5
67 17 16 6
68 12 12 4
69 22 21 5
70 17 17 5
71 19 18 4
72 26 25 5
73 21 21 5
74 11 10 4
75 20 19 5
76 15 15 5
77 23 22 4
78 24 23 5
79 17 16 6
80 20 19 5
81 11 11 5
82 29 28 6
83 24 24 6
84 20 20 4
85 24 23 5
86 41 40 6
87 34 34 6
88 16 15 5
89 21 20 6
90 26 26 6
91 36 36 6
92 20 20 4
93 34 33 5
94 25 25 5
95 21 20 4
96 22 21 5
97 23 23 5
98 23 22 6
99 20 19 5
100 25 24 6
101 22 21 5
102 31 30 6
103 20 20 4
104 18 17 5
105 13 13 5
106 17 16 4
107 26 25 5
108 21 20 6
109 20 20 6
110 16 16 4
111 26 25 5
112 19 19 5
113 19 19 5
114 31 30 6
115 20 19 5
116 21 21 5
117 29 29 5
118 21 21 5
119 27 27 7
120 15 14 6
121 16 16 4
122 20 19 7
123 35 34 6
124 22 22 6
125 28 28 6
126 22 22 4
127 34 33 5
128 27 27 5
129 17 16 4
130 16 15 5
131 21 21 5
132 17 16 4
133 20 19 7
134 25 24 4
135 30 29 5
136 19 18 6
137 14 14 4
138 24 23 5
139 21 21 5
140 17 17 5
141 27 26 6
142 22 22 6
143 30 30 4
144 20 19 5
145 23 23 5
146 13 12 4
147 20 19 5
148 19 19 5
149 21 20 6
150 28 28 6
151 26 25 5
152 25 24 6
153 26 26 6
154 18 18 6
155 32 31 5
156 17 17 5
157 25 25 5
158 17 17 5
159 27 27 5
160 27 26 8
161 18 18 4
162 30 29 5
163 29 29 5
164 21 21 5
165 15 15 5
166 17 16 4
167 22 21 7
168 31 30 6
169 24 24 4
170 22 21 7
171 25 24 6
172 24 24 6
173 20 20 4
174 30 29 5
175 19 19 5
176 23 23 5
177 35 34 4
178 32 31 9
179 31 30 6
180 26 26 6
181 26 26 6
182 22 22 4
183 28 27 5
184 25 24 4
185 30 29 5
186 35 34 8
187 26 26 4
188 26 25 5
189 21 21 5
190 31 30 6
191 26 26 6
192 14 14 6
193 14 14 4
194 18 17 5
195 17 17 5
196 23 22 6
197 18 18 4
198 26 25 5
199 25 25 5
