0 30 29 5
1 15 15 5
2 15 14 6
3 6 6 6
4 13 12 6
5 14 14 4
6 14 13 5
7 17 17 5
8 31 30 6
9 24 24 4
10 20 19 5
11 25 24 6
12 16 16 4
13 12 11 5
14 9 9 5
15 23 22 4
16 20 19 5
17 23 23 5
18 9 9 5
19 9 8 4
20 14 13 5
21 17 16 6
22 16 15 5
23 17 16 6
24 20 20 4
25 24 23 5
26 21 20 4
27 16 15 5
28 21 21 7
29 23 22 4
30 14 13 5
31 15 15 5
32 19 18 4
33 22 21 5
34 13 12 4
35 12 11 5
36 13 13 5
37 15 15 5
38 11 10 4
39 24 23 5
40 19 18 6
41 26 26 4
42 22 21 5
43 19 18 6
44 18 18 4
45 32 31 5
46 49 48 4
47 34 33 5
48 27 26 4
49 18 17 5
50 21 20 6
51 26 26 4
52 34 33 5
53 33 33 5
54 25 24 4
55 24 23 5
56 25 25 5
57 27 26 4
58 36 35 5
59 29 28 4
60 22 21 5
61 15 14 4
62 24 23 5
63 19 18 4
64 16 15 5
65 29 28 6
66 26 25 7
67 29 28 4
68 20 19 5
69 37 36 4
70 24 23 5
71 25 24 4
72 26 25 5
73 21 21 5
74 23 22 4
75 12 11 5
76 21 21 5
77 31 30 4
78 30 29 7
79 27 27 5
80 23 22 4
81 30 29 5
82 27 26 4
83 18 17 5
84 37 36 6
85 34 34 6
86 32 32 6
87 28 28 4
88 28 27 5
89 39 38 8
90 30 30 4
91 28 27 7
92 15 14 4
93 32 31 7
94 13 12 4
95 40 39 11
96 23 23 5
97 17 17 5
98 35 34 6
99 16 15 7
100 27 26 6
101 26 26 4
102 38 37 5
103 25 24 4
104 26 25 5
105 31 30 4
106 24 23 5
107 17 16 4
108 30 29 5
109 21 20 6
110 20 20 6
111 30 30 4
112 24 23 5
113 19 18 4
114 34 33 5
115 17 16 6
116 10 10 4
117 34 33 5
118 13 12 6
119 16 16 4
120 24 23 5
121 21 20 4
122 28 27 5
123 13 13 5
124 25 24 6
125 12 12 4
126 18 17 5
127 27 26 6
128 14 13 5
129 27 26 6
130 24 24 6
131 24 24 4
132 30 29 5
133 23 22 4
134 22 21 5
135 23 22 6
136 22 21 5
137 25 25 5
138 21 21 5
139 29 28 6
140 22 22 4
141 22 21 5
142 35 34 6
143 24 24 6
144 22 21 5
145 21 20 4
146 30 29 5
147 31 30 4
148 18 17 5
149 25 24 6
150 24 24 6
151 16 16 4
152 22 21 5
153 27 26 6
154 16 16 4
155 20 19 5
156 21 20 4
157 16 15 5
158 25 24 6
159 22 22 4
160 16 15 5
161 17 16 6
162 20 20 4
163 24 23 5
164 21 20 4
165 22 21 5
166 15 14 4
167 20 19 5
168 17 17 5
169 25 24 6
170 14 14 4
171 12 11 5
172 15 14 6
173 14 14 4
174 32 31 5
175 21 20 4
176 18 17 5
177 13 12 6
178 14 14 4
179 18 17 5
180 19 19 5
181 9 9 5
182 13 12 4
183 32 31 5
184 11 11 5
185 23 23 5
186 17 16 4
187 18 17 5
188 15 14 6
189 22 22 6
190 14 14 4
191 14 13 5
192 15 14 4
193 18 17 5
194 11 10 4
195 14 13 5
196 21 20 6
197 26 26 4
198 24 23 5
199 17 17 5
200 17 16 4
201 6 5 4
202 14 13 5
203 21 21 5
204 15 15 5
205 11 11 5
206 15 14 4
207 12 11 5
208 17 16 6
209 24 24 4
210 16 15 5
211 11 10 4
212 16 15 5
213 19 18 4
214 14 13 5
215 15 14 4
216 14 13 5
217 17 16 6
218 24 24 4
219 24 23 5
220 15 14 4
221 16 15 5
222 11 10 4
223 10 9 5
224 13 12 6
225 20 20 6
226 6 6 6
227 21 20 6
228 20 20 6
229 16 16 4
230 16 15 5
231 15 14 4
232 28 27 5
233 13 13 5
234 25 24 6
235 8 8 4
236 14 13 5
237 21 20 6
238 8 8 4
239 14 13 5
240 9 8 4
241 12 11 5
242 11 10 4
243 18 17 5
244 13 12 4
245 10 9 5
246 13 12 6
247 22 21 7
248 17 16 4
249 26 25 5
250 19 18 6
251 16 16 4
252 12 11 5
253 13 12 6
254 20 20 4
255 14 13 5
256 23 22 4
257 26 25 7
258 23 22 6
259 20 20 6
260 10 10 4
261 14 13 5
262 15 14 6
263 18 18 6
264 26 26 4
265 18 17 5
266 19 19 5
267 11 10 4
268 20 19 5
269 15 14 4
270 12 11 5
271 13 12 6
272 14 14 4
273 14 13 5
274 15 15 5
275 23 22 6
276 14 14 4
277 24 23 5
278 15 15 7
279 29 28 4
280 20 19 5
281 29 28 6
282 18 18 6
283 16 16 4
284 18 17 5
285 19 19 5
286 9 8 4
287 34 33 7
288 15 14 4
289 20 19 5
290 13 13 5
291 33 32 6
292 20 20 6
293 14 14 4
294 16 15 5
295 21 20 4
296 26 25 7
297 15 14 4
298 22 21 5
299 19 18 6
300 10 10 4
301 16 15 5
302 15 14 4
303 30 29 7
304 19 18 4
305 24 23 5
306 13 12 6
307 24 24 4
308 18 17 5
309 27 26 4
310 18 17 5
311 13 12 4
312 12 11 5
313 19 18 4
314 18 17 7
315 23 22 4
316 24 23 5
317 19 18 4
318 16 15 5
319 11 10 4
320 12 11 5
321 21 21 5
322 21 20 6
323 14 14 6
324 22 22 4
325 18 17 5
326 15 14 4
327 22 21 5
328 13 12 4
329 14 13 5
330 29 29 5
331 19 19 5
332 27 26 4
333 20 19 5
334 13 12 4
335 6 5 4
336 16 15 5
337 17 16 4
338 20 19 5
339 27 26 4
340 24 23 5
341 9 9 5
342 11 11 5
343 15 14 4
344 12 11 5
345 15 14 4
346 22 21 7
347 31 30 4
348 16 15 5
349 9 8 4
350 18 17 5
351 15 14 6
352 12 11 5
353 19 18 4
354 16 15 5
355 23 22 4
356 20 19 5
357 15 15 5
358 11 10 4
359 18 17 5
360 11 10 4
361 26 25 5
362 17 17 5
363 25 25 5
364 21 20 4
365 18 17 5
366 25 24 4
367 16 15 5
368 23 22 6
369 20 20 4
370 26 25 5
371 11 11 5
372 17 16 4
373 12 11 5
374 17 16 6
375 22 21 5
376 15 14 4
377 22 21 5
378 25 25 5
379 23 23 5
380 9 8 4
381 18 17 5
382 27 27 5
383 15 14 4
384 20 19 5
385 25 24 6
386 18 18 6
387 38 38 4
388 34 33 5
389 29 28 4
390 34 33 5
391 17 16 4
392 20 19 5
393 15 15 5
394 25 24 4
395 26 25 5
396 29 28 6
397 12 12 4
398 14 13 5
399 17 16 6
400 16 16 6
401 26 26 4
402 24 23 5
403 31 30 4
404 18 17 5
405 11 10 4
406 26 25 5
407 19 18 4
408 28 27 7
409 23 22 6
410 18 18 4
411 14 13 5
412 23 22 4
413 14 13 5
414 33 32 4
415 32 31 5
416 35 34 6
417 14 14 4
418 20 19 5
419 29 29 5
420 31 31 5
421 19 18 4
422 10 9 5
423 19 18 4
424 22 21 5
425 29 28 6
426 42 41 5
427 27 26 6
428 18 18 4
429 16 15 5
430 23 22 4
431 24 23 5
432 35 35 5
433 33 32 4
434 24 23 5
435 13 12 4
436 32 31 5
437 17 16 6
438 28 28 4
439 40 39 5
440 37 36 6
441 32 32 4
442 32 31 5
443 35 34 6
444 34 34 4
445 38 37 5
446 27 26 4
447 34 33 5
448 27 26 4
449 38 37 5
450 19 18 6
451 26 26 4
452 24 23 5
453 51 50 4
454 38 37 5
455 49 48 4
456 48 47 5
457 27 26 4
458 36 35 5
459 33 32 4
460 50 49 5
461 47 46 4
462 30 29 5
463 35 35 5
464 29 29 5
465 37 36 4
466 52 51 5
467 51 51 5
468 35 34 4
469 42 41 5
470 43 42 4
471 48 47 5
472 43 42 4
473 36 35 5
474 45 44 4
475 26 25 5
476 41 40 4
477 48 47 5
478 29 28 6
479 52 52 4
480 40 39 5
481 55 54 4
482 44 43 5
483 43 42 4
484 52 51 5
485 39 38 4
486 44 43 5
487 37 36 4
488 46 45 5
489 41 40 4
490 48 47 5
491 33 32 4
492 48 47 5
493 35 34 4
494 50 49 5
495 39 39 5
496 39 38 4
497 38 37 5
498 37 36 4
499 34 33 5
500 37 36 4
501 38 37 5
502 47 46 4
503 52 51 7
504 45 44 4
505 42 41 5
506 51 50 4
507 58 57 5
508 47 46 4
509 52 51 5
510 47 47 5
511 55 54 4
512 40 39 5
513 43 42 4
514 28 27 5
515 47 47 5
516 59 58 6
517 38 38 4
518 30 29 5
519 39 39 5
520 47 46 4
521 42 41 5
522 41 40 4
523 44 43 5
524 55 54 4
525 50 49 5
526 49 49 5
527 45 44 4
528 52 51 5
529 33 32 4
530 48 47 5
531 43 42 4
532 46 45 5
533 57 56 4
534 36 35 5
535 51 50 4
536 36 35 5
537 41 41 5
538 55 54 4
539 34 33 5
540 39 39 5
541 57 57 5
542 63 63 5
543 55 54 6
544 42 42 6
545 32 32 4
546 44 43 5
547 55 55 5
548 43 42 4
549 46 45 5
550 39 39 5
551 61 60 4
552 56 55 5
553 51 50 4
554 70 69 5
555 43 42 4
556 54 53 5
557 59 58 4
558 60 59 5
559 53 53 5
560 55 55 5
561 41 41 5
562 55 54 4
563 70 69 5
564 43 42 4
565 38 37 5
566 65 64 4
567 58 57 5
568 43 43 5
569 59 58 4
570 30 29 5
571 61 61 5
572 49 49 5
573 43 43 7
574 49 49 5
575 57 56 4
576 54 53 5
577 37 36 4
578 56 55 5
579 43 42 4
580 52 51 5
581 31 30 4
582 44 43 5
583 33 33 5
584 47 46 4
585 46 45 5
586 49 48 4
587 40 39 5
588 49 49 5
589 53 52 6
590 32 32 4
591 64 63 5
592 35 34 6
593 58 57 5
594 59 58 4
595 46 45 5
596 43 42 4
597 44 43 5
598 53 53 5
599 49 49 5
600 43 42 6
601 44 44 6
602 46 46 4
603 38 37 5
604 49 49 5
605 37 36 4
606 42 41 5
607 47 46 6
608 38 38 6
609 42 42 8
610 40 40 6
611 26 26 6
612 34 34 6
613 48 47 5
614 35 34 6
615 32 32 4
616 42 41 5
617 45 44 4
618 42 41 5
619 47 46 4
620 44 43 5
621 31 30 4
622 40 39 5
623 31 31 5
624 29 28 4
625 54 53 7
626 35 34 4
627 60 59 5
628 39 38 4
629 50 49 5
630 47 46 6
631 50 50 6
632 46 46 4
633 36 35 5
634 45 45 5
635 43 42 4
636 54 53 5
637 55 55 5
638 47 46 6
639 52 52 4
640 52 51 5
641 49 49 5
642 53 53 5
643 49 48 4
644 42 41 5
645 41 40 4
646 42 41 5
647 39 39 5
648 27 26 4
649 50 49 5
650 57 56 4
651 30 29 5
652 49 48 4
653 36 35 5
654 57 56 6
655 48 48 4
656 46 45 5
657 55 54 4
658 54 53 5
659 31 31 5
660 39 38 4
661 46 45 5
662 35 35 5
663 31 30 4
664 56 55 5
665 37 37 5
666 51 50 4
667 34 33 5
668 41 40 4
669 38 37 5
670 45 44 4
671 44 43 5
672 33 32 4
673 36 35 5
674 41 40 4
675 62 61 7
676 59 58 8
677 36 36 4
678 60 59 5
679 47 46 4
680 42 41 5
681 37 36 4
682 58 57 5
683 55 55 7
684 55 54 4
685 42 41 5
686 57 56 6
687 46 46 4
688 34 33 5
689 39 38 4
690 50 49 5
691 47 46 4
692 52 51 5
693 59 59 5
694 67 67 5
695 41 40 4
696 40 39 5
697 27 26 4
698 58 57 5
699 49 49 5
700 55 54 4
701 38 37 5
702 49 48 4
703 54 53 5
704 53 52 4
705 44 43 5
706 35 34 6
707 56 56 4
708 48 47 5
709 47 46 4
710 54 53 5
711 41 40 4
712 56 55 5
713 53 52 4
714 32 31 5
715 53 52 4
716 66 65 5
717 47 46 4
718 58 57 5
719 37 36 4
720 44 43 5
721 49 48 4
722 66 65 5
723 47 46 4
724 46 45 5
725 55 54 4
726 48 47 5
727 69 68 4
728 64 63 5
729 49 48 4
730 28 27 5
731 47 46 4
732 38 37 5
733 47 46 4
734 52 51 5
735 53 52 4
736 48 47 7
737 31 30 4
738 56 55 5
739 35 34 6
740 30 30 6
741 36 36 4
742 24 23 5
743 55 54 6
744 28 28 4
745 34 33 5
746 53 52 6
747 34 34 4
748 30 29 5
749 27 26 4
750 30 29 5
751 23 22 4
752 46 45 5
753 33 32 4
754 28 27 5
755 37 36 4
756 36 35 5
757 21 20 4
758 48 47 5
759 19 18 4
760 32 31 5
761 47 46 6
762 34 33 5
763 31 30 6
764 24 24 4
765 26 25 5
766 27 27 5
767 35 35 5
768 25 24 4
769 28 27 7
770 31 30 4
771 28 27 5
772 27 27 5
773 45 45 5
774 37 37 5
775 31 30 6
776 24 24 4
777 24 23 7
778 19 18 4
779 34 33 5
780 27 26 6
781 24 24 6
782 26 25 5
783 15 15 5
784 27 26 4
785 30 29 5
786 35 35 5
787 23 22 4
788 32 31 5
789 21 20 4
790 34 33 5
791 35 34 6
792 44 43 5
793 31 31 5
794 23 22 4
795 22 21 5
796 27 26 6
797 26 25 5
798 39 39 5
799 33 32 6
800 24 24 6
801 30 30 4
802 28 27 5
803 25 24 4
804 30 29 5
805 21 21 5
806 27 26 6
807 40 40 4
808 28 27 5
809 25 24 4
810 30 29 5
811 17 17 5
812 31 30 4
813 36 35 5
814 35 34 4
815 16 15 5
816 29 28 4
817 22 21 5
818 37 37 5
819 19 19 5
820 37 36 4
821 32 31 5
822 39 39 5
823 35 34 6
824 18 18 4
825 22 21 5
826 31 30 6
827 24 24 6
828 28 28 4
829 22 21 5
830 15 15 5
831 21 20 4
832 26 25 5
833 33 32 6
834 42 42 4
835 48 47 5
836 31 31 5
837 25 25 5
838 27 26 4
839 46 45 5
840 57 57 5
841 39 38 6
842 28 28 4
843 34 33 5
844 35 34 4
845 26 25 5
846 17 17 5
847 35 34 4
848 22 21 5
849 19 18 4
850 22 21 5
851 31 31 5
852 27 26 4
853 26 25 5
854 23 23 5
855 17 16 4
856 24 23 5
857 21 21 5
858 29 28 6
859 22 22 4
860 32 31 5
861 17 16 4
862 28 27 5
863 29 28 6
864 22 21 5
865 21 20 6
866 32 32 6
867 20 20 4
868 32 31 7
869 17 17 5
870 15 14 6
871 30 30 4
872 34 33 5
873 29 28 4
874 16 15 5
875 15 15 5
876 23 22 4
877 22 21 5
878 29 28 4
879 14 13 5
880 21 20 4
881 30 29 5
882 23 22 4
883 20 19 5
884 11 10 4
885 36 35 7
886 19 18 4
887 26 25 5
888 19 19 5
889 13 12 4
890 24 23 5
891 15 15 5
892 19 19 5
893 21 20 4
894 14 13 5
895 21 20 4
896 34 33 5
897 15 14 4
898 18 17 5
899 11 10 4
900 24 23 7
901 15 14 4
902 26 25 5
903 23 23 5
904 17 16 4
905 18 17 7
906 13 12 6
907 16 16 4
908 16 15 5
909 31 30 4
910 20 19 5
911 29 28 6
912 20 20 4
913 10 9 5
914 21 20 4
915 12 11 5
916 19 18 4
917 28 27 7
918 23 22 4
919 14 13 5
920 11 10 4
921 20 19 5
922 13 13 5
923 23 23 5
924 23 22 4
925 20 19 5
926 25 25 5
927 19 18 4
928 30 29 5
929 19 18 4
930 26 25 5
931 11 10 4
932 18 17 5
933 19 19 5
934 15 14 4
935 22 21 5
936 23 23 5
937 23 23 5
938 13 12 4
939 16 15 5
940 25 24 6
941 22 22 6
942 18 18 6
943 22 22 6
944 14 14 4
945 26 25 5
946 19 19 5
947 19 18 4
948 14 13 5
949 17 16 4
950 22 21 5
951 11 11 5
952 19 18 4
953 26 25 5
954 21 20 4
955 22 21 5
956 29 29 5
957 17 16 6
958 30 30 6
959 26 26 4
960 22 21 5
961 19 18 4
962 18 17 5
963 19 19 5
964 27 26 4
965 34 33 5
966 15 14 4
967 20 19 5
968 27 26 6
969 22 22 4
970 26 25 5
971 17 16 4
972 20 19 5
973 17 16 4
974 28 27 5
975 19 18 6
976 28 28 6
977 18 18 4
978 18 17 5
979 17 16 6
980 24 24 4
981 34 33 5
982 19 18 4
983 16 15 5
984 33 32 4
985 26 25 5
986 23 22 6
987 22 22 6
988 20 20 4
989 20 19 5
990 21 20 6
991 10 10 4
992 22 21 5
993 19 19 5
994 29 28 4
995 22 21 5
996 15 14 6
997 28 28 6
998 14 14 4
999 18 17 5
1000 13 13 5
1001 11 10 4
1002 12 11 5
1003 15 14 4
1004 22 21 5
1005 23 23 5
1006 21 21 5
1007 27 27 5
1008 13 12 4
1009 32 31 5
1010 39 38 4
1011 18 17 5
1012 43 42 6
1013 20 20 4
1014 26 25 5
1015 31 31 5
1016 39 38 4
1017 30 29 5
1018 25 24 4
1019 34 33 5
1020 23 22 4
1021 32 31 5
1022 29 29 5
1023 39 38 4
1024 30 29 5
1025 39 38 4
1026 34 33 5
1027 41 41 5
1028 27 26 4
1029 46 45 5
1030 21 21 5
1031 35 34 4
1032 38 37 5
1033 21 20 4
1034 20 19 5
1035 21 21 5
1036 35 34 4
1037 28 27 5
1038 21 20 4
1039 26 25 5
1040 29 28 6
1041 32 32 6
1042 36 35 5
1043 39 38 4
1044 38 37 7
1045 27 26 4
1046 44 43 7
1047 35 35 5
1048 35 34 8
1049 36 36 6
1050 16 16 4
1051 42 41 5
1052 29 29 5
1053 31 30 6
1054 26 25 5
1055 37 37 11
1056 19 18 4
1057 36 35 5
1058 31 30 6
1059 24 24 4
1060 34 33 5
1061 29 29 7
1062 29 29 5
1063 29 29 7
1064 35 35 7
1065 29 28 10
1066 26 26 6
1067 32 31 9
1068 29 28 6
1069 36 35 13
1070 35 35 11
1071 31 30 8
1072 28 28 6
1073 14 14 4
1074 16 15 5
1075 33 33 5
1076 29 28 6
1077 18 18 4
1078 34 33 5
1079 17 16 4
1080 30 29 7
1081 23 23 5
1082 21 21 5
1083 27 26 10
1084 32 31 9
1085 19 18 4
1086 24 23 7
1087 17 16 6
1088 28 28 6
1089 28 28 6
1090 22 21 5
1091 27 26 6
1092 22 22 4
1093 24 23 5
1094 29 29 7
1095 19 18 4
1096 30 29 7
1097 21 20 4
1098 22 21 7
1099 25 25 7
1100 27 26 4
1101 38 37 5
1102 23 23 5
1103 11 10 4
1104 32 31 7
1105 17 17 5
1106 21 21 5
1107 23 22 4
1108 20 19 5
1109 21 20 4
1110 14 13 5
1111 25 24 6
1112 28 27 5
1113 15 15 5
1114 25 24 6
1115 10 10 6
1116 12 12 6
1117 10 10 4
1118 16 15 5
1119 29 28 8
1120 22 22 6
1121 22 21 5
1122 19 18 6
1123 22 22 6
1124 18 18 6
1125 14 14 6
1126 14 14 6
1127 20 20 4
1128 22 21 5
1129 29 28 6
1130 22 22 6
1131 20 20 6
1132 18 18 4
1133 22 21 5
1134 21 20 6
1135 18 17 5
1136 27 26 6
1137 20 20 4
1138 18 17 5
1139 15 14 4
1140 14 13 5
1141 21 21 5
1142 19 19 5
1143 35 34 4
1144 20 19 5
1145 25 24 6
1146 14 13 5
1147 11 11 5
1148 9 8 4
1149 18 17 5
1150 23 22 4
1151 12 11 5
1152 19 18 4
1153 14 13 5
1154 15 14 4
1155 22 21 5
1156 21 20 4
1157 18 17 5
1158 13 12 4
1159 24 23 5
1160 17 16 4
1161 16 15 5
1162 13 13 5
1163 27 26 6
1164 22 22 6
1165 18 18 6
1166 26 26 6
1167 20 20 4
1168 14 13 5
1169 21 20 4
1170 16 15 5
1171 15 15 5
1172 31 31 5
1173 15 14 4
1174 16 15 5
1175 21 21 5
1176 17 16 4
1177 18 17 5
1178 13 12 4
1179 18 17 5
1180 21 21 5
1181 17 16 4
1182 18 17 5
1183 17 17 5
1184 15 14 4
1185 10 9 5
1186 11 10 4
1187 6 5 4
1188 10 9 5
1189 17 16 4
1190 14 13 7
1191 21 20 6
1192 12 12 4
1193 10 9 5
1194 33 33 5
1195 13 13 5
1196 15 15 5
1197 19 19 5
1198 15 14 4
1199 18 17 5
1200 23 22 6
1201 22 22 4
1202 26 25 5
1203 17 16 6
1204 18 17 5
1205 11 10 4
1206 24 23 5
1207 13 12 4
1208 16 15 5
1209 19 18 4
1210 22 21 5
1211 21 20 4
1212 10 9 5
1213 11 10 4
1214 12 11 5
1215 17 17 5
1216 19 18 6
1217 18 18 4
1218 16 15 5
1219 17 16 6
1220 8 8 4
1221 18 17 5
1222 15 14 4
1223 20 19 5
1224 9 9 5
1225 19 18 6
1226 12 12 4
1227 20 19 7
1228 15 14 4
1229 16 15 5
1230 21 20 4
1231 12 11 5
1232 15 15 5
1233 27 27 5
1234 15 15 5
1235 21 20 6
1236 20 20 4
1237 22 21 5
1238 17 16 6
1239 16 16 4
1240 12 11 5
1241 13 12 4
1242 14 13 5
1243 21 20 6
1244 30 30 6
1245 12 12 4
1246 16 15 5
1247 17 16 4
1248 6 5 4
1249 14 13 5
1250 23 23 7
1251 9 8 4
1252 24 23 5
1253 23 22 6
1254 18 18 6
1255 18 18 4
1256 36 35 7
1257 21 20 6
1258 18 18 4
1259 22 21 5
1260 33 33 5
1261 23 22 4
1262 20 19 5
1263 15 14 6
1264 26 26 4
1265 24 23 5
1266 19 19 5
1267 35 35 5
1268 33 33 5
1269 43 42 4
1270 26 25 5
1271 15 14 4
1272 14 13 5
1273 19 18 6
1274 24 24 6
1275 12 11 5
1276 21 20 4
1277 14 13 5
1278 19 18 6
1279 16 16 6
1280 12 12 6
1281 8 8 4
1282 28 27 5
1283 21 20 6
1284 22 22 6
1285 14 14 4
1286 12 11 5
1287 13 12 6
1288 10 10 4
1289 16 15 5
1290 17 16 6
1291 22 22 4
1292 16 15 5
1293 19 18 4
1294 12 11 5
1295 21 20 6
1296 10 10 4
1297 20 19 5
1298 9 9 5
1299 19 18 4
1300 16 15 5
1301 17 17 5
1302 21 21 5
1303 19 18 4
1304 20 19 5
1305 21 21 5
1306 13 12 4
1307 14 13 5
1308 21 21 5
1309 15 14 4
1310 10 9 5
1311 13 12 4
1312 14 13 5
1313 13 13 5
1314 15 14 6
1315 20 19 5
1316 17 16 4
1317 16 15 5
1318 19 19 5
1319 13 12 6
1320 28 27 5
1321 13 12 4
1322 16 15 5
1323 9 8 4
1324 12 11 5
1325 11 11 5
1326 15 14 4
1327 14 13 5
1328 9 8 4
1329 26 25 7
1330 15 14 4
1331 26 25 5
1332 15 14 4
1333 30 29 5
1334 21 21 5
1335 21 20 4
1336 20 19 5
1337 25 24 6
1338 12 11 5
1339 13 12 4
1340 16 15 5
1341 13 12 4
1342 16 15 5
1343 11 10 4
1344 22 21 5
1345 15 15 5
1346 25 24 4
1347 16 15 5
1348 19 18 4
1349 20 19 5
1350 25 24 6
1351 26 26 4
1352 18 17 5
1353 15 15 5
1354 15 14 4
1355 20 19 5
1356 11 11 5
1357 21 20 4
1358 28 27 5
1359 33 33 5
1360 25 24 4
1361 22 21 5
1362 13 12 6
1363 16 16 4
1364 16 15 5
1365 27 26 4
1366 16 15 5
1367 17 16 4
1368 26 25 5
1369 15 14 4
1370 18 17 5
1371 13 12 4
1372 24 23 5
1373 11 10 4
1374 24 23 5
1375 21 21 5
1376 17 16 4
1377 18 17 5
1378 21 20 4
1379 24 23 5
1380 25 24 6
1381 20 20 4
1382 20 19 5
1383 29 28 4
1384 28 27 5
1385 25 24 4
1386 28 27 5
1387 15 14 4
1388 22 21 5
1389 19 18 4
1390 30 29 5
1391 27 27 5
1392 23 22 4
1393 24 23 5
1394 31 30 4
1395 20 19 5
1396 23 23 5
1397 23 22 4
1398 30 29 5
1399 33 32 4
1400 20 19 5
1401 17 17 5
1402 17 16 4
1403 28 27 5
1404 49 48 4
1405 32 31 5
1406 15 15 5
1407 21 20 4
1408 18 17 5
1409 31 31 5
1410 39 38 6
1411 24 24 4
1412 40 39 5
1413 21 21 5
1414 21 20 4
1415 26 25 5
1416 45 44 4
1417 40 39 5
1418 33 32 6
1419 20 20 4
1420 24 23 5
1421 45 44 6
1422 28 27 5
1423 37 36 4
1424 34 33 5
1425 37 36 6
1426 30 30 4
1427 36 35 5
1428 33 32 6
1429 24 24 6
1430 32 32 6
1431 28 28 4
1432 32 31 5
1433 33 33 5
1434 25 25 5
1435 35 34 6
1436 36 35 7
1437 29 28 4
1438 28 27 9
1439 47 47 5
1440 27 27 7
1441 13 13 5
1442 19 18 4
1443 28 27 5
1444 13 13 5
1445 21 20 6
1446 32 32 6
1447 22 22 6
1448 34 34 8
1449 40 40 8
1450 22 21 5
1451 29 28 6
1452 26 26 4
1453 28 27 5
1454 35 35 5
1455 19 19 7
1456 29 29 5
1457 33 33 5
1458 33 33 7
1459 23 22 10
1460 22 21 5
1461 39 38 10
1462 48 48 14
1463 32 32 6
1464 14 14 6
1465 20 20 4
1466 32 31 5
1467 37 37 7
1468 33 33 5
1469 27 26 6
1470 22 21 5
1471 25 25 5
1472 27 27 5
1473 21 21 5
1474 21 21 5
1475 21 20 4
1476 20 19 5
1477 27 26 4
1478 42 41 5
1479 23 23 5
1480 19 19 7
1481 29 29 5
1482 31 31 11
1483 33 32 6
1484 30 30 10
1485 34 34 6
1486 22 22 4
1487 32 31 5
1488 15 14 6
1489 18 18 6
1490 44 44 6
1491 22 22 4
1492 22 21 5
1493 33 32 8
1494 20 20 6
1495 20 19 7
1496 33 32 10
1497 24 23 5
1498 31 31 5
1499 21 21 7
1500 29 28 6
1501 16 16 6
1502 30 30 12
1503 34 34 6
1504 30 30 6
1505 44 43 11
1506 37 36 8
1507 18 18 4
1508 28 27 7
1509 25 25 5
1510 57 57 17
1511 19 18 4
1512 34 33 5
1513 19 18 4
1514 24 23 7
1515 25 24 6
1516 36 36 10
1517 20 20 4
1518 18 17 5
1519 25 25 5
1520 25 24 6
1521 18 17 5
1522 21 21 5
1523 25 24 4
1524 28 27 5
1525 15 14 4
1526 26 25 5
1527 25 24 6
1528 36 36 4
1529 36 35 5
1530 17 17 5
1531 25 24 4
1532 18 17 5
1533 29 28 6
1534 44 44 4
1535 36 35 5
1536 27 26 4
1537 30 29 5
1538 21 20 4
1539 34 33 5
1540 25 24 4
1541 28 27 5
1542 25 24 6
1543 32 32 4
1544 24 23 5
1545 23 23 5
1546 21 20 4
1547 34 33 5
1548 17 17 5
1549 19 19 5
1550 17 16 4
1551 16 15 5
1552 21 20 4
1553 18 17 5
1554 13 12 4
1555 18 17 5
1556 21 20 4
1557 32 31 5
1558 19 18 4
1559 26 25 5
1560 13 13 5
1561 23 22 4
1562 22 21 5
1563 15 14 4
1564 22 21 5
1565 13 12 4
1566 16 15 5
1567 13 12 4
1568 18 17 5
1569 13 12 4
1570 12 11 5
1571 13 13 5
1572 15 14 4
1573 22 21 5
1574 21 20 6
1575 12 12 4
1576 16 15 5
1577 15 15 5
1578 17 16 4
1579 12 11 5
1580 25 24 6
1581 12 12 6
1582 8 8 4
1583 26 25 5
1584 19 19 5
1585 13 12 4
1586 12 11 5
1587 15 14 4
1588 16 15 5
1589 19 18 6
1590 10 9 5
1591 13 12 4
1592 16 15 5
1593 31 30 4
1594 28 27 5
1595 23 22 4
1596 22 21 5
1597 13 13 5
1598 19 18 4
1599 26 25 5
1600 39 38 4
1601 40 39 5
1602 27 27 5
1603 33 33 5
1604 35 34 6
1605 34 33 5
1606 33 32 4
1607 64 63 11
1608 59 58 6
1609 44 43 7
1610 25 25 5
1611 33 33 5
1612 19 19 5
1613 39 39 5
1614 35 34 4
1615 24 23 5
1616 33 33 5
1617 27 27 5
1618 25 24 6
1619 44 44 12
1620 14 14 4
1621 26 25 5
1622 19 18 6
1623 26 26 6
1624 24 24 6
1625 16 16 4
1626 26 25 5
1627 25 25 5
1628 23 23 5
1629 13 12 4
1630 22 21 5
1631 17 16 4
1632 26 25 5
1633 23 22 4
1634 20 19 5
1635 17 16 4
1636 18 17 5
1637 23 23 5
1638 21 20 4
1639 20 19 5
1640 17 16 4
1641 26 25 7
1642 23 22 4
1643 26 25 5
1644 17 16 4
1645 22 21 5
1646 21 21 5
1647 23 22 4
1648 18 17 5
1649 15 14 4
1650 14 13 5
1651 23 23 5
1652 15 15 5
1653 17 16 4
1654 20 19 5
1655 13 12 4
1656 22 21 5
1657 23 23 5
1658 27 26 4
1659 24 23 5
1660 17 16 4
1661 16 15 5
1662 13 13 5
1663 17 16 6
1664 6 6 6
1665 11 10 4
1666 14 13 5
1667 21 20 6
1668 16 16 4
1669 22 21 5
1670 13 12 4
1671 22 21 5
1672 19 19 5
1673 19 18 6
1674 14 14 4
1675 22 21 5
1676 11 10 4
1677 10 9 5
1678 17 16 4
1679 18 17 5
1680 21 21 5
1681 21 20 6
1682 12 11 5
1683 19 18 4
1684 12 11 5
1685 17 16 6
1686 16 16 6
1687 14 14 4
1688 14 13 5
1689 19 19 5
1690 9 9 5
1691 11 10 4
1692 16 15 5
1693 15 14 4
1694 16 15 5
1695 11 11 5
1696 15 14 6
1697 12 12 4
1698 20 19 5
1699 17 17 5
1700 11 10 4
1701 22 21 5
1702 17 16 6
1703 12 12 4
1704 20 19 7
1705 23 22 4
1706 18 17 5
1707 13 13 5
1708 15 14 4
1709 18 17 5
1710 17 16 4
1711 30 29 5
1712 17 17 5
1713 15 14 4
1714 20 19 5
1715 15 14 4
1716 20 19 5
1717 15 14 4
1718 22 21 7
1719 11 10 4
1720 20 19 5
1721 15 14 6
1722 18 18 6
1723 20 20 4
1724 24 23 5
1725 11 11 5
1726 21 20 4
1727 16 15 5
1728 11 11 5
1729 15 14 4
1730 18 17 7
1731 19 18 4
1732 36 35 5
1733 15 14 4
1734 12 11 5
1735 15 14 6
1736 18 17 5
1737 17 16 4
1738 16 15 5
1739 29 28 6
1740 14 14 4
1741 22 21 7
1742 7 6 5
1743 25 24 4
1744 18 17 5
1745 25 24 6
1746 18 18 4
1747 26 25 5
1748 19 18 4
1749 12 11 5
1750 13 12 4
1751 20 19 5
1752 21 21 5
1753 21 20 6
1754 8 8 4
1755 20 19 5
1756 15 15 5
1757 15 14 4
1758 14 13 5
1759 15 15 5
1760 17 17 5
1761 17 16 6
1762 16 16 6
1763 8 8 4
1764 22 21 5
1765 21 21 5
1766 15 15 5
1767 13 12 4
1768 18 17 5
1769 19 19 7
1770 19 18 4
1771 26 25 5
1772 25 24 4
1773 12 11 5
1774 9 8 4
1775 22 21 5
1776 11 10 4
1777 18 17 7
1778 9 9 5
1779 19 18 4
1780 18 17 5
1781 15 14 6
1782 10 10 4
1783 24 23 5
1784 19 18 4
1785 22 21 5
1786 15 15 5
1787 19 18 4
1788 26 25 5
1789 21 21 5
1790 9 8 4
1791 30 29 5
1792 23 23 5
1793 21 20 4
1794 22 21 5
1795 27 26 6
1796 28 28 4
1797 32 31 5
1798 33 32 4
1799 26 25 5
1800 27 27 5
1801 29 28 6
1802 20 20 4
1803 28 27 5
1804 41 41 5
1805 41 40 6
1806 26 26 6
1807 40 40 6
1808 36 36 6
1809 26 26 4
1810 34 33 5
1811 35 35 5
1812 25 25 9
1813 37 36 4
1814 56 55 5
1815 61 61 5
1816 43 43 5
1817 33 33 5
1818 31 30 4
1819 40 39 5
1820 35 34 4
1821 44 43 5
1822 45 44 4
1823 20 19 5
1824 39 38 4
1825 38 37 5
1826 25 24 4
1827 36 35 5
1828 45 44 4
1829 30 29 7
1830 25 24 6
1831 20 19 5
1832 27 27 5
1833 31 31 5
1834 53 53 11
1835 41 41 5
1836 29 29 5
1837 45 44 8
1838 26 26 6
1839 16 16 4
1840 34 33 7
1841 37 37 11
1842 23 23 5
1843 37 36 8
1844 24 24 4
1845 26 25 5
1846 27 26 4
1847 44 43 7
1848 35 34 4
1849 24 23 5
1850 33 32 4
1851 22 21 7
1852 29 29 9
1853 41 41 7
1854 51 51 7
1855 37 37 13
1856 27 26 6
1857 20 20 6
1858 32 32 6
1859 28 27 7
1860 33 32 4
1861 36 35 5
1862 19 18 4
1863 24 23 5
1864 19 18 6
1865 26 26 4
1866 34 33 7
1867 25 24 4
1868 18 17 5
1869 21 20 6
1870 24 24 4
1871 40 39 5
1872 41 41 11
1873 23 22 10
1874 38 38 8
1875 36 36 12
1876 34 33 7
1877 21 20 4
1878 30 29 5
1879 25 24 6
1880 18 18 4
1881 38 37 9
1882 51 51 9
1883 29 28 10
1884 32 32 8
1885 32 31 11
1886 21 20 4
1887 28 27 5
1888 29 29 7
1889 31 30 4
1890 32 31 5
1891 41 40 12
1892 36 35 13
1893 21 20 4
1894 28 27 5
1895 35 35 9
1896 21 21 5
1897 29 29 5
1898 41 41 13
1899 37 37 11
1900 29 28 6
1901 38 38 8
1902 26 26 4
1903 24 23 5
1904 37 36 8
1905 30 30 6
1906 30 29 7
1907 33 32 6
1908 32 32 8
1909 44 44 6
1910 26 26 4
1911 38 37 7
1912 29 28 6
1913 22 22 8
1914 10 10 4
1915 26 25 5
1916 21 20 4
1917 32 31 5
1918 25 25 5
1919 29 28 4
1920 24 23 5
1921 25 24 6
1922 26 26 4
1923 22 21 5
1924 27 26 4
1925 30 29 5
1926 35 35 5
1927 13 12 4
1928 28 27 5
1929 25 24 4
1930 22 21 5
1931 39 38 4
1932 16 15 5
1933 35 34 10
1934 30 29 5
1935 25 24 6
1936 20 20 6
1937 20 19 5
1938 31 30 4
1939 26 25 5
1940 27 26 4
1941 32 31 5
1942 21 20 6
1943 18 18 4
1944 28 27 5
1945 35 34 6
1946 30 30 4
1947 32 31 5
1948 13 12 4
1949 24 23 5
1950 25 24 4
1951 26 25 5
1952 27 26 6
1953 26 26 4
1954 28 27 5
1955 19 18 4
1956 32 31 5
1957 31 30 6
1958 26 26 4
1959 22 21 5
1960 35 34 6
1961 30 30 4
1962 18 17 5
1963 27 26 4
1964 18 17 5
1965 17 16 4
1966 20 19 5
1967 35 34 6
1968 30 30 6
1969 28 28 6
1970 34 34 4
1971 20 19 5
1972 23 22 4
1973 30 29 5
1974 37 36 6
1975 42 42 4
1976 52 51 5
1977 19 18 6
1978 26 26 4
1979 28 27 5
1980 49 48 6
1981 44 43 5
1982 39 39 7
1983 43 42 6
1984 24 23 7
1985 41 41 5
1986 25 24 4
1987 24 23 5
1988 41 40 6
1989 28 28 6
1990 32 32 4
1991 28 27 7
1992 19 19 5
1993 45 44 8
1994 54 54 8
1995 50 49 5
1996 39 39 9
1997 31 31 7
1998 33 33 7
1999 17 16 4
2000 26 25 5
2001 13 13 5
2002 25 24 6
2003 22 21 5
2004 33 33 9
2005 17 17 5
2006 21 21 5
2007 23 22 4
2008 18 17 5
2009 17 16 4
2010 38 37 5
2011 31 31 5
2012 25 24 4
2013 42 41 5
2014 15 15 5
2015 33 32 4
2016 16 15 5
2017 19 18 4
2018 28 27 5
2019 37 36 4
2020 18 17 5
2021 21 20 4
2022 26 25 5
2023 27 26 4
2024 18 17 5
2025 13 12 4
2026 18 17 5
2027 27 26 6
2028 16 16 4
2029 16 15 5
2030 19 19 5
2031 11 10 4
2032 24 23 5
2033 17 17 5
2034 19 19 5
2035 23 22 4
2036 14 13 5
2037 23 23 5
2038 19 18 4
2039 26 25 5
2040 17 16 4
2041 26 25 5
2042 25 24 6
2043 20 20 4
2044 24 23 5
2045 31 30 4
2046 32 31 7
2047 25 24 4
2048 22 21 5
2049 19 19 5
2050 21 21 5
2051 37 37 7
2052 27 27 5
2053 33 33 5
2054 15 14 6
2055 24 24 4
2056 20 19 5
2057 25 25 5
2058 19 18 4
2059 30 29 5
2060 23 22 4
2061 16 15 5
2062 21 20 4
2063 28 27 5
2064 33 32 6
2065 18 18 4
2066 32 31 5
2067 33 32 6
2068 26 26 4
2069 16 15 5
2070 9 8 4
2071 24 23 5
2072 29 28 6
2073 20 20 4
2074 20 19 5
2075 21 20 4
2076 16 15 5
2077 13 12 4
2078 18 17 5
2079 17 16 4
2080 14 13 5
2081 17 16 6
2082 18 18 4
2083 26 25 7
2084 23 22 4
2085 26 25 5
2086 23 22 4
2087 16 15 5
2088 15 14 4
2089 28 27 5
2090 21 20 4
2091 24 23 5
2092 19 19 5
2093 23 22 4
2094 16 15 5
2095 15 14 6
2096 14 14 4
2097 10 9 5
2098 21 20 4
2099 18 17 5
2100 21 20 4
2101 14 13 5
2102 13 12 4
2103 18 17 5
2104 17 16 6
2105 12 12 4
2106 14 13 5
2107 19 18 6
2108 18 17 5
2109 35 34 6
2110 20 20 4
2111 14 13 5
2112 11 11 5
2113 17 16 6
2114 20 19 5
2115 15 14 4
2116 26 25 5
2117 13 12 4
2118 26 25 5
2119 11 10 4
2120 12 11 5
2121 29 28 6
2122 10 10 4
2123 14 13 5
2124 19 18 4
2125 18 17 5
2126 13 12 4
2127 6 5 4
2128 14 13 5
2129 21 20 6
2130 18 17 5
2131 9 8 4
2132 24 23 5
2133 15 15 5
2134 19 18 6
2135 12 11 5
2136 19 18 4
2137 14 13 5
2138 13 12 4
2139 14 13 5
2140 11 10 4
2141 12 11 5
2142 29 28 6
2143 12 12 6
2144 10 10 4
2145 14 13 5
2146 13 12 6
2147 18 18 4
2148 14 13 5
2149 17 16 4
2150 18 17 5
2151 13 13 5
2152 9 8 4
2153 12 11 5
2154 23 23 5
2155 21 20 6
2156 24 24 4
2157 18 17 5
2158 17 16 6
2159 28 28 4
2160 24 23 5
2161 25 25 5
2162 21 20 4
2163 22 21 5
2164 15 15 5
2165 19 18 4
2166 20 19 5
2167 31 30 6
2168 18 18 4
2169 14 13 5
2170 25 24 4
2171 20 19 5
2172 25 24 6
2173 34 34 4
2174 30 29 5
2175 25 24 4
2176 16 15 5
2177 31 31 7
2178 23 22 4
2179 30 29 5
2180 25 24 4
2181 16 15 5
2182 11 10 4
2183 28 27 5
2184 25 24 6
2185 26 26 4
2186 30 29 5
2187 13 12 4
2188 22 21 5
2189 23 23 5
2190 19 18 6
2191 20 20 6
2192 26 26 4
2193 26 25 5
2194 21 20 4
2195 14 13 5
2196 29 29 7
2197 27 26 4
2198 28 27 5
2199 31 31 5
2200 27 26 4
2201 40 39 5
2202 19 18 4
2203 24 23 5
2204 25 24 6
2205 24 23 5
2206 27 26 4
2207 28 27 5
2208 21 21 5
2209 25 24 4
2210 18 17 5
2211 27 26 4
2212 24 23 5
2213 27 26 6
2214 12 12 6
2215 26 26 4
2216 22 21 5
2217 33 33 7
2218 21 20 8
2219 24 23 5
2220 21 21 7
2221 25 24 6
2222 34 34 10
2223 22 22 6
2224 28 28 4
2225 30 29 9
2226 19 19 5
2227 25 24 4
2228 30 29 7
2229 15 15 5
2230 19 19 5
2231 27 26 6
2232 38 37 11
2233 19 18 4
2234 16 15 5
2235 19 18 4
2236 20 19 5
2237 19 18 4
2238 18 17 5
2239 23 22 8
2240 16 16 4
2241 22 21 7
2242 17 17 5
2243 31 30 6
2244 16 16 6
2245 26 26 6
2246 14 14 4
2247 22 21 5
2248 13 12 4
2249 20 19 7
2250 17 17 5
2251 29 28 8
2252 20 19 7
2253 41 40 8
2254 26 26 8
2255 16 15 5
2256 13 12 4
2257 30 29 5
2258 23 22 6
2259 18 18 6
2260 26 26 6
2261 32 32 4
2262 32 31 7
2263 23 22 8
2264 14 14 4
2265 30 29 7
2266 25 24 4
2267 32 31 9
2268 29 28 6
2269 28 27 7
2270 31 31 9
2271 19 18 8
2272 30 29 7
2273 55 55 11
2274 35 35 9
2275 19 18 6
2276 22 21 5
2277 19 18 4
2278 36 35 5
2279 21 21 7
2280 23 22 4
2281 22 21 5
2282 21 20 4
2283 26 25 5
2284 21 21 5
2285 25 25 7
2286 13 12 4
2287 30 29 7
2288 29 28 4
2289 30 29 9
2290 33 32 8
2291 22 22 6
2292 24 24 6
2293 20 19 5
2294 21 20 6
2295 28 28 6
2296 32 32 10
2297 20 20 8
2298 20 20 4
2299 22 21 5
2300 25 24 10
2301 18 18 6
2302 24 24 6
2303 20 19 5
2304 15 14 4
2305 10 9 5
2306 21 21 5
2307 19 19 5
2308 17 16 4
2309 22 21 5
2310 25 24 4
2311 26 25 5
2312 33 32 8
2313 14 14 6
2314 30 30 4
2315 30 29 7
2316 25 24 6
2317 18 17 5
2318 27 26 6
2319 20 20 4
2320 18 17 5
2321 23 22 4
2322 18 17 5
2323 27 26 4
2324 26 25 5
2325 27 26 4
2326 18 17 7
2327 29 28 8
2328 28 28 6
2329 24 23 5
2330 31 31 5
2331 35 34 6
2332 24 24 6
2333 34 33 5
2334 31 30 6
2335 24 24 6
2336 26 25 7
2337 25 25 7
2338 17 16 6
2339 16 16 4
2340 20 19 5
2341 37 36 4
2342 28 27 5
2343 33 33 7
2344 27 27 5
2345 21 20 6
2346 34 34 8
2347 22 21 5
2348 21 20 6
2349 36 36 4
2350 18 17 5
2351 35 34 4
2352 30 29 7
2353 13 12 4
2354 40 39 5
2355 25 25 5
2356 23 22 4
2357 12 11 5
2358 19 18 4
2359 20 19 5
2360 19 18 4
2361 34 33 7
2362 37 37 7
2363 39 38 6
2364 40 40 6
2365 30 29 5
2366 25 24 6
2367 34 34 4
2368 30 29 5
2369 29 28 4
2370 22 21 5
2371 33 32 6
2372 16 16 4
2373 28 27 5
2374 33 32 6
2375 20 19 5
2376 33 33 5
2377 19 18 4
2378 24 23 5
2379 25 24 4
2380 44 43 5
2381 27 26 4
2382 22 21 5
2383 37 36 4
2384 32 31 5
2385 23 22 4
2386 24 23 5
2387 33 32 4
2388 32 31 5
2389 25 24 4
2390 32 31 5
2391 23 22 4
2392 30 29 5
2393 19 18 4
2394 24 23 5
2395 33 32 6
2396 22 22 4
2397 16 15 5
2398 13 12 4
2399 32 31 7
2400 37 37 5
2401 27 26 4
2402 22 21 5
2403 21 20 4
2404 16 15 5
2405 21 21 5
2406 31 30 4
2407 32 31 5
2408 27 26 4
2409 32 31 5
2410 35 34 4
2411 42 41 5
2412 35 34 4
2413 22 21 5
2414 21 20 6
2415 16 16 4
2416 24 23 5
2417 21 20 4
2418 40 39 5
2419 33 32 4
2420 26 25 5
2421 31 30 6
2422 16 16 6
2423 20 20 6
2424 26 25 5
2425 35 34 6
2426 24 24 4
2427 26 25 5
2428 15 15 5
2429 23 22 4
2430 20 19 5
2431 27 26 6
2432 26 26 6
2433 22 22 4
2434 22 21 5
2435 27 27 5
2436 15 15 5
2437 9 9 5
2438 29 28 4
2439 26 25 5
2440 21 20 4
2441 24 23 5
2442 15 14 4
2443 30 29 5
2444 13 12 6
2445 18 18 4
2446 12 11 5
2447 17 17 5
2448 15 14 4
2449 24 23 5
2450 21 21 5
2451 17 16 4
2452 16 15 5
2453 21 20 6
2454 22 22 6
2455 14 13 5
2456 25 24 6
2457 26 26 4
2458 10 9 5
2459 23 22 4
2460 20 19 5
2461 13 13 5
2462 15 15 5
2463 11 10 4
2464 6 5 4
2465 10 9 5
2466 21 20 4
2467 18 17 5
2468 19 18 4
2469 18 17 5
2470 17 16 6
2471 22 22 4
2472 20 19 5
2473 11 10 4
2474 14 13 5
2475 15 15 5
2476 7 6 5
2477 15 14 4
2478 24 23 5
2479 19 18 6
2480 16 16 4
2481 22 21 5
2482 7 6 5
2483 15 14 6
2484 30 30 6
2485 24 24 6
2486 18 18 4
2487 24 23 5
2488 21 20 4
2489 12 11 5
2490 15 14 4
2491 12 11 5
2492 21 21 5
2493 29 28 6
2494 16 16 4
2495 20 19 5
2496 23 22 4
2497 18 17 5
2498 23 22 4
2499 20 19 5
2500 17 16 4
2501 12 11 5
2502 11 10 4
2503 10 9 5
2504 21 20 6
2505 20 20 4
2506 26 25 7
2507 9 8 4
2508 14 13 5
2509 21 21 5
2510 19 18 4
2511 14 13 5
2512 25 24 4
2513 18 17 5
2514 19 18 6
2515 18 18 4
2516 24 23 5
2517 15 14 4
2518 24 23 5
2519 11 10 4
2520 14 13 5
2521 23 22 6
2522 16 16 4
2523 10 9 5
2524 11 10 4
2525 16 15 5
2526 15 15 7
2527 13 12 4
2528 26 25 5
2529 19 18 6
2530 24 23 5
2531 15 14 4
2532 22 21 5
2533 25 24 4
2534 12 11 5
2535 9 8 4
2536 20 19 5
2537 19 19 5
2538 19 19 5
2539 23 22 4
2540 12 11 5
2541 19 18 6
2542 24 24 4
2543 20 19 5
2544 17 17 5
2545 11 11 5
2546 13 13 5
2547 13 12 4
2548 24 23 5
2549 19 18 4
2550 16 15 5
2551 15 14 6
2552 18 18 4
2553 20 19 5
2554 19 18 4
2555 22 21 5
2556 17 16 6
2557 16 16 4
2558 26 25 5
2559 19 18 4
2560 22 21 5
2561 15 14 4
2562 24 23 5
2563 17 16 4
2564 16 15 5
2565 23 23 5
2566 29 29 5
2567 15 14 4
2568 20 19 5
2569 23 22 4
2570 22 21 5
2571 21 20 4
2572 28 27 5
2573 17 16 6
2574 6 6 6
2575 9 9 5
2576 19 18 6
2577 16 16 4
2578 14 13 5
2579 21 20 6
2580 20 20 4
2581 16 15 5
2582 17 16 4
2583 16 15 5
2584 27 27 5
2585 21 20 4
2586 36 35 5
2587 17 16 4
2588 10 9 5
2589 17 16 4
2590 26 25 5
2591 17 17 5
2592 25 24 4
2593 12 11 5
2594 21 21 5
2595 25 24 4
2596 18 17 5
2597 29 28 6
2598 20 20 4
2599 42 41 5
2600 31 30 6
2601 22 21 5
2602 15 15 5
2603 31 30 4
2604 26 25 5
2605 19 18 4
2606 36 35 5
2607 23 23 5
2608 23 22 4
2609 22 21 5
2610 25 25 5
2611 37 37 5
2612 31 30 4
2613 20 19 5
2614 29 28 4
2615 38 37 5
2616 29 28 4
2617 32 31 5
2618 23 22 4
2619 42 41 5
2620 29 28 4
2621 46 45 5
2622 37 36 6
2623 20 20 4
2624 22 21 5
2625 21 20 4
2626 38 37 5
2627 27 26 4
2628 24 23 5
2629 29 28 4
2630 24 23 5
2631 25 24 4
2632 28 27 5
2633 41 40 6
2634 34 34 4
2635 22 21 5
2636 33 32 4
2637 28 27 5
2638 33 32 4
2639 22 21 5
2640 31 30 4
2641 24 23 5
2642 21 21 5
2643 39 38 4
2644 38 37 5
2645 35 34 4
2646 36 35 5
2647 43 43 5
2648 37 37 5
2649 47 46 6
2650 44 44 4
2651 32 31 5
2652 29 28 4
2653 44 43 5
2654 27 26 4
2655 38 37 7
2656 45 44 4
2657 26 25 5
2658 19 19 5
2659 51 50 4
2660 58 57 5
2661 43 42 4
2662 50 49 5
2663 35 34 6
2664 24 24 4
2665 40 39 5
2666 51 51 5
2667 43 42 6
2668 28 28 4
2669 36 35 5
2670 45 44 4
2671 44 43 5
2672 29 28 4
2673 32 31 5
2674 37 37 5
2675 29 28 4
2676 34 33 5
2677 33 32 6
2678 26 25 5
2679 35 34 6
2680 26 26 4
2681 36 35 5
2682 39 38 4
2683 40 39 5
2684 31 30 4
2685 52 51 7
2686 43 42 4
2687 32 31 5
2688 47 46 4
2689 48 47 5
2690 43 42 4
2691 32 31 5
2692 31 30 4
2693 48 47 5
2694 51 51 5
2695 35 35 5
2696 27 26 4
2697 42 41 5
2698 37 36 4
2699 38 37 5
2700 45 45 7
2701 43 42 6
2702 28 28 6
2703 46 46 6
2704 44 44 8
2705 54 54 8
2706 40 40 4
2707 38 37 5
2708 37 37 5
2709 23 22 4
2710 68 67 7
2711 41 40 4
2712 44 43 5
2713 33 33 5
2714 43 42 8
2715 52 51 5
2716 27 27 5
2717 73 72 8
2718 40 39 5
2719 41 40 8
2720 42 41 9
2721 31 31 5
2722 21 20 4
2723 26 25 5
2724 59 58 8
2725 42 42 10
2726 30 30 4
2727 28 27 5
2728 43 42 4
2729 36 35 7
2730 35 34 4
2731 28 27 5
2732 37 36 6
2733 34 34 6
2734 40 40 8
2735 38 37 5
2736 39 38 6
2737 42 42 6
2738 42 42 8
2739 32 31 5
2740 31 30 6
2741 44 44 8
2742 46 46 8
2743 30 29 5
2744 35 34 8
2745 36 36 6
2746 46 46 6
2747 26 26 6
2748 50 49 5
2749 41 41 7
2750 31 30 8
2751 42 42 6
2752 28 28 6
2753 36 36 4
2754 34 33 9
2755 21 20 4
2756 42 41 5
2757 27 26 6
2758 36 36 8
2759 34 33 5
2760 27 26 4
2761 42 41 5
2762 33 33 5
2763 29 29 5
2764 13 12 4
2765 30 29 5
2766 31 31 5
2767 49 49 5
2768 29 28 6
2769 24 23 5
2770 9 8 4
2771 24 23 5
2772 25 24 4
2773 18 17 5
2774 23 22 4
2775 38 37 5
2776 17 17 5
2777 19 18 4
2778 18 17 5
2779 29 28 6
2780 30 30 6
2781 26 25 7
2782 21 21 5
2783 23 23 5
2784 33 32 4
2785 20 19 5
2786 19 18 4
2787 18 17 5
2788 23 23 5
2789 27 27 5
2790 19 18 4
2791 16 15 5
2792 25 24 6
2793 20 20 4
2794 34 33 5
2795 21 21 5
2796 17 16 4
2797 22 21 5
2798 25 24 6
2799 30 30 4
2800 46 45 5
2801 17 16 4
2802 16 15 5
2803 25 25 5
2804 17 16 4
2805 22 21 5
2806 27 27 5
2807 27 26 6
2808 22 21 5
2809 25 24 4
2810 34 33 5
2811 29 28 4
2812 24 23 5
2813 23 22 6
2814 6 6 6
2815 15 14 4
2816 28 27 5
2817 19 18 4
2818 14 13 5
2819 27 26 6
2820 18 18 4
2821 24 23 5
2822 25 24 4
2823 42 41 5
2824 29 29 5
2825 23 23 5
2826 31 31 5
2827 35 34 4
2828 16 15 5
2829 23 22 4
2830 30 29 5
2831 25 24 4
2832 28 27 5
2833 25 25 5
2834 29 29 5
2835 25 24 6
2836 18 18 4
2837 22 21 5
2838 13 13 5
2839 23 23 5
2840 25 24 6
2841 16 16 4
2842 36 35 5
2843 17 16 4
2844 26 25 5
2845 11 10 4
2846 30 29 5
2847 13 13 5
2848 27 26 4
2849 26 25 5
2850 19 19 5
2851 25 24 6
2852 18 18 4
2853 36 35 7
2854 21 20 4
2855 28 27 5
2856 25 24 4
2857 28 27 5
2858 13 12 4
2859 20 19 5
2860 17 17 5
2861 13 13 5
2862 21 20 4
2863 20 19 5
2864 29 28 6
2865 12 11 5
2866 11 10 4
2867 26 25 7
2868 13 12 4
2869 14 13 5
2870 19 18 4
2871 14 13 5
2872 23 23 5
2873 17 16 6
2874 20 20 4
2875 24 23 5
2876 21 20 4
2877 16 15 5
2878 13 12 4
2879 16 15 5
2880 15 15 5
2881 13 13 5
2882 27 26 6
2883 14 14 4
2884 20 19 5
2885 15 15 5
2886 17 16 4
2887 16 15 5
2888 17 16 4
2889 20 19 5
2890 15 14 4
2891 20 19 7
2892 31 31 5
2893 21 20 4
2894 22 21 5
2895 17 16 4
2896 12 11 5
2897 31 30 6
2898 22 22 6
2899 26 25 5
2900 21 20 4
2901 20 19 5
2902 21 21 5
2903 17 16 4
2904 16 15 5
2905 27 26 6
2906 32 31 5
2907 29 28 6
2908 22 22 4
2909 12 11 5
2910 13 12 4
2911 14 13 5
2912 17 16 4
2913 12 11 5
2914 19 19 5
2915 15 15 5
2916 23 23 5
2917 13 12 6
2918 16 15 5
2919 13 12 4
2920 20 19 5
2921 15 14 6
2922 36 36 4
2923 30 29 5
2924 13 12 4
2925 14 13 5
2926 13 12 4
2927 14 13 5
2928 11 10 4
2929 18 17 5
2930 25 24 4
2931 22 21 5
2932 27 27 7
2933 15 14 4
2934 12 11 5
2935 21 20 6
2936 20 20 4
2937 30 29 5
2938 21 20 6
2939 8 8 4
2940 26 25 5
2941 13 13 5
2942 9 8 4
2943 14 13 5
2944 13 12 6
2945 14 14 4
2946 24 23 5
2947 29 28 4
2948 18 17 5
2949 17 16 4
2950 16 15 5
2951 27 26 4
2952 14 13 5
2953 23 22 6
2954 12 12 4
2955 24 23 5
2956 17 16 6
2957 28 28 6
2958 22 22 6
2959 10 10 4
2960 22 21 5
2961 33 32 6
2962 18 18 6
2963 10 10 4
2964 26 25 5
2965 15 14 6
2966 16 16 4
2967 18 17 5
2968 21 20 6
2969 14 14 4
2970 18 17 5
2971 19 18 4
2972 22 21 5
2973 17 16 6
2974 24 23 5
2975 31 31 5
2976 17 16 4
2977 28 27 5
2978 25 25 5
2979 29 28 6
2980 18 18 4
2981 18 17 5
2982 27 26 6
2983 10 10 4
2984 20 19 5
2985 31 30 4
2986 26 25 5
2987 23 22 6
2988 20 20 4
2989 6 5 4
2990 14 13 5
2991 23 22 6
2992 26 26 4
2993 30 29 5
2994 15 14 4
2995 18 17 5
2996 43 42 6
2997 20 20 4
2998 14 13 5
2999 27 26 6
3000 24 24 4
3001 20 19 5
3002 25 24 6
3003 30 30 4
3004 24 23 5
3005 15 15 5
3006 29 28 4
3007 34 33 5
3008 39 38 4
3009 20 19 5
3010 19 18 4
3011 38 37 5
3012 25 24 4
3013 52 51 5
3014 43 43 5
3015 37 36 6
3016 10 10 4
3017 22 21 5
3018 17 16 6
3019 44 44 4
3020 28 27 5
3021 49 48 4
3022 28 27 5
3023 35 34 4
3024 16 15 5
3025 27 26 4
3026 38 37 5
3027 51 50 6
3028 34 34 4
3029 44 43 5
3030 27 26 6
3031 36 36 6
3032 30 30 4
3033 22 21 5
3034 57 56 6
3035 50 49 5
3036 39 39 5
3037 45 44 6
3038 22 21 5
3039 17 17 5
3040 27 27 5
3041 25 25 5
3042 41 41 5
3043 49 48 6
3044 24 23 5
3045 35 34 6
3046 28 28 6
3047 52 52 6
3048 32 31 5
3049 29 28 4
3050 42 41 5
3051 31 30 4
3052 30 29 5
3053 29 28 6
3054 46 46 8
3055 38 38 6
3056 52 52 6
3057 40 40 4
3058 30 29 7
3059 37 37 5
3060 41 41 5
3061 53 52 12
3062 52 52 4
3063 30 29 5
3064 29 28 4
3065 38 37 5
3066 39 38 6
3067 32 31 5
3068 29 28 8
3069 36 36 10
3070 18 18 4
3071 30 29 5
3072 27 27 5
3073 33 33 7
3074 47 46 8
3075 46 45 7
3076 21 21 7
3077 35 34 6
3078 52 51 11
3079 43 42 12
3080 34 33 7
3081 31 30 8
3082 48 48 14
3083 48 47 9
3084 35 34 6
3085 32 32 12
3086 30 29 5
3087 29 29 5
3088 37 37 7
3089 33 33 9
3090 27 27 9
3091 37 36 10
3092 30 29 7
3093 43 42 12
3094 34 33 5
3095 35 35 11
3096 33 33 7
3097 21 21 5
3098 31 30 8
3099 18 17 5
3100 23 22 4
3101 48 47 13
3102 23 23 5
3103 31 30 8
3104 40 40 8
3105 28 28 4
3106 44 43 5
3107 35 34 8
3108 34 33 7
3109 27 26 8
3110 36 36 6
3111 28 27 7
3112 35 34 6
3113 22 22 6
3114 34 33 9
3115 31 31 9
3116 23 23 7
3117 23 22 4
3118 30 29 9
3119 25 24 4
3120 36 35 7
3121 21 21 5
3122 31 30 10
3123 26 25 5
3124 25 25 5
3125 25 25 5
3126 15 14 4
3127 22 21 5
3128 31 30 6
3129 26 26 4
3130 24 23 5
3131 25 24 6
3132 30 30 6
3133 28 28 6
3134 34 33 5
3135 37 37 7
3136 15 15 5
3137 21 21 5
3138 31 30 6
3139 18 18 6
3140 26 26 6
3141 22 21 5
3142 21 21 5
3143 25 25 9
3144 9 8 4
3145 14 13 5
3146 21 21 7
3147 25 24 6
3148 16 16 6
3149 14 14 6
3150 18 18 4
3151 18 17 5
3152 23 23 5
3153 31 30 6
3154 22 22 4
3155 22 21 5
3156 15 14 4
3157 12 11 5
3158 15 14 4
3159 12 11 5
3160 33 32 4
3161 18 17 5
3162 17 16 4
3163 22 21 5
3164 11 10 4
3165 16 15 5
3166 23 23 5
3167 17 17 5
3168 35 34 6
3169 22 21 7
3170 21 20 4
3171 18 17 5
3172 25 25 5
3173 17 17 5
3174 17 16 4
3175 22 21 5
3176 13 13 5
3177 17 17 5
3178 25 24 6
3179 12 12 6
3180 26 26 4
3181 14 13 5
3182 21 20 6
3183 18 18 4
3184 26 25 5
3185 19 18 4
3186 32 31 5
3187 15 14 4
3188 22 21 5
3189 21 21 5
3190 15 15 5
3191 19 18 6
3192 30 30 4
3193 26 25 5
3194 21 20 6
3195 24 24 4
3196 24 23 5
3197 17 17 5
3198 29 28 4
3199 20 19 5
3200 21 20 4
3201 30 29 5
3202 19 19 5
3203 17 16 4
3204 20 19 5
3205 13 12 4
3206 26 25 5
3207 15 15 5
3208 33 32 6
3209 28 28 6
3210 22 22 8
3211 18 18 4
3212 16 15 5
3213 13 12 6
3214 22 22 4
3215 22 21 5
3216 31 30 4
3217 18 17 5
3218 21 20 4
3219 18 17 5
3220 13 12 4
3221 12 11 5
3222 17 16 4
3223 16 15 5
3224 23 22 4
3225 10 9 5
3226 15 14 4
3227 28 27 5
3228 13 12 4
3229 24 23 5
3230 11 11 5
3231 5 5 5
3232 18 17 5
3233 23 22 6
3234 22 22 4
3235 12 11 5
3236 35 34 6
3237 24 23 5
3238 11 11 5
3239 13 12 4
3240 18 17 5
3241 17 17 5
3242 15 14 4
3243 20 19 5
3244 15 15 5
3245 15 15 5
3246 11 10 4
3247 20 19 5
3248 19 19 5
3249 13 13 5
3250 29 29 5
3251 17 16 4
3252 16 15 5
3253 11 10 6
3254 16 16 4
3255 14 13 5
3256 13 12 6
3257 30 30 4
3258 24 23 5
3259 27 26 4
3260 24 23 5
3261 19 18 6
3262 16 16 4
3263 30 29 5
3264 25 24 4
3265 14 13 5
3266 25 24 4
3267 22 21 5
3268 23 23 5
3269 9 8 4
3270 20 19 5
3271 19 19 5
3272 19 18 4
3273 22 21 5
3274 29 28 6
3275 28 27 5
3276 33 33 7
3277 21 20 4
3278 24 23 5
3279 29 28 6
3280 14 14 4
3281 38 37 7
3282 29 28 4
3283 20 19 5
3284 23 23 5
3285 15 14 4
3286 30 29 5
3287 15 15 5
3288 29 28 4
3289 40 39 5
3290 31 31 5
3291 39 38 6
3292 28 28 4
3293 32 31 5
3294 31 30 4
3295 40 39 5
3296 35 34 4
3297 38 37 5
3298 19 19 5
3299 39 38 4
3300 18 17 5
3301 37 37 7
3302 29 28 4
3303 36 35 5
3304 33 33 5
3305 35 34 6
3306 16 16 4
3307 22 21 5
3308 27 27 5
3309 31 30 4
3310 46 45 5
3311 29 28 4
3312 28 27 5
3313 39 38 6
3314 16 16 4
3315 30 29 5
3316 29 28 4
3317 24 23 5
3318 23 22 4
3319 30 29 5
3320 23 22 6
3321 14 14 4
3322 26 25 5
3323 11 10 4
3324 16 15 5
3325 27 26 4
3326 22 21 5
3327 15 15 5
3328 29 28 4
3329 14 13 5
3330 21 20 4
3331 16 15 5
3332 21 21 5
3333 23 22 6
3334 6 6 6
3335 27 26 4
3336 12 11 5
3337 17 16 4
3338 14 13 5
3339 21 20 4
3340 18 17 5
3341 15 14 4
3342 16 15 5
3343 21 20 4
3344 22 21 5
3345 23 22 4
3346 18 17 5
3347 21 21 5
3348 21 20 4
3349 24 23 5
3350 9 8 4
3351 18 17 5
3352 15 14 4
3353 24 23 7
3354 15 14 4
3355 24 23 5
3356 13 12 4
3357 16 15 5
3358 21 20 6
3359 18 17 5
3360 25 24 4
3361 18 17 5
3362 15 14 4
3363 16 15 5
3364 9 8 4
3365 14 13 5
3366 23 22 4
3367 20 19 5
3368 25 24 4
3369 14 13 5
3370 15 14 6
3371 12 12 4
3372 20 19 5
3373 19 18 4
3374 22 21 5
3375 21 20 4
3376 12 11 5
3377 23 22 4
3378 20 19 5
3379 13 13 5
3380 15 14 4
3381 20 19 5
3382 19 18 4
3383 16 15 5
3384 19 18 4
3385 16 15 5
3386 9 9 5
3387 17 16 4
3388 32 31 5
3389 29 28 4
3390 18 17 5
3391 9 8 4
3392 22 21 5
3393 15 15 5
3394 19 18 4
3395 28 27 5
3396 15 15 5
3397 15 14 4
3398 12 11 5
3399 11 10 4
3400 12 11 5
3401 15 14 6
3402 20 20 4
3403 26 25 5
3404 23 23 5
3405 15 14 4
3406 18 17 5
3407 15 14 4
3408 18 17 5
3409 29 28 6
3410 24 24 4
3411 20 19 5
3412 15 15 5
3413 9 8 4
3414 14 13 5
3415 17 16 4
3416 20 19 5
3417 15 14 4
3418 26 25 5
3419 11 11 5
3420 19 18 6
3421 10 10 4
3422 18 17 5
3423 17 17 5
3424 19 18 4
3425 20 19 5
3426 19 18 4
3427 22 21 5
3428 13 12 4
3429 14 13 5
3430 25 24 4
3431 22 21 5
3432 13 12 4
3433 16 15 5
3434 13 12 4
3435 26 25 5
3436 27 26 4
3437 38 37 5
3438 31 30 4
3439 20 19 5
3440 9 8 4
3441 14 13 5
3442 35 34 6
3443 24 24 4
3444 16 15 5
3445 15 14 4
3446 14 13 5
3447 13 12 4
3448 16 15 5
3449 45 44 4
3450 50 49 5
3451 35 34 6
3452 10 10 4
3453 20 19 5
3454 19 18 4
3455 20 19 5
3456 37 36 4
3457 24 23 5
3458 31 31 5
3459 23 22 4
3460 16 15 5
3461 9 8 4
3462 30 29 5
3463 37 37 5
3464 33 33 5
3465 35 34 4
3466 24 23 5
3467 25 24 4
3468 18 17 5
3469 35 34 8
3470 38 38 4
3471 40 39 5
3472 39 38 8
3473 12 12 4
3474 18 17 5
3475 17 16 4
3476 30 29 5
3477 37 36 4
3478 22 21 5
3479 17 16 4
3480 28 27 9
3481 37 36 6
3482 32 32 4
3483 34 33 7
3484 15 14 4
3485 30 29 7
3486 15 14 4
3487 16 15 5
3488 21 20 6
3489 14 14 4
3490 24 23 5
3491 17 17 5
3492 23 22 4
3493 6 5 4
3494 18 17 5
3495 15 15 5
3496 21 20 4
3497 22 21 5
3498 21 20 4
3499 22 21 5
3500 21 21 5
3501 11 10 4
3502 22 21 5
3503 15 14 4
3504 12 11 5
3505 19 18 4
3506 18 17 5
3507 33 32 4
3508 26 25 5
3509 23 22 6
3510 12 12 4
3511 12 11 5
3512 15 14 4
3513 20 19 5
3514 15 14 4
3515 16 15 5
3516 17 17 5
3517 19 18 6
3518 20 20 4
3519 14 13 5
3520 15 14 4
3521 14 13 5
3522 19 18 6
3523 16 16 4
3524 12 11 5
3525 9 8 4
3526 12 11 5
3527 13 12 6
3528 14 13 5
3529 13 12 4
3530 20 19 5
3531 21 21 5
3532 9 8 4
3533 14 13 5
3534 17 16 4
3535 20 19 5
3536 13 13 5
3537 11 10 4
3538 10 9 5
3539 21 20 6
3540 14 14 4
3541 22 21 5
3542 13 12 6
3543 20 19 5
3544 15 15 5
3545 9 8 4
3546 18 17 5
3547 9 8 4
3548 6 5 4
3549 14 13 5
3550 21 20 4
3551 16 15 5
3552 21 21 5
3553 15 14 6
3554 12 12 4
3555 14 13 5
3556 17 16 6
3557 10 10 4
3558 10 9 5
3559 25 24 6
3560 22 22 4
3561 14 13 5
3562 9 9 5
3563 15 14 4
3564 18 17 5
3565 19 19 5
3566 21 20 4
3567 16 15 5
3568 15 14 4
3569 10 9 5
3570 9 9 5
3571 17 16 4
3572 20 19 5
3573 13 12 4
3574 16 15 5
3575 13 13 5
3576 17 16 4
3577 14 13 5
3578 11 10 4
3579 16 15 5
3580 13 13 5
3581 23 22 6
3582 36 36 6
3583 16 16 4
3584 12 11 5
3585 13 12 6
3586 12 12 4
3587 16 15 5
3588 21 20 6
3589 30 30 6
3590 22 21 5
3591 15 15 5
3592 11 10 4
3593 18 17 5
3594 9 9 5
3595 11 10 4
3596 24 23 5
3597 23 22 6
3598 30 30 4
3599 18 17 5
3600 23 22 6
3601 14 14 4
3602 24 23 5
3603 27 27 5
3604 29 28 6
3605 24 23 5
3606 19 18 6
3607 18 18 4
3608 20 19 5
3609 13 12 4
3610 12 11 5
3611 13 12 4
3612 20 19 7
3613 21 20 4
3614 12 11 5
3615 13 12 4
3616 14 13 5
3617 13 13 5
3618 23 22 4
3619 24 23 5
3620 25 24 6
3621 26 26 4
3622 14 13 5
3623 13 13 5
3624 19 18 4
3625 10 9 5
3626 11 10 4
3627 16 15 5
3628 19 18 4
3629 16 15 5
3630 17 16 4
3631 14 13 5
3632 13 13 5
3633 15 14 6
3634 22 22 4
3635 28 27 5
3636 23 23 5
3637 21 20 4
3638 16 15 5
3639 11 11 5
3640 9 8 4
3641 24 23 5
3642 9 8 4
3643 10 9 5
3644 25 24 4
3645 10 9 5
3646 17 16 4
3647 14 13 5
3648 13 12 4
3649 14 13 7
3650 17 16 4
3651 14 13 5
3652 37 37 7
3653 27 26 4
3654 12 11 5
3655 13 12 4
3656 12 11 5
3657 15 14 4
3658 22 21 5
3659 15 14 4
3660 20 19 5
3661 13 12 4
3662 12 11 5
3663 13 12 4
3664 8 7 6
3665 16 16 4
3666 30 29 5
3667 19 18 6
3668 26 26 4
3669 16 15 5
3670 13 12 4
3671 10 9 5
3672 21 20 4
3673 26 25 5
3674 27 26 6
3675 14 14 4
3676 14 13 5
3677 19 18 6
3678 10 10 4
3679 16 15 5
3680 17 16 4
3681 14 13 5
3682 23 22 4
3683 20 19 5
3684 23 22 4
3685 14 13 5
3686 15 14 4
3687 34 33 5
3688 19 18 4
3689 28 27 7
3690 11 10 4
3691 18 17 5
3692 19 18 4
3693 16 15 5
3694 21 20 4
3695 18 17 5
3696 15 15 5
3697 15 14 4
3698 20 19 5
3699 17 16 4
3700 24 23 5
3701 17 16 4
3702 14 13 5
3703 37 37 5
3704 31 30 6
3705 40 40 6
3706 36 35 5
3707 13 13 5
3708 19 18 4
3709 22 21 5
3710 45 44 4
3711 40 39 5
3712 31 30 6
3713 28 28 4
3714 22 21 5
3715 49 48 4
3716 42 41 5
3717 39 38 4
3718 36 35 5
3719 31 30 4
3720 30 29 5
3721 29 28 4
3722 52 51 5
3723 35 34 4
3724 56 55 5
3725 51 50 6
3726 28 28 6
3727 36 36 4
3728 54 53 5
3729 43 42 8
3730 40 40 4
3731 52 51 7
3732 41 41 9
3733 39 38 8
3734 36 36 6
3735 44 43 7
3736 39 38 6
3737 42 42 4
3738 30 29 5
3739 47 47 5
3740 31 30 4
3741 46 45 5
3742 51 51 5
3743 41 41 5
3744 29 28 4
3745 28 27 5
3746 37 37 5
3747 51 50 4
3748 28 27 5
3749 17 17 5
3750 31 30 4
3751 20 19 5
3752 17 16 4
3753 34 33 7
3754 39 38 4
3755 34 33 7
3756 25 24 6
3757 34 34 6
3758 22 21 5
3759 21 21 7
3760 29 28 6
3761 24 23 5
3762 21 21 5
3763 29 28 8
3764 34 33 5
3765 25 24 6
3766 16 15 5
3767 15 14 6
3768 36 35 9
3769 47 46 12
3770 34 34 10
3771 26 25 7
3772 19 18 6
3773 18 17 5
3774 17 16 4
3775 30 29 5
3776 19 19 5
3777 13 12 4
3778 28 27 5
3779 17 16 4
3780 22 21 5
3781 19 18 6
3782 26 26 8
3783 20 20 8
3784 26 26 12
3785 18 18 6
3786 20 20 4
3787 16 15 5
3788 23 22 4
3789 28 27 7
3790 29 29 7
3791 25 25 5
3792 19 19 5
3793 13 12 4
3794 22 21 5
3795 17 16 4
3796 22 21 5
3797 19 18 4
3798 16 15 5
3799 21 20 4
3800 16 15 5
3801 19 18 6
3802 16 16 6
3803 28 28 4
3804 22 21 5
3805 33 32 8
3806 26 26 6
3807 18 18 6
3808 32 32 6
3809 24 23 5
3810 25 24 8
3811 24 23 5
3812 17 17 5
3813 27 26 4
3814 24 23 5
3815 11 10 4
3816 24 23 7
3817 33 33 7
3818 27 26 4
3819 28 27 5
3820 27 27 5
3821 19 19 5
3822 29 28 4
3823 32 31 5
3824 29 28 6
3825 26 26 4
3826 26 25 5
3827 19 18 4
3828 30 29 5
3829 25 25 5
3830 15 14 4
3831 30 29 5
3832 29 28 4
3833 38 37 5
3834 33 32 4
3835 20 19 5
3836 19 18 6
3837 26 26 4
3838 26 25 7
3839 35 35 5
3840 23 23 5
3841 39 38 8
3842 34 34 6
3843 30 30 4
3844 34 33 7
3845 17 17 5
3846 29 29 5
3847 19 19 5
3848 31 30 8
3849 36 36 6
3850 26 25 5
3851 29 29 5
3852 15 15 5
3853 9 8 4
3854 28 27 5
3855 27 27 5
3856 39 39 9
3857 23 22 4
3858 22 21 5
3859 21 20 6
3860 18 18 6
3861 16 16 6
3862 26 26 4
3863 22 21 7
3864 29 28 6
3865 16 16 4
3866 16 15 5
3867 11 10 4
3868 22 21 5
3869 21 20 4
3870 22 21 5
3871 25 24 4
3872 26 25 5
3873 33 33 5
3874 21 20 4
3875 22 21 5
3876 21 20 4
3877 22 21 5
3878 31 30 4
3879 26 25 5
3880 9 8 4
3881 14 13 5
3882 17 16 4
3883 18 17 5
3884 11 11 5
3885 21 20 4
3886 28 27 5
3887 19 18 6
3888 8 8 4
3889 26 25 5
3890 17 16 4
3891 20 19 5
3892 21 21 5
3893 13 12 4
3894 16 15 5
3895 17 16 6
3896 18 18 4
3897 20 19 5
3898 17 16 6
3899 18 18 4
3900 14 13 5
3901 19 18 4
3902 20 19 5
3903 21 20 4
3904 14 13 5
3905 15 15 5
3906 23 22 6
3907 18 17 5
3908 25 24 4
3909 14 13 5
3910 11 10 4
3911 20 19 5
3912 7 6 5
3913 19 18 6
3914 32 32 4
3915 22 21 5
3916 21 21 5
3917 21 20 4
3918 18 17 5
3919 17 16 6
3920 16 16 4
3921 26 25 5
3922 27 26 6
3923 12 12 4
3924 30 29 5
3925 9 8 4
3926 16 15 5
3927 23 22 4
3928 22 21 5
3929 13 12 4
3930 12 11 5
3931 13 12 4
3932 20 19 5
3933 17 16 4
3934 24 23 7
3935 21 21 5
3936 25 25 5
3937 19 18 4
3938 16 15 5
3939 11 11 5
3940 19 18 4
3941 16 15 5
3942 15 14 4
3943 22 21 5
3944 23 23 5
3945 13 12 4
3946 24 23 5
3947 21 21 5
3948 21 21 5
3949 21 20 4
3950 24 23 5
3951 13 13 5
3952 27 26 4
3953 28 27 5
3954 21 21 5
3955 15 14 4
3956 16 15 5
3957 15 14 4
3958 18 17 5
3959 15 15 5
3960 11 11 5
3961 15 14 4
3962 16 15 5
3963 17 16 6
3964 10 10 6
3965 18 18 6
3966 18 18 4
3967 10 9 5
3968 13 12 4
3969 12 11 5
3970 19 18 6
3971 16 16 4
3972 28 27 5
3973 11 11 5
3974 19 18 6
3975 20 20 4
3976 18 17 5
3977 11 11 5
3978 17 16 6
3979 30 30 6
3980 10 10 4
3981 14 13 5
3982 17 17 5
3983 21 20 6
3984 18 18 4
3985 24 23 5
3986 25 24 6
3987 14 14 4
3988 14 13 5
3989 15 15 5
3990 15 15 5
3991 15 14 4
3992 16 15 5
3993 13 12 4
3994 12 11 5
3995 13 12 4
3996 10 9 5
3997 11 11 5
3998 11 10 4
3999 14 13 5
4000 25 25 5
4001 19 18 4
4002 24 23 5
4003 15 15 5
4004 21 20 4
4005 14 13 5
4006 15 14 4
4007 18 17 5
4008 17 17 5
4009 25 25 5
4010 15 14 4
4011 14 13 5
4012 21 20 6
4013 14 14 6
4014 8 8 4
4015 12 11 5
4016 9 8 4
4017 20 19 5
4018 15 15 5
4019 11 11 5
4020 11 10 4
4021 12 11 5
4022 11 11 5
4023 33 32 6
4024 16 15 5
4025 27 26 6
4026 14 14 6
4027 6 6 6
4028 13 12 4
4029 14 13 5
4030 9 8 4
4031 24 23 5
4032 9 9 5
4033 9 8 4
4034 16 15 5
4035 7 6 5
4036 5 5 5
4037 12 11 5
4038 9 8 4
4039 14 13 5
4040 17 17 5
4041 9 8 4
4042 16 15 7
4043 19 18 6
4044 12 12 4
4045 18 17 5
4046 15 15 5
4047 15 14 4
4048 14 13 5
4049 11 10 4
4050 16 15 5
4051 13 12 4
4052 10 9 5
4053 13 12 6
4054 16 16 4
4055 14 13 5
4056 17 17 5
4057 13 12 4
4058 14 13 5
4059 11 10 4
4060 14 13 5
4061 11 11 5
4062 21 20 6
4063 14 14 6
4064 8 8 4
4065 18 17 5
4066 9 8 4
4067 16 15 7
4068 11 10 4
4069 22 21 5
4070 17 17 5
4071 13 12 4
4072 16 15 5
4073 11 10 6
4074 24 24 4
4075 26 25 5
4076 19 19 5
4077 21 20 4
4078 16 15 5
4079 11 10 4
4080 16 15 5
4081 13 13 5
4082 11 11 5
4083 23 22 6
4084 14 13 5
4085 25 24 4
4086 24 23 5
4087 21 20 6
4088 8 8 4
4089 18 17 5
4090 13 12 4
4091 22 21 5
4092 37 37 5
4093 25 24 4
4094 28 27 5
4095 13 12 4
4096 16 15 5
4097 15 14 6
4098 26 26 6
4099 44 44 4
4100 56 55 5
4101 31 31 5
4102 19 18 4
4103 16 15 5
4104 21 20 4
4105 24 23 5
4106 31 30 6
4107 44 44 4
4108 44 43 5
4109 29 28 4
4110 14 13 5
4111 13 12 4
4112 18 17 5
4113 29 28 6
4114 36 36 4
4115 46 45 5
4116 35 34 4
4117 22 21 5
4118 11 10 4
4119 22 21 5
4120 43 42 4
4121 72 71 5
4122 59 58 4
4123 28 27 5
4124 23 22 6
4125 22 22 4
4126 26 25 5
4127 25 25 5
4128 27 26 4
4129 32 31 5
4130 33 32 4
4131 22 21 5
4132 23 22 4
4133 24 23 5
4134 31 31 5
4135 21 20 4
4136 36 35 5
4137 35 34 4
4138 30 29 5
4139 21 20 4
4140 32 31 5
4141 27 26 6
4142 28 28 6
4143 16 16 4
4144 24 23 5
4145 23 22 4
4146 20 19 5
4147 17 16 4
4148 20 19 5
4149 21 21 5
4150 17 16 4
4151 38 37 5
4152 31 30 4
4153 28 27 5
4154 17 17 5
4155 37 36 4
4156 22 21 5
4157 29 28 4
4158 40 39 5
4159 11 11 5
4160 21 20 4
4161 26 25 5
4162 23 22 4
4163 24 23 5
4164 33 32 4
4165 26 25 5
4166 23 23 5
4167 35 34 4
4168 30 29 7
4169 11 10 4
4170 28 27 5
4171 31 30 4
4172 26 25 5
4173 19 18 6
4174 20 20 4
4175 26 25 5
4176 23 22 4
4177 26 25 5
4178 23 23 5
4179 29 29 9
4180 25 25 11
4181 15 15 5
4182 23 22 8
4183 26 25 7
4184 35 34 8
4185 22 21 5
4186 29 28 4
4187 30 29 5
4188 19 18 4
4189 28 27 5
4190 27 27 5
4191 17 16 4
4192 24 23 5
4193 17 17 5
4194 23 22 4
4195 16 15 5
4196 15 14 4
4197 10 9 5
4198 27 26 4
4199 10 9 5
4200 19 18 4
4201 28 27 9
4202 21 21 9
4203 37 36 10
4204 24 23 5
4205 21 21 5
4206 13 12 4
4207 20 19 5
4208 23 23 5
4209 21 20 4
4210 20 19 5
4211 21 20 6
4212 24 24 4
4213 28 27 5
4214 13 12 4
4215 16 15 5
4216 17 16 4
4217 26 25 7
4218 49 48 8
4219 26 26 8
4220 22 22 4
4221 14 13 5
4222 17 16 4
4223 18 17 5
4224 21 20 4
4225 18 17 5
4226 25 24 4
4227 18 17 5
4228 21 20 4
4229 18 17 5
4230 11 10 4
4231 30 29 9
4232 17 16 6
4233 18 18 4
4234 18 17 5
4235 13 12 4
4236 20 19 7
4237 15 14 4
4238 16 15 5
4239 29 28 6
4240 20 20 6
4241 18 17 5
4242 21 20 4
4243 10 9 5
4244 13 12 4
4245 20 19 5
4246 19 18 4
4247 30 29 5
4248 13 13 5
4249 9 9 5
4250 17 16 4
4251 22 21 5
4252 23 23 5
4253 23 23 5
4254 21 21 5
4255 27 26 4
4256 18 17 5
4257 19 18 4
4258 18 17 5
4259 27 27 5
4260 37 36 6
4261 16 15 5
4262 25 24 6
4263 20 20 4
4264 24 23 5
4265 21 21 5
4266 27 26 6
4267 18 18 4
4268 32 31 5
4269 15 15 5
4270 11 10 4
4271 24 23 5
4272 13 12 4
4273 22 21 5
4274 19 19 5
4275 29 28 6
4276 24 24 6
4277 16 16 4
4278 22 21 5
4279 15 15 5
4280 31 31 5
4281 17 17 5
4282 33 32 4
4283 24 23 5
4284 31 30 4
4285 16 15 5
4286 21 20 6
4287 24 23 5
4288 23 22 6
4289 28 28 4
4290 18 17 5
4291 25 24 4
4292 30 29 7
4293 13 13 5
4294 13 12 4
4295 18 17 5
4296 19 18 4
4297 18 17 5
4298 23 22 4
4299 18 17 5
4300 17 16 4
4301 32 31 7
4302 23 22 6
4303 24 24 4
4304 24 23 5
4305 11 11 5
4306 21 20 4
4307 26 25 5
4308 41 40 4
4309 32 31 5
4310 15 14 4
4311 18 17 5
4312 9 8 4
4313 30 29 5
4314 27 26 6
4315 22 22 4
4316 14 13 5
4317 23 22 4
4318 14 13 5
4319 15 14 4
4320 12 11 5
4321 31 31 5
4322 15 14 4
4323 14 13 5
4324 19 18 4
4325 22 21 5
4326 15 14 4
4327 22 21 5
4328 23 23 5
4329 29 28 4
4330 12 11 5
4331 15 14 4
4332 12 11 5
4333 13 12 4
4334 12 11 5
4335 17 16 4
4336 22 21 5
4337 13 13 5
4338 13 12 4
4339 18 17 5
4340 15 14 4
4341 16 15 5
4342 21 20 6
4343 16 16 4
4344 22 21 5
4345 23 22 4
4346 16 15 5
4347 11 11 5
4348 11 10 4
4349 16 15 5
4350 19 19 7
4351 17 16 4
4352 16 15 5
4353 13 12 4
4354 16 15 5
4355 11 11 5
4356 9 9 5
4357 21 20 6
4358 12 12 4
4359 18 17 5
4360 23 22 6
4361 12 12 4
4362 18 17 5
4363 19 18 6
4364 12 12 4
4365 14 13 5
4366 15 14 4
4367 14 13 5
4368 15 14 4
4369 12 11 5
4370 27 26 6
4371 10 10 4
4372 18 17 5
4373 17 17 5
4374 21 21 5
4375 11 10 4
4376 16 15 5
4377 15 14 4
4378 14 13 5
4379 9 8 4
4380 20 19 5
4381 21 21 5
4382 29 28 6
4383 16 16 4
4384 16 15 5
4385 11 11 5
4386 7 6 5
4387 9 8 4
4388 22 21 5
4389 13 12 4
4390 10 9 5
4391 15 15 5
4392 23 22 4
4393 18 17 5
4394 15 14 4
4395 22 21 5
4396 21 21 5
4397 15 14 6
4398 14 14 4
4399 20 19 5
4400 15 14 6
4401 8 8 4
4402 16 15 5
4403 15 14 4
4404 20 19 5
4405 11 10 4
4406 14 13 5
4407 9 8 4
4408 12 11 5
4409 19 18 6
4410 10 10 4
4411 12 11 5
4412 25 24 4
4413 12 11 5
4414 11 10 4
4415 10 9 5
4416 25 24 6
4417 14 14 4
4418 6 5 4
4419 10 9 5
4420 15 15 5
4421 19 18 4
4422 14 13 5
4423 21 21 5
4424 15 14 4
4425 12 11 5
4426 13 12 4
4427 24 23 5
4428 19 18 4
4429 22 21 5
4430 11 11 5
4431 17 16 6
4432 20 19 5
4433 11 10 4
4434 14 13 5
4435 19 19 5
4436 13 13 5
4437 19 18 6
4438 16 15 5
4439 13 12 4
4440 24 23 5
4441 15 14 4
4442 14 13 5
4443 17 16 6
4444 26 26 6
4445 20 20 4
4446 16 15 5
4447 13 12 4
4448 16 15 5
4449 17 16 6
4450 26 26 4
4451 16 15 5
4452 27 27 5
4453 27 27 5
4454 11 10 4
4455 16 15 5
4456 13 12 4
4457 20 19 5
4458 23 22 6
4459 26 26 6
4460 24 24 4
4461 20 19 5
4462 23 22 4
4463 26 25 5
4464 35 34 4
4465 38 37 7
4466 13 12 4
4467 36 35 5
4468 39 38 4
4469 30 29 5
4470 31 30 4
4471 40 39 5
4472 39 38 4
4473 50 49 5
4474 33 32 4
4475 52 51 5
4476 45 44 6
4477 54 54 4
4478 34 33 5
4479 45 44 4
4480 42 41 5
4481 49 48 4
4482 52 51 5
4483 43 43 5
4484 49 49 7
4485 51 51 5
4486 41 41 5
4487 47 47 5
4488 23 22 4
4489 34 33 5
4490 29 28 6
4491 34 34 4
4492 26 25 5
4493 27 27 5
4494 29 28 4
4495 40 39 5
4496 31 30 6
4497 32 31 5
4498 21 20 4
4499 46 45 5
4500 33 33 5
4501 31 31 5
4502 29 29 5
4503 45 44 6
4504 42 42 8
4505 60 59 5
4506 39 39 5
4507 33 32 4
4508 44 43 5
4509 43 42 4
4510 20 19 5
4511 37 37 5
4512 39 39 5
4513 31 31 5
4514 39 38 6
4515 22 22 6
4516 26 25 5
4517 31 30 4
4518 30 29 5
4519 29 28 6
4520 26 25 5
4521 35 35 7
4522 41 40 6
4523 32 32 4
4524 28 27 5
4525 33 33 5
4526 31 30 6
4527 30 30 8
4528 30 29 5
4529 43 42 6
4530 20 20 6
4531 22 21 7
4532 35 34 6
4533 44 44 8
4534 40 40 8
4535 64 63 13
4536 35 34 8
4537 22 21 5
4538 41 41 11
4539 23 23 7
4540 35 34 6
4541 12 12 4
4542 52 51 11
4543 35 34 6
4544 24 23 5
4545 27 27 5
4546 37 36 10
4547 46 46 10
4548 38 38 8
4549 42 41 9
4550 13 12 4
4551 36 35 5
4552 33 33 5
4553 31 31 7
4554 27 26 6
4555 30 29 5
4556 35 35 5
4557 33 32 4
4558 24 23 5
4559 37 37 7
4560 33 33 9
4561 37 36 6
4562 34 33 7
4563 41 40 10
4564 34 33 9
4565 31 31 9
4566 35 35 5
4567 27 27 7
4568 33 32 6
4569 20 20 4
4570 30 29 5
4571 23 23 5
4572 15 14 4
4573 22 21 5
4574 29 29 5
4575 27 27 5
4576 43 43 9
4577 27 27 5
4578 31 30 4
4579 12 11 5
4580 27 26 4
4581 28 27 5
4582 23 22 6
4583 22 22 4
4584 30 29 7
4585 31 30 6
4586 18 17 5
4587 31 30 6
4588 38 37 9
4589 33 33 9
4590 27 26 8
4591 22 21 5
4592 13 13 5
4593 35 34 6
4594 32 32 6
4595 28 27 5
4596 21 21 5
4597 25 24 4
4598 28 27 5
4599 29 28 4
4600 34 33 5
4601 29 29 5
4602 31 31 5
4603 27 26 4
4604 32 31 5
4605 27 26 4
4606 26 25 5
4607 27 26 4
4608 28 27 5
4609 21 21 5
4610 37 36 4
4611 30 29 5
4612 13 13 5
4613 27 26 6
4614 14 14 4
4615 36 35 7
4616 31 30 6
4617 30 30 6
4618 34 33 7
4619 27 26 6
4620 36 36 4
4621 26 25 5
4622 29 29 7
4623 21 20 6
4624 36 36 6
4625 30 30 6
4626 24 24 4
4627 22 21 5
4628 27 27 5
4629 41 40 8
4630 32 31 7
4631 27 26 4
4632 36 35 7
4633 33 32 6
4634 34 33 7
4635 21 20 6
4636 22 22 4
4637 34 33 9
4638 31 30 6
4639 44 43 5
4640 27 27 5
4641 25 24 4
4642 28 27 5
4643 15 14 4
4644 30 29 5
4645 31 30 6
4646 22 22 4
4647 18 17 5
4648 19 19 5
4649 23 22 4
4650 30 29 7
4651 27 26 8
4652 18 18 4
4653 22 21 5
4654 21 21 5
4655 25 24 4
4656 28 27 5
4657 33 32 4
4658 18 17 5
4659 19 18 4
4660 20 19 5
4661 27 26 6
4662 22 22 4
4663 22 21 5
4664 33 32 4
4665 20 19 5
4666 29 29 5
4667 23 22 4
4668 20 19 5
4669 25 24 4
4670 34 33 5
4671 19 18 4
4672 26 25 5
4673 19 18 4
4674 30 29 5
4675 17 16 4
4676 18 17 5
4677 29 28 4
4678 34 33 5
4679 19 18 4
4680 14 13 5
4681 21 21 5
4682 17 16 4
4683 26 25 5
4684 37 36 4
4685 24 23 5
4686 15 15 5
4687 15 14 4
4688 16 15 5
4689 15 14 6
4690 10 10 4
4691 14 13 5
4692 25 24 6
4693 16 16 4
4694 22 21 5
4695 21 20 4
4696 24 23 5
4697 19 18 4
4698 16 15 5
4699 19 18 4
4700 36 35 5
4701 21 20 6
4702 10 10 4
4703 12 11 5
4704 21 20 6
4705 14 14 4
4706 26 25 5
4707 17 16 4
4708 16 15 5
4709 9 9 5
4710 17 16 4
4711 16 15 5
4712 21 20 4
4713 22 21 5
4714 21 20 4
4715 20 19 5
4716 21 20 6
4717 16 16 6
4718 22 22 4
4719 14 13 5
4720 21 20 6
4721 16 16 4
4722 22 21 5
4723 19 18 6
4724 8 8 4
4725 26 25 5
4726 19 19 5
4727 9 8 4
4728 26 25 5
4729 17 16 4
4730 20 19 7
4731 23 22 4
4732 26 25 5
4733 23 22 4
4734 18 17 5
4735 15 14 4
4736 18 17 5
4737 17 16 6
4738 18 18 4
4739 18 17 5
4740 15 14 4
4741 20 19 5
4742 27 26 4
4743 24 23 5
4744 19 18 4
4745 16 15 7
4746 11 10 4
4747 16 15 5
4748 23 22 4
4749 28 27 7
4750 17 16 4
4751 24 23 7
4752 15 15 5
4753 15 14 4
4754 20 19 5
4755 13 13 5
4756 11 11 5
4757 19 18 4
4758 14 13 5
4759 25 24 4
4760 16 15 5
4761 27 26 4
4762 24 23 5
4763 23 22 4
4764 10 9 5
4765 17 16 6
4766 22 22 6
4767 18 18 4
4768 24 23 5
4769 21 20 6
4770 18 18 4
4771 18 17 5
4772 11 10 4
4773 14 13 5
4774 13 12 6
4775 12 12 4
4776 24 23 5
4777 25 24 6
4778 32 32 4
4779 18 17 5
4780 23 22 4
4781 18 17 5
4782 19 18 6
4783 22 22 4
4784 32 31 5
4785 39 39 5
4786 23 22 6
4787 12 12 4
4788 16 15 5
4789 23 22 4
4790 24 23 5
4791 25 24 4
4792 24 23 5
4793 15 14 6
4794 24 24 4
4795 28 27 5
4796 15 15 5
4797 15 14 4
4798 24 23 5
4799 35 34 4
4800 32 31 5
4801 23 22 4
4802 14 13 5
4803 21 20 6
4804 32 32 6
4805 24 24 4
4806 16 15 5
4807 25 24 6
4808 30 30 4
4809 28 27 5
4810 17 16 4
4811 28 27 5
4812 23 23 5
4813 23 22 6
4814 20 20 4
4815 26 25 5
4816 27 27 5
4817 21 20 4
4818 26 25 5
4819 21 20 4
4820 22 21 5
4821 23 22 6
4822 14 14 4
4823 24 23 5
4824 23 23 5
4825 29 28 4
4826 12 11 5
4827 21 20 4
4828 18 17 5
4829 15 15 5
4830 35 34 4
4831 38 37 5
4832 49 48 4
4833 34 33 5
4834 17 16 4
4835 32 31 5
4836 33 33 5
4837 55 54 6
4838 36 35 5
4839 23 22 6
4840 36 36 6
4841 18 17 5
4842 41 40 6
4843 44 43 5
4844 37 36 6
4845 18 18 4
4846 32 31 7
4847 45 44 10
4848 42 42 6
4849 46 46 4
4850 26 25 5
4851 33 32 6
4852 32 31 5
4853 25 24 4
4854 56 55 7
4855 35 35 7
4856 39 38 4
4857 30 29 7
4858 51 50 4
4859 42 41 5
4860 35 35 9
4861 51 51 15
4862 43 42 4
4863 28 27 5
4864 35 35 5
4865 45 45 7
4866 37 37 5
4867 37 36 8
4868 28 27 5
4869 37 37 5
4870 43 43 7
4871 37 36 8
4872 20 19 5
4873 41 40 6
4874 26 26 6
4875 26 25 5
4876 35 34 10
4877 38 37 13
4878 23 23 5
4879 33 33 5
4880 19 18 6
4881 34 34 4
4882 24 23 5
4883 51 51 13
4884 17 17 5
4885 27 26 4
4886 26 25 5
4887 33 33 5
4888 35 35 5
4889 33 33 11
4890 27 26 4
4891 14 13 5
4892 29 28 4
4893 24 23 5
4894 15 14 4
4895 22 21 5
4896 27 26 4
4897 24 23 5
4898 31 30 4
4899 42 41 5
4900 43 43 5
4901 23 23 5
4902 37 36 12
4903 20 19 5
4904 25 25 5
4905 19 18 4
4906 40 39 5
4907 31 31 5
4908 23 23 5
4909 33 32 4
4910 30 29 5
4911 45 45 11
4912 35 35 9
4913 25 25 5
4914 31 30 4
4915 38 37 5
4916 33 33 5
4917 27 27 5
4918 49 48 10
4919 18 18 4
4920 42 41 7
4921 33 33 7
4922 25 24 4
4923 34 33 5
4924 17 17 7
4925 41 40 10
4926 44 43 11
4927 47 46 10
4928 26 25 5
4929 23 22 6
4930 26 26 4
4931 28 27 5
4932 37 36 6
4933 18 18 6
4934 24 23 5
4935 15 15 5
4936 23 23 5
4937 33 32 4
4938 22 21 5
4939 15 15 5
4940 21 20 4
4941 32 31 5
4942 31 30 4
4943 28 27 7
4944 21 21 7
4945 15 14 6
4946 16 16 4
4947 14 13 5
4948 31 31 7
4949 31 31 7
4950 29 28 6
4951 22 22 4
4952 20 19 5
4953 21 20 4
4954 26 25 7
4955 25 24 4
4956 22 21 7
4957 25 24 4
4958 28 27 7
4959 21 21 7
4960 19 18 6
4961 14 13 5
4962 31 30 12
4963 12 12 6
4964 24 24 4
4965 12 11 5
4966 17 17 5
4967 21 20 4
4968 20 19 5
4969 17 17 5
4970 15 14 4
4971 18 17 5
4972 17 17 5
4973 21 20 4
4974 16 15 5
4975 17 17 7
4976 17 16 4
4977 20 19 5
4978 23 22 4
4979 20 19 7
4980 25 24 4
4981 14 13 5
4982 25 24 4
4983 18 17 5
4984 19 18 6
4985 16 15 5
4986 15 15 5
4987 17 16 4
4988 24 23 5
4989 15 14 4
4990 22 21 7
4991 27 26 8
4992 16 15 5
4993 17 17 7
4994 21 20 4
4995 18 17 5
4996 33 32 6
4997 22 22 6
4998 10 10 4
4999 20 19 5
