0 14 13 5
1 15 14 4
2 10 9 5
3 17 16 6
4 14 14 6
5 10 9 5
6 7 6 5
7 29 29 5
8 19 19 5
9 5 5 5
10 12 11 5
11 13 12 6
12 12 12 4
13 14 13 7
14 17 16 4
15 12 11 5
16 15 14 6
17 12 12 6
18 10 10 4
19 10 9 5
20 11 10 4
21 10 9 5
22 15 15 5
23 15 14 6
24 6 6 6
25 15 14 4
26 10 9 5
27 15 15 7
28 25 24 4
29 20 19 5
30 11 10 6
31 14 14 4
32 18 17 5
33 11 11 5
34 17 16 4
35 16 15 5
36 35 34 6
37 20 20 4
38 20 19 5
39 19 18 4
40 20 19 5
41 39 39 5
42 25 24 4
43 24 23 5
44 13 12 4
45 24 23 5
46 21 20 4
47 18 17 5
48 11 10 4
49 18 17 5
50 21 20 4
51 22 21 5
52 11 10 4
53 24 23 5
54 17 16 4
55 14 13 5
56 11 10 6
57 24 24 4
58 18 17 5
59 29 28 4
60 22 21 5
61 13 13 5
62 25 24 6
63 24 24 4
64 18 17 5
65 19 18 4
66 12 11 5
67 19 18 4
68 18 17 5
69 13 13 5
70 19 18 6
71 24 23 5
72 27 26 8
73 16 16 6
74 28 27 9
75 19 18 6
76 18 17 5
77 15 14 4
78 20 19 5
79 15 14 4
80 18 17 5
81 13 13 5
82 19 18 4
83 18 17 5
84 13 13 5
85 11 11 5
86 15 15 5
87 19 18 8
88 12 12 6
89 16 16 6
90 12 11 5
91 15 15 5
92 15 14 4
93 14 13 7
94 25 24 4
95 10 9 5
96 17 16 4
97 26 25 9
98 17 16 4
99 22 21 7
100 19 19 5
101 13 13 7
102 15 15 5
103 7 7 7
104 16 16 6
105 14 14 4
106 14 13 5
107 23 22 6
108 12 11 7
109 21 20 8
110 14 14 6
111 16 16 6
112 12 12 6
113 18 18 8
114 12 11 5
115 13 13 5
116 17 16 6
117 16 16 6
118 10 10 6
119 12 12 6
120 8 8 4
121 18 17 5
122 15 14 6
123 18 18 6
124 18 18 6
125 24 23 5
126 7 6 5
127 13 13 5
128 13 12 6
129 18 18 6
130 10 10 4
131 26 25 7
132 17 17 5
133 21 20 6
134 8 8 4
135 10 9 5
136 11 11 5
137 19 19 7
138 7 7 7
139 16 16 4
140 14 13 5
141 13 12 6
142 12 12 4
143 24 23 5
144 11 10 6
145 32 32 10
146 8 8 4
147 12 11 5
148 11 11 5
149 21 20 6
150 12 12 6
151 14 14 6
152 22 21 7
153 17 16 6
154 10 10 4
155 16 15 7
156 13 12 4
157 14 13 7
158 23 22 8
159 10 10 4
160 16 15 7
161 11 10 6
162 10 10 4
163 12 11 5
164 15 14 6
165 16 15 5
166 19 18 4
167 16 15 5
168 13 12 6
169 16 16 6
170 14 13 5
171 17 17 7
172 5 5 5
173 12 11 5
174 17 16 8
175 14 13 7
176 29 28 6
177 10 10 4
178 18 17 5
179 9 8 4
180 20 19 5
181 9 8 4
182 22 21 5
183 13 13 5
184 17 16 6
185 10 10 6
186 10 10 4
187 12 11 5
188 15 14 6
189 10 9 5
190 15 14 6
191 12 11 5
192 11 11 5
193 11 11 7
194 9 8 4
195 16 15 7
196 17 16 4
197 14 13 5
198 13 12 6
199 10 10 6
200 18 17 5
201 9 9 5
202 23 22 6
203 16 15 5
204 13 13 5
205 11 10 4
206 10 9 5
207 11 11 5
208 15 15 5
209 11 10 6
210 18 18 4
211 8 7 6
212 18 18 6
213 22 21 7
214 15 14 4
215 14 13 5
216 21 20 4
217 14 13 5
218 15 14 6
219 14 14 6
220 24 23 5
221 11 11 5
222 17 16 6
223 20 20 4
224 18 17 5
225 13 12 4
226 10 9 5
227 27 26 4
228 14 13 5
229 11 11 5
230 15 14 4
231 18 17 7
232 15 14 4
233 12 11 5
234 15 14 6
235 16 15 5
236 15 14 6
237 12 12 4
238 14 13 7
239 11 10 6
240 14 14 6
241 16 16 4
242 20 19 7
243 11 10 6
244 14 14 4
245 8 7 6
246 10 10 6
247 8 8 4
248 14 13 7
249 7 6 5
250 15 15 5
251 7 6 5
252 7 7 7
253 18 18 6
254 10 10 6
255 10 10 6
256 18 17 5
257 13 13 5
258 13 12 6
259 12 12 6
260 12 12 8
261 16 16 6
262 10 10 6
263 12 12 4
264 12 11 5
265 9 9 5
266 9 8 7
267 13 12 8
268 10 9 5
269 11 11 5
270 7 6 5
271 9 8 4
272 12 11 7
273 11 11 7
274 15 14 6
275 10 10 6
276 12 12 6
277 16 15 5
278 9 9 5
279 13 13 7
280 11 10 4
281 14 13 5
282 7 7 7
283 10 10 6
284 10 10 6
285 10 10 4
286 8 7 6
287 10 10 6
288 6 5 4
289 12 11 7
290 17 17 7
291 11 10 4
292 14 13 5
293 15 14 8
294 12 12 6
295 12 11 5
296 11 10 4
297 14 13 7
298 13 12 6
299 16 15 5
300 19 19 5
301 13 12 6
302 6 6 6
303 11 10 4
304 20 19 7
305 15 14 6
306 16 16 6
307 10 10 4
308 12 11 5
309 13 12 6
310 16 15 7
311 13 12 4
312 6 5 4
313 20 19 5
314 13 13 5
315 15 14 6
316 6 6 6
317 13 13 5
318 9 9 5
319 11 10 4
320 20 19 5
321 13 12 6
322 6 6 6
323 21 20 6
324 12 12 4
325 10 9 5
326 17 16 4
327 8 7 6
328 12 12 6
329 16 16 6
330 12 11 5
331 23 23 5
332 15 14 6
333 8 8 4
334 14 13 5
335 7 6 5
336 13 12 6
337 14 14 6
338 14 14 4
339 20 19 5
340 17 17 5
341 11 10 6
342 12 12 4
343 6 5 4
344 12 11 7
345 11 10 6
346 16 16 6
347 20 20 6
348 18 18 4
349 10 9 5
350 13 12 4
351 10 9 5
352 13 12 6
353 10 10 4
354 30 29 5
355 17 17 5
356 17 16 4
357 6 5 4
358 14 13 5
359 11 10 4
360 32 31 5
361 21 21 5
362 25 24 4
363 20 19 5
364 15 14 6
365 10 10 4
366 16 15 5
367 11 10 4
368 20 19 5
369 27 26 6
370 26 26 4
371 12 11 5
372 15 14 4
373 24 23 5
374 15 15 5
375 13 12 4
376 18 17 5
377 17 16 4
378 24 23 5
379 17 16 4
380 16 15 5
381 15 14 6
382 18 18 6
383 22 22 6
384 16 16 6
385 14 14 4
386 16 15 5
387 15 15 5
388 17 16 4
389 18 17 5
390 11 10 4
391 22 21 9
392 27 26 6
393 16 16 4
394 18 17 5
395 19 19 5
396 17 17 5
397 17 16 6
398 18 18 6
399 16 16 6
400 24 24 10
401 20 19 5
402 13 13 7
403 29 28 4
404 26 25 9
405 21 20 8
406 26 25 11
407 17 16 8
408 22 22 8
409 10 10 4
410 18 17 5
411 19 18 4
412 14 13 5
413 15 14 6
414 16 16 6
415 18 17 7
416 21 20 6
417 10 10 4
418 16 15 7
419 19 18 6
420 28 27 7
421 13 12 6
422 24 23 7
423 21 20 8
424 18 18 8
425 10 10 4
426 12 11 5
427 23 22 6
428 16 16 4
429 34 33 11
430 15 15 5
431 23 23 9
432 15 14 6
433 14 13 5
434 19 19 5
435 19 18 4
436 18 17 9
437 25 24 8
438 18 18 8
439 24 23 9
440 17 16 4
441 20 19 5
442 17 17 5
443 17 16 6
444 10 10 6
445 20 20 8
446 12 12 4
447 22 21 5
448 17 16 6
449 14 14 4
450 10 9 5
451 13 12 6
452 12 12 6
453 14 14 4
454 16 15 7
455 17 16 4
456 12 11 5
457 17 16 6
458 18 17 7
459 11 10 4
460 20 19 5
461 19 18 4
462 12 11 5
463 11 10 4
464 16 15 5
465 11 11 5
466 21 20 8
467 18 18 4
468 12 11 5
469 13 12 4
470 16 15 5
471 11 10 6
472 6 5 4
473 16 15 7
474 15 14 4
475 20 19 5
476 9 8 4
477 12 11 5
478 19 19 7
479 13 12 6
480 10 10 4
481 10 9 5
482 13 13 7
483 15 14 6
484 14 13 5
485 13 12 6
486 12 12 6
487 10 10 4
488 10 9 5
489 13 13 5
490 9 9 5
491 13 13 5
492 13 12 4
493 10 9 5
494 15 14 4
495 24 23 7
496 9 8 4
497 16 15 5
498 11 11 5
499 15 14 6
500 22 22 4
501 20 19 5
502 21 20 6
503 14 14 4
504 16 15 5
505 13 13 5
506 27 26 6
507 14 13 5
508 17 16 4
509 10 9 5
510 15 14 6
511 20 20 8
512 24 24 6
513 12 11 5
514 15 14 6
515 16 16 6
516 12 12 4
517 14 13 5
518 11 11 5
519 17 17 5
520 17 17 7
521 13 12 6
522 12 12 4
523 14 13 5
524 17 16 6
525 20 20 6
526 14 13 5
527 13 12 6
528 22 22 8
529 10 10 6
530 14 14 4
531 10 9 5
532 15 14 6
533 16 15 5
534 11 10 6
535 8 8 4
536 6 5 4
537 16 15 5
538 13 13 7
539 9 9 5
540 9 8 4
541 10 9 5
542 19 19 5
543 9 8 4
544 22 21 5
545 11 10 4
546 14 13 7
547 13 12 6
548 10 10 6
549 8 8 4
550 14 13 7
551 9 8 4
552 12 11 5
553 11 11 7
554 9 9 5
555 9 8 4
556 16 15 7
557 9 9 5
558 15 15 5
559 11 10 4
560 6 5 4
561 12 11 5
562 13 13 5
563 13 12 6
564 12 12 6
565 12 12 6
566 10 10 4
567 18 17 7
568 9 8 4
569 10 9 5
570 13 13 5
571 7 6 5
572 17 16 6
573 18 17 9
574 7 6 5
575 13 12 6
576 12 12 6
577 14 13 5
578 13 13 5
579 11 11 5
580 9 9 5
581 19 19 5
582 9 8 4
583 18 17 5
584 11 11 5
585 15 14 6
586 16 15 5
587 13 12 6
588 12 12 6
589 14 14 6
590 14 14 6
591 18 17 5
592 15 14 4
593 22 21 5
594 9 9 5
595 21 20 4
596 6 5 4
597 14 13 5
598 11 11 5
599 15 14 4
600 18 17 5
601 19 18 6
602 14 14 4
603 20 19 5
604 19 18 4
605 14 13 5
606 13 12 6
607 14 14 4
608 16 15 5
609 21 20 6
610 12 12 4
611 20 19 5
612 17 16 4
613 20 19 5
614 13 12 4
615 12 11 5
616 13 12 4
617 18 17 5
618 11 10 4
619 12 11 5
620 15 14 4
621 16 15 5
622 9 9 5
623 23 22 6
624 16 16 4
625 22 21 5
626 19 19 5
627 9 8 4
628 26 25 5
629 11 10 4
630 18 17 5
631 13 12 4
632 12 11 5
633 15 14 4
634 20 19 5
635 21 20 4
636 42 41 5
637 21 20 4
638 12 11 5
639 19 18 6
640 22 22 4
641 28 27 5
642 21 20 4
643 30 29 7
644 25 24 6
645 20 20 6
646 18 17 7
647 23 22 4
648 30 29 9
649 9 8 4
650 28 27 5
651 15 15 5
652 31 31 11
653 19 19 7
654 13 12 4
655 14 13 5
656 19 18 4
657 26 25 7
658 21 21 5
659 21 20 8
660 10 10 4
661 16 15 5
662 21 21 5
663 15 15 5
664 19 18 6
665 14 14 4
666 22 21 5
667 15 15 5
668 31 30 6
669 16 16 6
670 30 30 10
671 22 22 6
672 40 40 8
673 16 15 5
674 17 16 4
675 16 15 5
676 19 18 4
677 6 5 4
678 34 33 5
679 17 16 6
680 14 14 4
681 18 17 5
682 15 14 4
683 14 13 5
684 19 18 4
685 16 15 5
686 17 16 4
687 18 17 5
688 11 10 4
689 16 15 5
690 11 11 5
691 21 20 6
692 16 16 4
693 18 17 5
694 11 11 5
695 15 14 4
696 12 11 5
697 17 16 4
698 16 15 5
699 15 14 8
700 10 10 4
701 26 25 5
702 17 16 6
703 10 10 4
704 12 11 5
705 13 13 5
706 19 19 5
707 15 14 4
708 10 9 5
709 13 13 5
710 11 11 7
711 13 12 6
712 14 13 7
713 11 10 4
714 12 11 5
715 13 13 7
716 21 20 6
717 22 22 4
718 22 21 5
719 15 15 5
720 15 15 7
721 11 10 6
722 10 10 4
723 26 25 5
724 17 17 5
725 21 21 5
726 11 11 5
727 19 18 6
728 18 17 9
729 13 13 5
730 19 18 6
731 12 12 4
732 12 11 5
733 15 14 6
734 14 14 6
735 12 12 4
736 12 11 5
737 13 12 6
738 12 12 6
739 20 20 8
740 20 19 5
741 19 18 6
742 24 24 10
743 14 14 6
744 12 12 6
745 14 14 6
746 14 14 6
747 18 17 7
748 15 14 6
749 14 14 4
750 16 15 5
751 11 11 5
752 11 11 5
753 13 12 4
754 12 11 5
755 11 11 5
756 15 15 7
757 13 12 4
758 12 11 5
759 9 9 5
760 11 11 7
761 13 12 6
762 12 12 6
763 14 13 5
764 11 10 6
765 16 15 7
766 9 8 4
767 18 17 5
768 15 15 5
769 13 13 5
770 13 13 7
771 13 12 6
772 22 22 4
773 10 9 5
774 15 15 7
775 9 8 4
776 16 15 5
777 11 11 7
778 17 16 6
779 10 9 5
780 19 18 6
781 14 13 5
782 11 11 5
783 13 12 6
784 8 8 4
785 8 7 6
786 12 12 6
787 18 18 8
788 16 16 6
789 6 6 6
790 9 8 4
791 10 9 5
792 9 9 5
793 11 11 7
794 15 15 7
795 13 12 4
796 10 9 5
797 11 11 5
798 7 6 5
799 13 13 9
800 11 10 6
801 12 11 5
802 13 12 4
803 10 9 5
804 19 18 6
805 14 13 5
806 9 8 4
807 8 7 6
808 12 12 6
809 18 18 6
810 8 8 4
811 18 17 5
812 13 12 6
813 6 5 4
814 14 13 7
815 9 8 7
816 11 10 4
817 12 11 5
818 9 9 5
819 9 9 5
820 7 7 7
821 12 12 4
822 22 21 5
823 7 6 5
824 13 12 4
825 12 11 5
826 15 15 5
827 13 12 4
828 14 13 5
829 15 14 6
830 12 11 5
831 13 13 5
832 13 13 7
833 7 6 5
834 5 5 5
835 14 13 7
836 15 14 4
837 8 7 6
838 14 14 6
839 10 10 6
840 12 11 7
841 13 13 5
842 15 14 4
843 6 5 4
844 16 15 5
845 17 16 4
846 10 9 5
847 9 8 4
848 14 13 7
849 15 14 8
850 16 16 4
851 18 17 7
852 19 18 4
853 18 17 5
854 11 10 6
855 14 13 5
856 11 11 5
857 9 8 4
858 14 13 7
859 11 11 5
860 7 6 5
861 13 12 6
862 18 17 7
863 9 8 4
864 8 7 6
865 12 12 6
866 8 8 4
867 18 17 5
868 17 16 6
869 18 18 6
870 10 10 4
871 18 17 5
872 13 12 6
873 10 9 5
874 17 16 8
875 10 10 4
876 8 7 6
877 14 14 6
878 6 6 6
879 15 15 7
880 13 12 4
881 16 15 7
882 13 12 4
883 20 19 5
884 19 19 5
885 21 20 4
886 16 15 5
887 11 10 4
888 12 11 5
889 27 27 5
890 27 26 6
891 18 18 4
892 30 29 5
893 23 22 4
894 12 11 5
895 15 14 4
896 50 49 5
897 27 27 5
898 15 14 4
899 18 17 5
900 21 20 4
901 16 15 5
902 23 22 4
903 18 17 5
904 17 16 4
905 22 21 5
906 15 14 4
907 18 17 5
908 31 30 6
909 14 14 4
910 12 11 5
911 29 28 6
912 14 14 4
913 14 13 5
914 15 15 5
915 9 8 4
916 18 17 5
917 17 16 6
918 12 12 4
919 12 11 5
920 17 17 5
921 17 16 4
922 30 29 7
923 15 14 6
924 20 19 5
925 11 10 4
926 26 25 7
927 27 26 4
928 18 17 7
929 19 18 4
930 18 17 5
931 21 20 6
932 10 10 4
933 16 15 5
934 13 12 6
935 14 14 6
936 18 18 4
937 22 21 5
938 23 23 5
939 15 14 6
940 16 15 5
941 17 17 5
942 17 17 5
943 11 10 4
944 14 13 5
945 13 13 5
946 19 19 5
947 17 17 5
948 11 10 4
949 14 13 7
950 17 16 4
951 16 15 5
952 19 18 6
953 16 16 6
954 18 18 4
955 22 21 5
956 15 15 5
957 17 17 5
958 21 20 4
959 18 17 5
960 17 16 6
961 12 12 6
962 10 9 5
963 15 14 4
964 18 17 9
965 15 15 7
966 13 12 6
967 24 24 8
968 12 12 4
969 30 29 5
970 15 15 5
971 23 22 4
972 20 19 5
973 31 30 8
974 16 16 6
975 14 13 7
976 25 24 6
977 18 17 7
978 17 17 7
979 25 25 7
980 23 23 9
981 17 17 5
982 13 12 6
983 14 14 6
984 28 28 6
985 14 14 4
986 18 17 5
987 15 14 4
988 14 13 5
989 19 18 4
990 18 17 5
991 27 26 6
992 22 22 10
993 16 16 4
994 20 19 7
995 15 14 4
996 14 13 5
997 15 14 4
998 10 9 5
999 11 11 5
1000 5 5 5
1001 14 13 5
1002 13 13 5
1003 17 16 6
1004 14 14 6
1005 14 13 5
1006 11 11 5
1007 21 20 6
1008 12 11 5
1009 15 15 5
1010 9 8 4
1011 18 17 5
1012 13 13 5
1013 13 12 4
1014 10 9 5
1015 25 24 8
1016 20 20 6
1017 10 10 4
1018 6 5 4
1019 16 15 5
1020 19 18 4
1021 14 13 5
1022 11 10 4
1023 14 13 5
1024 29 28 4
1025 24 23 5
1026 11 10 4
1027 22 21 5
1028 11 11 5
1029 19 18 6
1030 12 12 6
1031 12 11 5
1032 15 14 4
1033 18 17 5
1034 21 20 4
1035 26 25 9
1036 25 24 8
1037 10 10 4
1038 20 19 5
1039 13 12 4
1040 20 19 5
1041 11 11 5
1042 13 13 5
1043 23 22 6
1044 16 16 4
1045 16 15 5
1046 11 10 4
1047 24 23 5
1048 19 18 6
1049 14 14 6
1050 14 14 6
1051 14 14 6
1052 16 15 5
1053 9 9 5
1054 19 18 6
1055 10 10 6
1056 18 18 6
1057 14 14 4
1058 10 9 5
1059 17 17 9
1060 13 12 4
1061 10 9 5
1062 19 18 8
1063 10 10 4
1064 12 11 5
1065 5 5 5
1066 16 15 5
1067 11 11 7
1068 17 16 6
1069 14 14 6
1070 10 9 5
1071 11 11 5
1072 17 16 6
1073 10 10 6
1074 12 11 5
1075 9 9 5
1076 13 13 5
1077 11 11 5
1078 19 19 5
1079 11 11 5
1080 13 13 5
1081 9 9 5
1082 11 10 4
1083 16 15 5
1084 13 13 5
1085 9 9 5
1086 11 10 6
1087 12 12 6
1088 14 14 4
1089 14 13 5
1090 11 11 5
1091 7 6 5
1092 13 13 7
1093 15 14 6
1094 16 16 6
1095 6 6 6
1096 11 10 4
1097 12 11 5
1098 11 11 5
1099 5 5 5
1100 12 11 7
1101 15 14 4
1102 16 15 5
1103 13 12 6
1104 14 14 6
1105 12 11 5
1106 9 9 5
1107 15 15 5
1108 15 15 7
1109 9 8 4
1110 14 13 7
1111 13 12 4
1112 10 9 5
1113 13 12 6
1114 12 12 6
1115 10 10 6
1116 10 10 6
1117 10 9 5
1118 11 10 4
1119 16 15 7
1120 19 19 5
1121 9 9 5
1122 11 11 5
1123 11 10 4
1124 16 15 7
1125 11 10 4
1126 10 9 5
1127 21 20 6
1128 16 15 7
1129 11 10 4
1130 8 7 6
1131 10 10 4
1132 18 17 5
1133 15 14 6
1134 10 10 4
1135 6 5 4
1136 16 15 5
1137 15 15 7
1138 13 13 5
1139 13 13 5
1140 15 14 4
1141 20 19 5
1142 15 15 7
1143 17 16 6
1144 16 16 6
1145 14 14 4
1146 8 7 6
1147 14 14 6
1148 6 6 6
1149 11 11 5
1150 11 11 5
1151 13 12 4
1152 20 19 5
1153 17 17 5
1154 13 13 5
1155 11 10 4
1156 12 11 5
1157 17 16 6
1158 10 10 4
1159 24 23 5
1160 13 13 5
1161 11 10 4
1162 14 13 5
1163 13 12 4
1164 12 11 5
1165 9 9 5
1166 9 8 4
1167 24 23 7
1168 11 10 4
1169 14 13 5
1170 15 14 6
1171 10 9 5
1172 7 6 5
1173 27 26 4
1174 22 21 5
1175 25 24 4
1176 14 13 5
1177 19 18 6
1178 8 8 4
1179 12 11 5
1180 11 10 4
1181 16 15 5
1182 21 20 6
1183 12 12 4
1184 6 5 4
1185 12 11 5
1186 11 10 4
1187 20 19 5
1188 9 9 5
1189 23 22 4
1190 30 29 5
1191 25 24 4
1192 14 13 5
1193 17 16 6
1194 20 20 4
1195 24 23 5
1196 17 16 4
1197 22 21 5
1198 11 10 4
1199 14 13 5
1200 11 10 4
1201 24 23 5
1202 19 18 4
1203 20 19 5
1204 9 8 4
1205 14 13 5
1206 13 12 4
1207 14 13 5
1208 15 14 4
1209 16 15 5
1210 17 16 4
1211 14 13 5
1212 15 14 4
1213 16 15 5
1214 19 18 4
1215 22 21 5
1216 11 11 5
1217 31 30 6
1218 18 18 4
1219 18 17 7
1220 7 6 5
1221 15 14 4
1222 14 13 5
1223 21 20 6
1224 30 29 5
1225 9 8 4
1226 12 11 5
1227 17 16 4
1228 14 13 5
1229 13 12 4
1230 20 19 5
1231 13 12 4
1232 18 17 5
1233 9 8 4
1234 12 11 5
1235 29 28 4
1236 20 19 5
1237 31 30 4
1238 28 27 5
1239 21 20 4
1240 14 13 5
1241 21 20 4
1242 30 29 5
1243 23 22 6
1244 32 32 4
1245 32 31 5
1246 23 22 4
1247 18 17 5
1248 39 38 4
1249 28 27 5
1250 27 26 6
1251 28 28 6
1252 38 38 4
1253 32 31 5
1254 33 33 7
1255 15 15 5
1256 25 24 4
1257 30 29 5
1258 31 30 6
1259 14 13 5
1260 23 22 6
1261 16 15 5
1262 15 14 6
1263 16 16 6
1264 24 23 5
1265 19 18 4
1266 22 21 5
1267 19 18 4
1268 24 23 9
1269 17 16 4
1270 20 19 5
1271 21 20 4
1272 24 23 5
1273 21 20 4
1274 14 13 5
1275 15 14 4
1276 28 27 11
1277 21 20 6
1278 12 12 4
1279 16 15 5
1280 9 8 4
1281 14 13 7
1282 25 25 5
1283 17 17 5
1284 19 18 6
1285 16 15 5
1286 19 18 6
1287 20 19 5
1288 11 11 5
1289 17 16 6
1290 16 16 6
1291 20 19 5
1292 15 14 6
1293 16 16 6
1294 24 24 12
1295 6 6 6
1296 17 16 4
1297 10 9 5
1298 13 12 4
1299 18 17 5
1300 25 25 7
1301 11 10 4
1302 18 17 7
1303 19 18 6
1304 16 16 6
1305 20 20 6
1306 10 9 5
1307 17 16 4
1308 24 23 9
1309 11 10 6
1310 20 20 6
1311 12 12 4
1312 20 19 5
1313 17 16 4
1314 18 17 5
1315 19 18 6
1316 8 8 4
1317 16 15 7
1318 15 14 4
1319 12 11 5
1320 21 20 4
1321 18 17 9
1322 13 13 5
1323 23 23 7
1324 19 18 6
1325 10 10 4
1326 20 19 5
1327 15 14 6
1328 18 17 7
1329 11 11 5
1330 13 13 5
1331 5 5 5
1332 14 13 7
1333 9 9 5
1334 17 17 5
1335 15 14 4
1336 10 9 5
1337 15 14 6
1338 8 8 4
1339 16 15 5
1340 13 13 7
1341 11 10 4
1342 10 9 5
1343 9 9 5
1344 11 10 6
1345 14 14 6
1346 12 12 6
1347 12 11 5
1348 13 12 4
1349 20 19 5
1350 11 11 7
1351 13 12 6
1352 20 19 5
1353 25 25 5
1354 15 15 5
1355 15 14 4
1356 12 11 5
1357 11 11 5
1358 15 15 5
1359 13 13 5
1360 11 10 4
1361 24 23 5
1362 11 10 4
1363 18 17 7
1364 13 13 5
1365 13 13 5
1366 13 12 6
1367 12 12 6
1368 12 12 6
1369 12 11 5
1370 13 12 6
1371 14 14 6
1372 14 14 6
1373 14 14 4
1374 18 17 7
1375 13 12 6
1376 8 8 4
1377 12 11 5
1378 9 9 5
1379 13 13 5
1380 9 8 4
1381 18 17 5
1382 11 10 4
1383 10 9 5
1384 9 8 4
1385 12 11 7
1386 17 16 6
1387 18 17 7
1388 7 6 5
1389 15 14 6
1390 12 12 6
1391 16 16 8
1392 14 14 6
1393 14 13 7
1394 11 10 6
1395 12 11 5
1396 13 13 5
1397 15 15 5
1398 11 11 5
1399 19 18 6
1400 18 17 7
1401 15 14 6
1402 6 5 4
1403 20 19 7
1404 7 6 5
1405 17 16 6
1406 12 11 5
1407 17 16 4
1408 14 13 5
1409 9 9 5
1410 13 12 8
1411 12 12 6
1412 10 10 4
1413 18 17 7
1414 9 9 5
1415 15 14 6
1416 8 8 4
1417 10 9 5
1418 13 13 5
1419 7 7 7
1420 16 16 6
1421 10 9 5
1422 11 11 5
1423 17 16 4
1424 14 13 7
1425 9 9 5
1426 15 14 4
1427 12 11 5
1428 17 16 6
1429 10 10 6
1430 18 17 7
1431 7 6 5
1432 13 12 4
1433 12 11 5
1434 15 14 6
1435 16 16 6
1436 14 14 6
1437 12 12 4
1438 20 19 5
1439 13 12 4
1440 10 9 5
1441 15 14 8
1442 14 14 6
1443 14 14 6
1444 18 18 6
1445 14 13 5
1446 17 16 4
1447 14 13 5
1448 9 9 5
1449 9 8 4
1450 12 11 5
1451 9 9 5
1452 17 16 6
1453 10 10 4
1454 16 15 5
1455 9 9 5
1456 13 13 5
1457 5 5 5
1458 12 11 5
1459 15 15 5
1460 19 18 4
1461 8 7 6
1462 16 15 5
1463 5 5 5
1464 14 13 5
1465 11 11 5
1466 15 14 4
1467 22 21 7
1468 13 12 6
1469 6 6 6
1470 11 10 4
1471 14 13 5
1472 15 14 6
1473 20 19 5
1474 21 21 5
1475 15 14 6
1476 12 12 4
1477 6 5 4
1478 12 11 5
1479 23 22 8
1480 22 22 4
1481 18 17 5
1482 19 19 5
1483 13 12 4
1484 20 19 7
1485 13 12 4
1486 12 11 5
1487 19 18 6
1488 36 35 5
1489 21 20 4
1490 16 15 5
1491 13 12 4
1492 18 17 5
1493 9 8 4
1494 24 23 5
1495 31 30 4
1496 24 23 5
1497 19 18 4
1498 14 13 5
1499 9 8 4
1500 18 17 5
1501 11 10 4
1502 24 23 5
1503 15 14 6
1504 10 10 4
1505 12 11 5
1506 15 14 6
1507 22 22 6
1508 14 13 5
1509 21 20 4
1510 20 19 5
1511 19 18 4
1512 10 9 5
1513 13 12 4
1514 16 15 5
1515 17 16 4
1516 14 13 5
1517 9 8 4
1518 30 29 7
1519 13 12 6
1520 14 14 4
1521 12 11 5
1522 15 14 6
1523 14 13 5
1524 13 13 5
1525 17 16 6
1526 24 24 6
1527 12 12 6
1528 14 14 6
1529 14 13 5
1530 15 14 8
1531 18 18 6
1532 8 8 4
1533 18 17 5
1534 13 13 5
1535 15 15 5
1536 13 13 5
1537 11 10 4
1538 22 21 5
1539 15 15 5
1540 17 16 6
1541 18 18 6
1542 14 14 6
1543 12 11 5
1544 17 16 6
1545 18 18 6
1546 14 14 6
1547 10 10 4
1548 6 5 4
1549 18 17 5
1550 23 22 8
1551 24 23 5
1552 13 13 5
1553 17 16 4
1554 12 11 5
1555 19 18 4
1556 18 17 7
1557 15 15 5
1558 11 10 6
1559 20 20 4
1560 18 17 5
1561 15 15 5
1562 11 10 4
1563 24 23 5
1564 9 9 5
1565 23 22 4
1566 20 19 5
1567 21 21 9
1568 19 18 6
1569 14 14 4
1570 18 17 5
1571 21 20 4
1572 18 17 5
1573 15 14 4
1574 22 21 7
1575 17 17 5
1576 19 18 6
1577 8 8 4
1578 22 21 5
1579 15 15 5
1580 9 8 4
1581 16 15 5
1582 25 25 7
1583 15 15 5
1584 23 22 4
1585 12 11 5
1586 19 19 5
1587 5 5 5
1588 14 13 5
1589 17 16 8
1590 20 19 7
1591 13 12 6
1592 12 11 5
1593 5 5 5
1594 16 15 5
1595 21 21 7
1596 19 19 7
1597 17 16 8
1598 16 15 5
1599 17 17 7
1600 17 17 5
1601 13 12 6
1602 20 20 4
1603 22 21 7
1604 21 20 4
1605 20 19 5
1606 23 22 4
1607 12 11 5
1608 9 8 4
1609 18 17 5
1610 11 11 5
1611 11 10 4
1612 28 27 5
1613 11 10 6
1614 14 14 4
1615 10 9 5
1616 9 8 4
1617 14 13 5
1618 13 13 7
1619 21 20 4
1620 20 19 7
1621 7 6 5
1622 13 12 6
1623 18 18 6
1624 20 19 7
1625 15 14 4
1626 12 11 5
1627 13 12 4
1628 10 9 5
1629 11 10 6
1630 10 10 4
1631 12 11 5
1632 29 29 5
1633 15 14 4
1634 10 9 5
1635 19 18 6
1636 16 16 6
1637 14 14 4
1638 10 9 5
1639 13 12 6
1640 6 6 6
1641 19 18 6
1642 28 27 7
1643 15 15 5
1644 13 12 6
1645 12 12 4
1646 18 17 7
1647 13 13 7
1648 15 14 4
1649 20 19 7
1650 17 16 6
1651 20 20 6
1652 12 12 4
1653 12 11 5
1654 13 12 4
1655 14 13 5
1656 11 10 6
1657 10 10 4
1658 18 17 5
1659 31 30 4
1660 16 15 5
1661 13 13 5
1662 7 6 5
1663 17 16 6
1664 12 11 5
1665 11 11 5
1666 9 9 5
1667 17 16 6
1668 16 16 4
1669 22 21 7
1670 13 12 4
1671 12 11 5
1672 15 14 4
1673 12 11 5
1674 19 19 5
1675 13 12 4
1676 20 19 5
1677 9 9 5
1678 15 14 6
1679 12 12 4
1680 16 15 5
1681 15 15 5
1682 19 18 6
1683 12 12 4
1684 16 15 7
1685 11 10 4
1686 14 13 5
1687 13 13 5
1688 17 16 4
1689 12 11 5
1690 15 14 4
1691 10 9 5
1692 9 8 4
1693 16 15 5
1694 9 8 4
1695 14 13 7
1696 11 10 6
1697 10 10 6
1698 8 8 4
1699 8 7 6
1700 10 10 6
1701 20 19 7
1702 13 12 6
1703 12 11 5
1704 9 9 5
1705 11 10 6
1706 20 19 7
1707 7 6 5
1708 7 6 5
1709 9 8 4
1710 12 11 5
1711 13 13 5
1712 11 11 5
1713 7 6 5
1714 7 6 5
1715 13 12 6
1716 14 13 5
1717 13 12 4
1718 12 11 5
1719 19 19 7
1720 9 8 4
1721 16 15 5
1722 7 6 5
1723 9 9 5
1724 11 11 5
1725 13 13 5
1726 25 24 6
1727 16 15 5
1728 17 16 8
1729 12 12 4
1730 10 9 5
1731 11 11 5
1732 7 6 5
1733 19 18 6
1734 12 11 5
1735 13 13 7
1736 11 11 5
1737 15 15 5
1738 11 10 4
1739 14 13 5
1740 5 5 5
1741 18 17 7
1742 15 14 6
1743 20 19 7
1744 13 12 4
1745 14 13 5
1746 15 14 6
1747 10 10 6
1748 8 7 6
1749 10 10 4
1750 14 13 5
1751 17 17 5
1752 15 14 4
1753 12 11 5
1754 11 10 6
1755 10 9 5
1756 15 14 4
1757 16 15 7
1758 13 12 8
1759 8 8 4
1760 14 13 5
1761 19 19 5
1762 11 10 6
1763 12 12 6
1764 6 6 6
1765 19 18 6
1766 12 11 5
1767 17 16 6
1768 16 15 5
1769 17 16 4
1770 12 11 5
1771 9 9 5
1772 5 5 5
1773 16 15 5
1774 17 16 4
1775 46 45 5
1776 13 12 4
1777 14 13 5
1778 13 12 4
1779 12 11 5
1780 13 13 5
1781 15 15 5
1782 33 32 4
1783 20 19 5
1784 25 25 5
1785 13 12 4
1786 24 23 5
1787 15 14 6
1788 28 27 5
1789 21 21 5
1790 17 16 4
1791 14 13 5
1792 17 17 5
1793 19 18 8
1794 22 22 4
1795 12 11 5
1796 15 14 4
1797 14 13 5
1798 25 24 8
1799 14 14 6
1800 16 15 5
1801 9 9 5
1802 13 12 4
1803 14 13 5
1804 19 19 5
1805 15 15 5
1806 19 18 4
1807 6 5 4
1808 18 17 7
1809 19 18 4
1810 16 15 7
1811 11 10 4
1812 26 25 9
1813 9 8 4
1814 16 15 5
1815 13 13 5
1816 15 14 6
1817 8 8 4
1818 14 13 7
1819 13 12 8
1820 12 12 6
1821 14 14 6
1822 14 13 5
1823 15 15 5
1824 9 9 5
1825 11 11 5
1826 13 13 5
1827 11 10 6
1828 16 16 6
1829 24 23 5
1830 17 16 4
1831 26 25 7
1832 17 16 4
1833 20 19 5
1834 15 15 5
1835 19 19 5
1836 11 10 6
1837 10 9 5
1838 29 28 6
1839 20 19 7
1840 13 12 4
1841 14 13 7
1842 19 19 7
1843 11 11 5
1844 23 22 6
1845 14 14 4
1846 14 13 5
1847 13 13 5
1848 19 19 5
1849 15 14 4
1850 28 27 7
1851 31 31 11
1852 21 20 4
1853 6 5 4
1854 10 9 5
1855 17 16 4
1856 16 15 5
1857 19 18 4
1858 22 21 7
1859 19 18 4
1860 20 19 5
1861 15 14 4
1862 14 13 5
1863 13 12 4
1864 16 15 5
1865 25 25 5
1866 15 15 5
1867 13 12 4
1868 18 17 5
1869 9 9 5
1870 9 9 5
1871 9 9 5
1872 19 18 8
1873 16 16 6
1874 12 12 4
1875 18 17 5
1876 11 10 6
1877 8 8 4
1878 14 13 5
1879 11 11 5
1880 13 12 6
1881 16 16 4
1882 22 21 5
1883 21 20 8
1884 12 11 5
1885 17 17 5
1886 13 13 5
1887 27 26 6
1888 12 11 5
1889 21 21 7
1890 17 16 6
1891 14 14 4
1892 18 17 5
1893 11 10 4
1894 14 13 5
1895 17 16 4
1896 12 11 5
1897 15 15 5
1898 9 9 9
1899 12 12 4
1900 10 9 5
1901 13 13 5
1902 27 26 8
1903 8 8 4
1904 18 17 7
1905 13 12 6
1906 18 18 4
1907 16 15 5
1908 15 15 5
1909 19 19 5
1910 13 12 6
1911 12 12 6
1912 6 5 4
1913 14 13 7
1914 17 17 7
1915 19 19 5
1916 9 8 4
1917 10 9 5
1918 15 14 6
1919 12 11 5
1920 15 14 6
1921 16 15 5
1922 7 6 5
1923 17 16 4
1924 12 11 5
1925 9 9 5
1926 17 17 7
1927 7 6 5
1928 11 11 5
1929 5 5 5
1930 10 9 5
1931 15 15 7
1932 15 14 6
1933 10 9 5
1934 11 10 4
1935 8 7 6
1936 14 14 8
1937 10 10 6
1938 18 17 5
1939 9 8 4
1940 10 9 5
1941 11 10 6
1942 12 11 5
1943 7 6 5
1944 15 14 8
1945 8 8 8
1946 21 20 6
1947 6 6 6
1948 17 16 6
1949 12 12 4
1950 10 9 5
1951 11 10 6
1952 10 9 5
1953 13 13 7
1954 13 12 6
1955 14 14 6
1956 14 14 6
1957 14 14 8
1958 12 12 6
1959 14 13 7
1960 7 6 5
1961 11 10 6
1962 8 8 4
1963 10 9 5
1964 9 9 5
1965 19 19 5
1966 11 10 4
1967 16 15 9
1968 7 6 5
1969 11 10 4
1970 6 5 4
1971 10 9 5
1972 7 7 7
1973 20 20 8
1974 14 14 6
1975 14 14 6
1976 10 10 6
1977 12 12 4
1978 8 7 6
1979 16 16 6
1980 18 18 6
1981 12 12 4
1982 18 17 5
1983 13 12 6
1984 6 6 6
1985 15 14 6
1986 16 15 5
1987 13 12 6
1988 12 12 6
1989 14 13 7
1990 7 6 5
1991 13 12 4
1992 12 11 7
1993 11 10 6
1994 14 14 6
1995 16 15 5
1996 11 10 4
1997 16 15 5
1998 15 14 4
1999 10 9 5
2000 9 8 4
2001 18 17 7
2002 7 6 5
2003 19 18 8
2004 20 20 4
2005 14 13 5
2006 7 6 5
2007 9 8 4
2008 6 5 4
2009 12 11 7
2010 11 10 6
2011 30 30 6
2012 10 10 4
2013 6 5 4
2014 12 11 5
2015 11 11 5
2016 11 10 4
2017 12 11 5
2018 13 13 5
2019 13 13 5
2020 13 13 5
2021 9 9 5
2022 9 9 5
2023 11 10 4
2024 12 11 7
2025 13 12 6
2026 6 6 6
2027 11 11 5
2028 13 13 5
2029 7 7 7
2030 22 21 7
2031 15 14 6
2032 12 11 5
2033 17 16 6
2034 12 12 4
2035 14 13 5
2036 25 25 5
2037 19 19 5
2038 11 10 4
2039 14 13 5
2040 15 14 4
2041 10 9 5
2042 15 14 6
2043 24 24 4
2044 40 39 5
2045 17 16 4
2046 18 17 5
2047 15 14 4
2048 26 25 5
2049 23 22 4
2050 24 23 5
2051 25 24 4
2052 14 13 5
2053 19 18 4
2054 16 15 5
2055 17 16 4
2056 12 11 5
2057 23 22 6
2058 10 10 4
2059 30 29 9
2060 27 26 4
2061 14 13 5
2062 13 12 4
2063 10 9 5
2064 11 11 5
2065 13 13 5
2066 31 30 6
2067 16 16 4
2068 20 19 5
2069 9 9 5
2070 21 20 4
2071 14 13 7
2072 9 9 5
2073 13 12 4
2074 28 27 11
2075 15 15 5
2076 13 12 4
2077 18 17 5
2078 21 20 6
2079 12 12 4
2080 20 19 5
2081 21 20 6
2082 16 16 4
2083 18 17 7
2084 11 10 4
2085 22 21 7
2086 17 17 7
2087 15 14 4
2088 14 13 5
2089 13 13 5
2090 15 14 6
2091 34 34 6
2092 14 13 5
2093 9 9 5
2094 13 12 6
2095 12 12 6
2096 20 19 7
2097 21 21 7
2098 15 14 4
2099 16 15 5
2100 9 9 5
2101 11 10 6
2102 12 12 6
2103 16 16 6
2104 18 17 5
2105 13 13 5
2106 15 15 7
2107 11 11 5
2108 11 10 6
2109 14 14 6
2110 18 18 4
2111 14 13 5
2112 9 9 5
2113 19 19 5
2114 11 11 5
2115 13 12 4
2116 20 19 7
2117 19 19 7
2118 5 5 5
2119 14 13 5
2120 9 8 4
2121 18 17 9
2122 13 12 6
2123 14 14 6
2124 10 10 4
2125 16 15 5
2126 13 12 6
2127 12 12 4
2128 24 23 7
2129 13 13 5
2130 19 19 5
2131 11 11 5
2132 13 13 5
2133 21 20 6
2134 10 10 4
2135 14 13 7
2136 9 8 4
2137 14 13 5
2138 15 14 4
2139 20 19 7
2140 11 11 5
2141 15 14 6
2142 8 8 4
2143 10 9 5
2144 13 12 6
2145 16 15 5
2146 17 17 5
2147 15 14 4
2148 10 9 5
2149 9 9 5
2150 17 17 7
2151 13 12 6
2152 12 12 4
2153 22 21 5
2154 23 22 6
2155 16 15 5
2156 15 15 5
2157 15 14 6
2158 14 13 5
2159 11 11 5
2160 13 13 5
2161 17 17 9
2162 11 10 4
2163 24 23 5
2164 19 19 5
2165 11 11 5
2166 17 17 5
2167 15 14 4
2168 14 13 5
2169 11 10 4
2170 20 19 5
2171 17 17 9
2172 17 16 6
2173 14 14 4
2174 20 19 5
2175 9 9 5
2176 15 14 4
2177 16 15 7
2178 15 14 4
2179 20 19 5
2180 9 9 5
2181 19 18 8
2182 12 12 4
2183 20 19 7
2184 17 16 4
2185 10 9 5
2186 7 6 5
2187 19 18 6
2188 10 9 5
2189 15 15 5
2190 13 13 5
2191 13 13 5
2192 11 10 4
2193 16 15 5
2194 11 11 5
2195 23 22 4
2196 24 23 5
2197 13 13 5
2198 5 5 5
2199 14 13 5
2200 7 7 7
2201 10 10 4
2202 10 9 5
2203 21 20 6
2204 16 15 5
2205 17 17 5
2206 11 11 5
2207 13 12 4
2208 14 13 5
2209 13 12 8
2210 10 10 4
2211 16 15 7
2212 19 19 7
2213 11 11 5
2214 5 5 5
2215 16 15 5
2216 7 6 5
2217 7 6 5
2218 15 14 8
2219 18 17 5
2220 19 18 4
2221 16 15 5
2222 11 11 5
2223 17 16 4
2224 14 13 5
2225 21 20 6
2226 20 19 7
2227 13 12 6
2228 6 6 6
2229 27 26 6
2230 10 10 4
2231 22 21 5
2232 9 8 4
2233 18 17 5
2234 27 26 6
2235 10 10 6
2236 16 16 6
2237 12 12 4
2238 12 11 5
2239 15 15 5
2240 21 21 5
2241 21 20 4
2242 14 13 5
2243 9 8 4
2244 16 15 5
2245 11 10 4
2246 18 17 7
2247 17 16 6
2248 12 11 5
2249 11 11 5
2250 15 15 5
2251 17 17 7
2252 11 10 4
2253 12 11 5
2254 13 13 5
2255 15 14 6
2256 12 11 5
2257 13 13 5
2258 13 13 7
2259 19 18 4
2260 16 15 5
2261 9 9 5
2262 11 11 5
2263 9 8 7
2264 17 16 6
2265 8 8 4
2266 22 21 9
2267 11 10 4
2268 16 15 5
2269 7 7 7
2270 14 14 8
2271 12 12 6
2272 16 16 6
2273 10 10 4
2274 22 21 7
2275 9 8 4
2276 18 17 7
2277 13 12 4
2278 18 17 5
2279 11 10 4
2280 12 11 5
2281 13 13 5
2282 17 17 5
2283 21 20 4
2284 12 11 5
2285 9 9 5
2286 13 12 4
2287 14 13 7
2288 17 16 6
2289 22 21 7
2290 11 10 4
2291 22 21 7
2292 19 18 8
2293 10 10 4
2294 12 11 5
2295 11 10 6
2296 16 16 8
2297 16 15 7
2298 11 10 4
2299 16 15 5
2300 17 17 7
2301 7 6 5
2302 13 12 6
2303 6 6 6
2304 13 13 5
2305 11 11 5
2306 19 19 7
2307 15 14 6
2308 6 6 6
2309 11 10 6
2310 8 8 4
2311 14 13 7
2312 15 14 6
2313 12 12 6
2314 16 15 5
2315 7 7 7
2316 12 12 6
2317 8 7 6
2318 10 10 6
2319 12 11 7
2320 13 12 6
2321 6 5 4
2322 20 19 7
2323 11 10 4
2324 12 11 7
2325 7 6 5
2326 5 5 5
2327 10 9 5
2328 25 25 5
2329 21 20 6
2330 14 13 5
2331 19 18 6
2332 8 8 4
2333 10 9 5
2334 11 11 5
2335 15 14 6
2336 12 12 6
2337 12 12 4
2338 20 19 5
2339 11 11 5
2340 7 6 5
2341 11 11 5
2342 9 9 5
2343 21 20 6
2344 20 20 4
2345 12 11 5
2346 15 14 6
2347 18 18 4
2348 6 5 4
2349 12 11 5
2350 17 17 5
2351 27 26 6
2352 18 18 4
2353 12 11 5
2354 9 8 4
2355 14 13 5
2356 15 15 5
2357 9 9 5
2358 15 15 5
2359 17 17 7
2360 11 10 4
2361 14 13 5
2362 15 14 6
2363 10 10 6
2364 10 9 5
2365 21 20 4
2366 10 9 5
2367 23 22 4
2368 20 19 5
2369 17 16 6
2370 8 8 4
2371 14 13 5
2372 17 17 5
2373 21 20 4
2374 12 11 5
2375 9 8 4
2376 26 25 5
2377 29 28 6
2378 10 10 4
2379 18 17 5
2380 19 19 5
2381 13 12 6
2382 8 8 4
2383 14 13 5
2384 19 18 6
2385 18 18 4
2386 16 15 5
2387 17 16 6
2388 14 14 4
2389 18 17 5
2390 11 11 5
2391 13 12 4
2392 26 25 5
2393 11 10 4
2394 14 13 7
2395 15 14 6
2396 10 10 6
2397 10 10 4
2398 26 25 7
2399 17 16 4
2400 14 13 5
2401 7 6 5
2402 19 18 6
2403 14 14 6
2404 14 14 6
2405 38 38 6
2406 18 18 4
2407 14 13 5
2408 13 12 6
2409 22 22 6
2410 12 12 4
2411 14 13 5
2412 21 21 5
2413 15 14 4
2414 16 15 5
2415 13 12 6
2416 16 16 6
2417 26 26 6
2418 16 15 5
2419 11 10 4
2420 34 33 5
2421 29 29 5
2422 23 22 4
2423 24 23 5
2424 17 16 4
2425 14 13 5
2426 25 25 5
2427 35 34 8
2428 30 30 8
2429 30 30 6
2430 20 20 4
2431 20 19 5
2432 17 16 4
2433 40 39 5
2434 35 35 5
2435 39 38 8
2436 22 22 4
2437 50 49 7
2438 31 31 7
2439 15 14 4
2440 24 23 5
2441 15 14 4
2442 28 27 5
2443 21 20 4
2444 14 13 5
2445 33 32 6
2446 30 29 9
2447 29 28 4
2448 30 29 7
2449 17 17 5
2450 33 32 6
2451 22 22 6
2452 18 18 4
2453 18 17 7
2454 19 19 5
2455 29 29 7
2456 11 11 5
2457 25 25 5
2458 15 15 5
2459 21 21 5
2460 21 21 7
2461 31 31 11
2462 27 27 7
2463 21 21 5
2464 11 11 5
2465 15 14 4
2466 20 19 5
2467 37 36 8
2468 14 14 4
2469 22 21 7
2470 17 17 5
2471 33 33 9
2472 21 21 7
2473 27 26 8
2474 22 22 4
2475 20 19 7
2476 23 23 5
2477 21 20 6
2478 20 20 4
2479 20 19 5
2480 9 8 4
2481 12 11 5
2482 11 10 4
2483 14 13 5
2484 15 14 6
2485 14 13 5
2486 21 20 6
2487 20 20 4
2488 12 11 5
2489 19 19 7
2490 15 15 5
2491 13 13 5
2492 15 15 7
2493 17 16 6
2494 14 14 4
2495 10 9 5
2496 21 20 6
2497 30 29 13
2498 27 26 10
2499 14 13 5
2500 21 21 5
2501 15 15 5
2502 11 10 4
2503 14 13 5
2504 17 16 6
2505 20 20 6
2506 26 26 6
2507 22 22 6
2508 12 11 5
2509 17 16 8
2510 10 9 5
2511 11 10 4
2512 10 9 5
2513 21 21 5
2514 19 19 5
2515 13 13 5
2516 19 19 7
2517 17 17 5
2518 17 17 5
2519 17 17 7
2520 9 8 4
2521 20 19 7
2522 15 14 4
2523 14 13 7
2524 19 18 4
2525 24 23 5
2526 15 15 7
2527 17 16 6
2528 18 18 6
2529 16 16 6
2530 10 10 4
2531 16 15 5
2532 11 11 5
2533 13 12 4
2534 12 11 5
2535 11 11 5
2536 21 21 7
2537 9 8 4
2538 12 11 5
2539 17 17 5
2540 17 17 5
2541 13 12 6
2542 12 11 5
2543 11 11 5
2544 9 9 5
2545 11 10 6
2546 16 16 8
2547 18 18 6
2548 10 10 4
2549 12 11 5
2550 21 20 6
2551 12 12 4
2552 12 11 5
2553 13 13 5
2554 13 13 5
2555 9 8 4
2556 20 19 7
2557 7 6 5
2558 21 20 8
2559 14 13 5
2560 11 11 5
2561 7 6 5
2562 13 12 6
2563 10 10 4
2564 14 13 5
2565 9 8 4
2566 16 15 7
2567 11 11 5
2568 13 13 5
2569 9 9 5
2570 15 14 6
2571 18 17 5
2572 11 11 5
2573 11 10 6
2574 20 20 8
2575 14 13 5
2576 13 12 6
2577 10 10 4
2578 18 17 5
2579 11 10 6
2580 14 13 5
2581 9 8 4
2582 16 15 5
2583 9 8 4
2584 18 17 7
2585 15 14 6
2586 22 21 5
2587 11 10 4
2588 18 17 5
2589 17 17 5
2590 13 12 4
2591 10 9 5
2592 13 12 6
2593 6 6 6
2594 13 13 7
2595 17 16 6
2596 18 18 6
2597 18 18 4
2598 10 9 5
2599 13 12 6
2600 12 12 4
2601 16 15 5
2602 15 14 4
2603 14 13 5
2604 13 12 6
2605 16 16 4
2606 10 9 5
2607 15 14 8
2608 8 8 4
2609 16 15 5
2610 19 18 6
2611 14 14 4
2612 10 9 5
2613 15 15 5
2614 13 12 4
2615 12 11 5
2616 15 14 4
2617 16 15 5
2618 13 13 5
2619 15 15 7
2620 19 18 6
2621 12 12 4
2622 10 9 5
2623 9 8 4
2624 12 11 5
2625 15 14 8
2626 6 6 6
2627 9 9 5
2628 9 9 5
2629 13 13 5
2630 13 12 8
2631 12 12 4
2632 12 11 5
2633 11 10 4
2634 6 5 4
2635 14 13 5
2636 13 12 6
2637 8 8 4
2638 14 13 5
2639 17 17 5
2640 9 8 4
2641 14 13 7
2642 21 21 5
2643 13 12 6
2644 10 10 6
2645 10 9 5
2646 11 10 4
2647 14 13 7
2648 11 10 6
2649 12 11 5
2650 11 11 5
2651 15 14 6
2652 14 14 6
2653 12 12 4
2654 12 11 7
2655 21 20 6
2656 12 12 4
2657 16 15 5
2658 17 16 6
2659 18 18 6
2660 8 8 4
2661 12 11 7
2662 17 16 4
2663 22 21 5
2664 15 15 5
2665 15 14 4
2666 16 15 5
2667 11 10 4
2668 24 23 5
2669 15 14 4
2670 18 17 5
2671 11 11 5
2672 11 10 4
2673 18 17 5
2674 25 24 6
2675 36 36 6
2676 18 18 4
2677 28 27 7
2678 19 18 4
2679 18 17 5
2680 15 14 4
2681 10 9 5
2682 15 14 6
2683 12 12 4
2684 20 19 5
2685 11 10 4
2686 16 15 9
2687 13 12 6
2688 12 12 6
2689 14 14 4
2690 12 11 5
2691 5 5 5
2692 20 19 7
2693 13 13 5
2694 11 11 5
2695 13 13 5
2696 11 11 7
2697 7 6 5
2698 19 18 4
2699 14 13 5
2700 13 12 6
2701 12 12 4
2702 12 11 5
2703 15 15 5
2704 9 9 5
2705 11 11 5
2706 17 16 6
2707 14 13 5
2708 9 8 4
2709 8 7 6
2710 18 18 8
2711 28 28 6
2712 20 20 6
2713 14 14 4
2714 18 17 5
2715 13 13 5
2716 27 26 6
2717 14 13 5
2718 11 10 4
2719 10 9 5
2720 15 14 4
2721 10 9 5
2722 15 14 6
2723 16 15 5
2724 15 15 5
2725 19 18 4
2726 16 15 5
2727 9 8 4
2728 14 13 5
2729 13 12 4
2730 22 21 7
2731 15 14 6
2732 18 18 4
2733 10 9 5
2734 13 12 6
2735 12 12 6
2736 20 20 6
2737 20 19 5
2738 19 18 4
2739 12 11 5
2740 23 22 6
2741 12 11 5
2742 21 21 5
2743 11 10 4
2744 16 15 5
2745 15 14 4
2746 28 27 5
2747 15 14 4
2748 12 11 5
2749 25 24 6
2750 14 14 4
2751 10 9 5
2752 15 14 6
2753 14 14 6
2754 22 21 5
2755 23 22 6
2756 20 20 4
2757 14 13 5
2758 21 20 6
2759 16 16 4
2760 16 15 5
2761 17 16 4
2762 20 19 5
2763 15 15 5
2764 11 11 5
2765 15 14 4
2766 14 13 5
2767 11 11 5
2768 17 16 8
2769 10 10 6
2770 14 13 5
2771 15 14 6
2772 16 16 6
2773 10 10 4
2774 14 13 7
2775 13 13 5
2776 17 17 5
2777 11 11 5
2778 19 19 5
2779 9 9 5
2780 13 12 6
2781 16 15 7
2782 19 18 6
2783 10 10 6
2784 14 14 6
2785 22 22 8
2786 10 10 6
2787 12 12 4
2788 10 9 5
2789 13 13 7
2790 7 6 5
2791 25 24 8
2792 6 5 4
2793 20 19 7
2794 15 14 6
2795 8 8 4
2796 10 9 5
2797 13 13 5
2798 11 10 6
2799 16 15 7
2800 13 12 4
2801 18 17 7
2802 11 10 4
2803 12 11 5
2804 13 13 5
2805 15 14 8
2806 12 12 6
2807 12 11 5
2808 15 14 6
2809 16 15 5
2810 9 9 5
2811 13 13 7
2812 9 8 4
2813 14 13 5
2814 5 5 5
2815 12 11 5
2816 13 13 7
2817 11 11 5
2818 9 9 5
2819 11 10 6
2820 12 11 5
2821 17 16 6
2822 14 14 6
2823 16 15 5
2824 23 22 6
2825 18 18 4
2826 10 9 5
2827 9 9 5
2828 5 5 5
2829 12 11 7
2830 7 6 5
2831 17 17 5
2832 9 9 5
2833 15 14 6
2834 10 10 4
2835 12 11 5
2836 17 16 6
2837 6 6 6
2838 13 12 6
2839 12 12 6
2840 10 9 5
2841 15 15 5
2842 15 15 5
2843 11 10 4
2844 10 9 5
2845 21 21 7
2846 9 8 4
2847 16 15 5
2848 5 5 5
2849 20 19 7
2850 15 14 4
2851 20 19 5
2852 9 9 5
2853 13 12 6
2854 12 11 5
2855 11 11 5
2856 15 14 6
2857 20 19 7
2858 21 20 6
2859 10 10 6
2860 16 16 6
2861 10 10 4
2862 12 11 7
2863 19 19 7
2864 9 8 4
2865 8 7 6
2866 16 16 6
2867 12 12 6
2868 18 18 4
2869 10 9 5
2870 19 18 6
2871 12 11 5
2872 15 14 6
2873 12 11 5
2874 17 16 8
2875 22 22 6
2876 10 10 6
2877 10 9 5
2878 19 18 6
2879 8 7 6
2880 16 16 8
2881 12 12 6
2882 12 11 5
2883 13 12 6
2884 16 16 6
2885 10 10 6
2886 18 18 8
2887 12 12 4
2888 14 13 5
2889 13 13 7
2890 13 13 5
2891 23 22 4
2892 20 19 5
2893 17 17 5
2894 9 8 4
2895 12 11 5
2896 9 8 4
2897 10 9 5
2898 9 9 5
2899 11 11 7
2900 15 14 6
2901 12 12 6
2902 18 18 6
2903 10 10 6
2904 12 12 6
2905 14 13 5
2906 17 16 6
2907 12 12 6
2908 12 11 5
2909 5 5 5
2910 22 21 5
2911 11 11 5
2912 13 12 6
2913 12 11 5
2914 11 10 4
2915 18 17 5
2916 11 10 6
2917 12 12 4
2918 16 15 7
2919 19 18 4
2920 8 7 6
2921 12 12 6
2922 12 12 4
2923 10 9 5
2924 15 15 5
2925 15 15 5
2926 17 16 6
2927 22 22 6
2928 16 15 5
2929 15 15 5
2930 13 12 8
2931 10 10 4
2932 12 11 5
2933 9 9 5
2934 17 17 5
2935 11 10 4
2936 10 9 5
2937 13 12 6
2938 12 11 5
2939 11 11 5
2940 5 5 5
2941 12 11 5
2942 13 12 4
2943 26 25 5
2944 13 13 5
2945 13 12 4
2946 10 9 5
2947 13 12 6
2948 12 11 5
2949 15 15 5
2950 21 20 6
2951 14 14 4
2952 12 11 5
2953 15 14 4
2954 10 9 5
2955 11 11 5
2956 13 12 4
2957 24 23 7
2958 13 12 4
2959 12 11 5
2960 9 8 4
2961 14 13 5
2962 11 10 4
2963 16 15 5
2964 19 19 5
2965 15 14 4
2966 14 13 5
2967 15 14 4
2968 14 13 5
2969 15 14 4
2970 14 13 5
2971 21 20 4
2972 12 11 5
2973 25 24 4
2974 16 15 5
2975 23 22 4
2976 14 13 5
2977 13 12 4
2978 16 15 5
2979 11 10 4
2980 18 17 5
2981 25 25 5
2982 17 17 5
2983 15 14 4
2984 14 13 5
2985 15 15 5
2986 21 20 6
2987 18 18 4
2988 16 15 5
2989 17 16 4
2990 16 15 5
2991 17 16 4
2992 14 13 5
2993 9 8 4
2994 20 19 5
2995 17 17 5
2996 11 11 5
2997 13 12 4
2998 32 31 7
2999 17 17 5
3000 15 14 6
3001 12 12 6
3002 10 10 4
3003 8 7 6
3004 10 10 4
3005 22 21 7
3006 27 26 10
3007 14 13 5
3008 11 11 5
3009 21 20 6
3010 10 10 6
3011 28 28 10
3012 18 17 7
3013 25 24 10
3014 24 23 5
3015 17 16 4
3016 28 27 9
3017 13 12 6
3018 12 12 6
3019 14 14 4
3020 22 21 5
3021 9 8 4
3022 20 19 5
3023 13 12 4
3024 18 17 5
3025 15 14 6
3026 24 23 5
3027 21 20 8
3028 28 28 6
3029 14 13 5
3030 13 13 7
3031 9 9 5
3032 17 16 6
3033 14 14 6
3034 10 10 4
3035 22 21 5
3036 15 14 4
3037 12 11 5
3038 13 12 6
3039 8 8 4
3040 10 9 5
3041 17 17 5
3042 23 22 4
3043 12 11 5
3044 19 19 7
3045 17 16 6
3046 10 9 5
3047 9 8 4
3048 16 15 5
3049 19 18 8
3050 8 8 4
3051 12 11 5
3052 15 15 5
3053 13 12 6
3054 6 6 6
3055 19 18 6
3056 6 6 6
3057 15 15 5
3058 13 12 6
3059 18 18 8
3060 16 16 4
3061 16 15 5
3062 7 6 5
3063 17 16 6
3064 12 12 4
3065 10 9 5
3066 5 5 5
3067 12 11 7
3068 9 8 4
3069 12 11 7
3070 17 16 4
3071 12 11 5
3072 15 15 5
3073 11 11 5
3074 15 15 7
3075 13 12 4
3076 12 11 5
3077 13 13 7
3078 11 10 4
3079 18 17 5
3080 11 11 5
3081 19 18 6
3082 12 12 4
3083 10 9 5
3084 7 6 5
3085 15 14 4
3086 6 5 4
3087 14 13 7
3088 11 11 5
3089 17 17 5
3090 15 14 4
3091 16 15 5
3092 13 13 5
3093 11 11 5
3094 9 9 5
3095 13 12 6
3096 6 6 6
3097 13 12 6
3098 14 14 6
3099 12 12 6
3100 8 8 4
3101 12 11 7
3102 9 8 4
3103 6 5 4
3104 14 13 7
3105 9 9 5
3106 19 18 6
3107 14 14 8
3108 10 10 4
3109 10 9 5
3110 5 5 5
3111 14 13 9
3112 9 8 4
3113 10 9 5
3114 15 14 6
3115 14 14 6
3116 10 9 5
3117 9 8 4
3118 10 9 5
3119 11 10 6
3120 10 10 6
3121 12 11 7
3122 21 20 4
3123 22 21 5
3124 13 12 6
3125 6 5 4
3126 14 13 5
3127 9 8 4
3128 12 11 5
3129 15 14 6
3130 10 10 6
3131 10 9 5
3132 13 12 6
3133 12 12 6
3134 14 13 5
3135 7 7 7
3136 10 10 6
3137 12 12 6
3138 14 13 5
3139 23 22 4
3140 16 15 5
3141 11 10 4
3142 16 15 5
3143 9 9 5
3144 11 11 5
3145 11 10 4
3146 10 9 5
3147 19 18 6
3148 10 9 5
3149 11 11 5
3150 11 10 6
3151 16 15 7
3152 17 16 6
3153 8 8 4
3154 14 13 5
3155 7 6 5
3156 17 16 6
3157 16 16 6
3158 14 14 6
3159 6 5 4
3160 16 15 5
3161 11 10 6
3162 14 13 5
3163 5 5 5
3164 14 13 5
3165 9 8 4
3166 14 13 5
3167 15 14 6
3168 16 16 6
3169 10 9 5
3170 11 10 6
3171 12 11 5
3172 9 8 4
3173 10 9 5
3174 13 13 7
3175 9 9 5
3176 11 10 6
3177 6 5 4
3178 10 9 5
3179 9 8 4
3180 12 11 7
3181 13 12 6
3182 14 14 6
3183 10 9 5
3184 11 10 4
3185 12 11 5
3186 17 17 9
3187 7 6 5
3188 9 8 4
3189 16 15 5
3190 25 24 6
3191 22 22 4
3192 20 19 5
3193 15 14 6
3194 14 14 4
3195 6 5 4
3196 6 5 4
3197 10 9 5
3198 5 5 5
3199 12 11 5
3200 15 14 6
3201 12 11 5
3202 15 15 5
3203 15 14 6
3204 6 6 6
3205 9 8 4
3206 18 17 7
3207 15 15 5
3208 29 29 5
3209 23 22 4
3210 14 13 5
3211 13 12 4
3212 10 9 5
3213 13 12 6
3214 10 9 5
3215 19 18 6
3216 28 27 5
3217 25 24 4
3218 16 15 5
3219 15 14 6
3220 8 8 4
3221 16 15 5
3222 29 28 4
3223 18 17 5
3224 29 29 5
3225 17 16 4
3226 10 9 5
3227 17 16 4
3228 14 13 5
3229 47 46 4
3230 34 33 5
3231 25 24 4
3232 16 15 5
3233 21 20 4
3234 18 17 5
3235 29 28 4
3236 22 21 5
3237 15 14 4
3238 20 19 5
3239 21 20 4
3240 14 13 5
3241 35 34 4
3242 20 19 5
3243 23 22 6
3244 18 17 5
3245 21 20 6
3246 18 17 5
3247 17 16 4
3248 14 13 5
3249 21 20 4
3250 20 19 7
3251 23 22 6
3252 14 14 4
3253 24 23 5
3254 21 21 5
3255 25 24 4
3256 12 11 5
3257 11 10 4
3258 18 17 5
3259 17 17 5
3260 27 27 5
3261 29 29 7
3262 21 20 8
3263 12 12 4
3264 10 9 5
3265 15 14 6
3266 28 27 7
3267 35 34 8
3268 22 21 7
3269 13 13 5
3270 21 20 4
3271 26 25 5
3272 31 30 4
3273 40 39 5
3274 25 25 5
3275 33 32 6
3276 30 30 4
3277 28 27 5
3278 19 19 5
3279 33 32 8
3280 26 26 4
3281 20 19 5
3282 17 16 4
3283 26 25 7
3284 23 22 4
3285 22 21 7
3286 17 16 4
3287 26 25 7
3288 29 28 4
3289 16 15 5
3290 29 28 6
3291 34 34 8
3292 24 24 10
3293 32 31 7
3294 15 14 4
3295 16 15 5
3296 25 24 10
3297 18 18 4
3298 18 17 5
3299 29 28 6
3300 18 17 5
3301 21 21 5
3302 27 27 5
3303 15 14 4
3304 18 17 5
3305 15 14 4
3306 14 13 5
3307 11 10 4
3308 16 15 5
3309 11 11 5
3310 21 20 4
3311 12 11 5
3312 21 20 6
3313 22 22 4
3314 18 17 7
3315 25 24 4
3316 24 23 5
3317 11 11 5
3318 17 17 5
3319 15 14 4
3320 18 17 5
3321 23 22 6
3322 14 14 6
3323 18 18 4
3324 18 17 5
3325 25 24 4
3326 16 15 5
3327 11 10 4
3328 20 19 5
3329 15 14 4
3330 24 23 5
3331 13 12 4
3332 20 19 5
3333 19 18 4
3334 36 35 9
3335 15 14 4
3336 22 21 5
3337 15 14 4
3338 20 19 5
3339 15 15 5
3340 29 28 6
3341 10 10 4
3342 18 17 5
3343 25 25 5
3344 19 18 6
3345 18 18 6
3346 14 14 4
3347 20 19 5
3348 23 22 6
3349 16 16 4
3350 22 21 5
3351 23 22 6
3352 14 14 4
3353 20 19 5
3354 17 16 4
3355 22 21 5
3356 13 13 5
3357 21 20 4
3358 26 25 5
3359 19 18 4
3360 20 19 5
3361 19 19 5
3362 13 12 4
3363 14 13 5
3364 27 26 6
3365 26 26 4
3366 24 23 5
3367 19 18 4
3368 32 31 5
3369 21 20 4
3370 26 25 5
3371 29 29 5
3372 29 28 4
3373 16 15 5
3374 17 16 4
3375 28 27 5
3376 37 37 7
3377 21 21 7
3378 23 23 5
3379 45 44 6
3380 28 28 6
3381 22 22 4
3382 22 21 5
3383 27 27 5
3384 15 14 4
3385 40 39 7
3386 25 24 4
3387 24 23 5
3388 17 17 5
3389 21 21 7
3390 21 20 4
3391 12 11 5
3392 37 36 6
3393 20 19 5
3394 31 30 6
3395 16 16 4
3396 22 21 5
3397 21 20 4
3398 24 23 5
3399 17 17 5
3400 23 22 6
3401 18 17 5
3402 17 16 4
3403 12 11 5
3404 29 28 6
3405 22 22 6
3406 36 35 7
3407 25 24 4
3408 20 19 5
3409 25 24 6
3410 14 14 6
3411 12 12 4
3412 14 13 5
3413 21 20 6
3414 20 20 4
3415 22 21 5
3416 11 11 5
3417 21 20 8
3418 32 32 6
3419 20 20 6
3420 40 40 6
3421 22 22 6
3422 16 15 5
3423 17 16 4
3424 20 19 5
3425 33 32 4
3426 26 25 5
3427 23 23 5
3428 31 30 4
3429 20 19 5
3430 23 23 5
3431 39 39 5
3432 13 12 4
3433 32 31 5
3434 21 20 4
3435 18 17 5
3436 15 15 5
3437 27 26 4
3438 24 23 5
3439 23 22 6
3440 18 18 6
3441 22 22 4
3442 18 17 5
3443 17 16 6
3444 26 26 6
3445 26 26 6
3446 20 20 4
3447 14 13 5
3448 19 19 5
3449 27 26 4
3450 24 23 5
3451 33 33 7
3452 23 22 4
3453 24 23 5
3454 23 22 4
3455 20 19 5
3456 25 24 4
3457 24 23 5
3458 21 20 4
3459 32 31 5
3460 29 28 4
3461 22 21 5
3462 21 20 6
3463 16 16 6
3464 18 18 4
3465 30 29 5
3466 19 18 4
3467 38 37 5
3468 33 32 4
3469 30 29 5
3470 29 28 4
3471 30 29 5
3472 23 23 5
3473 37 37 5
3474 35 34 4
3475 28 27 5
3476 21 20 4
3477 26 25 5
3478 23 22 6
3479 26 26 4
3480 36 35 5
3481 21 20 4
3482 30 29 5
3483 21 20 6
3484 26 26 4
3485 14 13 5
3486 19 18 6
3487 18 18 4
3488 20 19 5
3489 33 32 4
3490 20 19 5
3491 9 8 4
3492 16 15 5
3493 25 24 4
3494 22 21 5
3495 15 14 4
3496 12 11 5
3497 13 12 4
3498 14 13 5
3499 11 10 4
3500 16 15 5
3501 11 10 4
3502 22 21 5
3503 15 15 5
3504 17 17 5
3505 15 15 5
3506 23 23 5
3507 9 8 4
3508 20 19 5
3509 7 6 5
3510 9 8 4
3511 14 13 5
3512 15 14 6
3513 8 8 4
3514 18 17 5
3515 21 21 5
3516 15 15 5
3517 23 23 5
3518 19 18 4
3519 14 13 5
3520 13 12 4
3521 10 9 5
3522 19 18 6
3523 12 11 5
3524 19 19 5
3525 11 10 4
3526 20 19 5
3527 19 18 6
3528 14 13 5
3529 15 15 5
3530 17 17 5
3531 21 20 6
3532 18 18 6
3533 12 12 6
3534 18 18 6
3535 10 9 5
3536 23 22 6
3537 10 10 4
3538 20 19 7
3539 17 16 6
3540 18 18 6
3541 18 18 4
3542 10 9 5
3543 17 17 5
3544 11 10 6
3545 22 22 4
3546 20 19 5
3547 15 14 6
3548 8 8 4
3549 16 15 5
3550 15 15 5
3551 19 18 6
3552 22 22 6
3553 22 22 6
3554 16 16 6
3555 18 18 4
3556 14 13 5
3557 17 16 4
3558 6 5 4
3559 12 11 5
3560 21 21 5
3561 21 20 4
3562 20 19 5
3563 15 14 6
3564 18 18 4
3565 10 9 5
3566 7 6 5
3567 19 18 6
3568 24 23 5
3569 25 24 6
3570 12 12 6
3571 32 32 4
3572 28 27 5
3573 15 14 4
3574 14 13 5
3575 17 16 4
3576 24 23 5
3577 25 24 4
3578 14 13 5
3579 19 18 4
3580 16 15 5
3581 23 22 4
3582 26 25 5
3583 19 18 4
3584 18 17 5
3585 23 22 4
3586 24 23 5
3587 19 18 4
3588 36 35 5
3589 19 18 4
3590 26 25 5
3591 19 18 4
3592 24 23 5
3593 19 19 5
3594 23 23 5
3595 23 22 4
3596 18 17 5
3597 11 10 4
3598 18 17 5
3599 15 15 5
3600 21 20 4
3601 28 27 7
3602 19 18 6
3603 18 17 7
3604 23 22 8
3605 24 24 4
3606 20 19 5
3607 23 23 7
3608 29 29 5
3609 19 19 5
3610 19 19 5
3611 15 14 4
3612 20 19 5
3613 27 26 10
3614 12 12 4
3615 18 17 5
3616 17 16 4
3617 20 19 7
3618 23 22 6
3619 26 26 6
3620 14 14 4
3621 22 21 5
3622 21 21 5
3623 9 8 4
3624 18 17 5
3625 15 14 6
3626 18 17 5
3627 11 10 4
3628 28 27 7
3629 17 16 6
3630 28 28 6
3631 14 14 4
3632 26 25 5
3633 19 18 6
3634 26 26 6
3635 8 8 4
3636 36 35 9
3637 15 14 4
3638 18 17 5
3639 15 14 4
3640 20 19 5
3641 15 14 4
3642 14 13 5
3643 27 27 7
3644 13 12 4
3645 22 21 7
3646 17 16 4
3647 18 17 7
3648 17 17 5
3649 11 11 5
3650 15 14 4
3651 18 17 9
3652 11 11 5
3653 17 17 5
3654 13 12 4
3655 14 13 5
3656 11 11 5
3657 17 16 4
3658 16 15 5
3659 23 22 6
3660 16 16 4
3661 14 13 5
3662 13 12 4
3663 12 11 5
3664 15 14 6
3665 16 16 6
3666 16 15 5
3667 17 16 6
3668 8 8 4
3669 12 11 5
3670 7 7 7
3671 16 16 6
3672 10 10 4
3673 16 15 5
3674 15 15 5
3675 21 20 6
3676 20 20 4
3677 16 15 5
3678 21 20 4
3679 20 19 5
3680 17 16 8
3681 20 19 5
3682 9 9 5
3683 21 20 6
3684 8 8 4
3685 16 15 5
3686 9 8 4
3687 16 15 5
3688 19 19 5
3689 17 16 6
3690 16 16 6
3691 16 16 4
3692 18 17 5
3693 11 11 5
3694 17 16 6
3695 24 24 6
3696 24 23 5
3697 15 14 4
3698 12 11 5
3699 9 9 5
3700 19 18 4
3701 16 15 5
3702 17 16 6
3703 18 18 4
3704 10 9 5
3705 13 12 6
3706 16 15 5
3707 13 12 6
3708 16 16 6
3709 18 18 4
3710 20 19 5
3711 7 6 5
3712 17 16 6
3713 8 8 4
3714 12 11 5
3715 5 5 5
3716 16 15 7
3717 11 10 4
3718 18 17 7
3719 13 12 4
3720 16 15 5
3721 17 16 6
3722 12 12 4
3723 12 11 5
3724 13 12 6
3725 10 9 5
3726 15 14 6
3727 6 5 4
3728 14 13 7
3729 11 10 6
3730 12 12 4
3731 18 17 5
3732 13 13 7
3733 13 12 4
3734 20 19 5
3735 15 14 6
3736 10 10 4
3737 12 11 5
3738 13 13 5
3739 15 14 4
3740 18 17 5
3741 17 16 4
3742 22 21 5
3743 15 14 6
3744 14 14 6
3745 14 14 6
3746 16 16 6
3747 6 6 6
3748 19 18 6
3749 16 16 6
3750 18 18 6
3751 16 16 6
3752 22 22 4
3753 14 13 5
3754 13 12 4
3755 12 11 5
3756 13 12 6
3757 16 15 5
3758 19 19 5
3759 9 8 4
3760 24 23 5
3761 11 11 5
3762 21 20 6
3763 18 18 4
3764 26 25 5
3765 17 16 4
3766 12 11 5
3767 23 22 8
3768 18 18 6
3769 16 16 4
3770 10 9 5
3771 11 10 6
3772 12 12 4
3773 14 13 7
3774 9 8 4
3775 16 15 7
3776 13 12 6
3777 12 12 4
3778 22 21 7
3779 13 12 4
3780 12 11 5
3781 13 12 4
3782 12 11 5
3783 21 20 6
3784 18 17 5
3785 17 16 4
3786 14 13 5
3787 13 12 4
3788 14 13 5
3789 11 10 6
3790 16 16 4
3791 20 19 5
3792 13 12 4
3793 12 11 5
3794 15 14 4
3795 14 13 5
3796 9 8 4
3797 20 19 5
3798 25 24 4
3799 18 17 5
3800 21 20 4
3801 14 13 5
3802 13 12 4
3803 20 19 5
3804 19 18 4
3805 16 15 5
3806 11 10 4
3807 16 15 5
3808 15 14 6
3809 22 22 4
3810 20 19 5
3811 13 12 4
3812 20 19 5
3813 9 8 4
3814 10 9 5
3815 23 22 4
3816 18 17 5
3817 15 14 4
3818 18 17 5
3819 19 18 6
3820 16 16 6
3821 24 24 4
3822 24 23 5
3823 17 16 4
3824 14 13 5
3825 33 32 4
3826 20 19 5
3827 19 18 4
3828 24 23 5
3829 13 12 4
3830 20 19 7
3831 29 29 5
3832 37 36 4
3833 24 23 5
3834 15 14 4
3835 30 29 5
3836 21 20 4
3837 18 17 5
3838 25 24 4
3839 16 15 5
3840 19 18 4
3841 18 17 5
3842 27 26 6
3843 14 14 4
3844 34 33 7
3845 25 25 5
3846 35 34 4
3847 24 23 5
3848 25 24 4
3849 14 13 5
3850 15 14 4
3851 34 33 5
3852 33 32 4
3853 22 21 5
3854 21 20 4
3855 24 23 5
3856 25 25 5
3857 21 20 4
3858 26 25 5
3859 13 12 4
3860 26 25 5
3861 31 30 6
3862 18 17 5
3863 17 16 6
3864 28 28 6
3865 22 21 5
3866 33 33 7
3867 13 13 5
3868 27 26 6
3869 18 17 5
3870 21 20 4
3871 22 21 11
3872 17 17 5
3873 15 14 4
3874 38 37 7
3875 25 25 9
3876 15 15 5
3877 11 10 4
3878 56 55 11
3879 27 26 4
3880 18 17 5
3881 15 14 4
3882 18 17 5
3883 11 10 4
3884 10 9 5
3885 25 24 8
3886 26 26 6
3887 28 27 11
3888 19 18 4
3889 34 33 11
3890 11 10 4
3891 20 19 5
3892 15 15 5
3893 17 17 5
3894 27 26 10
3895 18 18 6
3896 10 9 5
3897 25 24 8
3898 20 20 8
3899 14 14 6
3900 14 13 5
3901 15 14 4
3902 12 11 5
3903 27 26 8
3904 14 13 5
3905 15 14 6
3906 16 15 5
3907 27 26 6
3908 18 17 9
3909 11 11 5
3910 19 18 8
3911 24 24 10
3912 14 14 6
3913 20 20 10
3914 12 12 4
3915 26 25 7
3916 15 14 8
3917 16 16 4
3918 12 11 5
3919 21 20 8
3920 14 14 4
3921 12 11 5
3922 11 10 4
3923 10 9 5
3924 17 16 6
3925 24 24 8
3926 20 20 6
3927 14 13 5
3928 9 9 5
3929 17 17 5
3930 21 20 8
3931 14 14 4
3932 18 17 5
3933 17 16 6
3934 16 15 5
3935 13 12 4
3936 6 5 4
3937 18 17 5
3938 21 20 6
3939 10 9 5
3940 11 10 4
3941 10 9 5
3942 13 13 5
3943 11 10 6
3944 10 10 4
3945 20 19 7
3946 13 12 6
3947 14 14 4
3948 26 25 9
3949 13 12 6
3950 18 18 4
3951 10 9 5
3952 19 18 8
3953 12 11 5
3954 13 12 6
3955 6 6 6
3956 15 14 4
3957 16 15 5
3958 15 14 6
3959 14 14 4
3960 20 19 7
3961 19 18 6
3962 12 12 4
3963 14 13 5
3964 13 13 5
3965 15 14 6
3966 16 16 4
3967 18 17 7
3968 13 12 4
3969 12 11 5
3970 13 12 4
3971 24 23 5
3972 15 14 6
3973 16 16 4
3974 22 21 5
3975 19 18 6
3976 28 28 10
3977 12 11 5
3978 29 29 5
3979 19 19 5
3980 15 14 4
3981 16 15 5
3982 19 18 6
3983 14 14 4
3984 10 9 5
3985 11 10 4
3986 20 19 7
3987 15 15 5
3988 23 22 6
3989 16 15 5
3990 19 18 4
3991 12 11 5
3992 13 12 4
3993 12 11 5
3994 11 11 5
3995 19 18 4
3996 18 17 7
3997 11 10 4
3998 22 21 5
3999 15 14 4
4000 18 17 5
4001 11 11 5
4002 15 14 4
4003 22 21 7
4004 19 18 4
4005 12 11 5
4006 17 17 5
4007 9 9 5
4008 27 26 6
4009 18 17 5
4010 13 12 4
4011 12 11 5
4012 17 16 6
4013 10 10 4
4014 20 19 5
4015 15 14 4
4016 18 17 5
4017 19 18 6
4018 16 15 5
4019 17 16 6
4020 12 12 4
4021 14 13 5
4022 27 27 5
4023 9 9 5
4024 17 16 4
4025 18 17 5
4026 13 13 7
4027 19 18 4
4028 14 13 5
4029 15 14 4
4030 12 11 5
4031 15 14 4
4032 6 5 4
4033 10 9 5
4034 17 17 5
4035 19 18 6
4036 22 22 6
4037 12 12 4
4038 20 19 5
4039 15 14 4
4040 22 21 5
4041 13 13 5
4042 15 14 6
4043 12 12 4
4044 12 11 5
4045 23 22 6
4046 16 16 6
4047 16 16 6
4048 16 16 6
4049 18 18 4
4050 20 19 5
4051 21 21 5
4052 17 16 6
4053 16 16 4
4054 14 13 5
4055 15 15 5
4056 7 6 5
4057 17 16 6
4058 8 8 4
4059 14 13 5
4060 9 8 4
4061 10 9 5
4062 19 19 7
4063 9 8 4
4064 10 9 5
4065 17 16 6
4066 22 21 7
4067 11 10 6
4068 12 12 4
4069 18 17 5
4070 7 6 5
4071 11 11 5
4072 7 6 5
4073 13 12 6
4074 14 13 7
4075 11 11 5
4076 15 15 5
4077 11 11 5
4078 17 16 6
4079 16 15 5
4080 11 11 5
4081 27 26 8
4082 10 10 4
4083 16 15 7
4084 13 12 6
4085 12 11 7
4086 15 14 6
4087 18 18 6
4088 10 10 4
4089 10 9 5
4090 13 12 6
4091 6 6 6
4092 13 13 7
4093 23 22 6
4094 16 16 6
4095 14 14 6
4096 16 16 6
4097 14 14 6
4098 16 16 8
4099 8 8 4
4100 12 11 5
4101 7 6 5
4102 13 13 5
4103 13 13 5
4104 9 8 4
4105 12 11 5
4106 13 13 7
4107 7 6 5
4108 17 16 6
4109 10 9 5
4110 23 22 6
4111 12 12 6
4112 10 9 5
4113 11 11 5
4114 9 8 4
4115 6 5 4
4116 20 19 7
4117 9 9 5
4118 17 16 6
4119 12 12 4
4120 16 15 7
4121 15 15 5
4122 11 11 5
4123 15 14 6
4124 14 14 6
4125 10 9 5
4126 11 11 5
4127 15 14 6
4128 12 11 5
4129 7 6 5
4130 21 20 8
4131 6 6 6
4132 19 18 6
4133 14 14 6
4134 20 19 7
4135 9 9 5
4136 11 10 4
4137 14 13 5
4138 11 11 5
4139 13 12 6
4140 10 10 6
4141 10 10 6
4142 16 16 4
4143 14 13 7
4144 19 19 5
4145 11 10 6
4146 14 14 4
4147 16 15 7
4148 9 8 4
4149 16 15 5
4150 13 12 6
4151 18 17 5
4152 15 14 6
4153 14 14 4
4154 10 9 5
4155 23 22 6
4156 6 6 6
4157 17 16 6
4158 14 13 7
4159 15 14 4
4160 16 15 5
4161 13 12 6
4162 10 9 5
4163 11 11 5
4164 15 14 6
4165 12 11 5
4166 13 13 5
4167 9 8 4
4168 12 11 5
4169 11 10 4
4170 8 7 6
4171 22 22 6
4172 12 12 4
4173 14 13 5
4174 15 15 5
4175 13 12 4
4176 12 11 5
4177 15 14 6
4178 8 8 8
4179 13 12 6
4180 14 13 5
4181 11 11 5
4182 19 19 5
4183 9 8 4
4184 16 15 5
4185 13 12 6
4186 6 6 6
4187 15 14 6
4188 14 14 4
4189 22 21 7
4190 15 14 4
4191 20 19 5
4192 9 8 4
4193 10 9 5
4194 11 10 6
4195 12 12 6
4196 26 26 4
4197 34 33 5
4198 13 12 4
4199 12 11 5
4200 11 10 4
4201 12 11 5
4202 17 16 4
4203 34 33 5
4204 29 28 4
4205 22 21 5
4206 9 8 4
4207 12 11 5
4208 23 22 4
4209 16 15 5
4210 39 38 6
4211 20 20 4
4212 16 15 5
4213 15 14 4
4214 34 33 5
4215 9 8 4
4216 14 13 5
4217 15 14 4
4218 20 19 5
4219 23 23 7
4220 23 22 6
4221 26 25 5
4222 23 22 8
4223 20 19 5
4224 25 25 5
4225 23 23 5
4226 23 23 7
4227 31 30 6
4228 24 24 8
4229 18 18 6
4230 28 27 5
4231 17 17 7
4232 29 28 6
4233 40 39 7
4234 31 30 10
4235 12 12 4
4236 18 17 5
4237 27 26 6
4238 24 24 12
4239 24 24 6
4240 24 23 11
4241 19 18 4
4242 28 27 5
4243 17 17 5
4244 15 14 6
4245 30 30 12
4246 22 22 6
4247 26 26 6
4248 18 17 5
4249 11 10 4
4250 22 21 5
4251 15 15 5
4252 21 20 6
4253 10 10 4
4254 24 23 7
4255 21 21 9
4256 13 12 4
4257 16 15 5
4258 17 16 4
4259 18 17 7
4260 11 10 4
4261 20 19 7
4262 31 30 8
4263 24 24 10
4264 22 21 5
4265 29 29 5
4266 21 20 6
4267 18 18 10
4268 20 20 6
4269 22 21 5
4270 21 20 4
4271 18 17 5
4272 21 21 5
4273 27 26 8
4274 22 22 6
4275 20 19 7
4276 25 25 9
4277 25 25 5
4278 39 39 11
4279 29 28 8
4280 18 18 4
4281 24 23 5
4282 27 26 6
4283 20 20 6
4284 20 20 4
4285 18 17 5
4286 29 28 8
4287 16 16 6
4288 22 22 8
4289 24 24 6
4290 26 25 7
4291 29 28 6
4292 32 31 11
4293 11 11 5
4294 21 20 4
4295 18 17 7
4296 21 21 7
4297 25 24 10
4298 10 10 4
4299 10 9 5
4300 41 40 12
4301 12 12 6
4302 14 14 6
4303 16 16 4
4304 18 17 5
4305 15 15 5
4306 9 8 4
4307 12 11 5
4308 21 20 6
4309 16 16 4
4310 14 13 5
4311 15 14 6
4312 14 14 4
4313 12 11 5
4314 19 18 6
4315 10 9 5
4316 9 8 4
4317 14 13 5
4318 17 17 5
4319 21 20 6
4320 6 6 6
4321 17 16 6
4322 12 12 6
4323 14 13 7
4324 15 14 4
4325 16 15 5
4326 11 10 4
4327 18 17 5
4328 9 8 4
4329 16 15 7
4330 7 6 5
4331 19 18 6
4332 26 26 6
4333 18 18 4
4334 16 15 7
4335 15 14 6
4336 12 12 4
4337 10 9 5
4338 7 6 5
4339 15 14 4
4340 12 11 5
4341 19 19 5
4342 15 14 4
4343 16 15 5
4344 11 10 4
4345 18 17 5
4346 17 17 5
4347 15 15 5
4348 15 15 5
4349 9 9 5
4350 11 11 5
4351 21 21 7
4352 17 16 6
4353 14 14 4
4354 14 13 5
4355 21 20 6
4356 10 9 5
4357 17 16 4
4358 12 11 5
4359 19 18 6
4360 20 20 4
4361 28 27 5
4362 15 14 4
4363 20 19 5
4364 5 5 5
4365 16 15 5
4366 11 10 4
4367 22 21 7
4368 11 10 6
4369 10 10 6
4370 20 20 4
4371 22 21 5
4372 13 12 4
4373 14 13 5
4374 9 8 4
4375 20 19 5
4376 7 6 5
4377 15 14 6
4378 16 16 4
4379 16 15 5
4380 7 7 7
4381 18 18 4
4382 16 15 5
4383 15 14 6
4384 6 6 6
4385 13 12 4
4386 14 13 5
4387 13 12 4
4388 12 11 5
4389 11 11 5
4390 19 19 7
4391 9 9 5
4392 15 14 4
4393 14 13 5
4394 13 13 5
4395 13 12 6
4396 16 16 6
4397 16 16 6
4398 8 8 4
4399 16 15 5
4400 21 20 6
4401 10 10 4
4402 12 11 5
4403 9 8 4
4404 12 11 5
4405 7 6 5
4406 11 10 6
4407 22 21 5
4408 13 13 5
4409 11 10 4
4410 14 13 5
4411 7 6 5
4412 15 14 4
4413 6 5 4
4414 18 17 9
4415 13 12 4
4416 16 15 5
4417 13 12 4
4418 18 17 5
4419 7 6 5
4420 11 10 6
4421 8 8 4
4422 22 21 5
4423 15 15 5
4424 23 22 6
4425 10 10 4
4426 10 9 5
4427 15 15 5
4428 17 16 6
4429 14 14 6
4430 8 8 4
4431 14 13 5
4432 13 12 4
4433 14 13 5
4434 19 19 5
4435 11 10 6
4436 16 15 5
4437 17 17 5
4438 13 12 4
4439 6 5 4
4440 14 13 7
4441 15 14 6
4442 22 22 6
4443 18 18 6
4444 14 14 6
4445 8 8 4
4446 24 23 7
4447 13 12 6
4448 10 10 4
4449 10 9 5
4450 11 10 4
4451 14 13 5
4452 9 8 4
4453 14 13 5
4454 19 18 6
4455 14 14 4
4456 16 15 5
4457 11 10 4
4458 16 15 5
4459 9 9 5
4460 25 24 6
4461 12 11 5
4462 15 15 5
4463 9 8 4
4464 10 9 5
4465 17 17 5
4466 23 23 7
4467 11 10 4
4468 12 11 5
4469 23 22 6
4470 16 16 6
4471 18 18 6
4472 16 16 4
4473 20 19 5
4474 11 10 4
4475 18 17 5
4476 13 12 4
4477 14 13 5
4478 19 18 6
4479 26 26 4
4480 22 21 5
4481 19 18 4
4482 18 17 5
4483 17 16 4
4484 26 25 7
4485 17 16 4
4486 14 13 5
4487 17 16 4
4488 22 21 5
4489 15 14 4
4490 18 17 5
4491 27 26 4
4492 48 47 5
4493 27 26 4
4494 16 15 5
4495 19 18 4
4496 22 21 5
4497 21 20 4
4498 38 37 5
4499 33 32 6
4500 20 19 5
4501 17 16 4
4502 26 25 5
4503 17 16 4
4504 26 25 7
4505 23 22 4
4506 16 15 5
4507 19 18 4
4508 26 25 5
4509 21 20 4
4510 16 15 5
4511 23 22 4
4512 26 25 5
4513 13 12 4
4514 16 15 5
4515 17 17 5
4516 17 16 4
4517 20 19 5
4518 25 25 5
4519 21 21 7
4520 13 13 5
4521 37 36 8
4522 22 22 6
4523 20 20 6
4524 38 38 6
4525 18 18 4
4526 22 21 5
4527 17 17 5
4528 17 17 7
4529 21 20 4
4530 20 19 5
4531 17 17 5
4532 23 23 7
4533 29 28 4
4534 26 25 7
4535 45 44 6
4536 22 21 5
4537 17 16 6
4538 8 8 4
4539 20 19 5
4540 19 19 5
4541 23 22 4
4542 32 31 5
4543 23 22 4
4544 16 15 5
4545 15 14 6
4546 18 17 5
4547 21 20 6
4548 30 30 6
4549 24 23 5
4550 17 16 4
4551 20 19 5
4552 21 21 5
4553 29 28 4
4554 26 25 5
4555 23 23 5
4556 31 30 8
4557 20 19 7
4558 19 18 4
4559 16 15 5
4560 15 15 5
4561 19 18 8
4562 26 25 11
4563 17 17 7
4564 29 28 4
4565 14 13 5
4566 37 36 10
4567 16 15 5
4568 33 32 8
4569 18 18 6
4570 14 14 6
4571 12 12 4
4572 22 21 7
4573 13 13 7
4574 21 20 6
4575 14 14 4
4576 40 39 11
4577 29 29 9
4578 15 14 4
4579 16 15 5
4580 15 15 5
4581 13 12 6
4582 16 15 5
4583 15 15 5
4584 21 20 4
4585 14 13 5
4586 27 26 6
4587 6 6 6
4588 17 16 4
4589 20 19 7
4590 17 16 6
4591 10 10 4
4592 24 23 5
4593 19 19 5
4594 17 16 6
4595 12 12 6
4596 16 16 4
4597 18 17 5
4598 25 24 8
4599 26 25 5
4600 17 16 4
4601 18 17 5
4602 11 10 4
4603 6 5 4
4604 18 17 7
4605 11 10 6
4606 28 28 6
4607 10 9 5
4608 15 15 5
4609 17 17 7
4610 13 13 5
4611 11 10 4
4612 14 13 5
4613 11 11 5
4614 15 14 6
4615 20 20 6
4616 14 14 4
4617 12 11 5
4618 17 16 4
4619 12 11 5
4620 25 25 9
4621 11 11 5
4622 19 18 6
4623 12 11 5
4624 15 15 5
4625 9 8 4
4626 12 11 5
4627 13 13 7
4628 7 6 5
4629 13 12 6
4630 10 9 5
4631 17 17 5
4632 9 9 5
4633 11 11 5
4634 11 11 5
4635 13 13 5
4636 11 11 5
4637 19 18 6
4638 14 14 4
4639 26 25 7
4640 15 15 5
4641 19 18 4
4642 18 17 5
4643 19 18 6
4644 6 6 6
4645 11 10 4
4646 14 13 5
4647 15 14 6
4648 10 10 4
4649 14 13 5
4650 25 24 8
4651 10 10 4
4652 12 11 5
4653 13 12 6
4654 12 12 6
4655 12 12 4
4656 14 13 5
4657 11 11 5
4658 11 10 4
4659 14 13 5
4660 21 20 8
4661 12 12 6
4662 12 12 4
4663 10 9 5
4664 13 12 6
4665 20 19 7
4666 13 12 4
4667 18 17 5
4668 13 12 6
4669 16 15 5
4670 7 6 5
4671 13 12 6
4672 12 12 4
4673 18 17 7
4674 9 8 4
4675 12 11 5
4676 7 7 7
4677 18 18 6
4678 12 11 5
4679 13 13 5
4680 11 11 5
4681 7 6 5
4682 15 14 8
4683 12 11 5
4684 15 15 5
4685 13 12 4
4686 10 9 5
4687 25 24 6
4688 16 15 7
4689 13 12 4
4690 22 21 5
4691 17 16 6
4692 10 10 6
4693 8 8 4
4694 18 17 7
4695 19 19 5
4696 19 18 6
4697 6 6 6
4698 21 21 5
4699 17 17 5
4700 13 12 6
4701 12 11 7
4702 17 16 6
4703 8 8 4
4704 12 11 5
4705 11 11 5
4706 17 16 6
4707 10 9 5
4708 11 10 4
4709 12 11 5
4710 25 24 8
4711 8 8 4
4712 22 21 7
4713 21 20 4
4714 18 17 5
4715 15 15 5
4716 17 17 5
4717 9 8 4
4718 6 5 4
4719 14 13 5
4720 13 12 6
4721 16 16 6
4722 12 12 6
4723 16 16 6
4724 14 14 4
4725 14 13 5
4726 15 14 6
4727 16 16 4
4728 14 13 5
4729 11 10 4
4730 10 9 5
4731 13 13 5
4732 9 9 5
4733 9 9 5
4734 9 9 5
4735 15 15 5
4736 21 20 4
4737 6 5 4
4738 12 11 5
4739 13 12 8
4740 6 6 6
4741 15 14 4
4742 16 15 5
4743 11 10 4
4744 6 5 4
4745 20 19 7
4746 13 13 7
4747 13 12 4
4748 6 5 4
4749 22 21 5
4750 13 13 5
4751 15 14 6
4752 18 17 7
4753 9 8 4
4754 10 9 5
4755 11 10 6
4756 6 5 4
4757 16 15 7
4758 13 12 6
4759 14 14 6
4760 8 8 4
4761 14 13 5
4762 11 10 6
4763 14 14 8
4764 10 10 4
4765 14 13 5
4766 9 8 4
4767 14 13 5
4768 9 8 4
4769 10 9 8
4770 12 12 4
4771 14 13 5
4772 15 15 5
4773 15 14 6
4774 10 9 5
4775 15 15 7
4776 13 12 4
4777 12 11 5
4778 19 19 9
4779 15 14 6
4780 8 8 4
4781 14 13 5
4782 17 16 6
4783 12 12 4
4784 12 11 5
4785 15 15 5
4786 17 16 8
4787 18 18 6
4788 14 14 6
4789 16 15 5
4790 17 16 4
4791 6 5 4
4792 16 15 5
4793 7 6 5
4794 13 12 8
4795 12 11 5
4796 11 10 4
4797 14 13 5
4798 11 11 5
4799 7 7 7
4800 12 12 4
4801 12 11 5
4802 17 17 5
4803 21 21 5
4804 11 10 4
4805 14 13 5
4806 15 15 5
4807 13 12 6
4808 10 10 6
4809 14 14 4
4810 10 9 5
4811 7 6 5
4812 11 11 5
4813 11 10 6
4814 8 8 4
4815 10 9 5
4816 15 15 5
4817 19 18 8
4818 20 20 6
4819 18 17 5
4820 9 9 5
4821 11 11 7
4822 13 12 4
4823 10 9 5
4824 13 12 6
4825 10 9 5
4826 13 13 5
4827 13 12 6
4828 12 11 5
4829 15 14 6
4830 8 7 6
4831 8 8 4
4832 14 13 7
4833 11 10 4
4834 10 9 5
4835 11 11 7
4836 11 10 4
4837 22 21 7
4838 13 12 6
4839 18 18 6
4840 16 15 5
4841 17 16 4
4842 12 11 5
4843 17 16 6
4844 10 10 4
4845 14 13 7
4846 13 12 6
4847 16 16 6
4848 20 20 6
4849 10 10 4
4850 18 17 5
4851 13 12 6
4852 12 12 4
4853 14 13 7
4854 25 24 6
4855 18 18 4
4856 12 11 5
4857 17 16 6
4858 28 28 4
4859 16 15 5
4860 27 26 4
4861 14 13 5
4862 9 9 5
4863 23 22 4
4864 18 17 5
4865 17 16 4
4866 14 13 5
4867 13 12 4
4868 20 19 7
4869 19 18 8
4870 18 17 5
4871 11 10 4
4872 6 5 4
4873 20 19 7
4874 27 27 5
4875 11 10 6
4876 12 12 4
4877 18 17 7
4878 17 16 6
4879 18 18 6
4880 20 20 8
4881 20 20 8
4882 16 16 6
4883 14 14 6
4884 12 11 5
4885 13 12 6
4886 12 12 6
4887 18 17 7
4888 9 8 4
4889 12 11 5
4890 13 12 6
4891 12 12 4
4892 14 13 5
4893 19 18 6
4894 14 14 4
4895 12 11 5
4896 27 26 6
4897 12 11 5
4898 15 14 6
4899 6 5 4
4900 18 17 5
4901 13 12 4
4902 12 11 5
4903 13 13 5
4904 19 19 5
4905 13 12 4
4906 14 13 5
4907 9 8 4
4908 14 13 5
4909 13 13 5
4910 19 19 7
4911 21 21 5
4912 19 18 4
4913 12 11 5
4914 13 12 4
4915 18 17 5
4916 17 16 6
4917 16 16 4
4918 16 15 5
4919 15 14 4
4920 10 9 5
4921 11 10 4
4922 10 9 5
4923 7 6 5
4924 17 16 6
4925 14 14 6
4926 12 11 5
4927 9 9 5
4928 7 6 5
4929 13 12 6
4930 12 11 5
4931 13 12 4
4932 20 19 7
4933 11 10 4
4934 10 9 5
4935 13 12 6
4936 10 9 5
4937 15 14 4
4938 14 13 5
4939 19 19 5
4940 13 13 5
4941 11 10 4
4942 14 13 5
4943 13 12 6
4944 12 12 6
4945 10 10 6
4946 14 13 5
4947 17 17 5
4948 9 9 5
4949 17 16 6
4950 18 18 4
4951 12 11 5
4952 11 10 4
4953 14 13 5
4954 19 18 4
4955 16 15 5
4956 9 8 4
4957 16 15 7
4958 13 12 4
4959 20 19 7
4960 13 12 6
4961 16 16 4
4962 14 13 5
4963 11 10 4
4964 6 5 4
4965 20 19 5
4966 11 11 5
4967 13 13 5
4968 11 10 6
4969 18 17 5
4970 11 10 4
4971 14 13 5
4972 5 5 5
4973 14 13 5
4974 19 19 5
4975 17 16 6
4976 12 12 4
4977 22 21 5
4978 9 8 4
4979 12 11 5
4980 11 10 4
4981 16 15 5
4982 17 16 6
4983 18 17 5
4984 15 14 4
4985 14 13 5
4986 7 7 7
4987 12 12 4
4988 14 13 5
4989 11 10 4
4990 6 5 4
4991 20 19 7
4992 7 6 5
4993 15 15 5
4994 19 19 7
4995 9 8 4
4996 14 13 5
4997 19 19 7
4998 9 8 7
4999 9 8 4
