0 22 21 5
1 13 13 7
2 15 14 6
3 38 37 17
4 17 16 6
5 18 18 6
6 22 22 8
7 16 15 7
8 21 20 6
9 22 21 7
10 15 14 6
11 10 10 4
12 8 7 6
13 10 9 5
14 15 14 6
15 16 16 8
16 14 14 6
17 26 25 9
18 13 12 6
19 14 14 6
20 20 19 9
21 11 11 5
22 19 18 8
23 18 17 9
24 9 8 4
25 14 13 7
26 13 13 5
27 9 9 5
28 9 8 4
29 20 19 9
30 13 13 5
31 13 13 5
32 9 9 5
33 13 12 8
34 12 12 6
35 12 11 5
36 15 15 7
37 7 6 5
38 23 22 8
39 16 16 6
40 14 13 7
41 13 12 4
42 14 13 5
43 9 9 5
44 13 13 7
45 13 12 6
46 12 12 4
47 12 11 5
48 25 25 7
49 11 10 4
50 20 19 7
51 25 24 8
52 6 5 4
53 16 15 7
54 5 5 5
55 10 9 5
56 15 15 7
57 17 17 5
58 29 29 9
59 19 18 6
60 24 23 7
61 15 15 5
62 15 15 5
63 41 40 12
64 32 32 8
65 40 39 9
66 27 27 9
67 17 17 7
68 15 14 6
69 24 24 8
70 20 20 8
71 18 18 4
72 32 31 11
73 27 26 10
74 12 12 6
75 20 20 6
76 18 17 7
77 31 30 12
78 26 26 8
79 18 18 8
80 22 22 8
81 12 11 5
82 33 32 10
83 26 26 8
84 28 28 12
85 26 26 8
86 48 47 13
87 39 38 10
88 16 16 6
89 22 21 7
90 25 24 4
91 40 39 9
92 23 23 7
93 33 33 5
94 27 27 7
95 23 23 7
96 25 25 9
97 25 24 6
98 22 21 5
99 19 19 5
100 29 28 10
101 22 21 5
102 31 31 7
103 23 22 6
104 18 17 5
105 13 13 5
106 17 17 5
107 29 29 9
108 21 20 6
109 22 22 8
110 20 19 7
111 27 26 6
112 22 21 7
113 25 24 10
114 34 33 9
115 21 20 6
116 24 24 8
117 36 35 11
118 23 23 7
119 37 36 16
120 14 13 5
121 17 17 5
122 17 17 5
123 35 35 7
124 23 23 7
125 31 30 8
126 24 24 6
127 36 35 7
128 35 35 13
129 19 18 6
130 18 17 7
131 23 22 6
132 20 20 8
133 20 19 7
134 29 29 9
135 31 30 6
136 20 19 7
137 15 14 4
138 24 23 5
139 23 22 6
140 18 17 5
141 27 27 7
142 23 23 7
143 33 33 7
144 21 21 7
145 29 29 11
146 15 15 7
147 23 22 8
148 22 22 8
149 22 22 8
150 32 32 10
151 30 29 9
152 25 25 7
153 33 32 12
154 18 18 6
155 36 35 9
156 19 18 6
157 28 27 7
158 21 20 8
159 32 32 10
160 24 24 6
161 18 18 4
162 34 33 9
163 33 33 9
164 23 22 6
165 16 16 6
166 18 17 5
167 19 19 5
168 31 30 6
169 28 28 8
170 20 19 5
171 29 29 11
172 25 24 6
173 24 23 7
174 29 29 5
175 25 25 11
176 27 26 8
177 36 35 5
178 41 41 19
179 31 30 6
180 26 26 6
181 32 31 11
182 25 25 7
183 29 29 7
184 25 25 5
185 33 33 9
186 35 34 8
187 28 28 6
188 26 25 5
189 27 27 11
190 31 30 6
191 30 29 9
192 13 13 5
193 17 16 6
194 18 17 5
195 19 19 7
196 27 27 11
197 19 19 5
198 31 31 11
199 27 26 6
200 14 13 5
201 23 23 7
202 23 23 5
203 25 25 7
204 17 17 5
205 27 26 10
206 26 26 6
207 18 18 6
208 40 39 9
209 25 24 6
210 20 19 5
211 19 19 5
212 35 34 12
213 44 44 10
214 24 23 9
215 23 23 7
216 21 20 6
217 32 32 8
218 24 23 7
219 15 15 5
220 25 25 9
221 17 16 4
222 20 19 5
223 25 25 5
224 29 28 10
225 24 23 7
226 35 35 11
227 37 36 10
228 22 22 8
229 28 28 8
230 28 27 7
231 29 29 7
232 17 16 6
233 20 20 6
234 20 20 6
235 34 34 8
236 26 25 5
237 29 28 8
238 18 17 7
239 27 26 8
240 24 24 6
241 26 25 7
242 19 19 7
243 35 34 6
244 12 12 4
245 10 9 5
246 15 15 5
247 17 16 6
248 24 24 6
249 18 17 5
250 11 10 4
251 10 9 5
252 11 10 4
253 14 13 5
254 13 13 5
255 9 8 4
256 10 9 5
257 17 16 6
258 14 14 6
259 18 18 6
260 16 16 4
261 14 13 7
262 17 16 6
263 10 9 5
264 21 21 7
265 9 9 5
266 23 23 9
267 23 23 7
268 23 23 9
269 31 31 9
270 21 20 8
271 20 20 6
272 18 17 5
273 17 17 7
274 11 10 4
275 18 17 5
276 19 19 5
277 23 23 7
278 19 18 8
279 20 20 6
280 24 23 7
281 17 16 6
282 12 12 4
283 44 43 9
284 21 21 5
285 17 16 4
286 24 23 5
287 15 15 5
288 13 13 5
289 15 15 5
290 21 21 7
291 23 22 6
292 30 29 7
293 9 9 5
294 19 19 5
295 15 14 4
296 24 23 7
297 41 41 9
298 33 33 7
299 25 24 8
300 34 34 8
301 54 54 10
302 26 25 7
303 31 31 9
304 41 40 14
305 40 39 11
306 45 44 8
307 46 45 11
308 49 48 12
309 36 36 8
310 36 35 7
311 41 41 11
312 19 18 6
313 46 45 13
314 33 32 10
315 24 23 7
316 43 43 17
317 23 22 8
318 26 26 8
319 24 23 7
320 49 49 11
321 39 38 8
322 48 47 11
323 55 55 13
324 43 43 11
325 19 18 6
326 32 32 8
327 28 27 5
328 35 35 7
329 35 34 10
330 26 26 8
331 24 24 8
332 28 28 8
333 22 21 5
334 13 12 6
335 12 12 6
336 14 14 4
337 30 29 11
338 15 14 4
339 20 19 7
340 31 30 4
341 24 23 7
342 11 10 6
343 14 14 4
344 22 21 7
345 27 27 7
346 17 16 4
347 24 23 9
348 25 25 7
349 17 17 5
350 27 26 8
351 18 18 8
352 16 16 6
353 10 9 5
354 17 17 7
355 17 17 5
356 23 23 5
357 15 14 6
358 12 12 6
359 24 24 8
360 22 22 6
361 14 13 5
362 13 12 6
363 22 22 6
364 18 18 6
365 20 20 8
366 14 14 4
367 26 25 5
368 15 15 5
369 27 27 7
370 13 12 4
371 24 23 7
372 15 15 5
373 19 18 4
374 22 21 7
375 21 20 8
376 18 18 6
377 12 11 5
378 21 20 8
379 20 19 7
380 29 29 7
381 21 21 11
382 11 10 4
383 16 15 5
384 23 22 8
385 12 12 4
386 26 25 5
387 13 13 5
388 17 17 5
389 21 21 9
390 21 20 8
391 14 13 5
392 11 10 4
393 16 15 5
394 15 14 4
395 22 21 5
396 21 21 7
397 25 24 8
398 16 16 6
399 10 9 5
400 11 10 6
401 18 18 6
402 12 12 6
403 16 16 6
404 14 13 7
405 11 10 4
406 6 5 4
407 10 9 5
408 15 14 8
409 26 26 8
410 10 10 6
411 10 9 5
412 9 8 4
413 12 11 5
414 17 16 6
415 22 22 8
416 20 20 8
417 18 17 7
418 11 11 5
419 13 12 4
420 10 9 5
421 15 14 6
422 12 11 5
423 17 16 8
424 10 10 4
425 20 19 5
426 11 11 5
427 13 12 6
428 14 14 6
429 16 15 5
430 15 15 5
431 13 12 6
432 26 26 10
433 36 36 12
434 26 25 7
435 29 28 8
436 16 16 6
437 10 9 5
438 15 14 6
439 16 16 6
440 20 20 10
441 12 12 4
442 22 21 5
443 23 23 7
444 17 17 5
445 11 11 5
446 9 8 4
447 18 17 5
448 13 12 6
449 8 8 4
450 18 17 5
451 11 11 5
452 19 19 7
453 9 8 4
454 16 15 5
455 19 19 7
456 19 18 6
457 16 15 7
458 17 17 7
459 19 19 7
460 15 14 6
461 8 8 4
462 10 9 5
463 21 20 8
464 10 10 6
465 12 12 4
466 14 13 7
467 13 13 5
468 9 9 5
469 5 5 5
470 12 11 7
471 15 14 6
472 10 10 6
473 16 16 6
474 20 20 6
475 28 27 5
476 13 13 5
477 11 10 4
478 6 5 4
479 16 15 7
480 19 18 6
481 8 8 4
482 10 9 5
483 9 8 4
484 8 7 6
485 8 8 4
486 12 11 5
487 17 16 6
488 20 20 10
489 16 15 5
490 9 9 5
491 13 12 6
492 16 16 8
493 14 14 6
494 8 8 4
495 24 23 9
496 11 11 7
497 9 9 5
498 17 16 6
499 8 8 4
500 12 11 5
501 13 13 5
502 17 16 6
503 8 8 4
504 16 15 7
505 21 20 8
506 10 10 6
507 16 16 6
508 8 8 4
509 16 15 5
510 13 13 5
511 19 19 9
512 15 14 6
513 20 19 7
514 11 11 5
515 15 14 6
516 16 15 7
517 17 16 6
518 18 18 4
519 20 19 9
520 9 8 4
521 10 9 5
522 15 15 5
523 11 11 5
524 11 11 5
525 13 12 6
526 12 11 5
527 13 13 5
528 13 13 7
529 5 5 5
530 12 11 5
531 9 9 5
532 13 12 4
533 20 19 7
534 9 9 5
535 11 10 6
536 10 10 6
537 14 14 6
538 22 21 7
539 35 34 8
540 24 24 8
541 16 16 6
542 18 18 6
543 8 8 4
544 10 9 5
545 13 12 6
546 6 5 4
547 20 19 7
548 19 18 6
549 26 26 8
550 24 23 7
551 27 26 10
552 20 20 6
553 14 14 6
554 12 12 6
555 12 11 5
556 11 11 5
557 7 6 5
558 17 16 6
559 16 15 5
560 21 21 7
561 25 24 6
562 12 12 4
563 24 23 7
564 19 19 5
565 19 19 9
566 21 20 6
567 10 10 6
568 6 6 6
569 23 22 6
570 14 13 5
571 15 14 6
572 28 27 5
573 15 15 7
574 15 14 6
575 12 12 4
576 22 21 7
577 25 24 8
578 20 19 7
579 9 8 4
580 30 29 9
581 27 26 8
582 16 16 6
583 26 26 8
584 22 21 9
585 21 20 6
586 20 20 6
587 26 26 8
588 32 32 8
589 28 27 9
590 33 33 5
591 39 38 8
592 24 24 8
593 26 26 8
594 34 33 7
595 19 18 6
596 20 20 4
597 48 47 7
598 41 41 11
599 23 23 7
600 23 23 7
601 23 22 6
602 28 27 7
603 29 28 6
604 40 39 9
605 45 44 14
606 38 38 8
607 52 52 20
608 24 24 8
609 32 31 11
610 37 37 9
611 23 23 7
612 39 39 11
613 29 28 6
614 40 39 13
615 29 29 7
616 29 29 7
617 15 15 5
618 39 38 12
619 34 33 9
620 31 30 8
621 30 30 12
622 44 44 14
623 34 34 10
624 30 29 9
625 35 35 13
626 27 26 10
627 38 38 16
628 26 26 10
629 44 43 11
630 51 50 10
631 36 36 14
632 22 22 6
633 22 21 7
634 33 32 14
635 42 41 13
636 29 29 15
637 31 30 10
638 40 39 15
639 33 32 8
640 36 35 13
641 23 23 7
642 21 21 7
643 33 32 10
644 30 30 10
645 28 27 9
646 35 35 15
647 41 40 8
648 36 36 12
649 26 26 8
650 24 23 7
651 41 40 12
652 26 26 10
653 24 24 8
654 50 49 17
655 23 23 7
656 25 24 8
657 22 21 5
658 39 39 11
659 35 35 7
660 23 23 9
661 39 38 10
662 42 41 13
663 47 46 14
664 36 36 8
665 46 46 20
666 34 34 10
667 28 28 10
668 36 36 8
669 50 49 13
670 37 37 15
671 13 12 4
672 20 19 7
673 39 38 8
674 28 27 9
675 39 39 11
676 37 36 12
677 46 46 12
678 28 27 9
679 33 32 8
680 38 37 13
681 23 22 10
682 28 28 8
683 32 31 9
684 31 30 12
685 30 30 10
686 40 40 14
687 16 16 6
688 36 36 12
689 30 29 9
690 21 20 8
691 28 28 8
692 16 16 6
693 26 26 10
694 34 34 10
695 32 31 11
696 25 24 8
697 32 31 7
698 19 18 6
699 22 22 8
700 26 25 5
701 21 20 10
702 12 12 4
703 16 15 5
704 35 34 10
705 20 20 6
706 12 12 6
707 14 14 6
708 20 20 6
709 20 20 8
710 16 16 6
711 18 18 4
712 20 19 7
713 23 22 8
714 20 19 7
715 21 21 5
716 25 25 9
717 23 22 4
718 14 13 5
719 9 8 4
720 16 15 5
721 15 14 4
722 20 19 7
723 9 8 4
724 10 9 5
725 17 16 6
726 12 11 5
727 21 20 6
728 18 18 6
729 22 22 6
730 16 16 6
731 24 23 7
732 15 14 6
733 16 16 6
734 12 11 5
735 23 22 10
736 16 16 6
737 16 16 6
738 22 22 8
739 18 17 5
740 25 24 6
741 20 19 5
742 13 13 5
743 23 23 7
744 21 20 6
745 20 19 5
746 13 12 4
747 12 11 5
748 21 20 6
749 14 14 6
750 26 25 5
751 15 15 5
752 13 13 5
753 27 27 7
754 15 15 5
755 21 21 11
756 27 27 7
757 15 14 6
758 10 10 4
759 16 15 5
760 21 21 7
761 21 20 8
762 10 10 4
763 20 19 5
764 13 13 7
765 15 14 6
766 10 9 5
767 9 8 4
768 18 17 9
769 15 14 6
770 12 12 6
771 20 20 10
772 24 24 6
773 18 18 6
774 26 26 8
775 22 22 8
776 22 21 7
777 17 17 5
778 13 13 5
779 11 10 6
780 12 12 6
781 16 16 8
782 12 11 5
783 13 13 7
784 13 12 4
785 36 35 13
786 15 14 4
787 12 11 5
788 17 17 7
789 29 29 7
790 9 9 5
791 15 14 6
792 16 16 6
793 16 15 7
794 15 15 5
795 33 33 7
796 13 13 5
797 31 30 10
798 32 32 8
799 40 40 12
800 28 28 6
801 16 15 7
802 9 9 5
803 11 10 4
804 12 11 5
805 21 20 8
806 20 20 8
807 24 24 6
808 20 19 9
809 25 24 6
810 26 25 7
811 13 12 6
812 10 10 4
813 16 15 7
814 15 15 7
815 19 18 4
816 18 17 7
817 29 29 9
818 11 11 5
819 19 19 7
820 19 18 6
821 12 12 6
822 18 18 6
823 32 31 9
824 19 18 8
825 14 14 8
826 26 26 6
827 22 21 7
828 19 19 7
829 11 11 5
830 23 23 7
831 7 7 7
832 12 12 6
833 18 17 5
834 15 15 7
835 15 15 9
836 13 12 4
837 12 11 7
838 15 14 6
839 20 20 8
840 14 13 5
841 15 14 6
842 16 16 8
843 20 20 8
844 28 27 11
845 17 16 4
846 24 23 7
847 19 19 9
848 21 20 8
849 22 21 7
850 25 25 9
851 29 28 10
852 6 6 6
853 25 24 6
854 10 9 5
855 9 9 5
856 21 21 9
857 21 20 6
858 20 19 5
859 9 8 4
860 20 19 9
861 11 10 4
862 20 19 9
863 13 13 7
864 13 12 6
865 16 16 8
866 10 9 5
867 9 8 4
868 30 29 9
869 13 12 6
870 20 19 5
871 21 21 7
872 13 13 5
873 9 9 5
874 19 18 6
875 12 11 5
876 9 9 5
877 15 15 7
878 17 16 6
879 22 21 7
880 9 9 5
881 15 15 5
882 13 12 6
883 18 18 8
884 14 14 6
885 16 16 6
886 16 16 6
887 14 14 4
888 12 11 5
889 5 5 5
890 22 21 9
891 9 8 4
892 14 13 5
893 15 15 7
894 11 11 5
895 13 13 5
896 13 13 5
897 17 17 5
898 21 21 9
899 19 18 8
900 14 13 5
901 21 21 7
902 23 22 4
903 16 15 7
904 11 11 5
905 11 10 4
906 12 11 5
907 11 10 6
908 10 9 5
909 15 14 4
910 12 11 5
911 17 16 6
912 12 12 6
913 10 10 6
914 6 6 6
915 15 14 6
916 12 11 5
917 13 13 7
918 13 12 6
919 14 14 6
920 20 20 6
921 16 16 4
922 10 9 5
923 11 10 4
924 10 9 5
925 13 12 6
926 6 5 4
927 10 9 5
928 9 9 5
929 19 18 6
930 18 17 7
931 25 24 6
932 10 10 4
933 18 17 5
934 13 13 5
935 17 17 5
936 21 21 7
937 15 14 6
938 10 10 6
939 12 12 4
940 22 21 7
941 9 9 5
942 11 11 5
943 15 14 8
944 12 12 4
945 12 11 5
946 31 30 8
947 22 22 6
948 20 19 5
949 23 23 9
950 17 16 6
951 18 17 5
952 5 5 5
953 12 11 5
954 13 13 7
955 9 8 4
956 22 21 9
957 15 14 6
958 12 11 5
959 11 10 4
960 16 15 7
961 19 18 6
962 16 15 7
963 19 18 8
964 14 14 6
965 16 15 5
966 21 20 6
967 14 14 6
968 16 16 6
969 16 16 6
970 16 15 7
971 17 16 8
972 20 20 8
973 12 12 6
974 12 12 4
975 12 11 5
976 9 8 4
977 14 13 5
978 27 27 7
979 27 26 8
980 10 9 5
981 27 26 6
982 20 19 5
983 11 10 4
984 30 29 9
985 21 21 7
986 21 20 6
987 20 19 7
988 13 13 5
989 21 20 6
990 28 27 7
991 33 32 4
992 30 29 9
993 19 18 6
994 28 27 9
995 41 40 12
996 40 39 13
997 31 31 11
998 61 61 21
999 23 23 5
1000 29 29 9
1001 49 49 17
1002 33 33 13
1003 29 28 6
1004 28 28 8
1005 24 23 7
1006 29 28 8
1007 32 31 11
1008 41 40 8
1009 30 29 9
1010 23 22 4
1011 30 29 9
1012 33 32 10
1013 34 34 10
1014 22 22 6
1015 44 43 15
1016 29 29 9
1017 29 28 8
1018 34 33 9
1019 47 46 16
1020 24 24 8
1021 40 40 12
1022 20 19 5
1023 33 33 11
1024 29 28 10
1025 36 36 12
1026 28 27 9
1027 21 21 5
1028 27 27 7
1029 25 25 5
1030 13 13 5
1031 15 15 7
1032 19 18 10
1033 16 16 4
1034 24 23 7
1035 21 21 5
1036 27 27 7
1037 25 25 7
1038 25 24 6
1039 38 37 13
1040 27 27 13
1041 43 42 20
1042 36 36 10
1043 26 25 5
1044 31 31 5
1045 23 23 7
1046 21 20 6
1047 12 11 5
1048 31 31 9
1049 21 20 8
1050 16 15 7
1051 21 20 6
1052 22 22 6
1053 16 16 8
1054 36 36 10
1055 42 42 12
1056 24 24 6
1057 24 23 11
1058 25 24 10
1059 28 28 10
1060 24 24 6
1061 26 25 7
1062 35 35 9
1063 25 24 8
1064 22 22 6
1065 22 21 11
1066 31 30 8
1067 32 32 8
1068 28 27 11
1069 31 30 8
1070 32 31 11
1071 33 32 14
1072 16 15 5
1073 11 11 5
1074 25 24 6
1075 18 17 5
1076 27 27 9
1077 29 28 10
1078 6 5 4
1079 22 21 5
1080 25 24 8
1081 30 29 11
1082 21 21 5
1083 23 23 11
1084 27 27 9
1085 37 37 17
1086 25 25 11
1087 21 20 8
1088 22 22 8
1089 24 24 8
1090 20 20 6
1091 16 16 8
1092 28 28 10
1093 18 18 8
1094 18 18 10
1095 22 22 10
1096 22 22 6
1097 22 22 10
1098 24 24 6
1099 20 19 5
1100 23 23 7
1101 17 17 7
1102 9 8 4
1103 18 17 7
1104 21 21 9
1105 17 17 5
1106 11 11 5
1107 13 12 6
1108 28 27 7
1109 25 24 12
1110 28 27 11
1111 21 21 7
1112 25 25 13
1113 13 13 5
1114 29 29 9
1115 29 28 10
1116 24 24 8
1117 22 21 5
1118 23 22 6
1119 14 13 5
1120 21 20 6
1121 12 11 5
1122 15 15 5
1123 11 11 5
1124 19 18 8
1125 18 18 6
1126 14 13 5
1127 15 14 4
1128 24 23 9
1129 15 14 6
1130 8 8 4
1131 22 21 5
1132 15 14 4
1133 30 29 7
1134 13 12 4
1135 16 15 7
1136 21 20 8
1137 18 18 6
1138 14 14 6
1139 28 27 9
1140 19 18 6
1141 12 11 5
1142 9 8 4
1143 24 23 7
1144 15 14 6
1145 16 15 7
1146 25 24 8
1147 30 30 8
1148 20 20 4
1149 14 13 5
1150 33 33 11
1151 15 15 5
1152 13 13 7
1153 15 15 7
1154 19 19 7
1155 19 18 8
1156 20 20 8
1157 16 15 5
1158 15 15 5
1159 17 17 7
1160 25 24 6
1161 12 11 5
1162 13 12 6
1163 26 26 8
1164 16 15 7
1165 19 18 4
1166 20 19 7
1167 17 16 6
1168 16 15 5
1169 15 15 5
1170 17 16 6
1171 16 15 5
1172 17 17 5
1173 21 21 7
1174 15 14 4
1175 12 11 5
1176 13 12 6
1177 12 11 5
1178 13 13 5
1179 13 12 4
1180 18 17 7
1181 17 16 8
1182 6 5 4
1183 6 5 4
1184 16 15 5
1185 19 19 9
1186 11 11 5
1187 17 17 9
1188 11 10 6
1189 18 18 6
1190 12 12 6
1191 6 6 6
1192 17 17 7
1193 13 13 7
1194 7 6 5
1195 13 12 4
1196 12 11 5
1197 13 12 4
1198 20 19 9
1199 11 11 5
1200 31 30 10
1201 14 13 5
1202 21 20 6
1203 10 9 5
1204 9 9 5
1205 17 16 8
1206 16 15 5
1207 13 12 6
1208 18 18 6
1209 6 6 6
1210 13 13 7
1211 13 12 6
1212 24 24 8
1213 14 14 6
1214 14 14 6
1215 14 14 8
1216 18 18 6
1217 12 12 6
1218 16 16 8
1219 10 9 5
1220 13 12 8
1221 12 11 5
1222 13 12 6
1223 14 14 6
1224 10 9 5
1225 13 12 6
1226 10 10 6
1227 18 18 6
1228 12 12 6
1229 22 22 8
1230 8 8 4
1231 16 15 7
1232 9 9 5
1233 9 9 5
1234 11 11 5
1235 5 5 5
1236 20 19 7
1237 19 18 6
1238 6 5 4
1239 10 9 5
1240 11 11 5
1241 9 9 5
1242 13 13 7
1243 13 12 6
1244 18 18 4
1245 10 9 5
1246 13 12 6
1247 16 16 8
1248 10 10 6
1249 10 10 6
1250 10 9 5
1251 9 9 5
1252 11 10 6
1253 18 18 8
1254 20 20 8
1255 14 14 6
1256 18 17 7
1257 19 18 10
1258 10 10 6
1259 14 14 6
1260 22 22 10
1261 12 12 6
1262 6 6 6
1263 9 8 4
1264 8 7 6
1265 18 18 8
1266 8 7 6
1267 12 12 4
1268 12 11 5
1269 23 23 7
1270 17 16 6
1271 14 13 5
1272 15 14 6
1273 10 10 6
1274 14 13 7
1275 11 10 6
1276 14 13 5
1277 19 18 6
1278 20 19 7
1279 13 12 6
1280 20 20 8
1281 16 16 8
1282 20 20 8
1283 6 5 4
1284 22 21 7
1285 13 12 4
1286 10 9 5
1287 13 12 6
1288 14 13 5
1289 11 10 4
1290 18 17 7
1291 13 12 6
1292 16 16 8
1293 18 18 6
1294 18 18 8
1295 10 10 4
1296 20 19 7
1297 13 12 6
1298 10 9 5
1299 13 12 6
1300 12 12 6
1301 8 8 4
1302 24 23 7
1303 9 8 4
1304 14 13 5
1305 21 20 6
1306 14 14 6
1307 8 8 4
1308 6 5 4
1309 22 21 9
1310 15 14 6
1311 14 13 5
1312 11 11 7
1313 13 12 6
1314 24 24 10
1315 20 19 5
1316 5 5 5
1317 14 13 5
1318 9 8 4
1319 12 11 5
1320 9 9 5
1321 11 11 5
1322 11 11 5
1323 33 33 7
1324 17 16 6
1325 10 9 5
1326 11 10 6
1327 16 16 6
1328 14 14 6
1329 16 16 6
1330 16 16 6
1331 16 16 6
1332 12 11 5
1333 17 16 8
1334 20 20 8
1335 22 22 8
1336 28 28 10
1337 10 10 4
1338 18 17 5
1339 11 10 4
1340 14 13 7
1341 23 22 8
1342 16 15 7
1343 9 9 5
1344 25 25 7
1345 5 5 5
1346 20 19 7
1347 19 18 8
1348 18 17 5
1349 15 15 9
1350 27 26 8
1351 14 14 4
1352 12 11 5
1353 23 23 9
1354 11 11 5
1355 23 22 8
1356 14 14 6
1357 10 10 6
1358 24 23 7
1359 41 41 9
1360 17 16 4
1361 20 19 5
1362 21 21 5
1363 27 27 9
1364 21 21 7
1365 23 22 6
1366 20 19 5
1367 19 19 7
1368 15 15 5
1369 25 25 7
1370 19 19 5
1371 19 19 5
1372 17 17 5
1373 13 13 7
1374 27 26 6
1375 22 22 6
1376 20 19 5
1377 29 29 7
1378 21 21 7
1379 13 12 4
1380 16 15 5
1381 13 13 5
1382 29 29 7
1383 11 10 4
1384 22 21 7
1385 15 14 6
1386 16 16 6
1387 20 19 5
1388 27 27 7
1389 19 18 6
1390 16 15 7
1391 23 22 6
1392 24 23 7
1393 33 33 9
1394 15 15 5
1395 13 12 6
1396 20 19 9
1397 17 16 4
1398 16 15 5
1399 19 19 7
1400 21 20 4
1401 22 21 7
1402 27 27 7
1403 13 12 4
1404 18 17 9
1405 17 16 6
1406 6 5 4
1407 20 19 5
1408 19 19 5
1409 17 17 5
1410 15 15 7
1411 17 17 7
1412 15 14 6
1413 14 14 6
1414 20 20 8
1415 20 20 6
1416 20 19 7
1417 15 14 6
1418 18 18 6
1419 16 16 6
1420 20 20 6
1421 28 27 5
1422 23 23 7
1423 19 19 7
1424 15 14 4
1425 24 23 9
1426 19 19 7
1427 9 8 4
1428 14 13 7
1429 13 13 5
1430 11 11 5
1431 13 12 6
1432 12 12 4
1433 18 17 9
1434 11 10 6
1435 10 10 6
1436 8 8 4
1437 16 15 7
1438 9 8 4
1439 18 17 5
1440 11 10 6
1441 10 10 4
1442 10 9 5
1443 11 10 4
1444 10 9 5
1445 15 14 8
1446 14 14 6
1447 12 12 6
1448 10 10 4
1449 30 29 9
1450 13 12 4
1451 16 15 7
1452 21 20 8
1453 14 14 4
1454 16 15 7
1455 9 8 4
1456 12 11 5
1457 11 10 6
1458 14 14 6
1459 12 11 5
1460 13 12 6
1461 10 10 6
1462 8 8 4
1463 10 9 5
1464 15 15 7
1465 19 18 6
1466 14 13 7
1467 11 11 5
1468 15 14 6
1469 10 9 5
1470 9 8 4
1471 34 33 7
1472 13 12 4
1473 20 19 9
1474 13 12 6
1475 10 10 6
1476 18 18 6
1477 16 15 7
1478 25 24 8
1479 12 12 6
1480 18 18 8
1481 24 23 9
1482 17 17 5
1483 13 13 7
1484 13 12 6
1485 14 14 6
1486 30 29 9
1487 15 14 6
1488 16 16 6
1489 20 20 8
1490 12 12 6
1491 26 26 8
1492 24 24 8
1493 12 11 5
1494 31 31 7
1495 15 14 6
1496 26 26 8
1497 12 11 7
1498 35 34 6
1499 28 28 8
1500 46 46 10
1501 28 28 8
1502 18 17 5
1503 17 16 6
1504 46 46 12
1505 14 14 4
1506 32 31 7
1507 23 22 10
1508 32 32 10
1509 18 18 8
1510 16 16 4
1511 22 21 5
1512 25 25 7
1513 29 28 6
1514 8 8 4
1515 18 17 5
1516 31 31 7
1517 33 32 6
1518 20 20 8
1519 24 23 7
1520 23 22 8
1521 20 20 6
1522 26 25 5
1523 29 28 12
1524 24 23 5
1525 23 23 9
1526 21 20 6
1527 22 21 5
1528 17 17 7
1529 19 18 6
1530 24 24 6
1531 20 19 7
1532 19 18 6
1533 32 31 9
1534 33 33 9
1535 27 26 12
1536 16 16 4
1537 26 25 7
1538 31 30 8
1539 22 22 4
1540 26 25 7
1541 23 22 8
1542 42 42 8
1543 44 43 11
1544 31 30 8
1545 32 31 7
1546 21 20 6
1547 14 14 4
1548 18 17 5
1549 23 23 5
1550 29 29 7
1551 23 22 10
1552 14 14 4
1553 24 23 7
1554 27 26 10
1555 20 20 6
1556 14 13 5
1557 13 12 4
1558 26 25 5
1559 21 21 5
1560 17 16 6
1561 28 28 8
1562 20 20 6
1563 16 15 5
1564 19 19 7
1565 29 29 5
1566 29 29 9
1567 23 23 7
1568 21 20 6
1569 22 22 8
1570 22 21 7
1571 25 24 8
1572 22 22 8
1573 6 6 6
1574 33 32 6
1575 20 20 6
1576 24 23 7
1577 13 13 5
1578 19 19 7
1579 19 18 6
1580 20 19 5
1581 25 25 9
1582 25 24 6
1583 26 25 7
1584 21 21 7
1585 17 17 5
1586 27 27 9
1587 29 28 4
1588 20 19 7
1589 9 8 4
1590 22 21 7
1591 27 26 6
1592 8 8 4
1593 24 23 9
1594 25 24 8
1595 18 18 8
1596 20 19 5
1597 41 41 15
1598 19 18 6
1599 12 12 4
1600 14 13 5
1601 5 5 5
1602 30 29 9
1603 17 17 7
1604 21 20 8
1605 16 16 6
1606 18 17 7
1607 19 19 7
1608 17 17 5
1609 23 23 9
1610 15 15 7
1611 13 12 4
1612 22 21 9
1613 17 16 6
1614 14 14 6
1615 16 16 8
1616 26 26 8
1617 24 24 10
1618 16 16 6
1619 14 14 6
1620 26 26 8
1621 16 15 5
1622 17 17 7
1623 11 11 5
1624 19 19 5
1625 15 15 9
1626 19 18 8
1627 10 10 4
1628 14 13 7
1629 25 24 8
1630 10 10 4
1631 28 27 11
1632 17 17 7
1633 15 15 7
1634 27 26 6
1635 18 17 7
1636 19 19 7
1637 11 11 5
1638 13 13 5
1639 15 14 6
1640 20 20 6
1641 14 14 4
1642 16 15 5
1643 31 31 9
1644 25 24 6
1645 30 30 6
1646 24 24 6
1647 14 14 4
1648 22 21 7
1649 35 35 11
1650 31 30 8
1651 24 23 5
1652 23 23 7
1653 37 36 8
1654 30 30 8
1655 24 24 8
1656 26 26 8
1657 22 21 7
1658 35 35 7
1659 39 38 10
1660 36 35 13
1661 29 29 7
1662 27 26 8
1663 24 24 8
1664 20 19 7
1665 29 28 8
1666 32 31 7
1667 23 23 5
1668 23 23 11
1669 27 27 5
1670 23 23 9
1671 17 16 8
1672 20 20 6
1673 18 18 6
1674 14 14 6
1675 14 14 6
1676 34 33 13
1677 19 19 5
1678 13 13 7
1679 17 16 6
1680 16 16 4
1681 12 11 5
1682 21 21 7
1683 13 12 4
1684 16 15 5
1685 11 10 4
1686 6 5 4
1687 22 21 7
1688 21 21 9
1689 13 12 6
1690 12 11 5
1691 15 14 6
1692 20 19 7
1693 17 17 5
1694 11 11 5
1695 19 18 10
1696 10 10 4
1697 20 19 7
1698 13 13 7
1699 17 16 6
1700 10 9 5
1701 13 12 4
1702 16 15 7
1703 15 15 5
1704 5 5 5
1705 6 5 4
1706 6 5 4
1707 14 13 7
1708 13 13 7
1709 19 18 8
1710 20 20 6
1711 22 21 9
1712 15 15 7
1713 21 21 7
1714 11 10 4
1715 12 11 5
1716 11 11 5
1717 11 10 6
1718 18 18 8
1719 10 10 6
1720 18 17 5
1721 25 24 8
1722 22 22 8
1723 16 16 6
1724 16 16 6
1725 14 14 6
1726 14 14 8
1727 24 24 8
1728 26 26 4
1729 22 21 7
1730 19 18 6
1731 20 19 7
1732 11 11 5
1733 21 21 7
1734 19 18 4
1735 16 15 7
1736 11 10 6
1737 10 10 4
1738 18 17 9
1739 13 12 6
1740 12 12 6
1741 18 17 5
1742 13 12 6
1743 10 10 4
1744 12 11 5
1745 5 5 5
1746 18 17 7
1747 17 17 7
1748 15 14 6
1749 18 18 6
1750 14 13 5
1751 13 12 4
1752 14 13 7
1753 11 10 4
1754 14 13 7
1755 17 17 7
1756 11 10 4
1757 8 7 6
1758 14 14 6
1759 16 15 7
1760 13 12 6
1761 20 19 7
1762 27 26 6
1763 20 20 6
1764 14 13 7
1765 13 12 6
1766 12 11 7
1767 11 10 4
1768 18 17 7
1769 17 17 7
1770 19 18 8
1771 22 22 10
1772 10 10 4
1773 14 13 5
1774 19 18 6
1775 18 17 7
1776 19 19 7
1777 15 15 5
1778 15 14 8
1779 22 22 6
1780 12 11 5
1781 27 26 8
1782 24 23 9
1783 19 18 8
1784 18 18 8
1785 14 14 8
1786 6 6 6
1787 13 12 6
1788 12 12 4
1789 10 9 5
1790 13 12 4
1791 10 9 5
1792 9 9 5
1793 5 5 5
1794 14 13 5
1795 17 16 8
1796 18 18 10
1797 14 13 5
1798 15 15 5
1799 13 12 6
1800 18 18 8
1801 30 30 8
1802 10 9 5
1803 17 16 6
1804 12 12 6
1805 10 10 6
1806 12 11 5
1807 11 11 5
1808 13 13 5
1809 27 27 11
1810 17 17 5
1811 15 15 5
1812 15 15 7
1813 31 30 10
1814 22 22 4
1815 24 23 5
1816 19 19 7
1817 7 6 5
1818 19 18 6
1819 12 12 4
1820 18 17 7
1821 19 18 4
1822 24 23 5
1823 21 20 4
1824 14 13 5
1825 11 10 4
1826 16 15 5
1827 11 11 5
1828 21 20 4
1829 14 13 5
1830 13 12 6
1831 14 13 7
1832 11 11 5
1833 17 16 6
1834 14 14 6
1835 24 23 7
1836 17 16 6
1837 24 24 6
1838 18 17 7
1839 15 15 7
1840 21 20 8
1841 24 24 10
1842 26 25 7
1843 29 28 8
1844 34 34 8
1845 40 39 7
1846 13 13 5
1847 23 22 8
1848 36 35 9
1849 27 27 7
1850 35 34 10
1851 32 32 8
1852 20 20 8
1853 26 25 9
1854 31 30 8
1855 38 38 14
1856 18 17 5
1857 27 27 9
1858 21 21 5
1859 37 37 11
1860 27 27 7
1861 39 38 12
1862 38 38 8
1863 32 32 12
1864 28 28 10
1865 26 26 10
1866 34 33 9
1867 37 36 10
1868 28 28 8
1869 26 26 10
1870 48 47 19
1871 33 32 8
1872 36 35 13
1873 45 44 14
1874 30 30 12
1875 52 52 16
1876 26 25 7
1877 33 33 9
1878 27 26 8
1879 30 29 7
1880 37 36 12
1881 36 35 9
1882 33 33 11
1883 49 48 16
1884 32 32 14
1885 50 49 11
1886 27 26 8
1887 62 62 24
1888 26 26 6
1889 26 25 5
1890 25 25 9
1891 39 38 10
1892 30 30 10
1893 34 34 8
1894 40 39 11
1895 19 18 6
1896 12 11 5
1897 49 48 10
1898 58 58 12
1899 26 25 9
1900 25 24 8
1901 32 32 10
1902 34 34 12
1903 32 32 8
1904 30 30 8
1905 40 39 9
1906 35 34 8
1907 26 26 8
1908 46 46 16
1909 28 27 9
1910 29 28 8
1911 46 46 16
1912 52 52 18
1913 48 48 14
1914 38 38 10
1915 40 39 13
1916 23 22 4
1917 24 23 11
1918 55 54 14
1919 28 27 5
1920 43 43 9
1921 29 29 9
1922 49 49 19
1923 35 35 11
1924 35 35 11
1925 33 32 10
1926 32 31 13
1927 45 44 14
1928 54 53 15
1929 29 28 8
1930 32 31 13
1931 21 20 6
1932 28 27 7
1933 43 43 17
1934 27 26 8
1935 32 32 8
1936 44 43 15
1937 29 28 8
1938 40 39 9
1939 49 49 15
1940 29 28 6
1941 20 19 7
1942 29 28 8
1943 26 26 10
1944 28 27 11
1945 29 29 9
1946 31 31 9
1947 33 33 7
1948 21 21 5
1949 29 29 13
1950 29 29 9
1951 29 28 8
1952 18 17 5
1953 23 22 8
1954 20 20 6
1955 20 19 5
1956 29 29 11
1957 23 22 8
1958 20 20 6
1959 28 28 6
1960 32 31 11
1961 19 19 7
1962 25 25 9
1963 31 30 10
1964 24 24 6
1965 26 26 10
1966 20 19 5
1967 23 22 8
1968 20 19 5
1969 25 24 8
1970 28 27 11
1971 17 16 4
1972 26 25 7
1973 33 32 8
1974 22 22 6
1975 28 28 10
1976 10 10 4
1977 22 21 7
1978 21 20 6
1979 36 36 12
1980 22 22 8
1981 18 18 8
1982 14 13 5
1983 17 16 8
1984 16 15 5
1985 9 9 5
1986 23 22 10
1987 20 19 5
1988 15 15 7
1989 23 23 7
1990 17 16 4
1991 14 13 5
1992 11 11 5
1993 21 20 6
1994 16 15 5
1995 23 22 6
1996 14 13 5
1997 19 18 6
1998 6 5 4
1999 22 21 7
2000 13 13 5
2001 11 10 4
2002 16 15 7
2003 19 18 8
2004 22 21 5
2005 9 9 5
2006 23 22 8
2007 18 18 6
2008 6 5 4
2009 16 15 5
2010 15 15 7
2011 23 22 8
2012 18 17 7
2013 13 13 5
2014 23 22 6
2015 26 25 5
2016 25 24 10
2017 18 18 6
2018 10 9 5
2019 15 15 5
2020 23 22 8
2021 18 18 4
2022 18 17 5
2023 15 15 7
2024 17 16 8
2025 14 14 6
2026 20 20 6
2027 14 14 6
2028 18 17 7
2029 13 12 4
2030 6 5 4
2031 6 5 4
2032 10 9 5
2033 21 20 10
2034 16 16 6
2035 18 17 5
2036 21 21 5
2037 13 13 5
2038 11 11 5
2039 15 14 6
2040 12 11 5
2041 11 11 5
2042 9 9 5
2043 17 16 6
2044 18 17 7
2045 15 14 6
2046 28 28 8
2047 12 11 5
2048 11 10 6
2049 8 8 4
2050 12 11 5
2051 13 13 7
2052 5 5 5
2053 6 5 4
2054 10 9 5
2055 13 12 4
2056 20 19 9
2057 27 27 9
2058 27 26 6
2059 24 24 8
2060 18 17 5
2061 15 15 7
2062 21 20 8
2063 22 21 9
2064 13 12 4
2065 12 11 5
2066 15 14 6
2067 16 16 8
2068 14 14 6
2069 12 12 6
2070 20 20 4
2071 24 23 7
2072 21 21 7
2073 25 25 7
2074 15 15 5
2075 9 8 4
2076 10 9 5
2077 13 13 5
2078 23 23 7
2079 11 11 5
2080 17 17 7
2081 11 10 6
2082 26 26 8
2083 28 28 8
2084 14 13 7
2085 7 6 5
2086 11 10 4
2087 16 15 7
2088 11 11 5
2089 11 11 5
2090 13 13 5
2091 11 11 5
2092 5 5 5
2093 22 21 9
2094 9 9 5
2095 9 8 4
2096 10 9 5
2097 7 6 5
2098 23 22 6
2099 20 20 6
2100 18 18 4
2101 8 7 6
2102 10 10 4
2103 16 15 5
2104 11 10 4
2105 6 5 4
2106 12 11 5
2107 17 16 6
2108 18 18 6
2109 12 12 6
2110 12 12 6
2111 8 8 4
2112 24 23 5
2113 21 20 6
2114 18 17 7
2115 13 12 6
2116 8 8 4
2117 16 15 7
2118 19 18 6
2119 16 16 6
2120 42 41 9
2121 27 27 7
2122 29 29 9
2123 23 22 8
2124 30 30 6
2125 22 22 6
2126 24 24 6
2127 22 22 6
2128 24 23 5
2129 21 21 5
2130 27 27 9
2131 19 19 5
2132 25 25 7
2133 27 26 6
2134 28 28 10
2135 34 34 10
2136 26 26 8
2137 32 32 6
2138 34 33 9
2139 49 49 9
2140 29 28 8
2141 26 26 6
2142 16 15 5
2143 21 20 6
2144 22 22 8
2145 22 22 8
2146 38 38 6
2147 32 31 9
2148 23 23 5
2149 21 21 7
2150 27 26 6
2151 24 24 8
2152 30 30 8
2153 22 22 8
2154 26 25 7
2155 23 22 8
2156 42 41 11
2157 19 18 6
2158 32 32 10
2159 20 20 8
2160 34 33 7
2161 21 20 8
2162 32 31 9
2163 25 24 8
2164 14 14 6
2165 18 18 6
2166 28 27 7
2167 23 22 6
2168 22 21 9
2169 31 30 14
2170 26 26 6
2171 28 27 7
2172 21 20 6
2173 28 28 8
2174 14 14 4
2175 34 33 13
2176 25 24 6
2177 32 32 10
2178 22 21 7
2179 37 36 14
2180 14 13 5
2181 31 31 7
2182 27 26 8
2183 24 24 6
2184 16 15 5
2185 13 13 7
2186 35 34 14
2187 18 18 4
2188 26 25 7
2189 23 23 7
2190 17 16 6
2191 18 17 5
2192 23 23 9
2193 33 32 6
2194 22 21 7
2195 29 29 5
2196 17 16 6
2197 22 21 7
2198 17 17 5
2199 17 16 6
2200 16 16 6
2201 26 25 7
2202 25 24 8
2203 6 5 4
2204 26 25 9
2205 15 14 4
2206 16 15 5
2207 21 21 7
2208 23 23 7
2209 11 11 5
2210 23 23 7
2211 17 16 6
2212 16 16 6
2213 22 22 8
2214 26 26 8
2215 16 15 7
2216 17 16 4
2217 38 37 7
2218 15 15 7
2219 21 21 7
2220 13 12 6
2221 26 25 9
2222 23 23 7
2223 21 21 9
2224 19 19 9
2225 13 13 5
2226 15 15 5
2227 23 23 9
2228 25 24 10
2229 26 26 8
2230 24 23 9
2231 11 10 4
2232 28 27 7
2233 13 13 5
2234 21 21 5
2235 13 13 5
2236 31 30 10
2237 28 28 10
2238 16 15 5
2239 9 9 5
2240 29 28 10
2241 10 10 4
2242 14 13 5
2243 21 21 7
2244 17 17 7
2245 13 12 6
2246 10 10 6
2247 22 22 10
2248 6 6 6
2249 13 12 6
2250 20 20 8
2251 12 12 6
2252 20 19 7
2253 17 16 8
2254 18 18 8
2255 14 14 6
2256 24 23 5
2257 13 12 4
2258 12 11 5
2259 17 17 7
2260 15 14 6
2261 14 14 6
2262 14 13 5
2263 19 18 8
2264 12 11 5
2265 11 10 4
2266 12 11 5
2267 13 12 6
2268 12 12 6
2269 20 19 7
2270 15 15 5
2271 5 5 5
2272 14 13 7
2273 5 5 5
2274 22 21 7
2275 11 10 6
2276 22 22 10
2277 14 13 5
2278 13 13 5
2279 13 13 5
2280 5 5 5
2281 20 19 9
2282 13 12 6
2283 10 9 5
2284 13 12 6
2285 22 22 10
2286 18 17 7
2287 15 14 6
2288 10 10 4
2289 10 9 5
2290 11 10 6
2291 14 13 7
2292 13 12 6
2293 6 6 6
2294 23 23 7
2295 17 16 4
2296 22 21 7
2297 9 8 4
2298 14 13 7
2299 7 6 5
2300 7 6 5
2301 11 10 6
2302 8 8 4
2303 18 17 9
2304 15 14 8
2305 16 16 4
2306 20 19 7
2307 21 20 10
2308 20 19 7
2309 21 21 5
2310 17 17 9
2311 11 10 6
2312 10 10 6
2313 14 14 4
2314 20 19 7
2315 13 12 6
2316 12 11 7
2317 9 8 4
2318 14 13 7
2319 15 14 6
2320 18 17 7
2321 17 16 8
2322 8 7 6
2323 18 18 6
2324 16 16 4
2325 8 7 6
2326 10 10 4
2327 6 5 4
2328 10 9 5
2329 11 10 6
2330 10 9 5
2331 11 11 5
2332 17 16 6
2333 18 18 8
2334 6 6 6
2335 11 10 6
2336 26 26 12
2337 12 12 4
2338 14 13 7
2339 11 11 5
2340 9 9 5
2341 13 13 7
2342 9 8 4
2343 14 13 5
2344 11 11 5
2345 17 16 8
2346 10 9 5
2347 7 6 5
2348 13 13 5
2349 15 15 7
2350 13 13 5
2351 13 13 5
2352 9 8 4
2353 10 9 5
2354 13 12 6
2355 10 10 6
2356 6 5 4
2357 14 13 5
2358 7 7 7
2359 12 12 6
2360 14 14 6
2361 16 16 6
2362 10 9 5
2363 7 6 5
2364 15 14 6
2365 10 10 6
2366 6 6 6
2367 11 10 4
2368 6 5 4
2369 16 15 7
2370 19 18 8
2371 14 14 6
2372 12 11 5
2373 13 13 5
2374 5 5 5
2375 6 5 4
2376 10 9 5
2377 15 15 7
2378 9 8 4
2379 10 9 5
2380 13 12 6
2381 12 12 8
2382 12 12 4
2383 12 11 5
2384 9 8 4
2385 14 13 5
2386 15 14 6
2387 10 9 5
2388 13 13 5
2389 7 6 5
2390 9 9 5
2391 11 10 4
2392 14 13 5
2393 17 17 7
2394 11 11 5
2395 13 13 5
2396 15 15 9
2397 7 6 5
2398 11 10 4
2399 12 11 5
2400 15 15 5
2401 9 9 5
2402 17 16 4
2403 16 15 5
2404 13 13 5
2405 17 16 8
2406 10 10 6
2407 10 10 4
2408 14 13 5
2409 15 14 6
2410 12 11 5
2411 17 17 7
2412 13 12 6
2413 22 22 8
2414 16 16 6
2415 12 11 5
2416 9 9 5
2417 11 11 5
2418 13 12 4
2419 24 23 7
2420 21 20 4
2421 14 13 5
2422 15 14 4
2423 32 31 7
2424 39 38 8
2425 32 31 7
2426 25 25 7
2427 27 26 8
2428 14 14 6
2429 24 23 9
2430 33 32 6
2431 16 16 6
2432 16 16 6
2433 18 17 7
2434 17 17 5
2435 33 33 7
2436 25 25 7
2437 37 36 6
2438 26 25 7
2439 33 33 15
2440 39 39 11
2441 35 35 7
2442 23 23 7
2443 25 25 7
2444 31 30 10
2445 38 37 9
2446 29 28 10
2447 28 28 8
2448 24 24 8
2449 44 43 13
2450 29 28 8
2451 28 27 9
2452 59 58 12
2453 36 35 7
2454 29 29 5
2455 29 29 7
2456 47 47 9
2457 39 39 11
2458 19 19 5
2459 43 43 15
2460 41 41 11
2461 37 36 6
2462 42 41 13
2463 35 34 10
2464 32 31 9
2465 29 28 8
2466 28 27 9
2467 33 32 12
2468 30 29 9
2469 33 32 8
2470 42 41 13
2471 19 18 6
2472 34 33 7
2473 21 20 8
2474 22 22 8
2475 22 22 8
2476 20 20 6
2477 32 31 11
2478 19 18 8
2479 36 35 11
2480 19 18 6
2481 22 22 8
2482 18 17 7
2483 21 21 7
2484 25 25 7
2485 35 34 10
2486 24 24 8
2487 26 26 8
2488 42 41 13
2489 19 18 8
2490 20 20 8
2491 24 24 6
2492 18 17 7
2493 19 18 6
2494 24 23 7
2495 21 21 5
2496 15 14 6
2497 18 18 8
2498 30 29 9
2499 15 14 6
2500 14 14 4
2501 20 19 7
2502 27 27 11
2503 13 13 5
2504 9 8 4
2505 10 9 5
2506 13 13 7
2507 19 19 7
2508 19 19 5
2509 21 21 5
2510 25 25 7
2511 25 25 9
2512 19 18 6
2513 16 15 5
2514 21 21 7
2515 17 17 7
2516 17 16 6
2517 20 19 7
2518 21 21 5
2519 13 13 5
2520 15 15 5
2521 15 14 8
2522 22 21 7
2523 9 8 4
2524 18 17 7
2525 11 11 5
2526 27 27 11
2527 13 12 6
2528 14 14 6
2529 26 25 7
2530 13 12 4
2531 22 21 5
2532 17 17 7
2533 13 12 6
2534 10 10 4
2535 18 17 5
2536 13 12 6
2537 22 21 7
2538 15 14 6
2539 16 15 7
2540 21 20 10
2541 16 16 6
2542 16 16 6
2543 26 26 6
2544 18 17 5
2545 13 13 5
2546 9 9 5
2547 13 13 5
2548 19 18 6
2549 16 16 4
2550 16 15 7
2551 21 20 6
2552 12 11 5
2553 25 25 9
2554 11 10 4
2555 22 21 7
2556 23 22 6
2557 22 21 5
2558 21 21 7
2559 21 21 7
2560 19 19 7
2561 23 23 7
2562 21 20 6
2563 32 32 10
2564 28 28 8
2565 16 16 4
2566 14 13 7
2567 13 12 4
2568 16 15 5
2569 35 35 11
2570 23 22 6
2571 20 20 6
2572 16 15 5
2573 21 21 9
2574 25 24 6
2575 26 26 6
2576 12 12 6
2577 34 33 7
2578 19 19 7
2579 31 30 8
2580 28 27 9
2581 17 16 4
2582 18 17 5
2583 21 21 7
2584 21 20 8
2585 22 22 6
2586 18 18 6
2587 20 20 6
2588 24 24 8
2589 20 20 6
2590 22 21 7
2591 19 18 8
2592 16 16 6
2593 22 22 6
2594 12 11 5
2595 23 23 7
2596 17 17 7
2597 19 18 6
2598 22 21 7
2599 19 19 5
2600 21 21 5
2601 15 15 5
2602 15 15 7
2603 23 22 8
2604 10 9 5
2605 13 12 4
2606 14 13 7
2607 13 12 4
2608 20 19 7
2609 13 12 6
2610 26 26 8
2611 20 19 5
2612 15 15 7
2613 11 11 5
2614 13 12 4
2615 18 17 7
2616 17 16 6
2617 10 10 6
2618 22 22 8
2619 24 23 7
2620 15 15 5
2621 21 21 9
2622 15 15 5
2623 13 12 4
2624 14 13 5
2625 11 11 5
2626 13 12 4
2627 12 11 5
2628 7 6 5
2629 25 24 8
2630 18 18 8
2631 16 16 4
2632 12 11 5
2633 17 16 6
2634 18 17 7
2635 23 22 4
2636 14 13 7
2637 13 13 5
2638 9 9 5
2639 21 20 6
2640 12 11 7
2641 15 14 6
2642 14 13 5
2643 17 16 8
2644 18 17 5
2645 11 11 5
2646 11 10 4
2647 10 9 5
2648 23 23 7
2649 11 10 4
2650 18 17 7
2651 11 10 6
2652 20 20 6
2653 12 12 4
2654 18 17 9
2655 15 14 8
2656 20 20 8
2657 12 12 4
2658 10 9 5
2659 15 14 6
2660 14 13 7
2661 29 28 10
2662 10 9 5
2663 9 8 4
2664 14 13 7
2665 13 12 6
2666 12 12 6
2667 10 10 4
2668 18 17 7
2669 17 17 7
2670 13 12 4
2671 14 13 5
2672 5 5 5
2673 8 7 6
2674 14 14 6
2675 6 5 4
2676 18 17 9
2677 13 12 4
2678 16 15 9
2679 13 12 6
2680 24 23 5
2681 19 19 7
2682 19 18 6
2683 20 19 9
2684 5 5 5
2685 16 15 5
2686 7 6 5
2687 19 18 4
2688 14 13 5
2689 19 19 9
2690 9 8 4
2691 12 11 7
2692 19 18 6
2693 14 14 6
2694 12 12 6
2695 14 14 6
2696 22 22 6
2697 24 23 9
2698 17 16 8
2699 12 11 5
2700 23 22 8
2701 20 20 8
2702 20 20 6
2703 20 20 8
2704 30 30 8
2705 16 16 8
2706 28 28 8
2707 30 30 12
2708 30 30 10
2709 20 19 7
2710 27 26 6
2711 20 20 6
2712 20 20 6
2713 32 32 10
2714 30 30 10
2715 32 31 9
2716 29 28 8
2717 32 31 11
2718 33 32 10
2719 18 18 6
2720 20 20 8
2721 30 29 9
2722 19 19 5
2723 25 24 8
2724 24 23 7
2725 29 28 6
2726 24 23 7
2727 29 29 7
2728 37 37 13
2729 31 30 10
2730 34 33 9
2731 31 31 11
2732 23 23 7
2733 33 33 11
2734 47 46 12
2735 30 30 10
2736 48 48 14
2737 20 20 6
2738 32 31 9
2739 41 40 16
2740 20 20 6
2741 20 20 8
2742 18 17 5
2743 23 22 6
2744 20 19 5
2745 31 31 13
2746 31 31 11
2747 27 27 9
2748 21 21 7
2749 13 12 4
2750 30 29 13
2751 35 34 10
2752 16 16 8
2753 18 18 6
2754 20 20 8
2755 38 38 12
2756 26 26 8
2757 22 21 7
2758 27 27 7
2759 35 35 9
2760 29 28 8
2761 22 21 9
2762 21 21 9
2763 27 26 8
2764 34 34 12
2765 18 17 7
2766 43 43 15
2767 33 33 7
2768 25 25 7
2769 29 28 10
2770 38 37 9
2771 43 42 16
2772 30 29 11
2773 29 29 11
2774 27 26 6
2775 42 41 13
2776 17 17 7
2777 45 45 17
2778 21 21 7
2779 21 21 5
2780 19 19 7
2781 35 35 17
2782 33 32 14
2783 38 38 10
2784 26 26 8
2785 22 21 5
2786 17 17 5
2787 25 25 9
2788 35 35 15
2789 25 25 7
2790 17 17 7
2791 13 13 7
2792 41 41 15
2793 19 18 6
2794 30 29 7
2795 31 30 12
2796 36 36 12
2797 44 43 15
2798 27 26 12
2799 22 21 9
2800 15 14 6
2801 16 16 6
2802 16 15 7
2803 13 12 6
2804 14 14 6
2805 28 28 8
2806 38 38 10
2807 26 25 13
2808 41 40 12
2809 34 33 15
2810 13 12 6
2811 40 40 14
2812 10 10 6
2813 32 31 11
2814 23 22 10
2815 24 24 10
2816 28 28 8
2817 10 10 6
2818 24 24 10
2819 18 17 7
2820 29 28 6
2821 14 13 5
2822 29 29 9
2823 11 10 6
2824 18 18 6
2825 20 19 7
2826 15 14 4
2827 18 17 5
2828 9 9 5
2829 9 8 4
2830 14 13 7
2831 19 18 8
2832 10 10 4
2833 12 11 5
2834 11 11 5
2835 13 12 4
2836 18 17 7
2837 9 8 4
2838 12 11 5
2839 15 15 5
2840 17 16 8
2841 18 18 6
2842 36 35 11
2843 17 16 4
2844 20 19 5
2845 19 18 10
2846 24 24 8
2847 14 13 5
2848 21 20 8
2849 10 10 4
2850 12 11 5
2851 11 11 5
2852 23 22 8
2853 30 30 6
2854 24 23 7
2855 23 22 8
2856 14 14 6
2857 16 15 7
2858 13 12 6
2859 16 15 5
2860 11 11 5
2861 13 12 6
2862 14 13 5
2863 15 14 6
2864 12 12 6
2865 12 11 5
2866 21 20 8
2867 16 15 5
2868 5 5 5
2869 24 23 5
2870 15 14 6
2871 20 20 6
2872 16 15 5
2873 11 10 6
2874 16 15 7
2875 17 17 5
2876 15 15 7
2877 9 8 4
2878 6 5 4
2879 18 17 5
2880 25 25 7
2881 11 10 6
2882 8 8 4
2883 6 5 4
2884 12 11 7
2885 19 18 4
2886 22 21 11
2887 15 15 5
2888 15 15 5
2889 31 30 6
2890 20 20 8
2891 26 26 10
2892 10 9 5
2893 15 15 5
2894 21 21 7
2895 17 16 6
2896 8 8 4
2897 14 13 5
2898 19 18 6
2899 20 19 7
2900 15 15 7
2901 21 20 8
2902 10 10 4
2903 18 17 5
2904 15 15 7
2905 17 16 4
2906 14 13 5
2907 13 12 6
2908 12 11 5
2909 21 21 9
2910 17 16 6
2911 22 22 6
2912 18 18 6
2913 16 15 5
2914 23 23 7
2915 13 13 5
2916 25 24 6
2917 16 16 6
2918 16 16 8
2919 18 18 6
2920 10 10 6
2921 12 11 5
2922 17 16 6
2923 10 10 4
2924 16 15 5
2925 23 23 7
2926 19 18 4
2927 18 17 5
2928 19 19 7
2929 9 9 5
2930 11 11 5
2931 11 10 4
2932 22 21 7
2933 19 18 6
2934 14 14 6
2935 10 10 4
2936 18 17 5
2937 15 15 7
2938 17 16 4
2939 18 17 7
2940 9 9 5
2941 13 13 5
2942 11 11 7
2943 15 15 5
2944 15 15 5
2945 17 17 5
2946 19 18 8
2947 14 14 6
2948 14 14 6
2949 12 12 6
2950 18 18 6
2951 34 33 9
2952 15 14 4
2953 20 19 5
2954 23 23 7
2955 17 16 6
2956 16 15 5
2957 21 20 6
2958 14 13 5
2959 23 23 5
2960 23 23 7
2961 15 14 4
2962 30 29 13
2963 27 26 8
2964 16 15 9
2965 31 30 12
2966 28 27 11
2967 35 35 15
2968 23 22 10
2969 26 25 9
2970 35 34 12
2971 26 25 5
2972 27 27 7
2973 19 18 6
2974 20 19 5
2975 25 24 8
2976 20 19 7
2977 17 16 6
2978 28 28 8
2979 20 20 6
2980 18 18 6
2981 14 13 5
2982 19 19 7
2983 17 17 9
2984 13 12 4
2985 22 21 7
2986 25 24 10
2987 22 21 7
2988 17 16 6
2989 20 20 8
2990 26 26 10
2991 20 20 6
2992 16 15 5
2993 25 25 9
2994 27 26 10
2995 30 29 5
2996 27 27 7
2997 23 22 4
2998 42 41 13
2999 23 22 6
3000 34 33 11
3001 13 13 5
3002 19 19 7
3003 27 26 6
3004 26 26 6
3005 28 27 7
3006 27 26 6
3007 32 32 12
3008 20 20 6
3009 24 23 9
3010 25 24 6
3011 16 15 7
3012 17 17 5
3013 27 27 7
3014 27 27 7
3015 17 16 6
3016 28 27 9
3017 13 12 6
3018 18 18 6
3019 34 34 6
3020 14 14 6
3021 22 22 8
3022 30 30 10
3023 22 21 9
3024 31 30 16
3025 16 16 4
3026 20 19 7
3027 21 21 5
3028 27 26 8
3029 30 30 10
3030 26 26 10
3031 26 26 8
3032 26 26 10
3033 36 36 14
3034 30 29 11
3035 19 18 6
3036 28 28 10
3037 22 22 8
3038 32 32 10
3039 32 32 10
3040 26 26 6
3041 30 29 9
3042 37 36 10
3043 34 33 13
3044 31 31 7
3045 31 31 13
3046 31 31 11
3047 25 25 9
3048 27 26 10
3049 14 13 5
3050 29 29 7
3051 31 30 10
3052 18 18 6
3053 18 18 10
3054 16 16 6
3055 16 16 6
3056 18 18 6
3057 26 25 7
3058 25 24 10
3059 22 21 7
3060 25 24 10
3061 16 15 7
3062 27 26 12
3063 20 20 6
3064 22 21 7
3065 17 16 8
3066 24 24 6
3067 14 14 6
3068 22 22 12
3069 18 18 4
3070 24 23 9
3071 25 24 6
3072 12 12 6
3073 16 15 5
3074 13 13 5
3075 23 23 5
3076 23 22 8
3077 20 19 5
3078 21 21 5
3079 19 19 7
3080 19 18 6
3081 20 20 6
3082 10 10 4
3083 24 23 7
3084 17 16 6
3085 16 16 8
3086 16 15 5
3087 15 14 6
3088 16 16 4
3089 34 33 11
3090 11 10 4
3091 16 15 7
3092 15 15 5
3093 11 11 5
3094 13 12 4
3095 18 17 7
3096 11 10 4
3097 16 15 5
3098 11 11 5
3099 17 16 8
3100 30 29 9
3101 13 12 4
3102 20 19 5
3103 21 20 6
3104 26 25 9
3105 13 12 6
3106 34 33 7
3107 19 18 6
3108 28 27 7
3109 21 20 6
3110 28 28 10
3111 16 15 5
3112 23 22 6
3113 32 32 10
3114 36 36 10
3115 28 28 12
3116 26 26 8
3117 28 28 6
3118 30 29 7
3119 47 47 15
3120 25 25 7
3121 19 19 7
3122 33 32 6
3123 28 27 5
3124 25 25 7
3125 31 30 6
3126 38 37 9
3127 37 36 10
3128 40 40 8
3129 30 29 9
3130 29 28 8
3131 32 31 7
3132 31 31 9
3133 11 10 4
3134 28 27 7
3135 33 32 14
3136 24 24 8
3137 30 29 11
3138 21 21 7
3139 19 19 5
3140 23 23 9
3141 27 27 11
3142 11 11 5
3143 23 23 11
3144 17 17 5
3145 17 16 6
3146 14 14 6
3147 18 17 7
3148 15 15 5
3149 15 14 8
3150 14 14 6
3151 14 14 6
3152 16 15 7
3153 13 12 6
3154 10 10 6
3155 10 10 6
3156 12 12 6
3157 16 16 8
3158 12 12 4
3159 12 11 5
3160 23 22 8
3161 16 15 7
3162 11 10 4
3163 14 13 5
3164 9 9 5
3165 11 10 6
3166 18 17 7
3167 23 23 9
3168 15 14 4
3169 12 11 5
3170 13 12 6
3171 8 8 4
3172 14 13 9
3173 17 17 9
3174 25 24 6
3175 22 21 7
3176 21 21 7
3177 9 8 4
3178 10 9 5
3179 13 12 6
3180 10 10 6
3181 14 14 4
3182 12 11 5
3183 15 15 9
3184 9 8 4
3185 10 9 5
3186 7 7 7
3187 14 14 6
3188 16 16 8
3189 16 16 8
3190 12 12 6
3191 20 19 9
3192 17 16 6
3193 10 10 6
3194 8 8 4
3195 20 19 9
3196 13 13 5
3197 7 6 5
3198 11 10 6
3199 10 10 6
3200 10 10 4
3201 12 11 5
3202 19 19 9
3203 15 14 6
3204 24 23 7
3205 15 15 7
3206 15 14 6
3207 6 5 4
3208 16 15 7
3209 13 12 6
3210 10 9 5
3211 13 12 6
3212 12 12 6
3213 6 5 4
3214 22 21 7
3215 29 29 11
3216 21 20 6
3217 24 23 9
3218 15 15 9
3219 15 14 4
3220 22 21 7
3221 15 14 4
3222 16 15 7
3223 9 9 5
3224 21 20 6
3225 6 5 4
3226 12 11 5
3227 9 8 4
3228 16 15 7
3229 21 21 7
3230 11 10 4
3231 12 11 5
3232 7 6 5
3233 11 11 5
3234 19 19 7
3235 19 18 6
3236 26 25 9
3237 19 18 8
3238 18 18 6
3239 14 14 6
3240 18 17 9
3241 15 14 6
3242 14 13 5
3243 13 12 6
3244 16 15 7
3245 13 12 4
3246 12 11 5
3247 17 17 7
3248 9 9 5
3249 11 10 4
3250 16 15 9
3251 19 19 7
3252 19 18 8
3253 16 16 4
3254 16 15 5
3255 17 17 7
3256 15 14 6
3257 8 8 4
3258 8 7 6
3259 10 10 6
3260 16 16 6
3261 18 18 8
3262 10 10 6
3263 18 18 6
3264 12 12 6
3265 20 20 8
3266 22 21 9
3267 5 5 5
3268 12 11 7
3269 13 12 6
3270 12 12 6
3271 10 9 5
3272 15 14 6
3273 16 15 7
3274 15 14 6
3275 22 22 6
3276 16 15 7
3277 23 23 9
3278 15 14 6
3279 24 24 10
3280 22 22 4
3281 28 27 9
3282 31 30 8
3283 20 19 5
3284 29 28 10
3285 18 18 4
3286 20 19 7
3287 15 14 6
3288 18 17 5
3289 19 19 7
3290 13 13 5
3291 17 17 7
3292 35 34 10
3293 16 16 6
3294 14 13 5
3295 15 14 6
3296 8 8 4
3297 24 23 7
3298 15 14 6
3299 26 26 4
3300 20 19 9
3301 19 19 5
3302 19 19 5
3303 21 20 6
3304 26 25 9
3305 17 16 6
3306 16 15 5
3307 23 23 7
3308 23 22 6
3309 22 22 6
3310 28 27 9
3311 17 16 6
3312 16 15 5
3313 31 30 8
3314 16 15 7
3315 21 21 9
3316 23 22 8
3317 20 19 7
3318 13 12 6
3319 10 10 4
3320 16 15 5
3321 21 21 7
3322 11 10 6
3323 16 16 6
3324 10 10 4
3325 16 15 5
3326 17 17 5
3327 11 11 5
3328 25 24 8
3329 14 14 6
3330 18 18 8
3331 14 13 5
3332 19 18 6
3333 16 15 5
3334 11 11 5
3335 25 24 8
3336 16 15 7
3337 17 16 6
3338 22 22 8
3339 16 16 6
3340 6 6 6
3341 11 10 6
3342 14 14 6
3343 10 9 5
3344 23 22 8
3345 18 17 7
3346 21 20 6
3347 14 13 7
3348 11 11 5
3349 15 14 6
3350 6 6 6
3351 19 18 8
3352 14 14 8
3353 22 22 8
3354 10 10 4
3355 12 11 7
3356 17 16 6
3357 20 20 8
3358 14 13 7
3359 15 14 6
3360 24 23 7
3361 13 12 6
3362 20 20 8
3363 16 15 5
3364 19 18 8
3365 16 16 6
3366 16 16 8
3367 16 16 6
3368 18 17 9
3369 13 12 6
3370 20 19 7
3371 13 13 5
3372 27 27 7
3373 13 13 5
3374 17 17 7
3375 23 22 8
3376 16 16 4
3377 14 13 5
3378 13 12 6
3379 26 25 9
3380 15 15 5
3381 19 19 7
3382 15 14 4
3383 16 15 5
3384 15 15 7
3385 7 6 5
3386 17 16 6
3387 18 17 9
3388 11 10 6
3389 18 18 6
3390 16 15 5
3391 13 13 5
3392 19 19 7
3393 13 12 6
3394 8 8 4
3395 10 9 5
3396 11 10 4
3397 16 15 7
3398 17 17 7
3399 13 12 6
3400 14 13 5
3401 17 16 6
3402 20 19 7
3403 15 15 5
3404 25 25 7
3405 11 10 6
3406 12 12 4
3407 12 11 5
3408 13 13 5
3409 13 13 5
3410 27 26 8
3411 10 9 5
3412 13 12 6
3413 10 10 4
3414 12 11 5
3415 9 9 5
3416 15 14 6
3417 14 14 6
3418 16 16 6
3419 14 14 6
3420 10 9 5
3421 13 13 5
3422 25 24 8
3423 14 14 6
3424 20 19 7
3425 11 10 4
3426 16 15 5
3427 19 18 6
3428 14 14 4
3429 18 17 5
3430 17 17 5
3431 9 8 4
3432 12 11 5
3433 31 30 6
3434 12 11 5
3435 11 10 4
3436 20 19 7
3437 15 15 5
3438 11 11 5
3439 11 11 7
3440 17 16 6
3441 14 14 4
3442 16 15 5
3443 21 21 9
3444 15 14 6
3445 18 17 5
3446 17 17 5
3447 15 15 7
3448 13 12 6
3449 10 10 4
3450 22 21 9
3451 13 12 6
3452 14 14 6
3453 12 12 4
3454 18 17 7
3455 13 12 4
3456 10 9 5
3457 13 12 4
3458 18 17 7
3459 11 10 6
3460 10 9 5
3461 11 10 4
3462 6 5 4
3463 12 11 5
3464 19 18 6
3465 14 13 5
3466 5 5 5
3467 20 19 5
3468 5 5 5
3469 24 23 7
3470 21 20 8
3471 6 6 6
3472 11 10 4
3473 12 11 5
3474 15 14 6
3475 12 12 6
3476 14 14 4
3477 18 17 5
3478 11 10 4
3479 12 11 5
3480 11 11 7
3481 23 22 6
3482 30 29 7
3483 19 18 4
3484 24 23 9
3485 15 14 6
3486 16 16 8
3487 20 20 6
3488 14 14 6
3489 18 17 5
3490 15 15 7
3491 17 17 5
3492 25 25 5
3493 11 11 7
3494 13 12 6
3495 14 14 4
3496 10 9 5
3497 11 11 5
3498 17 16 6
3499 26 26 6
3500 38 37 7
3501 11 11 5
3502 15 14 6
3503 26 26 8
3504 18 18 4
3505 22 21 7
3506 19 18 6
3507 12 12 4
3508 20 19 5
3509 19 18 6
3510 22 22 8
3511 14 13 5
3512 13 13 5
3513 7 6 5
3514 17 16 6
3515 20 20 6
3516 24 24 8
3517 28 27 9
3518 21 21 7
3519 13 12 4
3520 16 15 5
3521 11 11 5
3522 25 24 8
3523 24 24 6
3524 28 28 8
3525 26 26 10
3526 30 30 8
3527 28 28 8
3528 16 15 5
3529 15 15 5
3530 17 17 7
3531 31 31 9
3532 49 48 8
3533 22 22 6
3534 24 23 9
3535 25 25 9
3536 19 18 6
3537 12 12 6
3538 24 24 8
3539 18 18 6
3540 22 22 6
3541 20 20 8
3542 26 26 6
3543 32 31 9
3544 27 27 7
3545 25 25 7
3546 13 13 5
3547 25 25 9
3548 15 14 6
3549 20 20 6
3550 22 21 9
3551 21 20 6
3552 18 18 6
3553 36 35 7
3554 15 15 5
3555 19 18 4
3556 26 25 7
3557 27 27 9
3558 25 24 8
3559 32 32 8
3560 36 35 9
3561 35 35 9
3562 23 22 6
3563 40 40 12
3564 30 30 10
3565 42 42 10
3566 30 29 7
3567 23 22 10
3568 48 48 12
3569 58 58 18
3570 48 48 14
3571 24 24 8
3572 30 29 9
3573 37 37 13
3574 35 34 12
3575 36 36 10
3576 28 27 5
3577 27 27 7
3578 37 36 10
3579 22 22 8
3580 48 48 14
3581 38 38 10
3582 20 20 6
3583 24 24 8
3584 30 30 8
3585 24 24 6
3586 36 35 13
3587 21 21 5
3588 21 21 7
3589 23 22 6
3590 24 23 7
3591 25 25 9
3592 13 13 5
3593 25 25 5
3594 17 17 5
3595 17 17 7
3596 19 18 4
3597 30 29 11
3598 17 16 4
3599 16 15 7
3600 25 24 6
3601 24 23 9
3602 23 22 8
3603 16 15 5
3604 11 11 5
3605 13 12 6
3606 26 26 6
3607 18 18 10
3608 12 12 4
3609 22 21 7
3610 23 23 7
3611 19 18 6
3612 14 13 5
3613 15 15 5
3614 17 16 6
3615 16 16 6
3616 14 14 6
3617 12 11 7
3618 13 13 5
3619 11 11 7
3620 11 10 6
3621 20 19 7
3622 17 17 5
3623 11 11 5
3624 15 14 8
3625 14 13 5
3626 13 12 4
3627 14 13 7
3628 15 15 5
3629 11 10 4
3630 16 15 7
3631 15 15 7
3632 21 20 6
3633 14 13 5
3634 21 21 5
3635 19 19 9
3636 21 20 8
3637 16 15 5
3638 11 10 4
3639 12 11 5
3640 19 18 4
3641 10 9 5
3642 15 14 6
3643 20 19 7
3644 23 22 8
3645 12 12 6
3646 20 19 5
3647 5 5 5
3648 10 9 5
3649 19 18 6
3650 22 22 6
3651 10 10 6
3652 30 29 9
3653 27 26 8
3654 26 26 8
3655 38 38 8
3656 40 40 10
3657 36 35 11
3658 23 23 9
3659 21 20 8
3660 22 21 7
3661 27 27 9
3662 27 26 8
3663 18 18 4
3664 26 25 7
3665 11 10 4
3666 20 19 5
3667 35 35 7
3668 23 23 7
3669 17 17 7
3670 29 28 8
3671 34 34 10
3672 16 16 4
3673 14 13 5
3674 21 21 5
3675 19 18 4
3676 36 35 7
3677 21 21 7
3678 29 29 7
3679 31 31 9
3680 13 13 5
3681 27 26 10
3682 12 12 6
3683 18 18 6
3684 10 10 6
3685 22 21 7
3686 13 12 4
3687 20 19 9
3688 29 29 9
3689 25 25 11
3690 13 13 5
3691 27 26 8
3692 22 21 5
3693 23 23 7
3694 11 10 6
3695 18 18 8
3696 18 18 8
3697 26 26 8
3698 18 18 6
3699 22 21 7
3700 13 12 4
3701 24 23 7
3702 17 16 8
3703 22 22 6
3704 24 24 8
3705 14 14 6
3706 12 12 6
3707 20 19 9
3708 17 16 6
3709 30 29 11
3710 23 22 8
3711 14 13 7
3712 19 18 6
3713 20 20 6
3714 12 12 4
3715 10 9 5
3716 13 13 5
3717 13 12 6
3718 16 15 5
3719 19 19 7
3720 13 12 6
3721 20 20 8
3722 12 11 7
3723 15 15 5
3724 17 17 7
3725 19 18 6
3726 20 20 10
3727 6 5 4
3728 22 21 7
3729 27 27 7
3730 7 7 7
3731 18 18 6
3732 14 13 5
3733 23 23 7
3734 11 11 5
3735 13 12 6
3736 8 8 4
3737 14 13 7
3738 13 12 6
3739 10 10 6
3740 12 11 5
3741 15 14 6
3742 10 9 5
3743 9 9 5
3744 15 14 6
3745 16 16 6
3746 24 23 9
3747 9 8 4
3748 14 13 7
3749 13 12 6
3750 8 8 4
3751 18 17 9
3752 11 10 4
3753 10 9 5
3754 11 10 6
3755 10 9 5
3756 21 20 10
3757 12 12 6
3758 14 14 6
3759 12 12 6
3760 10 9 5
3761 23 23 13
3762 11 10 4
3763 18 17 5
3764 17 17 7
3765 15 15 7
3766 15 14 4
3767 12 11 5
3768 9 9 5
3769 17 17 7
3770 7 6 5
3771 15 14 6
3772 14 14 6
3773 6 6 6
3774 15 14 8
3775 14 13 5
3776 17 17 7
3777 17 16 6
3778 16 16 8
3779 12 11 7
3780 7 6 5
3781 9 8 4
3782 12 11 7
3783 15 14 6
3784 22 21 7
3785 9 9 5
3786 21 20 4
3787 24 23 7
3788 23 22 4
3789 12 11 5
3790 9 9 5
3791 19 18 6
3792 12 11 5
3793 19 18 6
3794 12 11 5
3795 9 8 4
3796 18 17 7
3797 23 23 7
3798 19 18 6
3799 6 6 6
3800 15 14 6
3801 10 10 4
3802 12 11 5
3803 13 13 7
3804 17 16 6
3805 14 13 7
3806 11 11 5
3807 11 11 7
3808 17 17 5
3809 21 21 9
3810 9 9 5
3811 11 11 5
3812 7 6 5
3813 15 14 6
3814 20 19 7
3815 13 13 5
3816 9 9 5
3817 13 12 4
3818 20 19 5
3819 17 16 6
3820 12 12 8
3821 10 10 4
3822 12 11 5
3823 15 15 7
3824 21 20 6
3825 26 26 8
3826 12 12 4
3827 20 19 9
3828 9 8 4
3829 6 5 4
3830 20 19 7
3831 13 13 5
3832 23 22 8
3833 22 22 8
3834 14 14 4
3835 18 17 7
3836 15 15 7
3837 19 18 6
3838 22 22 6
3839 10 9 5
3840 19 18 6
3841 14 13 5
3842 17 17 5
3843 19 19 9
3844 19 18 6
3845 20 20 6
3846 14 14 4
3847 20 19 7
3848 17 17 7
3849 11 11 5
3850 19 19 5
3851 17 17 5
3852 17 17 5
3853 21 20 8
3854 38 37 13
3855 41 40 10
3856 26 26 6
3857 30 30 10
3858 24 23 7
3859 25 24 6
3860 28 28 8
3861 24 23 7
3862 11 11 5
3863 23 22 6
3864 24 23 5
3865 25 25 7
3866 25 24 8
3867 32 32 6
3868 16 15 7
3869 31 30 6
3870 16 16 6
3871 16 16 6
3872 20 19 9
3873 23 22 6
3874 26 26 8
3875 24 23 7
3876 17 17 7
3877 17 17 7
3878 17 16 6
3879 24 24 8
3880 22 21 7
3881 21 21 5
3882 21 21 9
3883 33 32 12
3884 22 22 8
3885 30 30 6
3886 22 21 5
3887 15 15 5
3888 21 21 5
3889 25 25 9
3890 23 23 9
3891 19 18 6
3892 22 21 9
3893 17 16 8
3894 24 24 8
3895 16 16 6
3896 20 20 6
3897 20 19 7
3898 21 20 8
3899 12 11 5
3900 23 22 8
3901 12 11 5
3902 13 12 6
3903 14 14 6
3904 12 12 6
3905 18 17 5
3906 13 13 5
3907 21 20 6
3908 22 22 12
3909 22 22 6
3910 12 12 4
3911 28 27 9
3912 9 9 5
3913 7 6 5
3914 17 16 6
3915 10 10 4
3916 14 13 5
3917 9 8 4
3918 16 15 9
3919 21 20 6
3920 20 20 6
3921 8 8 4
3922 26 25 7
3923 11 10 6
3924 6 6 6
3925 31 30 10
3926 24 24 6
3927 18 18 6
3928 14 14 6
3929 18 18 8
3930 14 13 5
3931 25 25 7
3932 15 15 7
3933 19 18 6
3934 20 20 6
3935 16 15 5
3936 13 13 7
3937 19 19 9
3938 17 16 6
3939 14 14 6
3940 26 26 10
3941 20 20 8
3942 18 18 8
3943 16 16 6
3944 14 13 5
3945 11 10 4
3946 18 17 5
3947 17 16 6
3948 14 13 5
3949 11 11 5
3950 15 15 7
3951 13 12 6
3952 16 16 6
3953 14 14 4
3954 16 15 7
3955 15 15 7
3956 13 12 4
3957 14 13 7
3958 21 20 6
3959 12 11 5
3960 15 15 5
3961 15 15 7
3962 9 9 5
3963 21 21 11
3964 21 20 6
3965 24 23 9
3966 23 22 8
3967 18 18 6
3968 24 24 8
3969 28 27 9
3970 15 14 6
3971 18 17 7
3972 17 16 6
3973 16 16 8
3974 12 12 6
3975 18 18 8
3976 26 26 6
3977 14 13 7
3978 17 16 6
3979 12 12 6
3980 20 20 8
3981 10 9 5
3982 9 9 5
3983 7 6 5
3984 13 12 8
3985 12 12 6
3986 8 8 4
3987 14 13 7
3988 23 22 6
3989 18 17 7
3990 27 27 9
3991 15 15 7
3992 13 12 6
3993 16 16 4
3994 30 29 7
3995 23 22 8
3996 16 15 5
3997 21 21 5
3998 13 13 5
3999 21 21 7
4000 9 9 5
4001 7 6 5
4002 15 14 6
4003 10 9 5
4004 15 15 7
4005 11 10 4
4006 8 7 6
4007 20 20 8
4008 14 13 5
4009 9 9 5
4010 11 11 5
4011 19 18 8
4012 6 6 6
4013 11 11 5
4014 15 15 7
4015 5 5 5
4016 10 9 5
4017 19 18 8
4018 12 11 5
4019 15 15 7
4020 13 13 5
4021 23 23 11
4022 13 12 4
4023 10 9 5
4024 5 5 5
4025 12 11 5
4026 7 6 5
4027 21 21 9
4028 11 10 6
4029 8 8 4
4030 16 15 5
4031 11 10 4
4032 12 11 7
4033 15 15 7
4034 13 13 7
4035 9 8 4
4036 16 15 7
4037 25 24 8
4038 16 16 6
4039 14 14 6
4040 6 5 4
4041 10 9 5
4042 17 17 9
4043 11 10 6
4044 10 10 4
4045 16 15 5
4046 11 10 4
4047 20 19 9
4048 13 12 6
4049 14 13 5
4050 11 11 5
4051 9 9 5
4052 11 10 4
4053 16 15 7
4054 17 16 6
4055 10 9 5
4056 13 12 6
4057 10 10 6
4058 12 11 5
4059 11 11 5
4060 13 12 6
4061 16 15 7
4062 7 6 5
4063 7 6 5
4064 19 18 6
4065 14 13 7
4066 11 10 6
4067 8 8 4
4068 10 9 5
4069 11 11 5
4070 13 13 7
4071 11 11 5
4072 11 11 5
4073 17 17 7
4074 13 12 6
4075 14 14 6
4076 12 12 4
4077 16 15 5
4078 15 15 5
4079 19 19 5
4080 17 17 5
4081 11 10 4
4082 22 21 7
4083 13 13 5
4084 17 17 5
4085 23 22 6
4086 24 23 5
4087 39 38 8
4088 44 43 9
4089 25 24 8
4090 36 36 8
4091 14 13 5
4092 17 17 5
4093 27 26 6
4094 12 11 5
4095 15 15 5
4096 19 18 8
4097 22 22 6
4098 28 28 8
4099 28 28 8
4100 24 24 8
4101 24 23 5
4102 27 27 7
4103 27 26 10
4104 28 28 6
4105 38 37 13
4106 43 43 11
4107 29 28 8
4108 44 43 11
4109 25 24 8
4110 18 18 6
4111 28 28 8
4112 34 33 9
4113 21 20 6
4114 26 26 8
4115 18 17 7
4116 23 22 6
4117 26 25 7
4118 17 17 7
4119 17 16 4
4120 24 23 7
4121 29 28 8
4122 18 18 6
4123 28 27 7
4124 23 23 5
4125 21 21 7
4126 17 16 6
4127 14 13 7
4128 17 16 6
4129 26 26 8
4130 22 22 6
4131 28 28 8
4132 18 18 4
4133 32 31 5
4134 37 37 7
4135 23 23 7
4136 37 37 7
4137 19 18 8
4138 24 23 7
4139 31 31 7
4140 45 45 11
4141 33 32 12
4142 14 14 4
4143 22 21 7
4144 19 18 6
4145 18 18 8
4146 38 38 12
4147 28 28 8
4148 20 20 6
4149 24 23 9
4150 45 44 12
4151 22 22 6
4152 32 31 11
4153 11 11 5
4154 15 14 6
4155 28 28 6
4156 36 35 9
4157 35 34 8
4158 26 25 7
4159 11 11 5
4160 25 25 5
4161 39 39 11
4162 15 15 5
4163 21 21 7
4164 21 21 7
4165 23 23 9
4166 25 24 6
4167 22 21 9
4168 19 18 8
4169 18 18 6
4170 26 26 10
4171 26 25 7
4172 23 22 6
4173 20 19 7
4174 19 18 8
4175 26 25 7
4176 17 17 5
4177 19 19 7
4178 27 26 6
4179 22 21 7
4180 21 21 5
4181 17 16 6
4182 34 33 7
4183 27 27 7
4184 15 15 5
4185 27 26 8
4186 30 29 7
4187 25 25 9
4188 11 10 6
4189 32 32 10
4190 36 36 8
4191 16 16 6
4192 20 20 8
4193 24 23 7
4194 25 24 8
4195 18 18 6
4196 24 23 7
4197 23 22 6
4198 22 21 5
4199 27 27 9
4200 21 21 7
4201 21 20 6
4202 32 31 9
4203 25 24 8
4204 30 30 12
4205 12 12 6
4206 20 20 6
4207 24 23 9
4208 23 22 8
4209 20 19 7
4210 37 36 12
4211 20 20 8
4212 18 17 5
4213 21 21 7
4214 17 16 6
4215 24 23 9
4216 13 13 5
4217 5 5 5
4218 14 13 5
4219 15 15 7
4220 15 14 6
4221 12 12 6
4222 22 22 4
4223 18 17 5
4224 19 19 9
4225 15 14 6
4226 18 18 6
4227 14 13 5
4228 25 24 6
4229 18 17 7
4230 23 22 8
4231 20 19 7
4232 17 16 6
4233 14 13 5
4234 9 9 5
4235 15 14 8
4236 10 9 5
4237 13 13 5
4238 15 15 5
4239 21 21 7
4240 17 16 6
4241 20 19 7
4242 11 11 5
4243 13 13 7
4244 7 6 5
4245 15 15 5
4246 11 11 7
4247 19 19 7
4248 15 14 6
4249 6 6 6
4250 13 12 4
4251 12 11 5
4252 5 5 5
4253 16 15 5
4254 17 16 6
4255 16 15 5
4256 7 6 5
4257 19 18 8
4258 14 14 6
4259 16 15 5
4260 17 16 8
4261 10 10 4
4262 16 15 5
4263 13 13 5
4264 11 11 5
4265 15 15 5
4266 9 8 4
4267 10 9 5
4268 15 15 7
4269 15 14 6
4270 12 11 5
4271 9 9 5
4272 19 19 9
4273 15 14 6
4274 8 8 4
4275 8 7 6
4276 16 16 6
4277 14 13 7
4278 15 14 6
4279 16 16 8
4280 14 14 6
4281 10 10 4
4282 14 13 7
4283 19 18 10
4284 10 9 5
4285 13 12 6
4286 14 13 5
4287 13 12 6
4288 6 6 6
4289 15 15 9
4290 15 14 6
4291 12 11 5
4292 13 12 4
4293 12 11 5
4294 21 20 6
4295 14 14 8
4296 16 16 6
4297 10 9 5
4298 15 15 5
4299 9 8 4
4300 12 11 7
4301 11 10 6
4302 12 12 6
4303 14 14 8
4304 14 13 5
4305 25 25 9
4306 9 9 5
4307 9 9 5
4308 15 15 5
4309 25 25 9
4310 13 12 6
4311 8 8 4
4312 18 17 9
4313 15 14 6
4314 12 12 6
4315 10 9 5
4316 13 12 6
4317 18 18 8
4318 6 6 6
4319 11 11 5
4320 13 13 5
4321 13 12 6
4322 18 18 8
4323 12 11 5
4324 13 12 4
4325 12 11 7
4326 13 12 4
4327 22 21 9
4328 11 10 4
4329 12 11 5
4330 11 11 5
4331 17 16 8
4332 10 9 5
4333 15 14 6
4334 14 14 6
4335 10 10 4
4336 10 9 5
4337 9 8 4
4338 10 9 5
4339 13 12 6
4340 14 13 5
4341 13 13 5
4342 11 10 4
4343 16 15 5
4344 19 18 10
4345 6 6 6
4346 13 13 5
4347 7 6 5
4348 9 8 4
4349 16 15 7
4350 11 10 4
4351 14 13 5
4352 5 5 5
4353 14 13 7
4354 9 9 5
4355 21 20 6
4356 26 25 11
4357 15 14 8
4358 10 10 4
4359 16 15 5
4360 27 27 7
4361 11 10 4
4362 20 19 5
4363 13 13 5
4364 25 25 7
4365 11 10 6
4366 20 20 6
4367 24 23 9
4368 23 22 8
4369 26 25 9
4370 17 17 7
4371 17 16 8
4372 26 25 5
4373 15 15 5
4374 27 27 9
4375 19 19 9
4376 11 10 4
4377 24 23 7
4378 29 28 6
4379 48 47 11
4380 23 22 6
4381 36 36 10
4382 24 24 6
4383 28 28 8
4384 26 26 6
4385 24 23 5
4386 39 38 12
4387 46 46 14
4388 36 36 8
4389 30 30 6
4390 52 51 19
4391 39 39 11
4392 57 56 20
4393 34 34 12
4394 28 27 9
4395 27 27 11
4396 61 60 18
4397 20 20 6
4398 18 18 6
4399 24 24 10
4400 30 30 10
4401 12 11 5
4402 25 24 6
4403 16 15 7
4404 29 29 11
4405 21 21 7
4406 33 33 13
4407 31 31 9
4408 23 23 11
4409 27 27 13
4410 19 18 8
4411 32 32 12
4412 22 21 7
4413 33 32 10
4414 24 24 8
4415 18 18 4
4416 20 19 5
4417 23 23 7
4418 29 29 11
4419 13 13 7
4420 23 22 6
4421 28 27 7
4422 15 15 5
4423 43 42 10
4424 40 39 11
4425 21 20 6
4426 26 25 7
4427 33 32 10
4428 18 18 6
4429 24 24 6
4430 40 39 11
4431 27 26 6
4432 26 25 9
4433 23 22 8
4434 18 18 6
4435 42 42 16
4436 34 34 10
4437 20 19 7
4438 19 19 7
4439 17 16 4
4440 18 17 7
4441 31 31 11
4442 31 31 11
4443 29 28 12
4444 14 14 4
4445 28 27 7
4446 15 14 6
4447 26 25 7
4448 29 29 9
4449 23 23 5
4450 23 23 9
4451 21 21 7
4452 19 19 5
4453 11 10 4
4454 34 33 11
4455 15 14 4
4456 32 31 9
4457 19 19 7
4458 17 16 8
4459 42 41 17
4460 23 22 10
4461 24 24 10
4462 26 26 6
4463 26 25 7
4464 19 19 9
4465 29 28 10
4466 30 29 11
4467 19 19 7
4468 37 36 8
4469 38 38 8
4470 22 21 7
4471 37 37 11
4472 15 15 5
4473 27 27 9
4474 31 31 11
4475 21 20 6
4476 22 22 6
4477 28 27 7
4478 31 31 9
4479 13 12 4
4480 40 39 11
4481 29 29 9
4482 33 33 11
4483 27 27 7
4484 25 25 7
4485 25 24 8
4486 24 24 8
4487 18 18 6
4488 28 28 8
4489 24 24 6
4490 22 21 9
4491 15 14 6
4492 36 36 8
4493 22 22 8
4494 30 29 9
4495 29 29 9
4496 15 15 7
4497 17 16 4
4498 20 19 7
4499 31 31 7
4500 21 21 5
4501 17 17 7
4502 29 29 9
4503 23 22 8
4504 14 13 5
4505 21 21 5
4506 15 15 5
4507 13 13 5
4508 25 24 4
4509 20 19 7
4510 17 16 6
4511 32 32 6
4512 26 25 9
4513 23 22 4
4514 14 13 5
4515 25 25 9
4516 37 36 10
4517 12 12 4
4518 16 15 5
4519 11 11 5
4520 35 34 12
4521 24 23 7
4522 25 25 9
4523 21 21 7
4524 27 27 9
4525 19 18 4
4526 16 15 5
4527 23 23 9
4528 17 16 6
4529 18 18 6
4530 20 20 10
4531 16 16 4
4532 14 13 5
4533 19 18 6
4534 28 27 9
4535 9 9 5
4536 19 18 4
4537 12 11 5
4538 9 9 5
4539 13 12 6
4540 12 12 6
4541 16 15 5
4542 11 10 4
4543 12 11 7
4544 13 12 6
4545 18 17 7
4546 15 14 6
4547 12 12 6
4548 28 28 10
4549 14 14 6
4550 22 22 8
4551 12 12 4
4552 12 11 5
4553 19 18 6
4554 20 20 8
4555 12 12 4
4556 16 15 5
4557 19 19 7
4558 13 12 6
4559 14 14 6
4560 16 15 5
4561 13 13 5
4562 15 15 7
4563 25 24 6
4564 14 14 6
4565 12 12 6
4566 22 21 7
4567 9 9 5
4568 13 12 6
4569 10 10 4
4570 16 15 7
4571 15 15 7
4572 17 16 6
4573 6 6 6
4574 11 10 6
4575 12 12 4
4576 16 15 7
4577 21 20 6
4578 8 8 8
4579 11 10 6
4580 16 16 6
4581 20 20 8
4582 6 6 6
4583 19 19 5
4584 9 9 5
4585 21 21 9
4586 11 11 5
4587 21 21 7
4588 25 24 8
4589 10 10 4
4590 22 21 7
4591 19 19 7
4592 19 18 6
4593 22 22 8
4594 26 26 6
4595 42 42 6
4596 38 37 7
4597 35 34 8
4598 18 17 5
4599 25 25 7
4600 31 30 6
4601 42 41 11
4602 37 37 7
4603 53 52 16
4604 38 37 9
4605 55 54 16
4606 38 38 8
4607 40 39 11
4608 33 32 8
4609 20 20 6
4610 44 43 11
4611 47 47 17
4612 33 32 12
4613 26 26 8
4614 28 28 8
4615 34 34 10
4616 34 33 7
4617 41 40 14
4618 28 28 8
4619 22 22 8
4620 38 38 16
4621 38 37 15
4622 19 18 6
4623 36 36 8
4624 36 35 11
4625 39 38 16
4626 14 13 5
4627 21 21 13
4628 21 20 10
4629 18 18 6
4630 32 32 10
4631 36 35 11
4632 31 31 17
4633 31 31 9
4634 43 42 10
4635 28 27 9
4636 17 16 6
4637 18 18 6
4638 14 14 6
4639 14 14 4
4640 22 21 7
4641 11 11 5
4642 29 28 10
4643 26 25 9
4644 19 19 5
4645 17 16 4
4646 10 9 5
4647 17 16 6
4648 20 19 7
4649 17 16 8
4650 20 19 5
4651 13 12 6
4652 22 22 8
4653 20 19 5
4654 17 17 5
4655 13 12 6
4656 14 13 5
4657 17 17 7
4658 11 10 4
4659 26 25 9
4660 17 16 6
4661 18 18 6
4662 18 18 6
4663 16 15 5
4664 13 13 5
4665 21 20 8
4666 18 18 8
4667 14 13 5
4668 15 14 4
4669 6 5 4
4670 16 15 9
4671 19 18 6
4672 10 10 4
4673 28 27 9
4674 13 13 5
4675 19 18 6
4676 10 10 4
4677 20 19 9
4678 19 18 4
4679 26 25 7
4680 19 19 5
4681 17 17 7
4682 19 18 6
4683 12 12 4
4684 18 17 5
4685 19 19 7
4686 9 9 5
4687 29 28 6
4688 38 37 9
4689 21 20 8
4690 38 37 9
4691 37 36 10
4692 24 24 8
4693 14 14 6
4694 30 30 8
4695 18 18 6
4696 28 28 10
4697 20 19 7
4698 19 18 6
4699 34 34 10
4700 20 19 5
4701 23 23 7
4702 37 36 10
4703 20 20 6
4704 34 34 12
4705 16 15 5
4706 23 23 5
4707 27 26 8
4708 28 28 8
4709 24 24 8
4710 50 50 12
4711 28 27 7
4712 27 27 9
4713 39 38 10
4714 20 20 6
4715 28 28 6
4716 22 22 4
4717 28 27 7
4718 19 19 5
4719 31 30 8
4720 36 35 9
4721 29 29 5
4722 25 25 7
4723 31 31 7
4724 29 28 6
4725 24 23 7
4726 37 37 9
4727 29 28 8
4728 26 25 7
4729 27 26 8
4730 20 20 6
4731 32 31 11
4732 39 38 8
4733 18 18 4
4734 30 29 9
4735 29 28 6
4736 42 41 11
4737 37 37 9
4738 29 29 9
4739 43 42 12
4740 56 56 18
4741 34 34 10
4742 44 43 15
4743 27 26 8
4744 58 57 19
4745 35 35 9
4746 31 31 7
4747 25 24 10
4748 32 31 9
4749 39 38 12
4750 30 29 9
4751 39 38 8
4752 34 33 11
4753 41 40 10
4754 24 24 6
4755 20 20 4
4756 30 29 9
4757 25 25 7
4758 25 24 8
4759 34 33 9
4760 39 38 14
4761 32 32 10
4762 32 32 10
4763 24 24 8
4764 28 28 10
4765 34 34 8
4766 24 23 5
4767 31 31 13
4768 33 32 8
4769 38 37 11
4770 17 17 5
4771 45 44 12
4772 20 19 7
4773 31 31 5
4774 41 41 9
4775 43 43 13
4776 31 31 7
4777 49 49 7
4778 37 36 8
4779 34 33 11
4780 31 30 8
4781 24 23 7
4782 27 26 6
4783 30 29 7
4784 23 23 7
4785 29 28 6
4786 34 33 13
4787 21 21 5
4788 25 25 7
4789 25 24 6
4790 34 34 12
4791 30 30 10
4792 30 30 10
4793 22 22 8
4794 42 42 12
4795 18 18 8
4796 16 16 6
4797 22 22 6
4798 20 19 9
4799 15 14 6
4800 28 27 7
4801 25 25 5
4802 11 10 4
4803 18 17 7
4804 25 24 8
4805 14 13 5
4806 19 19 5
4807 21 21 5
4808 15 15 7
4809 19 18 6
4810 14 14 6
4811 22 21 7
4812 23 23 5
4813 19 18 6
4814 16 16 6
4815 12 12 4
4816 16 15 5
4817 27 26 8
4818 24 24 8
4819 26 25 7
4820 21 20 6
4821 22 21 9
4822 21 20 4
4823 26 25 7
4824 21 20 6
4825 24 23 9
4826 11 11 5
4827 15 15 5
4828 23 22 6
4829 16 16 8
4830 12 12 6
4831 40 39 11
4832 25 25 9
4833 27 27 7
4834 25 25 9
4835 23 23 5
4836 21 21 7
4837 17 17 5
4838 17 17 7
4839 21 21 7
4840 25 24 6
4841 18 18 6
4842 22 21 7
4843 23 22 10
4844 16 16 6
4845 18 18 4
4846 28 27 9
4847 25 24 6
4848 20 19 5
4849 19 19 7
4850 21 20 6
4851 26 26 10
4852 10 10 4
4853 12 11 5
4854 25 24 8
4855 14 13 7
4856 23 23 9
4857 17 16 6
4858 10 10 4
4859 14 13 5
4860 25 24 10
4861 12 11 5
4862 19 19 9
4863 15 15 7
4864 9 9 5
4865 13 12 6
4866 10 10 6
4867 12 12 4
4868 12 11 5
4869 23 22 6
4870 10 10 6
4871 16 16 6
4872 12 11 5
4873 11 11 5
4874 23 23 7
4875 21 21 7
4876 15 15 5
4877 19 18 6
4878 10 10 4
4879 14 13 7
4880 15 14 6
4881 20 20 8
4882 12 11 5
4883 5 5 5
4884 14 13 5
4885 15 14 8
4886 26 26 10
4887 12 11 5
4888 15 15 7
4889 9 9 5
4890 21 20 10
4891 18 18 8
4892 16 16 6
4893 16 16 8
4894 12 11 5
4895 13 12 6
4896 16 16 6
4897 12 11 5
4898 21 20 6
4899 12 12 6
4900 10 9 5
4901 15 14 6
4902 10 10 4
4903 12 11 5
4904 13 13 7
4905 11 11 5
4906 13 12 6
4907 20 20 10
4908 10 10 6
4909 12 12 6
4910 10 10 6
4911 14 14 6
4912 12 11 5
4913 19 18 6
4914 16 16 6
4915 18 18 6
4916 14 13 5
4917 11 11 5
4918 15 14 8
4919 8 8 4
4920 24 23 11
4921 13 12 6
4922 22 22 8
4923 14 13 5
4924 13 12 6
4925 10 9 5
4926 11 10 4
4927 10 9 5
4928 9 9 5
4929 11 11 5
4930 17 16 6
4931 12 12 4
4932 14 13 5
4933 9 8 4
4934 10 9 5
4935 15 14 8
4936 14 13 5
4937 11 11 5
4938 13 12 6
4939 8 8 4
4940 20 19 9
4941 15 14 6
4942 18 17 7
4943 15 14 6
4944 12 12 4
4945 14 13 7
4946 11 10 6
4947 14 13 7
4948 7 6 5
4949 17 16 8
4950 16 16 6
4951 14 13 5
4952 13 13 5
4953 31 30 10
4954 12 11 5
4955 13 12 6
4956 14 13 5
4957 15 15 7
4958 11 10 6
4959 14 13 5
4960 15 14 4
4961 12 11 5
4962 9 9 5
4963 7 6 5
4964 19 18 6
4965 14 14 6
4966 6 5 4
4967 14 13 7
4968 11 10 6
4969 20 20 8
4970 14 14 4
4971 10 9 5
4972 13 12 6
4973 14 13 5
4974 21 20 10
4975 14 14 6
4976 14 14 6
4977 6 5 4
4978 18 17 5
4979 15 15 7
4980 21 20 6
4981 36 36 8
4982 22 21 5
4983 17 16 6
4984 28 28 6
4985 18 17 7
4986 17 17 5
4987 17 17 7
4988 17 16 6
4989 18 17 7
4990 17 17 5
4991 35 35 9
4992 19 18 4
4993 24 23 5
4994 23 23 5
4995 13 13 5
4996 19 18 6
4997 20 19 7
4998 31 30 10
4999 14 13 5
