0 22 21 5
1 11 11 5
2 13 12 4
3 28 27 7
4 15 15 5
5 21 20 8
6 18 18 4
7 14 13 5
8 19 18 4
9 22 21 7
10 13 13 5
11 13 12 6
12 6 6 6
13 9 8 4
14 14 13 5
15 15 15 7
16 13 13 5
17 25 24 8
18 12 12 6
19 14 14 6
20 16 16 6
21 12 12 6
22 16 16 6
23 14 13 5
24 9 8 4
25 12 11 5
26 15 14 6
27 8 8 4
28 10 9 5
29 17 17 7
30 15 14 6
31 12 12 4
32 10 9 5
33 9 8 4
34 14 13 7
35 11 10 4
36 14 13 5
37 5 5 5
38 22 21 7
39 17 16 6
40 12 11 5
41 15 15 7
42 15 14 6
43 8 8 4
44 12 11 5
45 11 11 5
46 13 12 4
47 12 11 5
48 27 27 9
49 11 10 4
50 18 17 5
51 23 22 6
52 6 6 6
53 15 15 7
54 7 6 5
55 11 10 6
56 14 14 6
57 16 16 4
58 26 25 5
59 17 16 4
60 24 23 7
61 15 14 4
62 16 15 5
63 35 34 6
64 30 30 6
65 36 35 5
66 25 25 7
67 15 14 4
68 14 13 5
69 21 21 5
70 17 17 5
71 21 20 6
72 26 26 6
73 20 20 4
74 12 11 5
75 19 18 4
76 18 17 7
77 25 24 6
78 22 22 4
79 18 17 7
80 19 19 5
81 11 11 5
82 31 30 8
83 22 22 4
84 24 23 7
85 23 23 5
86 39 39 5
87 35 35 7
88 15 15 5
89 19 18 4
90 28 27 7
91 37 36 6
92 22 22 6
93 32 32 4
94 26 25 5
95 21 21 5
96 21 21 5
97 23 23 5
98 21 21 5
99 19 18 4
100 24 23 5
101 21 21 5
102 31 30 6
103 22 22 6
104 16 16 4
105 14 13 5
106 17 16 4
107 26 25 5
108 21 20 6
109 20 19 5
110 17 17 5
111 27 26 6
112 18 18 4
113 22 21 7
114 35 34 10
115 18 18 4
116 22 21 5
117 31 31 7
118 25 24 8
119 28 28 8
120 14 14 6
121 18 17 5
122 17 16 4
123 34 33 5
124 21 21 5
125 27 27 5
126 27 26 8
127 34 34 6
128 28 27 5
129 19 19 7
130 15 14 4
131 24 23 7
132 21 20 8
133 18 18 6
134 24 24 4
135 32 31 7
136 17 16 4
137 16 15 5
138 25 24 6
139 22 21 5
140 17 17 5
141 27 26 6
142 22 22 6
143 32 32 6
144 20 20 6
145 26 26 8
146 14 14 6
147 20 19 5
148 23 22 8
149 20 20 6
150 28 28 6
151 26 25 5
152 23 23 5
153 25 24 4
154 18 17 5
155 33 32 6
156 16 16 4
157 26 25 5
158 17 17 5
159 27 26 4
160 26 25 7
161 19 19 5
162 31 31 7
163 29 28 4
164 24 23 7
165 15 14 4
166 18 17 5
167 19 18 4
168 32 31 7
169 25 24 4
170 20 19 5
171 23 23 5
172 23 23 5
173 21 21 5
174 31 30 6
175 20 20 6
176 24 23 5
177 37 36 6
178 32 32 10
179 28 28 4
180 26 25 5
181 25 25 5
182 23 22 4
183 30 29 7
184 25 24 4
185 32 31 7
186 31 30 4
187 30 29 7
188 25 24 4
189 22 21 5
190 31 30 6
191 26 25 5
192 13 13 5
193 17 17 7
194 19 18 6
195 18 18 6
196 24 23 7
197 19 18 4
198 28 27 7
199 25 25 5
200 13 12 4
201 22 21 5
202 23 23 5
203 23 23 5
204 19 18 6
205 20 20 4
206 28 27 7
207 17 17 5
208 37 36 6
209 24 23 5
210 21 20 6
211 18 18 4
212 28 27 5
213 43 42 8
214 20 20 6
215 22 22 6
216 18 18 4
217 30 29 5
218 25 24 8
219 14 14 4
220 22 21 5
221 17 17 5
222 21 20 6
223 26 25 5
224 23 23 5
225 23 22 6
226 30 30 6
227 32 31 5
228 21 21 7
229 25 24 4
230 26 25 5
231 27 26 4
232 16 15 5
233 19 19 5
234 19 19 5
235 33 32 6
236 26 25 5
237 25 25 5
238 17 17 7
239 25 24 6
240 24 24 6
241 22 22 4
242 18 17 5
243 35 34 6
244 12 12 4
245 10 9 5
246 15 15 5
247 15 15 5
248 23 22 4
249 18 17 5
250 11 11 5
251 9 8 4
252 12 11 5
253 13 13 5
254 13 12 4
255 10 9 5
256 9 8 4
257 16 15 5
258 15 14 6
259 16 16 4
260 18 17 5
261 11 10 4
262 16 15 5
263 9 9 5
264 23 22 8
265 8 8 4
266 22 21 7
267 23 23 7
268 19 18 4
269 28 27 5
270 17 17 5
271 19 19 5
272 17 17 5
273 15 14 4
274 12 11 5
275 19 18 6
276 20 19 5
277 23 22 6
278 14 14 4
279 20 19 5
280 23 23 7
281 15 14 4
282 14 13 5
283 39 39 5
284 23 23 7
285 17 17 5
286 23 22 4
287 16 15 5
288 13 13 5
289 15 15 5
290 19 18 4
291 22 21 5
292 27 27 5
293 9 9 5
294 21 20 6
295 14 14 4
296 22 21 5
297 41 40 8
298 30 30 4
299 22 21 5
300 33 32 6
301 50 49 5
302 25 24 6
303 30 30 8
304 32 32 6
305 34 33 5
306 41 41 5
307 41 41 7
308 43 43 7
309 35 34 6
310 34 33 5
311 37 36 6
312 18 18 6
313 40 39 7
314 29 29 7
315 23 22 6
316 36 36 10
317 20 20 6
318 24 23 5
319 21 21 5
320 43 43 5
321 37 37 7
322 43 42 6
323 52 51 9
324 39 39 7
325 17 17 5
326 33 32 8
327 26 26 4
328 36 35 7
329 31 30 6
330 26 25 7
331 21 20 4
332 26 25 5
333 21 21 5
334 11 11 5
335 13 12 6
336 14 14 4
337 24 23 5
338 17 16 6
339 16 16 4
340 32 31 5
341 23 23 7
342 9 8 4
343 16 15 5
344 21 20 6
345 26 26 6
346 16 16 4
347 20 19 5
348 23 23 5
349 17 17 5
350 25 24 6
351 16 16 6
352 16 15 5
353 11 10 6
354 16 16 6
355 18 18 6
356 22 22 4
357 14 13 5
358 11 10 4
359 22 21 5
360 21 20 4
361 14 13 5
362 13 13 7
363 21 20 4
364 18 17 5
365 21 20 8
366 14 14 4
367 28 27 7
368 15 14 4
369 26 25 5
370 13 12 4
371 22 21 5
372 15 15 5
373 19 18 4
374 20 19 5
375 21 20 8
376 16 16 4
377 12 11 5
378 17 16 4
379 18 17 5
380 31 30 8
381 16 15 5
382 11 11 5
383 15 14 4
384 20 19 5
385 15 14 6
386 24 24 4
387 14 13 5
388 19 18 6
389 18 17 5
390 19 18 6
391 14 13 5
392 11 10 4
393 16 15 5
394 17 16 6
395 20 20 4
396 20 19 5
397 21 21 5
398 15 15 5
399 11 10 6
400 8 8 4
401 20 19 7
402 11 11 5
403 15 14 4
404 12 11 5
405 13 12 6
406 6 5 4
407 10 9 5
408 11 10 4
409 28 27 9
410 9 8 4
411 10 9 5
412 11 10 6
413 12 12 6
414 14 14 4
415 22 21 7
416 19 18 6
417 14 14 4
418 12 11 5
419 15 14 6
420 8 8 4
421 14 13 5
422 13 12 6
423 14 14 6
424 12 12 6
425 18 18 4
426 14 13 7
427 11 10 4
428 14 13 5
429 15 15 5
430 17 17 7
431 11 10 4
432 24 23 7
433 35 34 10
434 22 22 4
435 26 25 5
436 15 14 4
437 10 9 5
438 15 14 6
439 16 15 5
440 15 14 4
441 14 13 5
442 21 21 5
443 23 23 7
444 17 17 5
445 11 10 4
446 10 9 5
447 19 18 6
448 10 10 4
449 10 9 5
450 17 17 5
451 11 11 5
452 17 16 4
453 10 9 5
454 15 15 5
455 19 19 7
456 19 18 6
457 12 12 4
458 18 17 7
459 17 17 5
460 13 12 4
461 10 9 5
462 9 8 4
463 18 17 5
464 9 9 5
465 13 13 5
466 13 12 6
467 14 14 6
468 8 8 4
469 6 5 4
470 10 9 5
471 15 15 7
472 9 8 4
473 16 15 5
474 19 18 4
475 30 29 7
476 13 12 4
477 12 11 5
478 7 7 7
479 12 12 4
480 18 17 5
481 9 9 5
482 9 8 4
483 10 9 5
484 7 7 7
485 8 8 4
486 12 11 5
487 15 15 5
488 15 15 5
489 17 16 6
490 10 9 5
491 11 11 5
492 13 13 5
493 13 13 5
494 11 10 6
495 18 18 4
496 10 9 5
497 9 9 5
498 17 16 6
499 10 9 5
500 11 11 5
501 13 12 4
502 16 15 5
503 9 9 5
504 13 12 4
505 18 17 5
506 9 8 4
507 18 17 7
508 9 8 4
509 16 15 5
510 13 13 5
511 17 17 7
512 13 12 4
513 18 17 5
514 13 12 6
515 12 12 4
516 16 15 7
517 15 15 5
518 21 20 6
519 16 15 5
520 9 8 4
521 10 9 5
522 17 16 6
523 10 10 4
524 12 11 5
525 11 10 4
526 12 11 5
527 13 13 5
528 13 12 6
529 6 6 6
530 11 10 4
531 12 11 7
532 13 12 4
533 20 19 7
534 9 8 4
535 10 9 5
536 9 8 4
537 16 15 7
538 19 18 4
539 34 33 7
540 21 21 5
541 15 15 5
542 17 17 5
543 9 8 4
544 10 9 5
545 13 12 6
546 6 6 6
547 19 18 6
548 16 16 4
549 26 25 7
550 23 22 6
551 22 21 5
552 21 20 6
553 12 12 4
554 12 11 5
555 11 10 4
556 14 13 7
557 5 5 5
558 18 17 7
559 15 14 4
560 20 19 5
561 23 23 5
562 13 13 5
563 21 20 4
564 20 19 5
565 15 14 4
566 22 21 7
567 9 8 4
568 8 7 6
569 20 20 4
570 14 13 5
571 13 12 4
572 28 27 5
573 13 13 5
574 13 13 5
575 15 14 6
576 18 18 4
577 22 21 5
578 17 17 5
579 9 8 4
580 26 25 5
581 25 24 6
582 16 16 6
583 24 23 5
584 17 17 5
585 19 19 5
586 21 20 6
587 24 23 5
588 29 29 5
589 23 23 5
590 33 33 5
591 35 35 5
592 23 22 6
593 24 23 5
594 33 32 6
595 16 16 4
596 22 21 5
597 47 47 7
598 35 35 5
599 21 21 5
600 21 20 4
601 22 21 5
602 25 25 5
603 29 28 6
604 36 36 6
605 40 40 10
606 36 36 6
607 44 43 11
608 21 21 5
609 29 28 8
610 36 36 8
611 22 22 6
612 34 34 6
613 28 28 6
614 34 33 7
615 29 28 6
616 28 27 5
617 17 16 6
618 30 30 4
619 32 31 7
620 29 28 6
621 26 25 7
622 37 37 7
623 31 31 7
624 27 27 7
625 33 33 11
626 25 24 8
627 28 28 6
628 24 23 7
629 39 38 6
630 52 52 12
631 26 26 4
632 24 23 7
633 19 19 5
634 27 26 8
635 38 37 9
636 23 22 8
637 28 27 7
638 31 31 7
639 31 30 6
640 32 32 10
641 22 22 6
642 22 22 8
643 28 28 6
644 30 29 9
645 29 28 10
646 32 31 11
647 39 39 7
648 29 28 4
649 26 25 7
650 21 20 4
651 38 37 9
652 25 24 8
653 22 22 6
654 44 43 11
655 23 22 6
656 22 22 6
657 22 21 5
658 37 36 8
659 38 37 9
660 19 19 5
661 35 35 7
662 37 37 9
663 41 40 8
664 36 35 7
665 35 35 9
666 33 32 8
667 22 22 4
668 36 35 7
669 43 43 7
670 33 32 10
671 12 12 4
672 18 17 5
673 35 34 4
674 28 27 9
675 39 39 11
676 29 29 5
677 41 41 7
678 25 25 7
679 31 30 6
680 28 28 4
681 18 17 5
682 27 27 7
683 27 26 4
684 24 23 5
685 27 26 6
686 32 32 6
687 16 15 5
688 33 32 8
689 28 27 7
690 17 16 4
691 26 25 5
692 15 15 5
693 23 22 6
694 32 31 7
695 27 26 6
696 22 22 6
697 30 30 6
698 18 17 5
699 19 18 4
700 28 27 7
701 17 16 6
702 14 14 6
703 16 16 6
704 30 30 6
705 20 20 6
706 10 10 4
707 14 13 5
708 19 19 5
709 17 17 5
710 17 16 6
711 20 20 6
712 20 19 7
713 19 19 5
714 17 16 4
715 22 21 5
716 23 23 7
717 25 24 6
718 12 12 4
719 10 9 5
720 15 14 4
721 16 15 5
722 17 16 4
723 10 9 5
724 9 8 4
725 16 15 5
726 11 11 5
727 19 19 5
728 17 16 4
729 22 21 5
730 15 15 5
731 21 21 5
732 13 13 5
733 15 14 4
734 12 11 5
735 17 17 5
736 15 14 4
737 18 17 7
738 21 20 6
739 16 16 4
740 24 23 5
741 19 18 4
742 14 13 5
743 23 22 6
744 18 18 4
745 20 19 5
746 15 14 6
747 12 11 5
748 21 20 6
749 12 12 4
750 28 27 7
751 15 14 4
752 14 13 5
753 25 24 4
754 16 15 5
755 15 15 5
756 29 29 9
757 13 12 4
758 12 11 5
759 15 14 4
760 20 19 5
761 19 18 6
762 10 10 4
763 20 19 5
764 13 12 6
765 14 14 6
766 8 8 4
767 10 9 5
768 17 16 8
769 12 12 4
770 12 11 5
771 17 16 6
772 24 24 6
773 18 18 6
774 24 23 5
775 21 21 7
776 19 18 4
777 20 19 7
778 15 14 6
779 10 10 6
780 10 10 4
781 14 13 5
782 11 11 5
783 11 10 4
784 14 13 5
785 27 27 5
786 17 17 7
787 11 11 5
788 17 16 6
789 28 28 6
790 8 8 4
791 14 13 5
792 17 16 6
793 14 13 5
794 17 17 7
795 31 30 4
796 14 13 5
797 27 26 6
798 30 29 5
799 35 34 6
800 26 26 4
801 14 13 5
802 9 8 4
803 12 11 5
804 11 10 4
805 18 17 5
806 17 16 4
807 24 23 5
808 15 14 4
809 24 23 5
810 23 23 5
811 11 10 4
812 12 11 5
813 13 12 4
814 16 15 7
815 19 19 5
816 15 14 4
817 28 27 7
818 11 11 5
819 17 16 4
820 20 19 7
821 11 10 4
822 18 17 5
823 27 26 4
824 18 17 7
825 11 10 4
826 26 25 5
827 19 19 5
828 17 17 5
829 13 13 7
830 23 22 6
831 6 6 6
832 11 10 4
833 18 17 5
834 13 12 4
835 12 11 5
836 15 14 6
837 10 9 5
838 15 14 6
839 20 19 7
840 13 12 4
841 14 13 5
842 15 14 6
843 16 16 4
844 24 23 7
845 17 17 5
846 21 21 5
847 15 14 4
848 20 19 7
849 21 20 6
850 22 22 6
851 24 24 6
852 8 7 6
853 24 24 6
854 10 10 6
855 10 9 5
856 17 16 4
857 20 19 5
858 19 19 5
859 9 8 4
860 16 15 5
861 11 11 5
862 19 18 8
863 10 10 4
864 12 11 5
865 13 13 5
866 11 10 6
867 8 8 4
868 26 25 5
869 11 10 4
870 20 19 5
871 21 21 7
872 13 12 4
873 10 9 5
874 17 17 5
875 11 11 5
876 9 8 4
877 14 13 5
878 17 16 6
879 22 22 8
880 8 8 4
881 16 15 5
882 15 14 8
883 16 16 6
884 12 12 4
885 16 15 5
886 15 14 4
887 16 15 5
888 11 11 5
889 7 7 7
890 18 18 6
891 10 10 6
892 14 14 6
893 14 14 6
894 12 12 6
895 12 12 4
896 16 15 7
897 19 18 6
898 18 17 5
899 17 17 7
900 13 12 4
901 20 19 5
902 25 24 6
903 14 14 6
904 10 10 4
905 12 11 5
906 13 13 7
907 9 8 4
908 10 9 5
909 15 14 4
910 12 11 5
911 17 16 6
912 12 11 5
913 11 11 7
914 7 6 5
915 13 12 4
916 12 11 5
917 11 11 5
918 13 12 6
919 12 12 4
920 22 21 7
921 19 18 6
922 10 9 5
923 11 10 4
924 10 9 5
925 11 11 5
926 7 6 5
927 11 10 6
928 10 9 5
929 17 17 5
930 17 16 6
931 24 24 6
932 12 12 6
933 16 16 4
934 16 15 7
935 19 18 6
936 18 18 4
937 16 15 7
938 9 8 4
939 14 13 5
940 19 19 5
941 9 8 4
942 12 11 5
943 11 11 5
944 13 13 5
945 11 10 4
946 30 29 7
947 21 20 4
948 20 19 5
949 19 18 4
950 18 17 7
951 17 16 4
952 6 5 4
953 12 11 5
954 11 10 4
955 10 9 5
956 19 18 6
957 12 12 4
958 14 13 7
959 11 11 5
960 13 13 5
961 21 20 8
962 12 12 4
963 18 17 7
964 13 12 4
965 16 15 5
966 19 18 4
967 18 17 9
968 17 16 6
969 16 16 6
970 12 12 4
971 16 15 7
972 17 17 5
973 11 11 5
974 13 13 5
975 11 10 4
976 10 9 5
977 13 13 5
978 27 26 6
979 22 22 4
980 10 9 5
981 25 25 5
982 19 19 5
983 11 10 4
984 28 27 7
985 19 18 4
986 20 19 5
987 17 16 4
988 14 13 5
989 21 20 6
990 24 24 4
991 34 33 5
992 27 26 6
993 18 18 6
994 24 24 6
995 34 34 6
996 32 31 5
997 29 29 9
998 53 52 12
999 24 24 6
1000 28 27 7
1001 39 39 7
1002 27 27 7
1003 27 26 4
1004 26 25 5
1005 21 21 5
1006 25 25 5
1007 25 24 4
1008 38 37 5
1009 27 27 7
1010 23 22 4
1011 26 25 5
1012 27 27 5
1013 29 28 4
1014 22 21 5
1015 37 37 9
1016 25 25 5
1017 27 27 7
1018 29 29 5
1019 35 35 5
1020 21 21 5
1021 35 35 7
1022 19 19 5
1023 29 29 7
1024 25 24 6
1025 36 35 11
1026 23 23 5
1027 23 22 6
1028 24 24 4
1029 26 25 5
1030 13 13 5
1031 13 13 5
1032 15 14 6
1033 16 16 4
1034 22 21 5
1035 23 22 6
1036 24 24 4
1037 24 23 5
1038 23 23 5
1039 31 31 7
1040 23 23 9
1041 37 37 15
1042 35 34 8
1043 26 26 6
1044 32 32 6
1045 20 20 4
1046 20 19 5
1047 11 10 4
1048 28 27 5
1049 19 19 7
1050 15 14 6
1051 20 20 6
1052 22 22 6
1053 12 12 4
1054 32 31 5
1055 37 36 6
1056 24 23 5
1057 19 18 6
1058 20 20 6
1059 24 24 6
1060 24 23 5
1061 23 23 5
1062 33 33 7
1063 21 20 4
1064 22 21 5
1065 15 15 5
1066 29 28 6
1067 30 29 5
1068 21 21 5
1069 27 27 5
1070 27 26 6
1071 26 25 7
1072 17 16 6
1073 10 10 4
1074 24 23 5
1075 17 17 5
1076 23 23 5
1077 23 22 4
1078 6 5 4
1079 22 21 5
1080 25 24 8
1081 24 24 6
1082 20 20 4
1083 18 17 5
1084 23 23 5
1085 27 27 7
1086 21 20 6
1087 16 16 4
1088 20 19 5
1089 25 24 8
1090 18 18 4
1091 16 15 7
1092 23 22 4
1093 16 15 5
1094 15 14 6
1095 18 18 6
1096 20 20 4
1097 18 17 5
1098 25 24 6
1099 20 20 6
1100 20 20 4
1101 16 15 5
1102 9 9 5
1103 15 14 4
1104 20 19 7
1105 19 18 6
1106 10 10 4
1107 12 11 5
1108 27 27 7
1109 19 18 6
1110 22 21 5
1111 21 20 6
1112 16 16 4
1113 14 13 5
1114 27 26 6
1115 22 22 4
1116 24 23 7
1117 21 20 4
1118 22 21 5
1119 13 13 5
1120 19 18 4
1121 12 11 5
1122 15 15 5
1123 13 12 6
1124 14 14 4
1125 20 19 7
1126 15 14 6
1127 14 14 4
1128 20 19 5
1129 13 12 4
1130 10 9 5
1131 21 21 5
1132 15 14 4
1133 30 29 7
1134 13 12 4
1135 14 13 5
1136 19 18 6
1137 20 20 8
1138 12 12 4
1139 24 23 5
1140 19 18 6
1141 12 11 5
1142 11 10 6
1143 22 22 6
1144 12 12 4
1145 14 13 5
1146 23 23 7
1147 27 27 5
1148 23 22 6
1149 12 12 4
1150 30 29 7
1151 15 14 4
1152 12 11 5
1153 15 14 6
1154 18 18 6
1155 16 16 6
1156 18 17 5
1157 15 15 5
1158 17 16 6
1159 14 14 4
1160 24 23 5
1161 11 11 5
1162 11 11 5
1163 25 24 6
1164 12 12 4
1165 20 19 5
1166 17 16 4
1167 16 15 5
1168 17 17 7
1169 17 16 6
1170 14 14 4
1171 16 15 5
1172 19 18 6
1173 18 18 4
1174 16 15 5
1175 13 12 6
1176 10 10 4
1177 12 11 5
1178 13 13 5
1179 15 14 6
1180 16 16 6
1181 12 12 4
1182 6 5 4
1183 6 5 4
1184 18 17 7
1185 17 16 6
1186 12 12 6
1187 14 13 5
1188 9 9 5
1189 17 17 5
1190 13 12 6
1191 6 5 4
1192 16 15 5
1193 13 13 7
1194 7 6 5
1195 13 12 4
1196 12 11 5
1197 13 13 5
1198 19 18 8
1199 10 10 4
1200 28 27 7
1201 13 13 5
1202 23 22 8
1203 8 8 4
1204 10 9 5
1205 15 14 6
1206 14 14 4
1207 12 11 5
1208 17 17 5
1209 7 6 5
1210 11 11 5
1211 13 12 6
1212 22 22 6
1213 14 13 5
1214 13 12 4
1215 12 11 5
1216 19 19 7
1217 13 12 6
1218 12 12 4
1219 10 9 5
1220 9 8 4
1221 14 13 7
1222 11 11 5
1223 13 13 5
1224 11 10 6
1225 10 10 4
1226 10 9 5
1227 19 19 7
1228 11 10 4
1229 20 19 5
1230 9 9 5
1231 13 13 5
1232 11 11 7
1233 9 8 4
1234 12 11 5
1235 7 6 5
1236 19 18 6
1237 18 17 5
1238 7 6 5
1239 9 8 4
1240 12 11 5
1241 9 8 4
1242 14 13 7
1243 13 12 6
1244 20 20 6
1245 10 10 6
1246 12 12 6
1247 14 14 6
1248 10 9 5
1249 9 9 5
1250 9 8 4
1251 12 11 7
1252 9 9 5
1253 17 16 6
1254 16 16 4
1255 14 13 5
1256 15 15 5
1257 13 13 5
1258 9 9 5
1259 13 12 4
1260 20 19 7
1261 13 12 6
1262 6 6 6
1263 9 8 4
1264 6 5 4
1265 18 17 7
1266 7 6 5
1267 17 16 8
1268 10 10 4
1269 22 21 5
1270 15 14 4
1271 16 15 7
1272 13 13 5
1273 9 8 4
1274 14 13 7
1275 9 8 4
1276 14 13 5
1277 17 17 5
1278 17 17 5
1279 13 13 7
1280 19 18 6
1281 14 14 6
1282 18 18 6
1283 6 5 4
1284 22 21 7
1285 15 14 6
1286 8 8 4
1287 12 11 5
1288 15 14 6
1289 12 12 6
1290 16 16 6
1291 10 10 4
1292 16 15 7
1293 19 18 6
1294 16 16 6
1295 12 11 5
1296 17 16 4
1297 12 11 5
1298 9 8 4
1299 12 11 5
1300 11 10 4
1301 10 9 5
1302 25 24 8
1303 8 8 4
1304 14 13 5
1305 21 20 6
1306 14 14 6
1307 8 8 4
1308 6 5 4
1309 18 17 5
1310 15 15 7
1311 13 12 4
1312 10 9 5
1313 11 11 5
1314 23 22 8
1315 18 18 4
1316 6 5 4
1317 16 15 7
1318 9 8 4
1319 12 11 5
1320 9 8 4
1321 12 11 5
1322 13 12 6
1323 30 30 4
1324 16 15 5
1325 9 9 5
1326 9 9 5
1327 19 18 8
1328 12 12 4
1329 16 15 5
1330 15 14 4
1331 16 15 5
1332 11 11 5
1333 15 14 6
1334 18 17 5
1335 19 19 5
1336 25 25 7
1337 11 11 5
1338 17 16 4
1339 12 11 5
1340 11 11 5
1341 23 22 8
1342 12 12 4
1343 10 9 5
1344 25 24 6
1345 6 5 4
1346 18 17 5
1347 17 16 6
1348 20 20 8
1349 12 11 5
1350 25 24 6
1351 14 14 4
1352 12 11 5
1353 23 22 8
1354 12 11 5
1355 21 20 6
1356 14 13 5
1357 11 10 6
1358 20 20 4
1359 40 39 7
1360 17 17 5
1361 19 18 4
1362 22 21 5
1363 25 24 6
1364 20 20 6
1365 20 20 4
1366 22 21 7
1367 17 16 4
1368 16 15 5
1369 23 22 4
1370 20 19 5
1371 19 19 5
1372 17 17 5
1373 11 10 4
1374 26 25 5
1375 23 23 7
1376 19 18 4
1377 28 27 5
1378 19 18 4
1379 14 13 5
1380 15 14 4
1381 14 13 5
1382 29 28 6
1383 14 13 7
1384 21 20 6
1385 14 13 5
1386 15 14 4
1387 20 19 5
1388 25 25 5
1389 19 18 6
1390 14 14 6
1391 20 20 4
1392 22 21 5
1393 33 32 8
1394 16 15 5
1395 11 11 5
1396 15 15 5
1397 19 18 6
1398 16 16 6
1399 18 17 5
1400 21 21 5
1401 21 20 6
1402 26 26 6
1403 12 12 4
1404 14 13 5
1405 15 15 5
1406 5 5 5
1407 20 19 5
1408 19 19 5
1409 17 17 5
1410 15 14 6
1411 16 16 6
1412 12 12 4
1413 14 13 5
1414 17 17 5
1415 21 20 6
1416 18 18 6
1417 12 12 4
1418 18 17 5
1419 15 15 5
1420 19 19 5
1421 29 28 6
1422 22 21 5
1423 17 16 4
1424 16 15 5
1425 21 20 6
1426 18 17 5
1427 11 10 6
1428 10 10 4
1429 16 15 7
1430 11 10 4
1431 12 11 5
1432 15 14 6
1433 12 12 4
1434 12 11 7
1435 9 8 4
1436 10 9 5
1437 13 13 5
1438 11 10 6
1439 16 16 4
1440 10 9 5
1441 11 10 4
1442 10 9 5
1443 11 11 5
1444 9 8 4
1445 12 11 5
1446 15 14 6
1447 12 11 5
1448 13 12 6
1449 26 26 6
1450 12 12 4
1451 16 15 7
1452 17 17 5
1453 17 16 6
1454 12 12 4
1455 10 9 5
1456 11 11 5
1457 11 10 6
1458 14 13 5
1459 11 11 5
1460 13 12 6
1461 8 8 4
1462 10 9 5
1463 11 10 6
1464 14 14 6
1465 18 17 5
1466 11 11 5
1467 11 11 5
1468 13 13 5
1469 9 8 4
1470 10 9 5
1471 33 32 6
1472 14 14 6
1473 16 16 6
1474 12 12 6
1475 8 8 4
1476 18 17 5
1477 17 16 8
1478 22 22 6
1479 10 10 4
1480 16 15 5
1481 19 19 5
1482 17 17 5
1483 11 11 5
1484 11 11 5
1485 13 12 4
1486 30 29 9
1487 15 14 6
1488 14 14 4
1489 20 19 7
1490 13 12 6
1491 24 24 6
1492 20 20 4
1493 12 11 5
1494 31 30 6
1495 14 14 6
1496 24 24 6
1497 8 8 4
1498 36 35 7
1499 25 24 4
1500 42 41 5
1501 25 24 4
1502 18 17 5
1503 17 16 6
1504 40 39 5
1505 15 15 5
1506 29 29 5
1507 17 17 5
1508 29 29 7
1509 15 14 4
1510 18 17 5
1511 21 20 4
1512 24 23 5
1513 27 27 5
1514 9 8 4
1515 18 17 5
1516 31 30 6
1517 30 30 4
1518 18 17 5
1519 23 22 6
1520 20 19 5
1521 19 18 4
1522 26 25 5
1523 21 21 5
1524 25 25 7
1525 21 20 6
1526 20 20 6
1527 20 20 4
1528 16 15 5
1529 19 18 6
1530 22 22 4
1531 18 17 5
1532 21 20 8
1533 28 28 6
1534 32 32 8
1535 22 22 8
1536 18 17 5
1537 23 23 5
1538 27 27 5
1539 23 22 4
1540 24 23 5
1541 19 18 4
1542 40 39 5
1543 39 38 6
1544 30 29 7
1545 29 29 5
1546 19 19 5
1547 15 14 4
1548 18 17 5
1549 23 23 5
1550 27 27 5
1551 17 17 5
1552 15 15 5
1553 21 20 4
1554 24 23 7
1555 19 19 5
1556 13 13 5
1557 13 12 4
1558 26 25 5
1559 21 20 4
1560 16 15 5
1561 25 25 5
1562 19 18 4
1563 18 17 7
1564 17 16 4
1565 30 29 5
1566 27 26 6
1567 24 23 7
1568 19 18 4
1569 20 19 5
1570 21 21 7
1571 25 24 8
1572 20 20 6
1573 6 6 6
1574 31 30 4
1575 20 19 5
1576 23 22 6
1577 12 12 4
1578 18 17 5
1579 17 17 5
1580 19 18 4
1581 22 21 5
1582 23 23 5
1583 25 24 6
1584 22 21 7
1585 17 16 4
1586 24 23 5
1587 29 29 5
1588 17 17 5
1589 9 9 5
1590 21 20 6
1591 26 25 5
1592 11 10 6
1593 18 18 4
1594 24 23 7
1595 15 15 5
1596 19 19 5
1597 35 34 8
1598 18 18 6
1599 12 12 4
1600 14 13 5
1601 7 6 5
1602 27 26 6
1603 16 16 6
1604 18 18 6
1605 16 16 6
1606 16 16 6
1607 18 18 6
1608 18 17 5
1609 21 21 7
1610 13 12 4
1611 14 13 5
1612 19 18 6
1613 14 14 4
1614 14 13 5
1615 15 14 6
1616 24 24 6
1617 20 20 6
1618 14 14 4
1619 14 13 5
1620 25 24 6
1621 14 14 4
1622 16 15 5
1623 11 11 5
1624 21 20 6
1625 12 11 5
1626 17 16 6
1627 12 11 5
1628 11 11 5
1629 23 23 7
1630 11 10 4
1631 24 23 7
1632 15 15 5
1633 13 13 5
1634 27 27 7
1635 17 16 6
1636 16 16 4
1637 12 11 5
1638 15 14 6
1639 12 12 4
1640 20 19 5
1641 15 15 5
1642 17 16 6
1643 30 30 8
1644 24 24 6
1645 28 28 4
1646 24 23 5
1647 15 15 5
1648 21 20 6
1649 32 32 8
1650 26 26 4
1651 24 23 5
1652 23 22 6
1653 34 34 6
1654 28 27 5
1655 21 21 5
1656 25 24 6
1657 18 18 4
1658 36 35 7
1659 33 33 5
1660 29 28 6
1661 30 30 8
1662 24 23 5
1663 23 22 6
1664 18 17 5
1665 27 26 6
1666 30 29 5
1667 23 23 5
1668 19 18 6
1669 28 27 5
1670 21 20 6
1671 14 13 5
1672 21 20 6
1673 18 17 5
1674 15 14 6
1675 12 12 4
1676 26 25 5
1677 19 18 4
1678 14 13 7
1679 17 16 6
1680 18 17 5
1681 11 11 5
1682 21 20 6
1683 14 13 5
1684 15 15 5
1685 11 10 4
1686 6 5 4
1687 22 21 7
1688 19 18 6
1689 12 11 5
1690 13 12 6
1691 14 14 6
1692 16 16 4
1693 20 19 7
1694 11 10 4
1695 14 13 5
1696 13 12 6
1697 18 18 6
1698 12 12 6
1699 16 16 6
1700 8 8 4
1701 16 15 7
1702 13 12 4
1703 16 15 5
1704 7 6 5
1705 7 6 5
1706 7 6 5
1707 13 12 6
1708 10 10 4
1709 16 15 5
1710 21 21 7
1711 21 20 8
1712 14 14 6
1713 20 20 6
1714 12 11 5
1715 11 10 4
1716 12 11 5
1717 11 10 6
1718 16 16 6
1719 10 9 5
1720 17 16 4
1721 24 23 7
1722 19 19 5
1723 17 16 6
1724 16 16 6
1725 12 12 4
1726 14 13 7
1727 23 22 6
1728 28 28 6
1729 20 20 6
1730 18 18 6
1731 18 17 5
1732 13 12 6
1733 20 20 6
1734 18 18 4
1735 14 13 5
1736 9 8 4
1737 12 11 5
1738 15 15 7
1739 13 12 6
1740 12 12 6
1741 20 20 8
1742 10 10 4
1743 12 11 5
1744 11 10 4
1745 6 5 4
1746 16 15 5
1747 17 16 6
1748 14 14 6
1749 18 18 6
1750 14 14 6
1751 12 12 4
1752 12 11 5
1753 11 11 5
1754 13 12 6
1755 16 16 6
1756 12 12 6
1757 6 6 6
1758 13 12 4
1759 16 15 7
1760 11 11 5
1761 17 17 5
1762 25 25 5
1763 21 21 7
1764 11 10 4
1765 12 11 5
1766 9 9 5
1767 13 12 6
1768 16 16 6
1769 14 14 4
1770 18 17 7
1771 17 17 5
1772 11 11 5
1773 15 14 6
1774 16 16 4
1775 16 15 5
1776 17 17 5
1777 17 16 6
1778 10 10 4
1779 22 21 5
1780 11 11 5
1781 25 24 6
1782 22 22 8
1783 16 16 6
1784 16 16 6
1785 12 11 5
1786 7 6 5
1787 13 12 6
1788 12 12 4
1789 10 9 5
1790 15 14 6
1791 10 10 6
1792 10 10 6
1793 6 5 4
1794 14 13 5
1795 15 14 6
1796 14 14 6
1797 14 14 6
1798 16 16 6
1799 12 12 6
1800 16 15 5
1801 29 29 7
1802 9 8 4
1803 16 15 5
1804 11 11 5
1805 9 8 4
1806 12 11 5
1807 11 10 4
1808 14 13 5
1809 23 23 7
1810 17 16 4
1811 18 17 7
1812 13 12 4
1813 28 27 7
1814 23 23 5
1815 23 22 4
1816 18 17 5
1817 7 6 5
1818 17 16 4
1819 14 13 5
1820 15 14 4
1821 22 21 7
1822 23 23 5
1823 21 20 4
1824 14 13 5
1825 11 10 4
1826 16 15 5
1827 11 10 4
1828 22 21 5
1829 13 13 5
1830 13 12 6
1831 10 10 4
1832 12 11 5
1833 17 16 6
1834 12 12 4
1835 22 21 5
1836 17 16 6
1837 26 25 7
1838 15 15 5
1839 13 12 4
1840 18 17 5
1841 19 18 4
1842 26 25 7
1843 27 26 6
1844 34 33 7
1845 37 36 4
1846 14 13 5
1847 21 20 6
1848 34 34 8
1849 24 24 4
1850 32 31 7
1851 31 30 6
1852 18 17 5
1853 23 22 6
1854 26 26 4
1855 32 31 7
1856 19 18 6
1857 24 23 5
1858 21 20 4
1859 32 31 5
1860 25 25 5
1861 35 34 8
1862 36 36 6
1863 28 27 7
1864 23 23 5
1865 23 23 7
1866 31 30 6
1867 32 32 6
1868 30 29 9
1869 23 22 6
1870 38 37 9
1871 31 31 7
1872 31 31 9
1873 41 40 10
1874 24 23 5
1875 47 47 11
1876 25 24 6
1877 32 32 8
1878 24 24 6
1879 26 26 4
1880 30 29 5
1881 31 31 5
1882 31 31 9
1883 43 42 10
1884 34 33 15
1885 45 44 6
1886 26 25 7
1887 55 54 16
1888 26 26 6
1889 24 24 4
1890 22 21 5
1891 33 32 4
1892 26 25 5
1893 31 30 4
1894 36 35 7
1895 19 18 6
1896 10 10 4
1897 44 43 5
1898 53 53 7
1899 21 21 5
1900 23 22 6
1901 32 31 9
1902 27 27 5
1903 31 31 7
1904 29 28 6
1905 36 36 6
1906 32 32 6
1907 24 23 5
1908 39 39 9
1909 27 26 8
1910 28 28 8
1911 38 38 8
1912 48 48 14
1913 44 44 10
1914 34 34 6
1915 32 32 6
1916 24 24 6
1917 22 21 9
1918 53 52 12
1919 28 28 6
1920 42 42 8
1921 26 26 6
1922 42 42 12
1923 34 33 9
1924 31 31 7
1925 29 28 6
1926 28 27 9
1927 43 43 13
1928 49 48 10
1929 24 24 4
1930 24 23 5
1931 21 21 7
1932 25 24 4
1933 34 33 7
1934 23 22 4
1935 30 29 5
1936 39 38 10
1937 28 28 8
1938 36 36 6
1939 42 41 7
1940 31 30 8
1941 18 17 5
1942 27 26 6
1943 22 22 6
1944 22 22 6
1945 28 27 7
1946 29 29 7
1947 33 32 6
1948 20 20 4
1949 24 23 7
1950 27 26 6
1951 26 25 5
1952 17 17 5
1953 19 19 5
1954 19 19 5
1955 19 18 4
1956 24 23 5
1957 21 20 6
1958 20 20 6
1959 28 28 6
1960 24 24 4
1961 18 17 5
1962 21 21 5
1963 25 25 5
1964 23 23 5
1965 23 23 7
1966 19 18 4
1967 20 19 5
1968 21 20 6
1969 22 22 6
1970 24 24 8
1971 18 17 5
1972 23 22 4
1973 30 29 5
1974 21 21 5
1975 23 22 4
1976 12 11 5
1977 21 20 6
1978 20 20 6
1979 30 30 6
1980 20 19 5
1981 15 15 5
1982 15 14 6
1983 12 12 4
1984 18 17 7
1985 9 9 5
1986 17 16 4
1987 20 19 5
1988 15 14 6
1989 22 21 5
1990 17 17 5
1991 13 12 4
1992 12 11 5
1993 21 21 7
1994 15 14 4
1995 22 21 5
1996 15 14 6
1997 18 17 5
1998 7 6 5
1999 21 21 7
2000 13 12 4
2001 12 11 5
2002 13 13 5
2003 17 16 6
2004 22 21 5
2005 9 9 5
2006 21 20 6
2007 16 16 4
2008 8 7 6
2009 16 16 6
2010 12 12 4
2011 20 19 5
2012 17 17 7
2013 13 12 4
2014 24 23 7
2015 27 26 6
2016 20 19 5
2017 19 18 6
2018 10 10 6
2019 16 16 6
2020 20 20 6
2021 20 19 5
2022 17 16 4
2023 14 13 5
2024 15 15 7
2025 13 12 4
2026 20 19 5
2027 13 12 4
2028 16 15 5
2029 15 14 6
2030 6 6 6
2031 7 6 5
2032 11 10 6
2033 16 15 5
2034 15 15 5
2035 19 19 7
2036 21 21 5
2037 15 14 6
2038 10 10 4
2039 16 15 7
2040 11 10 4
2041 12 11 5
2042 11 11 7
2043 17 16 6
2044 14 14 4
2045 14 13 5
2046 29 28 8
2047 10 10 4
2048 10 9 5
2049 11 10 6
2050 12 11 5
2051 11 10 4
2052 6 5 4
2053 8 7 6
2054 10 10 6
2055 14 14 6
2056 16 15 5
2057 27 26 8
2058 26 25 5
2059 25 24 8
2060 16 16 4
2061 14 13 5
2062 19 18 6
2063 18 17 5
2064 13 13 5
2065 11 10 4
2066 14 13 5
2067 15 14 6
2068 12 12 4
2069 12 11 5
2070 23 22 6
2071 24 24 8
2072 20 20 6
2073 24 24 6
2074 16 16 6
2075 8 8 4
2076 10 9 5
2077 15 14 6
2078 22 22 6
2079 12 11 5
2080 17 16 6
2081 8 8 4
2082 24 23 5
2083 29 29 9
2084 13 12 6
2085 6 6 6
2086 11 10 4
2087 14 13 5
2088 11 11 5
2089 13 12 6
2090 14 14 6
2091 10 10 4
2092 6 5 4
2093 20 19 7
2094 9 9 5
2095 11 10 6
2096 8 8 4
2097 6 5 4
2098 24 23 7
2099 19 18 4
2100 20 19 5
2101 7 6 5
2102 13 12 6
2103 16 15 5
2104 11 10 4
2105 6 5 4
2106 14 13 7
2107 15 15 5
2108 19 18 6
2109 12 12 6
2110 10 10 4
2111 10 9 5
2112 23 22 4
2113 20 19 5
2114 15 15 5
2115 11 10 4
2116 10 9 5
2117 15 14 6
2118 18 18 6
2119 18 17 7
2120 41 40 8
2121 24 24 4
2122 28 27 7
2123 19 19 5
2124 31 30 6
2125 22 21 5
2126 25 24 6
2127 22 22 6
2128 24 23 5
2129 21 20 4
2130 24 23 5
2131 19 19 5
2132 23 23 5
2133 29 28 8
2134 22 22 4
2135 30 29 5
2136 25 24 6
2137 32 31 5
2138 31 30 6
2139 46 46 6
2140 26 25 5
2141 25 25 5
2142 15 15 5
2143 19 18 4
2144 20 19 5
2145 21 20 6
2146 38 38 6
2147 28 27 5
2148 23 22 4
2149 20 19 5
2150 27 26 6
2151 22 21 5
2152 29 28 6
2153 18 18 4
2154 24 23 5
2155 19 19 5
2156 35 35 5
2157 19 18 6
2158 26 26 4
2159 18 17 5
2160 33 32 6
2161 18 17 5
2162 29 28 6
2163 22 21 5
2164 15 14 6
2165 16 16 4
2166 28 27 7
2167 21 20 4
2168 20 19 7
2169 23 22 6
2170 26 25 5
2171 27 26 6
2172 20 19 5
2173 27 26 6
2174 18 18 8
2175 28 28 8
2176 24 24 6
2177 28 27 5
2178 21 21 7
2179 29 29 7
2180 13 13 5
2181 31 30 6
2182 24 23 5
2183 25 24 6
2184 14 14 4
2185 12 11 5
2186 27 26 6
2187 18 18 4
2188 24 23 5
2189 21 21 5
2190 15 14 4
2191 20 19 7
2192 21 20 6
2193 30 30 4
2194 20 19 5
2195 31 30 6
2196 16 15 5
2197 21 20 6
2198 18 18 6
2199 14 14 4
2200 16 15 5
2201 23 23 5
2202 21 21 5
2203 7 6 5
2204 23 22 6
2205 14 14 4
2206 16 15 5
2207 19 18 4
2208 24 23 7
2209 11 11 5
2210 23 22 6
2211 14 14 4
2212 16 15 5
2213 19 18 4
2214 24 23 5
2215 13 13 5
2216 17 17 5
2217 37 36 6
2218 12 12 4
2219 20 19 5
2220 11 10 4
2221 22 21 5
2222 21 21 5
2223 19 18 6
2224 16 15 5
2225 13 13 5
2226 15 14 4
2227 22 21 7
2228 19 18 4
2229 24 23 5
2230 21 20 6
2231 10 10 4
2232 28 27 7
2233 13 12 4
2234 24 23 7
2235 13 12 4
2236 28 27 7
2237 25 24 6
2238 14 14 4
2239 10 9 5
2240 25 24 6
2241 12 11 5
2242 15 14 6
2243 20 20 6
2244 14 14 4
2245 12 11 5
2246 9 9 5
2247 19 19 7
2248 7 6 5
2249 13 12 6
2250 18 17 5
2251 11 11 5
2252 17 17 5
2253 15 14 6
2254 16 15 5
2255 13 13 5
2256 23 22 4
2257 14 13 5
2258 11 11 5
2259 17 16 6
2260 12 12 4
2261 14 13 5
2262 15 14 6
2263 16 16 6
2264 12 11 5
2265 13 12 6
2266 12 11 5
2267 13 12 6
2268 12 11 5
2269 17 16 4
2270 16 15 5
2271 5 5 5
2272 12 11 5
2273 5 5 5
2274 20 19 5
2275 9 9 5
2276 19 19 7
2277 15 14 6
2278 14 14 6
2279 14 13 5
2280 5 5 5
2281 16 15 5
2282 13 12 6
2283 8 8 4
2284 12 11 5
2285 19 19 7
2286 17 17 7
2287 15 14 6
2288 12 11 5
2289 9 8 4
2290 10 9 5
2291 13 12 6
2292 12 11 5
2293 7 6 5
2294 23 22 6
2295 16 16 4
2296 20 19 5
2297 9 9 5
2298 11 10 4
2299 6 5 4
2300 6 5 4
2301 10 9 5
2302 11 10 6
2303 14 13 5
2304 11 11 5
2305 17 17 5
2306 17 17 5
2307 19 18 8
2308 18 17 5
2309 21 20 4
2310 16 15 7
2311 11 10 6
2312 8 8 4
2313 16 15 5
2314 17 17 5
2315 11 11 5
2316 11 10 6
2317 10 10 6
2318 10 10 4
2319 16 15 7
2320 17 16 6
2321 14 14 6
2322 6 6 6
2323 19 18 6
2324 20 20 8
2325 6 6 6
2326 13 12 6
2327 6 6 6
2328 9 9 5
2329 9 8 4
2330 10 9 5
2331 11 11 5
2332 15 15 5
2333 17 17 7
2334 7 6 5
2335 11 10 6
2336 20 20 6
2337 12 12 4
2338 12 11 5
2339 11 11 5
2340 13 12 8
2341 10 10 4
2342 10 9 5
2343 13 12 4
2344 12 11 5
2345 13 13 5
2346 9 9 5
2347 7 7 7
2348 12 12 4
2349 14 13 5
2350 13 13 5
2351 13 13 5
2352 13 12 8
2353 8 8 4
2354 12 11 5
2355 13 12 8
2356 6 6 6
2357 13 12 4
2358 6 5 4
2359 12 11 5
2360 15 14 6
2361 14 14 4
2362 10 9 5
2363 7 6 5
2364 13 12 4
2365 10 9 5
2366 5 5 5
2367 14 13 7
2368 5 5 5
2369 14 13 5
2370 17 17 7
2371 15 14 6
2372 10 10 4
2373 16 15 7
2374 7 6 5
2375 5 5 5
2376 12 11 7
2377 13 12 4
2378 10 9 5
2379 9 9 5
2380 13 12 6
2381 10 10 6
2382 12 12 4
2383 12 11 5
2384 9 8 4
2385 14 13 5
2386 15 14 6
2387 8 8 4
2388 16 15 7
2389 7 6 5
2390 9 8 4
2391 14 13 7
2392 13 13 5
2393 15 15 5
2394 11 11 5
2395 13 13 5
2396 13 13 7
2397 7 6 5
2398 11 10 4
2399 12 11 5
2400 15 14 4
2401 12 11 7
2402 17 16 4
2403 16 15 5
2404 13 12 4
2405 14 13 5
2406 9 9 5
2407 13 12 6
2408 14 14 6
2409 14 14 6
2410 12 12 6
2411 16 16 6
2412 10 10 4
2413 20 19 5
2414 17 16 6
2415 12 11 5
2416 9 8 4
2417 14 13 7
2418 13 12 4
2419 22 21 5
2420 23 22 6
2421 14 13 5
2422 15 14 4
2423 30 29 5
2424 37 36 6
2425 30 29 5
2426 25 24 6
2427 24 24 6
2428 14 14 6
2429 20 19 5
2430 31 30 4
2431 16 15 5
2432 17 16 6
2433 16 15 5
2434 17 16 4
2435 34 33 7
2436 25 24 6
2437 36 36 6
2438 26 25 7
2439 23 22 4
2440 36 35 7
2441 33 33 5
2442 23 23 7
2443 25 24 6
2444 28 28 8
2445 34 34 6
2446 26 25 7
2447 25 24 4
2448 22 21 5
2449 43 42 12
2450 26 26 6
2451 26 25 7
2452 51 51 5
2453 35 34 6
2454 30 29 5
2455 27 26 4
2456 46 45 7
2457 35 34 6
2458 20 20 6
2459 34 34 6
2460 38 37 7
2461 37 36 6
2462 34 33 5
2463 31 31 7
2464 27 27 5
2465 27 27 7
2466 25 24 6
2467 26 26 6
2468 26 25 5
2469 29 28 4
2470 40 39 11
2471 17 16 4
2472 32 31 5
2473 17 17 5
2474 19 19 5
2475 19 19 5
2476 19 19 5
2477 29 28 8
2478 18 17 7
2479 31 30 6
2480 18 17 5
2481 19 19 5
2482 17 16 6
2483 20 20 6
2484 22 22 4
2485 32 31 7
2486 23 22 6
2487 24 24 6
2488 32 32 4
2489 18 17 7
2490 19 18 6
2491 24 23 5
2492 17 16 6
2493 18 17 5
2494 21 21 5
2495 23 22 6
2496 14 13 5
2497 15 14 4
2498 28 27 7
2499 15 14 6
2500 14 14 4
2501 18 17 5
2502 23 22 6
2503 14 14 6
2504 10 10 6
2505 8 8 4
2506 12 11 5
2507 17 17 5
2508 21 21 7
2509 21 20 4
2510 26 25 7
2511 23 22 6
2512 16 16 4
2513 16 15 5
2514 19 19 5
2515 15 15 5
2516 17 16 6
2517 18 17 5
2518 21 21 5
2519 13 13 5
2520 15 14 4
2521 12 11 5
2522 21 20 6
2523 10 10 6
2524 16 16 6
2525 12 11 5
2526 25 24 8
2527 12 12 6
2528 12 12 4
2529 24 23 5
2530 13 13 5
2531 21 21 5
2532 15 15 5
2533 11 10 4
2534 12 11 5
2535 19 19 7
2536 11 10 4
2537 22 21 7
2538 13 12 4
2539 14 13 5
2540 15 15 5
2541 17 16 6
2542 14 14 4
2543 28 27 7
2544 19 18 6
2545 14 14 6
2546 8 8 4
2547 14 13 5
2548 21 20 8
2549 16 16 4
2550 14 13 5
2551 19 19 5
2552 11 11 5
2553 21 21 5
2554 11 11 5
2555 19 19 5
2556 21 20 4
2557 24 23 7
2558 21 20 6
2559 18 18 4
2560 18 17 5
2561 21 20 4
2562 20 19 5
2563 29 28 6
2564 26 25 5
2565 17 16 4
2566 12 11 5
2567 13 12 4
2568 16 15 5
2569 29 29 5
2570 21 21 5
2571 21 20 6
2572 16 15 5
2573 17 16 4
2574 24 23 5
2575 25 25 5
2576 11 10 4
2577 32 31 5
2578 17 17 5
2579 29 28 6
2580 22 22 4
2581 18 17 5
2582 19 18 6
2583 20 20 6
2584 16 16 4
2585 22 21 5
2586 17 17 5
2587 19 18 4
2588 22 21 5
2589 21 21 7
2590 19 18 4
2591 16 15 5
2592 15 14 4
2593 22 21 5
2594 11 11 5
2595 21 21 5
2596 17 17 7
2597 19 18 6
2598 18 18 4
2599 20 19 5
2600 21 21 5
2601 15 15 5
2602 13 13 5
2603 19 19 5
2604 9 9 5
2605 15 14 6
2606 10 10 4
2607 14 13 5
2608 19 18 6
2609 12 12 6
2610 24 24 6
2611 20 20 6
2612 16 15 7
2613 11 10 4
2614 14 13 5
2615 15 14 4
2616 18 17 7
2617 9 8 4
2618 22 21 7
2619 21 20 4
2620 16 15 5
2621 17 16 4
2622 18 17 7
2623 13 12 4
2624 14 13 5
2625 13 12 6
2626 12 12 4
2627 12 11 5
2628 5 5 5
2629 22 21 5
2630 15 14 4
2631 18 17 5
2632 13 12 6
2633 16 16 6
2634 16 16 6
2635 24 24 6
2636 12 11 5
2637 13 13 5
2638 9 8 4
2639 22 21 7
2640 9 9 5
2641 15 14 6
2642 14 13 5
2643 13 12 4
2644 18 17 5
2645 11 11 5
2646 13 12 6
2647 8 8 4
2648 24 23 7
2649 11 10 4
2650 16 15 5
2651 9 9 5
2652 21 21 7
2653 13 12 4
2654 14 13 5
2655 13 13 7
2656 17 16 4
2657 14 13 5
2658 11 10 6
2659 14 14 6
2660 12 11 5
2661 27 26 8
2662 10 9 5
2663 9 8 4
2664 12 11 5
2665 11 10 4
2666 12 11 5
2667 13 12 6
2668 16 15 5
2669 15 15 5
2670 13 13 5
2671 15 15 7
2672 7 6 5
2673 5 5 5
2674 14 13 5
2675 7 6 5
2676 13 13 5
2677 13 13 5
2678 11 11 5
2679 11 10 4
2680 24 23 5
2681 17 17 5
2682 17 17 5
2683 17 17 7
2684 7 6 5
2685 15 15 5
2686 7 6 5
2687 19 19 5
2688 15 14 6
2689 14 14 4
2690 10 9 5
2691 9 9 5
2692 17 17 5
2693 13 13 5
2694 13 12 6
2695 14 13 5
2696 23 22 6
2697 20 19 5
2698 13 12 4
2699 12 11 5
2700 21 20 6
2701 18 17 5
2702 19 19 5
2703 17 17 5
2704 29 29 7
2705 15 14 6
2706 26 26 6
2707 26 25 7
2708 25 24 4
2709 18 17 5
2710 27 26 6
2711 20 19 5
2712 21 21 7
2713 27 27 5
2714 25 25 5
2715 27 27 5
2716 27 27 7
2717 27 27 7
2718 27 27 5
2719 19 19 7
2720 17 16 4
2721 28 27 7
2722 19 19 5
2723 21 21 5
2724 21 21 5
2725 27 27 5
2726 21 21 5
2727 29 28 6
2728 30 29 5
2729 27 27 7
2730 31 30 6
2731 26 25 5
2732 23 23 7
2733 31 31 9
2734 41 40 6
2735 28 27 7
2736 41 41 7
2737 19 19 5
2738 27 27 5
2739 33 32 8
2740 18 18 4
2741 20 19 7
2742 17 17 5
2743 21 20 4
2744 20 19 5
2745 25 24 6
2746 28 27 7
2747 25 24 6
2748 20 19 5
2749 13 13 5
2750 27 26 10
2751 34 34 10
2752 12 12 4
2753 18 17 5
2754 17 16 4
2755 34 33 7
2756 25 24 6
2757 22 22 8
2758 24 24 4
2759 32 31 5
2760 27 27 7
2761 19 18 6
2762 16 16 4
2763 24 23 5
2764 29 29 7
2765 19 18 8
2766 38 38 10
2767 32 32 6
2768 24 24 6
2769 26 26 8
2770 36 36 8
2771 36 35 9
2772 23 22 4
2773 24 23 5
2774 25 25 5
2775 33 33 5
2776 17 17 7
2777 39 38 10
2778 20 20 6
2779 20 20 4
2780 18 17 5
2781 29 28 10
2782 26 25 7
2783 37 37 9
2784 27 26 8
2785 20 20 4
2786 18 17 5
2787 25 25 9
2788 31 30 10
2789 22 22 4
2790 16 15 5
2791 11 11 5
2792 37 36 10
2793 16 16 4
2794 28 27 5
2795 23 23 5
2796 29 29 5
2797 43 42 14
2798 20 19 5
2799 17 17 5
2800 15 14 6
2801 14 14 4
2802 14 13 5
2803 11 11 5
2804 13 13 5
2805 27 26 6
2806 34 34 6
2807 18 18 6
2808 34 34 6
2809 26 25 7
2810 11 10 4
2811 34 33 7
2812 9 9 5
2813 27 26 6
2814 16 16 4
2815 20 19 5
2816 27 27 7
2817 9 8 4
2818 22 21 7
2819 15 14 4
2820 28 27 5
2821 15 14 6
2822 24 24 4
2823 10 9 5
2824 17 16 4
2825 18 17 5
2826 17 16 6
2827 16 16 4
2828 10 9 5
2829 9 8 4
2830 12 11 5
2831 15 15 5
2832 11 11 5
2833 11 10 4
2834 12 11 5
2835 13 12 4
2836 16 15 5
2837 9 9 5
2838 13 12 6
2839 16 15 5
2840 13 13 5
2841 19 18 6
2842 30 30 6
2843 20 19 7
2844 19 19 5
2845 15 14 6
2846 22 22 6
2847 12 12 4
2848 18 17 5
2849 13 12 6
2850 10 10 4
2851 12 11 5
2852 21 20 6
2853 30 30 6
2854 24 23 7
2855 21 20 6
2856 14 13 5
2857 13 12 4
2858 12 11 5
2859 17 16 6
2860 10 10 4
2861 12 11 5
2862 13 12 4
2863 14 13 5
2864 11 11 5
2865 13 13 7
2866 17 16 4
2867 18 17 7
2868 7 6 5
2869 25 24 6
2870 16 16 8
2871 18 18 4
2872 16 15 5
2873 11 10 6
2874 14 14 6
2875 16 16 4
2876 14 13 5
2877 9 9 5
2878 7 6 5
2879 19 19 7
2880 25 24 6
2881 8 8 4
2882 10 9 5
2883 7 6 5
2884 9 9 5
2885 19 19 5
2886 15 14 4
2887 16 15 5
2888 15 14 4
2889 32 31 7
2890 19 19 7
2891 21 20 4
2892 10 9 5
2893 19 18 8
2894 18 18 4
2895 16 15 5
2896 9 8 4
2897 14 13 5
2898 17 17 5
2899 17 16 4
2900 14 13 5
2901 19 18 6
2902 10 10 4
2903 18 17 5
2904 13 12 4
2905 18 17 5
2906 15 14 6
2907 12 11 5
2908 11 11 5
2909 17 17 5
2910 17 16 6
2911 22 22 6
2912 20 19 7
2913 17 16 6
2914 20 20 4
2915 14 13 5
2916 23 23 5
2917 15 15 5
2918 13 12 4
2919 18 17 5
2920 11 10 6
2921 12 12 6
2922 16 16 6
2923 10 10 4
2924 16 15 5
2925 21 20 4
2926 20 19 5
2927 17 17 5
2928 19 18 6
2929 10 10 6
2930 12 11 5
2931 11 10 4
2932 22 21 7
2933 17 16 4
2934 14 13 5
2935 11 11 5
2936 17 17 5
2937 13 12 4
2938 18 17 5
2939 17 16 6
2940 10 10 6
2941 14 14 6
2942 8 8 4
2943 16 15 5
2944 15 14 4
2945 18 17 5
2946 15 15 5
2947 13 13 5
2948 13 13 5
2949 11 11 5
2950 17 17 5
2951 33 32 8
2952 14 14 4
2953 20 19 5
2954 23 22 6
2955 14 14 4
2956 16 15 5
2957 19 19 5
2958 13 12 4
2959 24 23 5
2960 23 22 6
2961 16 15 5
2962 21 20 4
2963 24 23 5
2964 13 13 7
2965 27 26 8
2966 24 24 8
2967 30 30 10
2968 18 17 5
2969 21 21 5
2970 27 27 5
2971 29 29 9
2972 27 26 6
2973 18 18 6
2974 18 18 4
2975 22 21 5
2976 17 17 5
2977 17 16 6
2978 24 24 4
2979 20 19 5
2980 19 18 6
2981 14 13 5
2982 19 18 6
2983 12 12 4
2984 14 13 5
2985 21 20 6
2986 20 20 6
2987 22 21 7
2988 15 14 4
2989 18 17 5
2990 23 22 6
2991 20 19 5
2992 17 17 7
2993 23 22 6
2994 24 23 7
2995 31 30 6
2996 26 26 6
2997 24 24 6
2998 34 34 6
2999 24 24 8
3000 28 28 6
3001 14 13 5
3002 19 18 6
3003 26 26 6
3004 26 25 5
3005 25 25 5
3006 25 25 5
3007 27 26 6
3008 18 18 4
3009 20 19 5
3010 23 23 5
3011 13 12 4
3012 20 19 7
3013 25 25 5
3014 25 25 5
3015 15 15 5
3016 29 28 10
3017 10 10 4
3018 18 17 5
3019 33 33 5
3020 15 14 6
3021 18 18 4
3022 28 27 7
3023 17 17 5
3024 25 24 10
3025 18 17 5
3026 17 17 5
3027 23 22 6
3028 24 24 6
3029 28 27 7
3030 21 21 5
3031 27 26 8
3032 22 22 6
3033 32 32 10
3034 22 22 4
3035 20 19 7
3036 25 24 6
3037 20 20 6
3038 28 27 5
3039 27 27 5
3040 27 27 7
3041 25 24 4
3042 34 33 7
3043 29 28 8
3044 30 30 6
3045 26 25 7
3046 27 26 6
3047 24 24 8
3048 22 21 5
3049 13 13 5
3050 29 28 6
3051 30 29 9
3052 17 16 4
3053 14 13 5
3054 17 16 6
3055 16 16 6
3056 16 16 4
3057 24 23 5
3058 21 20 6
3059 20 20 6
3060 24 24 10
3061 12 12 4
3062 20 19 5
3063 19 19 5
3064 21 20 6
3065 14 14 6
3066 24 24 6
3067 14 13 5
3068 15 14 4
3069 20 19 5
3070 21 20 6
3071 24 23 5
3072 13 12 6
3073 16 16 6
3074 12 12 4
3075 24 23 5
3076 21 20 6
3077 18 18 4
3078 22 21 5
3079 17 17 5
3080 17 17 5
3081 19 19 5
3082 11 11 5
3083 21 20 4
3084 16 15 5
3085 13 12 4
3086 16 15 5
3087 13 13 5
3088 19 19 7
3089 27 27 5
3090 11 10 4
3091 14 13 5
3092 15 14 4
3093 12 11 5
3094 13 13 5
3095 17 16 6
3096 12 11 5
3097 15 15 5
3098 11 10 4
3099 14 13 5
3100 27 26 6
3101 14 13 5
3102 21 20 6
3103 18 18 4
3104 22 21 5
3105 11 11 5
3106 33 32 6
3107 18 18 6
3108 24 24 4
3109 22 21 7
3110 23 22 4
3111 18 17 7
3112 23 22 6
3113 28 27 5
3114 33 33 7
3115 23 23 7
3116 23 23 5
3117 27 27 5
3118 31 30 8
3119 40 40 8
3120 22 22 4
3121 18 17 5
3122 31 31 5
3123 27 26 4
3124 24 23 5
3125 33 32 8
3126 34 34 6
3127 32 32 6
3128 38 38 6
3129 24 24 4
3130 28 27 7
3131 29 29 5
3132 29 29 7
3133 13 12 6
3134 26 26 6
3135 26 26 8
3136 20 20 4
3137 26 25 7
3138 19 19 5
3139 19 19 5
3140 19 19 5
3141 23 22 6
3142 12 11 5
3143 17 16 4
3144 20 19 7
3145 17 16 6
3146 14 14 6
3147 16 16 6
3148 14 14 4
3149 12 11 5
3150 13 13 5
3151 17 16 8
3152 14 14 6
3153 10 10 4
3154 10 9 5
3155 11 10 6
3156 12 11 5
3157 13 13 5
3158 15 14 6
3159 12 11 5
3160 19 19 5
3161 13 13 5
3162 11 11 5
3163 17 16 8
3164 8 8 4
3165 10 9 5
3166 17 16 6
3167 20 20 6
3168 16 15 5
3169 11 10 4
3170 12 11 5
3171 9 9 5
3172 9 8 4
3173 14 13 5
3174 25 25 7
3175 21 21 7
3176 21 20 6
3177 8 8 4
3178 10 9 5
3179 11 10 4
3180 10 9 5
3181 15 14 4
3182 14 13 7
3183 11 10 4
3184 10 9 5
3185 9 9 5
3186 7 6 5
3187 15 15 7
3188 13 13 5
3189 13 13 5
3190 13 13 7
3191 17 16 6
3192 16 15 5
3193 9 9 5
3194 9 9 5
3195 17 16 6
3196 14 14 6
3197 6 6 6
3198 11 10 6
3199 10 10 6
3200 12 11 5
3201 13 12 6
3202 18 17 7
3203 15 14 6
3204 22 21 5
3205 15 14 6
3206 14 14 6
3207 8 7 6
3208 12 12 4
3209 12 11 5
3210 9 8 4
3211 12 11 5
3212 11 10 4
3213 6 5 4
3214 22 21 7
3215 25 24 6
3216 20 20 6
3217 20 20 6
3218 12 11 5
3219 15 14 4
3220 22 21 7
3221 15 15 5
3222 15 14 6
3223 10 9 5
3224 21 20 6
3225 6 6 6
3226 11 10 4
3227 10 9 5
3228 15 14 6
3229 20 19 5
3230 11 10 4
3231 12 11 5
3232 5 5 5
3233 12 11 5
3234 19 18 6
3235 18 18 6
3236 22 22 6
3237 16 16 6
3238 18 18 6
3239 14 13 5
3240 13 13 5
3241 15 14 6
3242 12 12 4
3243 12 11 5
3244 15 15 7
3245 15 14 6
3246 12 11 5
3247 15 14 4
3248 10 9 5
3249 11 11 5
3250 13 12 6
3251 18 18 6
3252 16 16 6
3253 18 17 5
3254 15 14 4
3255 16 15 5
3256 13 13 5
3257 11 10 6
3258 6 6 6
3259 9 9 5
3260 15 15 5
3261 17 16 6
3262 10 9 5
3263 17 17 5
3264 11 11 5
3265 21 20 8
3266 16 16 4
3267 6 5 4
3268 10 9 5
3269 13 13 7
3270 13 12 6
3271 10 9 5
3272 13 12 4
3273 14 13 5
3274 13 13 5
3275 21 21 5
3276 13 13 5
3277 19 19 5
3278 13 13 5
3279 19 19 5
3280 23 23 5
3281 23 22 4
3282 30 29 7
3283 21 20 6
3284 22 22 4
3285 20 19 5
3286 19 18 6
3287 14 14 6
3288 18 18 6
3289 16 16 4
3290 14 13 5
3291 15 15 5
3292 29 28 4
3293 16 15 5
3294 13 12 4
3295 14 13 5
3296 9 9 5
3297 21 21 5
3298 13 13 5
3299 29 28 6
3300 16 15 5
3301 19 19 5
3302 19 19 5
3303 19 19 5
3304 23 22 6
3305 14 14 4
3306 16 15 5
3307 23 22 6
3308 22 22 6
3309 22 21 5
3310 23 23 5
3311 15 14 4
3312 16 15 5
3313 29 28 6
3314 12 12 4
3315 18 17 5
3316 19 19 5
3317 17 16 4
3318 12 11 5
3319 11 10 4
3320 16 15 5
3321 19 19 5
3322 9 9 5
3323 19 18 8
3324 10 10 4
3325 16 15 5
3326 17 16 4
3327 12 11 5
3328 23 22 6
3329 14 13 5
3330 17 17 7
3331 13 12 4
3332 18 17 5
3333 17 17 7
3334 11 10 4
3335 24 23 7
3336 13 13 5
3337 15 14 4
3338 20 19 5
3339 17 16 6
3340 6 5 4
3341 10 9 5
3342 15 14 6
3343 10 10 6
3344 20 20 6
3345 18 17 7
3346 21 20 6
3347 10 10 4
3348 12 11 5
3349 13 13 5
3350 5 5 5
3351 18 17 7
3352 11 11 5
3353 21 20 6
3354 12 12 6
3355 8 8 4
3356 16 15 5
3357 19 19 7
3358 13 12 6
3359 16 16 8
3360 22 22 6
3361 10 10 4
3362 20 19 7
3363 15 14 4
3364 16 15 5
3365 17 16 6
3366 14 13 5
3367 17 16 6
3368 12 12 4
3369 14 13 7
3370 17 17 5
3371 13 12 4
3372 26 25 5
3373 15 14 6
3374 16 16 6
3375 18 18 4
3376 18 17 5
3377 15 14 6
3378 12 11 5
3379 23 22 6
3380 14 14 4
3381 20 19 7
3382 17 16 6
3383 14 14 4
3384 16 15 7
3385 5 5 5
3386 16 15 5
3387 13 12 4
3388 10 9 5
3389 19 18 6
3390 16 15 5
3391 13 13 5
3392 17 16 4
3393 12 11 5
3394 11 10 6
3395 8 8 4
3396 12 11 5
3397 15 14 6
3398 16 15 5
3399 11 10 4
3400 14 13 5
3401 17 17 7
3402 17 16 4
3403 16 15 5
3404 25 25 7
3405 9 8 4
3406 14 13 5
3407 13 12 6
3408 14 14 6
3409 12 12 4
3410 26 25 7
3411 9 8 4
3412 12 11 5
3413 11 11 5
3414 11 10 4
3415 10 9 5
3416 15 14 6
3417 14 14 6
3418 16 16 6
3419 12 12 4
3420 10 9 5
3421 13 12 4
3422 22 21 5
3423 15 15 7
3424 19 18 6
3425 10 10 4
3426 16 15 5
3427 17 17 5
3428 17 16 6
3429 16 16 4
3430 18 17 5
3431 11 10 6
3432 12 11 5
3433 31 30 6
3434 10 10 4
3435 12 11 5
3436 19 18 6
3437 16 15 5
3438 11 10 4
3439 10 9 5
3440 15 14 4
3441 16 15 5
3442 15 15 5
3443 19 18 6
3444 14 13 5
3445 17 16 4
3446 20 19 7
3447 15 14 6
3448 12 12 6
3449 12 12 6
3450 18 18 6
3451 12 11 5
3452 13 12 4
3453 16 15 7
3454 15 14 4
3455 14 13 5
3456 11 10 6
3457 14 14 6
3458 14 14 4
3459 10 9 5
3460 9 9 5
3461 11 10 4
3462 6 5 4
3463 12 11 5
3464 17 17 5
3465 15 15 7
3466 7 6 5
3467 19 18 4
3468 8 7 6
3469 22 22 6
3470 18 18 6
3471 6 6 6
3472 11 10 4
3473 12 11 5
3474 13 12 4
3475 14 13 7
3476 15 14 4
3477 18 17 5
3478 11 11 5
3479 11 10 4
3480 10 9 5
3481 25 24 8
3482 28 28 6
3483 18 18 4
3484 20 19 5
3485 13 13 5
3486 13 13 5
3487 21 20 6
3488 12 12 4
3489 18 17 5
3490 13 12 4
3491 20 19 7
3492 25 25 5
3493 9 8 4
3494 12 11 5
3495 15 15 5
3496 9 8 4
3497 12 11 5
3498 17 16 6
3499 26 25 5
3500 37 36 6
3501 10 10 4
3502 14 13 5
3503 23 22 4
3504 20 19 5
3505 21 20 6
3506 16 16 4
3507 14 13 5
3508 21 20 6
3509 18 18 6
3510 20 20 6
3511 14 14 6
3512 12 12 4
3513 6 5 4
3514 16 15 5
3515 21 20 6
3516 22 22 6
3517 24 24 6
3518 18 18 4
3519 14 13 5
3520 15 14 4
3521 12 11 5
3522 21 21 5
3523 23 23 5
3524 25 24 4
3525 22 21 5
3526 27 27 5
3527 25 25 5
3528 17 17 7
3529 15 15 5
3530 15 14 4
3531 30 29 7
3532 45 45 5
3533 21 21 5
3534 21 21 7
3535 21 20 4
3536 18 17 5
3537 11 11 5
3538 21 21 5
3539 19 18 6
3540 20 20 4
3541 18 17 5
3542 25 25 5
3543 27 27 5
3544 25 24 4
3545 24 23 5
3546 13 13 5
3547 23 22 6
3548 14 13 5
3549 21 20 6
3550 18 18 6
3551 22 22 8
3552 16 16 4
3553 34 33 5
3554 15 15 5
3555 19 19 5
3556 23 22 4
3557 24 23 5
3558 21 21 5
3559 29 29 5
3560 31 31 5
3561 31 31 5
3562 21 21 5
3563 37 36 8
3564 28 27 7
3565 41 40 8
3566 30 30 8
3567 18 17 5
3568 43 43 7
3569 49 49 9
3570 45 44 10
3571 22 21 5
3572 27 27 7
3573 35 34 10
3574 28 28 6
3575 32 32 6
3576 30 29 7
3577 25 24 4
3578 32 31 5
3579 19 19 5
3580 43 43 9
3581 33 33 5
3582 21 20 6
3583 22 21 5
3584 29 28 6
3585 24 23 5
3586 29 28 6
3587 22 22 6
3588 18 18 4
3589 22 21 5
3590 21 21 5
3591 21 21 5
3592 13 12 4
3593 26 25 5
3594 17 17 5
3595 17 16 6
3596 18 18 4
3597 24 23 5
3598 17 17 5
3599 15 14 6
3600 24 23 5
3601 19 19 5
3602 19 18 4
3603 16 15 5
3604 13 12 6
3605 10 10 4
3606 28 27 7
3607 13 12 4
3608 14 13 5
3609 21 20 6
3610 22 21 5
3611 19 18 6
3612 16 15 7
3613 15 14 4
3614 18 17 7
3615 15 14 4
3616 16 15 7
3617 9 8 4
3618 14 13 5
3619 9 9 5
3620 9 8 4
3621 20 19 7
3622 21 20 8
3623 10 10 4
3624 12 11 5
3625 13 13 5
3626 13 12 4
3627 12 11 5
3628 19 18 8
3629 10 10 4
3630 14 13 5
3631 13 12 4
3632 20 19 5
3633 17 16 8
3634 22 21 5
3635 17 17 7
3636 17 16 4
3637 16 15 5
3638 11 11 5
3639 11 11 5
3640 21 20 6
3641 8 8 4
3642 14 13 5
3643 19 18 6
3644 18 18 4
3645 12 11 5
3646 21 20 6
3647 6 6 6
3648 9 8 4
3649 18 17 5
3650 23 22 6
3651 8 8 4
3652 28 27 7
3653 25 24 6
3654 26 25 7
3655 37 36 6
3656 36 36 6
3657 30 30 6
3658 18 18 4
3659 18 17 5
3660 19 18 4
3661 24 23 5
3662 23 23 5
3663 19 18 4
3664 24 23 5
3665 11 11 5
3666 19 18 4
3667 36 35 7
3668 25 24 8
3669 16 15 5
3670 25 25 5
3671 29 29 5
3672 17 17 5
3673 13 12 4
3674 22 21 5
3675 21 20 6
3676 34 34 6
3677 20 19 5
3678 27 26 4
3679 28 27 5
3680 15 14 6
3681 20 20 4
3682 12 11 5
3683 17 16 4
3684 10 9 5
3685 19 19 5
3686 13 12 4
3687 18 17 7
3688 25 25 5
3689 21 20 6
3690 14 13 5
3691 23 22 4
3692 22 21 5
3693 21 21 5
3694 11 10 6
3695 16 16 6
3696 16 15 5
3697 25 24 6
3698 18 17 5
3699 21 20 6
3700 14 14 6
3701 22 22 6
3702 14 14 6
3703 20 20 4
3704 22 21 5
3705 13 13 5
3706 11 10 4
3707 16 15 5
3708 15 15 5
3709 27 26 8
3710 20 19 5
3711 11 10 4
3712 18 17 5
3713 19 19 5
3714 13 13 5
3715 9 8 4
3716 14 13 5
3717 11 11 5
3718 15 15 5
3719 19 18 6
3720 12 11 5
3721 19 18 6
3722 10 9 5
3723 17 17 7
3724 15 14 4
3725 20 19 7
3726 17 16 6
3727 6 6 6
3728 19 19 5
3729 27 27 7
3730 7 6 5
3731 19 18 6
3732 12 12 4
3733 22 21 5
3734 11 11 5
3735 15 14 8
3736 8 8 4
3737 12 11 5
3738 11 10 4
3739 10 9 5
3740 11 10 4
3741 14 13 5
3742 9 9 5
3743 9 8 4
3744 14 13 5
3745 15 15 5
3746 21 20 6
3747 8 8 4
3748 12 11 5
3749 11 11 5
3750 9 9 5
3751 13 12 4
3752 12 11 5
3753 11 10 6
3754 10 9 5
3755 9 9 5
3756 17 16 6
3757 12 12 6
3758 12 12 4
3759 12 11 5
3760 9 8 4
3761 16 15 5
3762 11 11 5
3763 19 18 6
3764 18 17 7
3765 13 13 5
3766 17 16 6
3767 10 10 4
3768 10 9 5
3769 17 17 7
3770 7 6 5
3771 13 12 4
3772 16 15 7
3773 5 5 5
3774 12 11 5
3775 15 14 6
3776 16 16 6
3777 16 16 6
3778 14 14 6
3779 12 12 8
3780 6 6 6
3781 9 8 4
3782 10 9 5
3783 15 14 6
3784 20 20 6
3785 8 8 4
3786 22 21 5
3787 23 22 6
3788 24 24 6
3789 12 12 6
3790 8 8 4
3791 18 17 5
3792 13 12 6
3793 18 18 6
3794 10 10 4
3795 10 9 5
3796 17 17 7
3797 23 22 6
3798 18 18 6
3799 6 6 6
3800 13 12 4
3801 12 11 5
3802 13 12 6
3803 12 11 5
3804 17 16 6
3805 12 11 5
3806 13 12 6
3807 8 8 4
3808 18 17 5
3809 21 20 8
3810 8 8 4
3811 12 11 5
3812 7 6 5
3813 15 14 6
3814 18 18 6
3815 14 13 5
3816 11 11 7
3817 13 12 4
3818 20 19 5
3819 15 15 5
3820 11 10 6
3821 12 11 5
3822 11 10 4
3823 16 15 7
3824 19 18 4
3825 24 23 5
3826 13 13 5
3827 15 15 5
3828 9 8 4
3829 6 5 4
3830 18 17 5
3831 13 12 4
3832 20 19 5
3833 21 21 7
3834 15 14 4
3835 16 15 5
3836 13 13 5
3837 17 16 4
3838 22 21 5
3839 9 8 4
3840 18 17 5
3841 13 13 5
3842 17 16 4
3843 16 15 5
3844 17 16 4
3845 20 19 5
3846 15 15 5
3847 17 16 4
3848 16 15 5
3849 11 10 4
3850 20 19 5
3851 19 18 6
3852 16 16 4
3853 18 17 5
3854 33 32 8
3855 36 36 6
3856 26 25 5
3857 27 26 6
3858 24 23 7
3859 25 24 6
3860 26 26 6
3861 22 22 6
3862 12 12 6
3863 22 22 6
3864 26 26 8
3865 22 22 4
3866 24 23 7
3867 31 30 4
3868 14 13 5
3869 29 29 5
3870 17 16 6
3871 14 14 4
3872 16 15 5
3873 23 23 7
3874 25 25 7
3875 23 22 6
3876 14 14 4
3877 16 15 5
3878 15 15 5
3879 23 22 6
3880 20 20 6
3881 22 21 5
3882 17 16 4
3883 32 31 11
3884 19 18 4
3885 32 31 7
3886 21 20 4
3887 16 15 5
3888 21 21 5
3889 23 22 6
3890 20 19 5
3891 19 18 6
3892 18 17 5
3893 15 14 6
3894 22 21 5
3895 17 16 6
3896 20 19 5
3897 17 17 5
3898 19 19 7
3899 11 11 5
3900 19 19 5
3901 13 12 6
3902 12 11 5
3903 13 12 4
3904 12 11 5
3905 17 16 4
3906 16 15 7
3907 21 20 6
3908 16 15 5
3909 21 21 5
3910 13 13 5
3911 23 23 5
3912 9 9 5
3913 5 5 5
3914 16 15 5
3915 13 12 6
3916 12 12 4
3917 12 11 7
3918 13 12 6
3919 20 20 6
3920 20 19 5
3921 11 10 6
3922 22 22 4
3923 10 9 5
3924 7 6 5
3925 27 26 6
3926 24 23 5
3927 17 16 4
3928 14 13 5
3929 17 16 6
3930 14 13 5
3931 23 22 4
3932 14 13 5
3933 17 17 5
3934 21 21 7
3935 17 16 6
3936 10 10 4
3937 18 17 7
3938 15 14 4
3939 14 13 5
3940 25 24 8
3941 18 18 6
3942 14 14 4
3943 16 15 5
3944 15 14 6
3945 10 10 4
3946 18 17 5
3947 17 16 6
3948 14 13 5
3949 11 11 5
3950 15 14 6
3951 12 11 5
3952 15 14 4
3953 16 15 5
3954 13 13 5
3955 13 12 4
3956 14 13 5
3957 11 11 5
3958 21 20 6
3959 12 12 6
3960 16 15 5
3961 15 14 6
3962 10 9 5
3963 17 16 6
3964 20 19 5
3965 21 20 6
3966 20 19 5
3967 19 18 6
3968 22 22 6
3969 24 24 6
3970 12 12 4
3971 18 17 7
3972 15 14 4
3973 14 13 5
3974 11 10 4
3975 16 15 5
3976 27 26 6
3977 12 11 5
3978 15 14 4
3979 12 11 5
3980 17 17 5
3981 11 10 6
3982 12 12 8
3983 6 6 6
3984 9 8 4
3985 12 11 5
3986 9 9 5
3987 13 12 6
3988 22 21 5
3989 15 14 4
3990 26 25 7
3991 15 14 6
3992 12 11 5
3993 17 17 5
3994 27 27 5
3995 21 20 6
3996 16 15 5
3997 23 22 6
3998 14 13 5
3999 23 22 8
4000 8 8 4
4001 8 7 6
4002 12 12 4
4003 10 9 5
4004 13 13 5
4005 13 12 6
4006 8 8 8
4007 19 18 6
4008 14 14 6
4009 10 9 5
4010 11 11 5
4011 17 16 6
4012 6 5 4
4013 14 13 7
4014 15 14 6
4015 6 5 4
4016 10 9 5
4017 15 14 4
4018 12 11 5
4019 17 16 8
4020 14 14 6
4021 16 16 4
4022 16 15 7
4023 9 8 4
4024 8 7 6
4025 10 10 4
4026 8 7 6
4027 18 18 6
4028 10 9 5
4029 9 8 4
4030 16 15 5
4031 11 11 5
4032 9 9 5
4033 15 15 7
4034 13 12 6
4035 8 8 4
4036 16 15 7
4037 23 22 6
4038 16 15 5
4039 15 14 6
4040 6 6 6
4041 9 8 4
4042 16 15 7
4043 9 9 5
4044 13 12 6
4045 16 16 6
4046 12 12 6
4047 16 16 6
4048 12 11 5
4049 13 13 5
4050 11 11 5
4051 11 10 6
4052 10 10 4
4053 14 13 5
4054 15 15 5
4055 9 8 4
4056 12 11 5
4057 9 8 4
4058 12 11 5
4059 11 10 4
4060 12 11 5
4061 15 14 6
4062 6 6 6
4063 7 6 5
4064 19 19 7
4065 11 11 5
4066 9 9 5
4067 11 11 7
4068 9 8 4
4069 14 13 7
4070 13 12 6
4071 10 10 4
4072 12 11 5
4073 15 14 4
4074 12 11 5
4075 15 14 6
4076 14 14 6
4077 14 14 4
4078 16 15 5
4079 19 19 5
4080 17 16 4
4081 12 11 5
4082 21 20 6
4083 14 13 5
4084 19 18 6
4085 20 20 4
4086 24 23 5
4087 39 38 8
4088 40 39 5
4089 21 21 5
4090 35 34 6
4091 14 14 6
4092 16 16 4
4093 26 25 5
4094 11 10 4
4095 16 15 5
4096 17 16 6
4097 22 22 6
4098 24 24 4
4099 28 27 7
4100 21 20 4
4101 24 23 5
4102 25 25 5
4103 21 21 5
4104 27 27 5
4105 33 32 8
4106 36 36 4
4107 26 25 5
4108 37 37 5
4109 21 21 5
4110 17 16 4
4111 26 25 5
4112 31 30 6
4113 20 19 5
4114 25 24 6
4115 16 16 6
4116 22 22 6
4117 22 22 4
4118 16 15 5
4119 17 16 4
4120 22 21 5
4121 25 25 5
4122 17 17 5
4123 25 25 5
4124 25 24 6
4125 20 19 5
4126 15 15 5
4127 11 10 4
4128 16 15 5
4129 25 24 6
4130 22 21 5
4131 27 26 6
4132 20 19 5
4133 35 34 8
4134 36 36 6
4135 20 20 4
4136 36 35 5
4137 15 14 4
4138 22 21 5
4139 31 31 7
4140 39 39 5
4141 27 26 6
4142 14 14 4
4143 20 19 5
4144 17 17 5
4145 15 15 5
4146 33 32 6
4147 28 28 8
4148 20 20 6
4149 20 20 6
4150 38 38 6
4151 22 22 6
4152 26 26 6
4153 12 11 5
4154 13 12 4
4155 28 27 5
4156 33 32 6
4157 34 33 7
4158 23 22 4
4159 14 13 7
4160 25 24 4
4161 36 35 7
4162 17 16 6
4163 18 18 4
4164 20 19 5
4165 19 19 5
4166 25 25 7
4167 21 20 8
4168 14 14 4
4169 18 17 5
4170 23 22 6
4171 22 22 4
4172 22 21 5
4173 19 19 7
4174 15 14 4
4175 24 23 5
4176 17 17 5
4177 17 16 4
4178 26 25 5
4179 19 19 5
4180 21 21 5
4181 15 15 5
4182 33 32 6
4183 24 24 4
4184 16 15 5
4185 23 22 4
4186 28 27 5
4187 23 23 7
4188 9 9 5
4189 29 28 6
4190 34 34 6
4191 18 17 7
4192 17 16 4
4193 22 21 5
4194 21 21 5
4195 17 17 5
4196 21 20 4
4197 22 21 5
4198 21 21 5
4199 23 23 5
4200 19 19 5
4201 19 19 5
4202 27 27 5
4203 21 20 4
4204 24 23 5
4205 13 12 6
4206 18 18 4
4207 20 19 5
4208 21 20 6
4209 20 19 7
4210 31 30 6
4211 18 17 5
4212 17 17 5
4213 21 21 7
4214 17 16 6
4215 18 18 4
4216 14 13 5
4217 7 6 5
4218 15 14 6
4219 12 12 4
4220 14 13 5
4221 11 10 4
4222 24 23 5
4223 19 18 6
4224 16 16 6
4225 12 12 4
4226 18 17 5
4227 13 13 5
4228 25 24 6
4229 14 14 4
4230 20 19 5
4231 19 19 7
4232 15 14 4
4233 14 13 5
4234 9 9 5
4235 13 12 6
4236 8 8 4
4237 14 13 5
4238 17 16 6
4239 20 19 5
4240 15 15 5
4241 19 19 7
4242 13 12 6
4243 12 11 5
4244 5 5 5
4245 16 15 5
4246 9 9 5
4247 19 18 6
4248 12 12 4
4249 6 5 4
4250 14 13 5
4251 11 11 5
4252 5 5 5
4253 16 15 5
4254 17 16 6
4255 14 14 4
4256 8 7 6
4257 16 16 6
4258 14 13 5
4259 15 15 5
4260 13 13 5
4261 11 10 4
4262 16 15 5
4263 13 13 5
4264 13 12 6
4265 14 14 4
4266 10 9 5
4267 11 10 6
4268 12 12 4
4269 14 13 5
4270 13 12 6
4271 10 10 6
4272 16 16 6
4273 14 14 6
4274 10 9 5
4275 7 6 5
4276 15 14 4
4277 14 13 7
4278 13 13 5
4279 13 12 4
4280 14 13 5
4281 13 12 6
4282 12 11 5
4283 15 14 6
4284 10 10 6
4285 12 12 6
4286 14 14 6
4287 12 12 6
4288 6 5 4
4289 12 11 5
4290 15 15 7
4291 11 10 4
4292 14 13 5
4293 11 10 4
4294 20 19 5
4295 11 10 4
4296 16 15 5
4297 9 9 5
4298 17 16 6
4299 10 10 6
4300 10 10 6
4301 8 8 4
4302 14 13 7
4303 11 10 4
4304 16 15 7
4305 23 22 6
4306 10 10 6
4307 10 9 5
4308 17 16 6
4309 24 24 8
4310 10 10 4
4311 10 9 5
4312 15 14 6
4313 14 13 5
4314 11 10 4
4315 10 9 5
4316 11 10 4
4317 18 17 7
4318 7 6 5
4319 13 12 6
4320 12 12 4
4321 12 11 5
4322 19 18 8
4323 12 12 6
4324 12 12 4
4325 10 9 5
4326 13 12 4
4327 20 19 7
4328 13 12 6
4329 14 14 8
4330 10 10 4
4331 14 13 5
4332 9 8 4
4333 14 13 5
4334 13 13 5
4335 13 12 6
4336 8 8 4
4337 10 9 5
4338 9 9 5
4339 15 14 8
4340 12 12 4
4341 14 13 5
4342 11 11 5
4343 15 14 4
4344 16 15 7
4345 7 6 5
4346 13 12 4
4347 6 5 4
4348 10 9 5
4349 15 14 6
4350 12 12 6
4351 12 12 4
4352 6 5 4
4353 12 11 5
4354 11 10 6
4355 18 18 4
4356 20 19 5
4357 11 10 4
4358 12 11 5
4359 17 16 6
4360 26 25 5
4361 11 10 4
4362 20 19 5
4363 15 14 6
4364 22 22 4
4365 10 9 5
4366 19 19 5
4367 19 19 5
4368 19 19 5
4369 23 23 7
4370 15 15 5
4371 13 13 5
4372 25 24 4
4373 16 15 5
4374 25 24 6
4375 16 15 5
4376 11 10 4
4377 22 21 5
4378 27 27 5
4379 43 42 6
4380 22 22 6
4381 30 30 4
4382 24 23 5
4383 25 25 5
4384 27 26 6
4385 22 22 4
4386 34 33 7
4387 39 38 6
4388 32 32 4
4389 36 35 11
4390 43 42 10
4391 34 34 6
4392 46 45 9
4393 29 28 6
4394 24 23 5
4395 23 22 6
4396 54 54 12
4397 20 20 6
4398 16 16 4
4399 20 19 5
4400 29 29 9
4401 11 11 5
4402 25 24 6
4403 14 13 5
4404 23 22 4
4405 20 19 5
4406 29 28 8
4407 28 28 6
4408 16 16 4
4409 22 21 7
4410 17 16 6
4411 28 28 8
4412 20 20 6
4413 30 29 7
4414 23 22 6
4415 18 18 4
4416 20 19 5
4417 21 21 5
4418 25 24 6
4419 10 10 4
4420 22 21 5
4421 27 26 6
4422 14 14 4
4423 38 37 5
4424 37 37 9
4425 19 18 4
4426 26 25 7
4427 27 26 4
4428 18 17 5
4429 23 22 4
4430 36 35 7
4431 25 25 5
4432 21 21 5
4433 19 19 5
4434 17 16 4
4435 36 35 9
4436 29 29 5
4437 19 19 7
4438 17 16 4
4439 18 17 5
4440 17 16 6
4441 26 26 6
4442 26 26 6
4443 24 23 7
4444 17 16 6
4445 26 25 5
4446 13 13 5
4447 23 23 5
4448 27 27 7
4449 23 22 4
4450 20 19 5
4451 19 19 5
4452 19 19 5
4453 11 11 5
4454 29 28 6
4455 16 15 5
4456 29 28 6
4457 18 18 6
4458 12 12 4
4459 34 33 9
4460 23 22 10
4461 18 18 4
4462 28 27 7
4463 25 24 6
4464 16 15 5
4465 23 22 4
4466 28 27 9
4467 19 18 6
4468 34 34 6
4469 36 36 6
4470 20 19 5
4471 33 32 6
4472 16 15 5
4473 23 22 4
4474 30 29 9
4475 19 19 5
4476 21 21 5
4477 25 25 5
4478 27 27 5
4479 13 13 5
4480 35 34 6
4481 24 24 4
4482 30 29 7
4483 25 25 5
4484 23 22 4
4485 22 21 5
4486 21 21 5
4487 17 16 4
4488 26 25 5
4489 27 26 8
4490 16 16 4
4491 14 13 5
4492 35 34 6
4493 20 20 6
4494 26 26 6
4495 26 26 6
4496 12 12 4
4497 18 17 5
4498 19 18 6
4499 30 30 6
4500 22 22 6
4501 14 14 4
4502 26 25 5
4503 19 19 5
4504 15 15 7
4505 21 20 4
4506 16 15 5
4507 15 14 6
4508 26 26 6
4509 18 17 5
4510 15 14 4
4511 34 33 7
4512 23 22 6
4513 22 22 4
4514 14 13 5
4515 23 22 6
4516 34 34 8
4517 12 12 4
4518 16 15 5
4519 13 12 6
4520 28 28 6
4521 22 21 5
4522 21 21 5
4523 19 18 4
4524 24 23 5
4525 21 20 6
4526 14 14 4
4527 22 21 7
4528 17 16 6
4529 18 17 5
4530 17 16 6
4531 20 20 8
4532 12 12 4
4533 18 17 5
4534 25 24 6
4535 10 9 5
4536 21 20 6
4537 10 10 4
4538 10 9 5
4539 13 13 7
4540 13 12 6
4541 16 16 6
4542 10 10 4
4543 10 9 5
4544 13 12 6
4545 16 16 6
4546 14 13 5
4547 11 11 5
4548 23 23 5
4549 15 14 6
4550 20 19 5
4551 13 12 4
4552 12 11 5
4553 19 18 6
4554 16 16 4
4555 14 13 5
4556 15 14 4
4557 20 19 7
4558 11 10 4
4559 14 13 5
4560 15 15 5
4561 15 14 6
4562 14 14 6
4563 22 22 4
4564 14 13 5
4565 11 11 5
4566 19 19 5
4567 9 8 4
4568 12 11 5
4569 13 12 6
4570 14 13 5
4571 15 14 6
4572 16 15 5
4573 7 6 5
4574 9 8 4
4575 14 13 5
4576 15 15 7
4577 21 20 6
4578 6 5 4
4579 10 9 5
4580 17 16 6
4581 18 17 5
4582 7 6 5
4583 19 18 4
4584 10 9 5
4585 19 18 6
4586 12 12 6
4587 20 19 5
4588 21 21 5
4589 11 10 4
4590 20 19 5
4591 19 18 6
4592 16 16 4
4593 22 21 7
4594 25 24 4
4595 42 41 5
4596 35 35 5
4597 31 31 5
4598 17 16 4
4599 24 23 5
4600 31 31 7
4601 37 37 7
4602 35 34 4
4603 44 43 7
4604 35 34 6
4605 46 46 8
4606 36 35 5
4607 33 33 5
4608 31 30 6
4609 18 18 4
4610 38 37 5
4611 39 39 9
4612 27 27 7
4613 23 22 4
4614 26 25 5
4615 29 29 5
4616 31 31 5
4617 31 31 5
4618 27 27 7
4619 19 19 5
4620 29 29 7
4621 29 29 7
4622 17 16 4
4623 36 35 7
4624 31 30 6
4625 28 27 5
4626 13 13 5
4627 15 14 6
4628 16 16 6
4629 16 16 4
4630 30 29 7
4631 29 29 5
4632 23 23 9
4633 29 29 7
4634 37 37 5
4635 27 26 8
4636 16 16 6
4637 16 16 4
4638 14 13 5
4639 17 16 6
4640 20 19 5
4641 13 12 6
4642 24 24 6
4643 20 20 4
4644 22 21 7
4645 17 16 4
4646 10 9 5
4647 15 15 5
4648 21 20 8
4649 12 12 4
4650 22 21 7
4651 11 10 4
4652 22 21 7
4653 19 19 5
4654 19 18 6
4655 10 10 4
4656 14 13 5
4657 19 18 8
4658 10 10 4
4659 24 23 7
4660 15 14 4
4661 18 17 5
4662 19 18 6
4663 16 16 6
4664 12 12 4
4665 18 17 5
4666 17 16 6
4667 14 14 6
4668 14 14 4
4669 6 5 4
4670 12 11 5
4671 19 18 6
4672 10 10 4
4673 28 27 9
4674 13 12 4
4675 20 19 7
4676 11 10 4
4677 16 15 5
4678 19 19 5
4679 23 23 5
4680 19 18 4
4681 16 15 5
4682 17 17 5
4683 13 12 4
4684 18 17 5
4685 17 17 5
4686 11 10 6
4687 26 26 4
4688 36 35 7
4689 17 17 5
4690 33 33 5
4691 33 33 7
4692 23 22 6
4693 14 13 5
4694 29 28 6
4695 18 18 6
4696 24 24 6
4697 18 18 6
4698 16 16 4
4699 30 29 5
4700 21 21 7
4701 21 20 4
4702 34 33 7
4703 19 19 5
4704 29 28 6
4705 16 16 6
4706 22 22 4
4707 24 23 5
4708 25 25 5
4709 21 21 5
4710 43 43 5
4711 25 25 5
4712 25 24 6
4713 32 32 4
4714 20 19 5
4715 29 28 6
4716 24 24 6
4717 24 24 4
4718 20 19 5
4719 27 27 5
4720 31 31 5
4721 29 29 5
4722 25 24 6
4723 30 30 6
4724 28 28 6
4725 22 22 6
4726 34 34 6
4727 24 24 4
4728 24 23 5
4729 25 24 6
4730 20 19 5
4731 25 24 4
4732 36 35 5
4733 19 19 5
4734 29 28 8
4735 26 26 4
4736 40 39 9
4737 35 34 6
4738 28 27 7
4739 37 37 7
4740 49 48 10
4741 32 31 7
4742 37 37 9
4743 27 26 8
4744 52 52 14
4745 32 32 6
4746 30 30 6
4747 20 20 6
4748 30 29 7
4749 33 32 6
4750 26 25 5
4751 37 37 7
4752 29 28 6
4753 36 35 5
4754 25 24 6
4755 22 21 5
4756 27 26 6
4757 28 27 9
4758 23 22 6
4759 30 29 5
4760 31 30 6
4761 30 29 7
4762 31 30 8
4763 20 20 4
4764 28 27 9
4765 33 32 6
4766 26 25 7
4767 23 22 4
4768 32 31 7
4769 33 32 6
4770 16 16 4
4771 38 37 5
4772 19 18 6
4773 30 30 4
4774 42 41 9
4775 39 38 8
4776 34 34 10
4777 46 46 4
4778 34 33 5
4779 29 29 7
4780 29 28 6
4781 22 21 5
4782 27 27 7
4783 29 28 6
4784 22 22 6
4785 28 28 6
4786 28 28 8
4787 22 21 5
4788 25 24 6
4789 24 24 6
4790 28 27 5
4791 25 25 5
4792 27 27 7
4793 23 22 8
4794 36 36 6
4795 14 14 4
4796 16 15 5
4797 25 24 8
4798 16 16 6
4799 12 12 4
4800 26 25 5
4801 25 25 5
4802 11 10 4
4803 16 15 5
4804 23 22 6
4805 12 12 4
4806 20 19 5
4807 21 20 4
4808 14 13 5
4809 19 18 6
4810 14 13 5
4811 19 19 5
4812 25 24 6
4813 18 17 5
4814 17 16 6
4815 14 14 6
4816 14 14 4
4817 24 23 5
4818 21 21 5
4819 23 22 4
4820 20 19 5
4821 17 17 5
4822 21 20 4
4823 24 23 5
4824 21 20 6
4825 20 19 5
4826 13 12 6
4827 16 15 5
4828 23 22 6
4829 14 14 6
4830 12 11 5
4831 35 34 6
4832 24 23 7
4833 27 26 6
4834 22 21 5
4835 25 24 6
4836 18 18 4
4837 18 17 5
4838 15 14 4
4839 22 21 7
4840 23 22 4
4841 18 17 5
4842 21 20 6
4843 18 18 6
4844 14 14 4
4845 20 19 5
4846 23 22 4
4847 24 23 5
4848 21 20 6
4849 16 16 4
4850 20 19 5
4851 25 24 8
4852 10 10 4
4853 12 11 5
4854 21 20 4
4855 12 11 5
4856 21 20 6
4857 14 14 4
4858 12 11 5
4859 13 12 4
4860 22 21 7
4861 11 10 4
4862 16 15 5
4863 15 14 6
4864 10 9 5
4865 13 12 6
4866 10 9 5
4867 13 12 4
4868 12 11 5
4869 21 20 4
4870 10 9 5
4871 15 15 5
4872 13 12 6
4873 12 11 5
4874 21 21 5
4875 21 20 6
4876 16 15 5
4877 19 18 6
4878 12 11 5
4879 11 11 5
4880 15 15 7
4881 19 18 6
4882 10 10 4
4883 6 5 4
4884 16 15 7
4885 11 10 4
4886 24 23 7
4887 11 10 4
4888 14 13 5
4889 11 10 6
4890 14 14 4
4891 20 19 9
4892 15 14 4
4893 14 13 5
4894 11 11 5
4895 11 10 4
4896 16 15 5
4897 11 11 5
4898 21 20 6
4899 12 12 6
4900 10 10 6
4901 12 12 4
4902 12 11 5
4903 11 10 4
4904 12 11 5
4905 13 12 6
4906 12 11 5
4907 15 15 5
4908 9 9 5
4909 13 12 6
4910 8 8 4
4911 14 13 5
4912 11 11 5
4913 19 18 6
4914 16 16 6
4915 18 18 6
4916 12 12 4
4917 12 11 5
4918 13 12 6
4919 10 10 6
4920 18 18 6
4921 12 11 5
4922 21 20 6
4923 12 12 4
4924 14 13 7
4925 11 10 6
4926 12 12 6
4927 8 8 4
4928 10 9 5
4929 11 11 5
4930 17 16 6
4931 14 13 5
4932 13 12 4
4933 10 9 5
4934 11 10 6
4935 12 12 6
4936 14 14 6
4937 12 11 5
4938 11 10 4
4939 10 9 5
4940 17 16 6
4941 14 13 5
4942 15 14 4
4943 16 15 7
4944 15 14 6
4945 12 12 6
4946 8 8 4
4947 14 13 7
4948 7 6 5
4949 15 14 6
4950 16 16 6
4951 14 14 6
4952 14 14 6
4953 26 26 6
4954 12 11 5
4955 11 11 5
4956 13 12 4
4957 14 13 5
4958 9 9 5
4959 15 14 6
4960 14 14 4
4961 12 11 5
4962 11 10 6
4963 6 6 6
4964 17 17 5
4965 15 14 6
4966 6 6 6
4967 11 11 5
4968 11 10 6
4969 16 16 4
4970 16 15 5
4971 9 9 5
4972 13 12 6
4973 14 14 6
4974 14 14 4
4975 16 15 7
4976 13 13 5
4977 7 6 5
4978 21 20 8
4979 14 14 6
4980 18 18 4
4981 36 35 7
4982 21 21 5
4983 15 15 5
4984 29 28 6
4985 14 14 4
4986 18 17 5
4987 15 15 5
4988 15 15 5
4989 15 14 4
4990 18 17 5
4991 33 32 6
4992 20 19 5
4993 23 22 4
4994 24 23 5
4995 15 14 6
4996 16 16 4
4997 18 17 5
4998 29 28 8
4999 14 13 5
