0 124 116 101
1 107 105 100
2 114 110 103
3 133 123 104
4 114 110 101
5 117 112 101
6 123 116 103
7 113 109 102
8 120 114 101
9 121 115 102
10 112 108 101
11 109 106 101
12 105 104 103
13 105 103 100
14 112 108 101
15 113 110 103
16 111 108 101
17 127 119 104
18 108 105 100
19 112 108 101
20 115 110 101
21 107 105 100
22 114 109 100
23 116 112 105
24 105 103 100
25 108 105 100
26 114 110 103
27 105 104 101
28 107 105 102
29 116 111 102
30 112 109 102
31 112 108 101
32 105 103 100
33 108 106 103
34 111 108 103
35 109 106 101
36 111 108 101
37 103 102 101
38 125 118 105
39 115 110 101
