0 22 21 5
1 11 11 5
2 15 14 6
3 28 27 7
4 15 15 5
5 17 17 5
6 21 20 6
7 14 13 5
8 19 19 5
9 21 21 7
10 13 12 4
11 12 11 5
12 9 8 7
13 9 8 4
14 14 13 5
15 15 15 7
16 13 13 5
17 25 24 8
18 12 11 5
19 13 12 4
20 16 15 5
21 11 11 5
22 15 14 4
23 18 17 9
24 9 8 4
25 12 11 5
26 17 16 8
27 8 8 4
28 12 11 7
29 17 16 6
30 14 14 6
31 14 13 5
32 9 8 4
33 12 11 7
34 13 12 6
35 12 11 5
36 13 13 5
37 7 6 5
38 23 22 8
39 16 15 5
40 11 10 4
41 14 13 5
42 13 13 5
43 11 10 6
44 12 11 5
45 13 13 7
46 13 13 5
47 11 10 4
48 24 23 5
49 11 10 4
50 18 17 5
51 23 22 6
52 6 6 6
53 15 15 7
54 5 5 5
55 10 9 5
56 17 16 8
57 16 16 4
58 26 25 5
59 21 20 8
60 22 22 6
61 16 16 6
62 14 14 4
63 34 33 5
64 31 31 7
65 37 36 6
66 24 24 6
67 16 16 6
68 14 14 6
69 22 22 6
70 18 17 5
71 21 20 6
72 26 25 5
73 23 22 6
74 12 11 5
75 21 20 6
76 16 15 5
77 27 27 9
78 25 24 6
79 16 15 5
80 21 21 7
81 11 10 4
82 30 29 7
83 23 23 5
84 23 22 6
85 26 25 7
86 41 40 6
87 34 33 5
88 15 15 5
89 19 19 5
90 27 26 6
91 36 36 6
92 20 20 4
93 34 33 5
94 27 27 7
95 23 22 6
96 24 24 8
97 22 22 4
98 22 21 5
99 19 18 4
100 24 23 5
101 23 23 7
102 31 30 6
103 22 22 6
104 16 16 4
105 14 13 5
106 19 18 6
107 26 26 6
108 18 18 4
109 22 21 7
110 17 16 4
111 26 25 5
112 19 18 4
113 22 21 7
114 31 31 7
115 21 21 7
116 21 20 4
117 32 31 7
118 23 23 7
119 35 34 14
120 12 12 4
121 18 17 5
122 19 18 6
123 34 33 5
124 21 21 5
125 29 28 6
126 26 25 7
127 35 34 6
128 28 28 6
129 20 19 7
130 17 16 6
131 22 22 6
132 20 19 7
133 21 21 9
134 25 24 4
135 30 29 5
136 19 18 6
137 18 18 8
138 24 24 6
139 22 21 5
140 19 19 7
141 29 28 8
142 22 21 5
143 31 31 5
144 21 21 7
145 23 23 5
146 15 15 7
147 23 22 8
148 18 18 4
149 22 21 7
150 29 28 6
151 28 28 8
152 22 22 4
153 26 25 5
154 17 17 5
155 35 34 8
156 18 17 5
157 25 24 4
158 18 17 5
159 27 27 5
160 27 26 8
161 18 18 4
162 30 29 5
163 31 30 6
164 24 23 7
165 15 14 4
166 18 17 5
167 19 18 4
168 30 29 5
169 25 24 4
170 24 23 9
171 25 24 6
172 24 23 5
173 23 22 6
174 32 31 7
175 23 23 9
176 25 24 6
177 36 35 5
178 37 36 14
179 30 30 6
180 26 25 5
181 25 25 5
182 25 24 6
183 28 28 6
184 26 25 5
185 33 32 8
186 36 35 9
187 27 27 5
188 27 26 6
189 22 21 5
190 29 29 5
191 25 25 5
192 13 12 4
193 18 17 7
194 17 16 4
195 18 17 5
196 23 22 6
197 20 19 5
198 27 27 7
199 27 26 6
200 12 12 4
201 24 23 7
202 23 22 4
203 24 23 5
204 17 17 5
205 21 21 5
206 27 27 7
207 17 17 5
208 37 36 6
209 26 25 7
210 19 18 4
211 20 19 5
212 27 27 5
213 41 41 7
214 19 18 4
215 22 21 5
216 19 19 5
217 29 28 4
218 26 25 9
219 17 16 6
220 24 24 8
221 16 16 4
222 22 21 7
223 27 26 6
224 24 24 6
225 24 23 7
226 29 28 4
227 32 31 5
228 21 21 7
229 27 26 6
230 26 25 5
231 27 26 4
232 16 15 5
233 21 20 6
234 18 18 4
235 32 31 5
236 25 25 5
237 25 25 5
238 15 15 5
239 25 25 7
240 25 24 6
241 22 22 4
242 18 17 5
243 33 33 5
244 13 12 4
245 10 9 5
246 15 15 5
247 17 16 6
248 26 26 8
249 16 16 4
250 12 11 5
251 9 9 5
252 13 12 6
253 14 13 5
254 13 13 5
255 9 9 5
256 9 8 4
257 18 17 7
258 15 14 6
259 18 18 6
260 18 18 6
261 10 10 4
262 16 15 5
263 9 8 4
264 20 19 5
265 9 9 5
266 21 21 7
267 23 22 6
268 22 21 7
269 27 27 5
270 17 17 5
271 19 18 4
272 18 17 5
273 15 15 5
274 11 11 5
275 17 16 4
276 20 19 5
277 21 21 5
278 15 15 5
279 21 20 6
280 20 20 4
281 16 15 5
282 15 15 7
283 39 38 4
284 22 21 5
285 17 17 5
286 23 22 4
287 16 15 5
288 15 14 6
289 14 14 4
290 20 19 5
291 21 21 5
292 27 27 5
293 9 8 4
294 20 19 5
295 17 16 6
296 24 24 8
297 36 36 4
298 32 31 5
299 21 21 5
300 33 32 6
301 50 50 6
302 26 26 8
303 28 28 6
304 32 32 6
305 36 35 7
306 43 43 7
307 41 40 6
308 42 42 6
309 34 34 6
310 34 33 5
311 35 35 5
312 19 19 7
313 41 41 9
314 29 29 7
315 25 24 8
316 36 36 10
317 20 20 6
318 24 24 6
319 24 24 8
320 48 47 9
321 37 36 6
322 42 41 5
323 53 53 11
324 39 39 7
325 17 17 5
326 29 29 5
327 27 27 5
328 33 32 4
329 32 31 7
330 23 23 5
331 21 21 5
332 29 28 8
333 22 21 5
334 11 11 5
335 11 10 4
336 16 15 5
337 25 24 6
338 14 14 4
339 18 17 5
340 33 32 6
341 22 22 6
342 8 8 4
343 16 15 5
344 19 19 5
345 25 25 5
346 17 16 4
347 22 21 7
348 25 24 6
349 18 17 5
350 25 24 6
351 16 16 6
352 14 14 4
353 10 9 5
354 17 16 6
355 18 18 6
356 24 23 5
357 13 13 5
358 11 10 4
359 24 23 7
360 21 20 4
361 14 13 5
362 13 12 6
363 22 21 5
364 17 17 5
365 17 17 5
366 15 15 5
367 27 26 6
368 16 15 5
369 27 26 6
370 12 12 4
371 22 21 5
372 15 14 4
373 20 19 5
374 19 19 5
375 19 18 6
376 18 18 6
377 12 11 5
378 17 16 4
379 20 19 7
380 29 28 6
381 14 14 4
382 12 11 5
383 15 14 4
384 22 21 7
385 13 12 4
386 28 27 7
387 13 13 5
388 17 17 5
389 19 18 6
390 18 18 6
391 14 13 5
392 13 12 6
393 16 16 6
394 14 14 4
395 22 21 5
396 19 18 4
397 22 21 5
398 15 15 5
399 11 10 6
400 8 8 4
401 18 17 5
402 11 11 5
403 17 17 7
404 11 11 5
405 13 12 6
406 6 6 6
407 11 10 6
408 12 11 5
409 23 23 5
410 9 9 5
411 9 8 4
412 12 11 7
413 11 10 4
414 16 15 5
415 23 22 8
416 18 18 6
417 16 16 6
418 12 11 5
419 13 12 4
420 10 9 5
421 13 13 5
422 11 11 5
423 15 14 6
424 12 12 6
425 18 18 4
426 14 13 7
427 11 10 4
428 14 13 5
429 15 15 5
430 15 15 5
431 11 11 5
432 23 22 6
433 30 29 5
434 25 25 7
435 25 24 4
436 16 15 5
437 9 8 4
438 16 15 7
439 17 16 6
440 16 15 5
441 13 13 5
442 23 22 6
443 24 24 8
444 16 16 4
445 12 11 5
446 9 9 5
447 17 16 4
448 12 11 5
449 11 10 6
450 18 18 6
451 12 12 6
452 18 17 5
453 9 8 4
454 16 15 5
455 21 20 8
456 16 16 4
457 14 13 5
458 17 17 7
459 17 17 5
460 13 13 5
461 9 8 4
462 10 9 5
463 19 19 7
464 11 10 6
465 14 13 5
466 11 10 4
467 14 13 5
468 9 8 4
469 8 7 6
470 10 9 5
471 13 13 5
472 9 8 4
473 16 15 5
474 19 19 5
475 27 26 4
476 14 13 5
477 13 12 6
478 6 6 6
479 15 14 6
480 18 18 6
481 8 8 4
482 10 9 5
483 11 10 6
484 6 5 4
485 10 9 5
486 13 12 6
487 16 15 5
488 17 16 6
489 18 17 7
490 9 8 4
491 12 11 5
492 13 13 5
493 13 13 5
494 9 8 4
495 22 21 7
496 9 9 5
497 9 9 5
498 17 16 6
499 10 10 6
