0 22 21 5
1 11 11 5
2 15 14 6
3 30 30 10
4 16 16 6
5 20 19 7
6 23 22 8
7 12 12 4
8 20 19 5
9 21 20 6
10 14 13 5
11 11 10 4
12 6 5 4
13 10 9 5
14 15 14 6
15 14 14 6
16 14 13 5
17 25 24 8
18 14 14 8
19 12 12 4
20 18 17 7
21 11 10 4
22 18 17 7
23 15 14 6
24 10 10 6
25 12 12 6
26 12 12 4
27 10 9 5
28 9 9 5
29 17 17 7
30 13 13 5
31 13 12 4
32 10 9 5
33 11 10 6
34 10 10 4
35 12 11 5
36 13 12 4
37 6 5 4
38 22 21 7
39 17 17 7
40 13 12 6
41 14 13 5
42 13 12 4
43 10 9 5
44 11 11 5
45 11 11 5
46 13 13 5
47 13 12 6
48 26 26 8
49 10 10 4
50 18 17 5
51 21 21 5
52 7 6 5
53 17 16 8
54 6 5 4
55 10 9 5
56 13 13 5
57 17 16 4
58 28 27 7
59 19 18 6
60 24 23 7
61 15 15 5
62 15 15 5
63 35 34 6
64 32 32 8
65 40 40 10
66 24 24 6
67 16 15 5
68 15 14 6
69 22 22 6
70 20 19 7
71 21 20 6
72 26 26 6
73 24 23 7
74 11 11 5
75 21 21 7
76 17 16 6
77 26 25 7
78 27 27 9
79 15 14 4
80 24 23 9
81 11 10 4
82 32 31 9
83 23 23 5
84 25 25 9
85 25 24 6
86 44 43 9
87 39 38 10
88 18 17 7
89 19 18 4
90 28 27 7
91 39 38 8
92 22 22 6
93 38 37 9
94 25 25 5
95 21 21 5
96 23 23 7
97 23 23 5
98 23 22 6
99 22 22 8
100 26 26 8
101 22 22 6
102 28 28 4
103 24 23 7
104 17 17 5
105 15 14 6
106 18 18 6
107 26 26 6
108 20 19 5
109 23 22 8
110 20 19 7
111 27 26 6
112 20 19 5
113 19 19 5
114 33 33 9
115 19 19 5
116 23 22 6
117 32 31 7
118 25 25 9
119 31 30 10
120 14 14 6
121 16 16 4
122 20 19 7
123 35 35 7
124 23 22 6
125 28 28 6
126 28 28 10
127 34 33 5
128 29 29 7
129 17 16 4
130 16 15 5
131 23 22 6
132 24 24 12
133 22 22 10
134 30 30 10
135 28 28 4
136 18 17 5
137 15 14 4
138 26 25 7
139 23 22 6
140 18 18 6
141 28 28 8
142 26 25 9
143 31 31 5
144 21 21 7
145 27 27 9
146 17 16 8
147 22 21 7
148 23 23 9
149 23 22 8
150 30 29 7
151 27 26 6
152 26 25 7
153 27 27 7
154 19 18 6
155 36 36 10
156 18 17 5
157 27 27 7
158 19 18 6
159 28 28 6
160 26 26 8
161 20 20 6
162 32 32 8
163 30 29 5
164 23 22 6
165 16 16 6
166 18 17 5
167 19 18 4
168 30 29 5
169 27 27 7
170 19 19 5
171 25 25 7
172 27 26 8
173 24 23 7
174 31 30 6
175 22 21 7
176 29 28 10
177 36 35 5
178 31 31 9
179 31 31 7
180 29 28 8
181 26 26 6
182 24 23 5
183 29 29 7
184 31 31 11
185 31 31 7
186 35 35 9
187 29 28 6
188 28 27 7
189 23 22 6
190 30 29 5
191 25 25 5
192 15 15 7
193 15 15 5
194 19 19 7
195 19 18 6
196 32 31 15
197 21 21 7
198 25 25 5
199 27 27 7
200 15 14 6
201 22 22 6
202 24 23 5
203 27 26 8
204 18 17 5
205 23 22 6
206 28 27 7
207 19 18 6
208 38 38 8
209 24 23 5
210 21 20 6
211 20 19 5
212 29 29 7
213 45 44 10
214 20 20 6
215 22 22 6
216 20 19 5
217 29 29 5
218 25 25 9
219 15 15 5
220 21 21 5
221 17 17 5
222 23 22 8
223 26 25 5
224 25 24 6
225 24 24 8
226 36 35 11
227 35 34 8
228 20 20 6
229 26 25 5
230 27 27 7
231 27 27 5
232 15 14 4
233 20 19 5
234 19 19 5
235 35 34 8
236 26 26 6
237 28 28 8
238 16 16 6
239 24 24 6
240 26 26 8
241 24 24 6
242 18 18 6
243 36 35 7
244 13 12 4
245 10 9 5
246 15 15 5
247 15 15 5
248 23 23 5
249 17 16 4
250 12 11 5
251 9 8 4
252 12 11 5
253 13 13 5
254 13 13 5
255 9 8 4
256 10 9 5
257 15 14 4
258 14 13 5
259 17 17 5
260 17 17 5
261 11 11 5
262 15 14 4
263 10 9 5
264 23 22 8
265 10 9 5
266 21 21 7
267 23 22 6
268 22 21 7
269 31 30 8
270 18 17 5
271 19 19 5
272 21 20 8
273 14 14 4
274 12 11 5
275 19 18 6
276 20 20 6
277 22 22 6
278 18 17 7
279 19 19 5
280 23 22 6
281 16 15 5
282 13 13 5
283 43 42 8
284 22 21 5
285 17 16 4
286 26 25 7
287 15 14 4
288 14 13 5
289 17 16 6
290 20 20 6
291 22 22 6
292 28 27 5
293 9 9 5
294 21 20 6
295 14 14 4
296 22 21 5
297 41 41 9
298 33 32 6
299 20 20 4
300 34 33 7
301 55 55 11
302 27 26 8
303 28 28 6
304 34 33 7
305 37 37 9
306 43 43 7
307 47 46 12
308 48 47 11
309 33 32 4
310 40 39 11
311 35 34 4
312 18 17 5
313 41 41 9
314 31 31 9
315 21 20 4
316 38 37 11
317 25 25 11
318 25 24 6
319 24 24 8
320 44 43 5
321 39 39 9
322 47 47 11
323 55 54 12
324 46 45 13
325 19 19 7
326 31 30 6
327 28 27 5
328 37 36 8
329 34 33 9
330 25 25 7
331 23 23 7
332 25 25 5
333 23 23 7
334 11 10 4
335 12 11 5
336 15 14 4
337 26 25 7
338 17 16 6
339 18 17 5
340 31 31 5
341 23 22 6
342 8 8 4
343 16 15 5
344 19 19 5
345 27 27 7
346 17 16 4
347 20 19 5
348 27 27 9
349 19 18 6
350 24 24 6
351 14 14 4
352 16 15 5
353 9 9 5
354 17 16 6
355 18 18 6
356 26 25 7
357 15 14 6
358 12 12 6
359 22 22 6
360 20 20 4
361 14 13 5
362 11 11 5
363 23 22 6
364 18 18 6
365 16 16 4
366 18 17 7
367 27 26 6
368 14 14 4
369 26 25 5
370 15 14 6
371 20 20 4
372 16 15 5
373 19 19 5
374 21 20 6
375 20 19 7
376 19 18 6
377 12 11 5
378 17 17 5
379 19 19 7
380 29 29 7
381 17 16 6
382 12 11 5
383 15 14 4
384 22 21 7
385 13 13 5
386 25 25 5
387 13 13 5
388 17 17 5
389 17 17 5
390 21 21 9
391 15 14 6
392 12 11 5
393 17 16 6
394 14 14 4
395 22 21 5
396 21 20 6
397 22 22 6
398 16 15 5
399 9 9 5
400 9 8 4
401 18 17 5
402 11 11 5
403 15 15 5
404 13 12 6
405 10 10 4
406 8 7 6
407 10 10 6
408 12 11 5
409 25 25 7
410 11 10 6
411 8 8 4
412 10 9 5
413 13 12 6
414 16 16 6
415 22 22 8
416 18 18 6
417 16 15 5
418 11 11 5
419 13 12 4
420 10 9 5
421 15 14 6
422 12 11 5
423 15 14 6
424 12 11 5
425 19 18 4
426 12 11 5
427 11 10 4
428 18 17 9
429 17 16 6
430 14 14 4
431 12 11 5
432 23 22 6
433 32 31 7
434 27 26 8
435 26 25 5
436 15 14 4
437 10 9 5
438 13 12 4
439 16 15 5
440 19 18 8
441 12 12 4
442 22 21 5
443 23 23 7
444 17 16 4
445 12 11 5
446 9 8 4
447 18 17 5
448 11 10 4
449 10 9 5
450 17 16 4
451 12 11 5
452 19 19 7
453 9 8 4
454 16 15 5
455 17 17 5
456 19 18 6
457 14 14 6
458 18 17 7
459 19 18 6
460 14 14 6
461 10 10 6
462 8 8 4
463 18 17 5
464 9 9 5
465 15 14 6
466 12 12 6
467 14 14 6
468 10 9 5
469 5 5 5
470 12 11 7
471 15 14 6
472 8 8 4
473 16 15 5
474 21 20 6
475 28 28 6
476 14 14 6
477 10 10 4
478 6 5 4
479 14 13 5
480 19 18 6
481 8 8 4
482 10 9 5
483 9 8 4
484 6 5 4
485 10 9 5
486 13 12 6
487 14 14 4
488 20 19 9
489 15 15 5
490 9 9 5
491 13 12 6
492 14 14 6
493 14 14 6
494 8 8 4
495 20 19 5
496 11 11 7
497 9 8 4
498 16 15 5
499 9 9 5
