0 22 21 5
1 11 10 4
2 14 13 5
3 25 25 5
4 17 16 6
5 18 18 6
6 20 20 6
7 12 12 4
8 20 19 5
9 23 22 8
10 12 12 4
11 12 11 5
12 7 6 5
13 9 8 4
14 14 13 5
15 13 12 4
16 16 15 7
17 21 20 4
18 12 11 5
19 15 14 6
20 16 16 6
21 10 10 4
22 16 15 5
23 15 14 6
24 10 9 5
25 11 11 5
26 15 14 6
27 8 8 4
28 10 9 5
29 15 15 5
30 13 13 5
31 15 14 6
32 10 10 6
33 8 8 4
34 12 11 5
35 11 11 5
36 15 14 6
37 6 6 6
38 19 18 4
39 16 15 5
40 11 10 4
41 16 15 7
42 13 12 4
43 10 9 5
44 11 10 4
45 12 11 5
46 13 12 4
47 12 11 5
48 23 23 5
49 11 11 5
50 19 18 6
51 22 21 5
52 5 5 5
53 14 13 5
54 7 6 5
55 9 8 4
56 14 13 5
57 17 17 5
58 27 26 6
59 18 17 5
60 21 20 4
61 16 15 5
62 15 14 4
63 34 33 5
64 29 29 5
65 37 37 7
66 23 22 4
67 18 17 7
68 13 12 4
69 22 21 5
70 19 18 6
71 18 18 4
72 26 25 5
73 25 24 8
74 10 10 4
75 20 19 5
76 15 14 4
77 26 25 7
78 25 24 6
79 16 15 5
80 21 20 6
81 10 10 4
82 30 29 7
83 23 22 4
84 24 23 7
85 25 24 6
86 40 40 6
87 34 34 6
88 16 15 5
89 19 18 4
90 26 25 5
91 37 36 6
92 22 21 5
93 37 37 9
94 27 26 6
95 22 22 6
96 22 22 6
97 24 24 6
98 22 22 6
99 20 19 5
100 25 25 7
101 21 21 5
102 31 30 6
103 20 20 4
104 18 17 5
105 13 12 4
106 18 17 5
107 27 27 7
108 19 18 4
109 20 19 5
110 17 16 4
111 26 25 5
112 19 19 5
113 19 18 4
114 30 29 5
115 19 19 5
116 23 22 6
117 32 32 8
118 24 23 7
119 27 27 7
120 15 14 6
121 16 16 4
122 18 17 5
123 35 34 6
124 22 21 5
125 27 27 5
126 23 23 5
127 35 35 7
128 29 28 6
129 18 17 5
130 15 14 4
131 22 21 5
132 21 20 8
133 18 18 6
134 28 27 7
135 29 28 4
136 18 17 5
137 15 14 4
138 24 23 5
139 23 22 6
140 16 16 4
141 28 27 7
142 21 21 5
143 31 31 5
144 23 22 8
145 24 24 6
146 14 14 6
147 20 19 5
148 21 20 6
149 20 19 5
150 29 28 6
151 26 26 6
152 26 25 7
153 27 26 6
154 18 18 6
155 32 32 6
156 20 19 7
157 27 26 6
158 18 18 6
159 30 29 7
160 25 24 6
161 20 19 5
162 31 30 6
163 30 30 6
164 22 21 5
165 15 15 5
166 19 18 6
167 20 20 6
168 30 29 5
169 25 25 5
170 19 18 4
171 24 23 5
172 23 23 5
173 21 20 4
174 32 31 7
175 21 20 6
176 24 24 6
177 40 39 9
178 31 30 8
179 30 29 5
180 27 27 7
181 27 26 6
182 22 22 4
183 28 27 5
184 25 25 5
185 31 31 7
186 31 31 5
187 27 27 5
188 25 25 5
189 23 22 6
190 28 28 4
191 26 25 5
192 15 14 6
193 16 16 6
194 16 16 4
195 18 17 5
196 23 22 6
197 18 18 4
198 26 25 5
199 25 25 5
