0 32 31 7
1 15 14 4
2 16 15 7
3 7 6 5
4 13 12 6
5 14 14 4
6 14 13 5
7 19 18 6
8 30 30 6
9 24 24 4
10 22 21 7
11 25 24 6
12 18 18 6
13 10 10 4
14 10 9 5
15 25 24 6
16 18 18 4
17 24 23 5
18 11 10 6
19 8 8 4
20 14 13 5
21 15 15 5
22 17 16 6
23 14 14 4
24 22 21 5
25 25 24 6
26 22 22 6
27 16 16 6
28 18 18 4
29 26 25 7
30 15 14 6
31 14 14 4
32 20 19 5
33 21 20 4
34 14 13 5
35 13 12 6
36 14 14 6
37 14 14 4
38 12 11 5
39 25 24 6
40 18 18 6
41 28 27 5
42 23 22 6
43 18 18 6
44 20 20 6
45 30 30 4
46 50 49 5
47 33 32 4
48 28 27 5
49 17 16 4
50 20 19 5
51 27 26 4
52 34 33 5
53 33 33 5
54 27 26 6
55 22 22 4
56 26 25 5
57 27 26 4
58 36 35 5
59 29 29 5
60 21 20 4
61 16 15 5
62 23 22 4
63 22 21 7
64 15 14 4
65 28 27 5
66 25 24 6
67 30 29 5
68 21 20 6
69 36 36 4
70 24 23 5
71 27 26 6
72 26 26 6
73 20 20 4
74 24 23 5
75 13 12 6
76 22 21 5
77 31 31 5
78 27 27 5
79 27 27 5
80 23 23 5
81 29 28 4
82 28 27 5
83 17 16 4
84 36 35 5
85 33 33 5
86 31 31 5
87 29 28 4
88 30 29 7
89 39 39 9
90 31 31 5
91 25 25 5
92 15 15 5
93 29 29 5
94 13 13 5
95 41 40 12
96 24 23 5
97 17 16 4
98 38 37 9
99 13 12 4
100 28 27 7
101 27 27 5
102 37 36 4
103 26 25 5
104 25 25 5
105 31 30 4
106 24 23 5
107 17 16 4
108 30 29 5
109 19 19 5
110 21 20 6
111 32 32 6
112 22 22 4
113 20 19 5
114 33 32 4
115 18 17 7
116 11 10 4
117 34 33 5
118 13 12 6
119 16 16 4
120 24 23 5
121 21 21 5
122 27 26 4
123 14 13 5
124 25 24 6
125 14 14 6
126 16 16 4
127 28 27 7
128 15 14 6
129 24 24 4
130 24 23 5
131 25 24 4
132 30 29 5
133 23 23 5
134 21 21 5
135 23 22 6
136 22 22 6
137 28 27 7
138 21 20 4
139 28 27 5
140 23 22 4
141 22 21 5
142 35 35 7
143 25 24 6
144 22 21 5
145 21 20 4
146 30 29 5
147 33 32 6
148 16 16 4
149 24 23 5
150 25 25 7
151 19 18 6
152 20 20 4
153 26 25 5
154 17 17 5
155 19 18 4
156 24 23 7
157 15 14 4
158 24 23 5
159 23 22 4
160 16 15 5
161 15 14 4
162 22 21 5
163 23 23 5
164 21 20 4
165 22 21 5
166 15 14 4
167 20 19 5
168 17 17 5
169 25 24 6
170 16 15 5
171 11 10 4
172 14 13 5
173 15 14 4
174 32 31 5
175 21 21 5
176 17 17 5
177 13 12 6
178 14 14 4
179 18 17 5
180 19 19 5
181 9 9 5
182 15 14 6
183 32 32 6
184 12 11 5
185 25 24 6
186 16 16 4
187 18 17 5
188 13 12 4
189 22 21 5
190 15 14 4
191 14 13 5
192 17 16 6
193 16 16 4
194 12 11 5
195 13 12 4
196 20 19 5
197 29 28 6
198 22 22 4
199 18 17 5
200 17 17 5
201 7 6 5
202 15 14 6
203 22 21 5
204 17 16 6
205 10 10 4
206 16 15 5
207 11 10 4
208 16 15 5
209 25 25 5
210 15 14 4
211 12 11 5
212 15 14 4
213 20 19 5
214 15 14 6
215 16 15 5
216 13 12 4
217 16 15 5
218 27 26 6
219 24 23 5
220 15 14 4
221 16 15 5
222 11 10 4
223 10 9 5
224 13 12 6
225 20 20 6
226 6 6 6
227 19 19 5
228 21 20 6
229 18 17 5
230 17 16 6
231 14 14 4
232 28 27 5
233 13 12 4
234 24 23 5
235 9 9 5
236 13 12 4
237 20 19 5
238 9 9 5
239 13 12 4
240 10 9 5
241 11 10 4
242 12 11 5
243 17 17 5
244 13 12 4
245 10 9 5
246 11 10 4
247 22 21 7
248 17 17 5
249 25 24 4
250 18 17 5
251 17 17 5
252 11 11 5
253 11 10 4
254 22 21 5
255 13 13 5
256 23 22 4
257 24 23 5
258 23 22 6
259 20 19 5
260 13 12 6
261 14 14 6
262 14 14 6
263 16 16 4
264 28 27 5
265 19 18 6
266 18 18 4
267 12 11 5
268 19 18 4
269 16 15 5
270 11 10 4
271 12 11 5
272 15 15 5
273 13 13 5
274 17 16 6
275 22 22 6
276 14 14 4
277 26 25 7
278 15 14 6
279 30 30 6
280 18 18 4
281 28 27 5
282 17 17 5
283 17 17 5
284 19 18 6
285 18 18 4
286 10 9 5
287 33 32 6
288 16 15 5
289 21 20 6
290 12 12 4
291 34 33 7
292 19 18 4
293 16 15 5
294 15 14 4
295 22 21 5
296 25 24 6
297 16 15 5
298 21 20 4
299 18 17 5
300 11 11 5
301 17 16 6
302 14 14 4
303 28 27 5
304 19 18 4
305 26 25 7
306 11 11 5
307 25 24 4
308 18 17 5
309 27 26 4
310 18 17 5
311 13 12 4
312 12 11 5
313 21 20 6
314 16 16 6
315 24 24 6
316 22 22 4
317 20 19 5
318 15 14 4
319 12 11 5
320 11 10 4
321 22 21 5
322 19 19 5
323 13 12 4
324 26 25 7
325 17 16 4
326 16 15 5
327 21 20 4
328 14 13 5
329 15 14 6
330 30 30 6
331 18 18 4
332 28 27 5
333 19 19 5
334 13 12 4
335 6 5 4
336 16 15 5
337 17 16 4
338 20 19 5
339 27 26 4
340 24 23 5
341 11 10 6
342 12 11 5
343 15 14 4
344 12 11 5
345 17 16 6
346 18 18 4
347 34 33 7
348 15 14 4
349 10 9 5
350 17 16 4
351 14 13 5
352 11 11 5
353 21 20 6
354 14 14 4
355 24 23 5
356 19 19 5
357 15 14 4
358 12 11 5
359 17 17 5
360 13 12 6
361 26 26 6
362 18 18 6
363 24 24 4
364 22 21 5
365 17 16 4
366 26 25 5
367 15 15 5
368 23 22 6
369 20 20 4
370 26 25 5
371 11 11 5
372 17 16 4
373 14 13 7
374 15 14 4
375 22 21 5
376 17 16 6
377 20 20 4
378 26 25 5
379 25 25 7
380 9 8 4
381 18 17 5
382 27 26 4
383 16 15 5
384 19 19 5
385 23 23 5
386 19 18 6
387 38 38 4
388 34 33 5
389 31 30 6
390 32 32 4
391 18 17 5
392 21 20 6
393 16 15 5
394 25 24 4
395 26 25 5
396 27 27 5
397 15 14 6
398 12 12 4
399 16 15 5
400 17 16 6
401 28 27 5
402 23 22 4
403 32 31 5
404 17 16 4
405 12 11 5
406 25 24 4
407 22 21 7
408 25 24 4
409 22 21 5
410 19 19 5
411 13 13 5
412 23 22 4
413 14 13 5
414 33 32 4
415 32 31 5
416 33 32 4
417 18 17 7
418 19 18 4
419 30 29 5
420 31 31 5
421 19 18 4
422 10 9 5
423 19 18 4
424 22 21 5
425 29 28 6
426 42 42 6
427 26 26 6
428 18 18 4
429 16 15 5
430 23 22 4
431 24 23 5
432 35 34 4
433 34 33 5
434 23 22 4
435 14 13 5
436 31 31 5
437 15 14 4
438 30 29 5
439 41 40 6
440 34 34 4
441 34 33 5
442 33 32 6
443 34 33 5
444 35 35 5
445 37 36 4
446 28 27 5
447 33 32 4
448 28 27 5
449 37 36 4
450 18 17 5
451 27 27 5
452 25 24 6
453 52 52 6
454 36 36 4
455 50 49 5
456 47 47 5
457 29 28 6
458 34 34 4
459 34 33 5
460 49 48 4
461 48 47 5
462 29 29 5
463 37 36 6
464 28 28 4
465 38 37 5
466 53 52 6
467 50 50 4
468 36 35 5
469 41 40 4
470 44 43 5
471 47 46 4
472 44 43 5
473 37 36 6
474 46 46 6
475 24 24 4
476 42 41 5
477 47 46 4
478 28 27 5
479 53 53 5
480 39 38 4
481 56 55 5
482 43 42 4
483 44 43 5
484 51 50 4
485 40 39 5
486 43 42 4
487 38 37 5
488 47 46 6
489 40 40 4
490 48 47 5
491 35 34 6
492 48 48 6
493 34 34 4
494 50 49 5
495 39 38 4
496 40 39 5
497 37 37 5
498 37 36 4
499 34 33 5
