0 32 31 7
1 15 14 4
2 16 15 7
3 7 6 5
4 13 12 6
5 14 14 4
6 14 13 5
7 19 18 6
8 30 30 6
9 24 24 4
10 22 21 7
11 25 24 6
12 18 18 6
13 10 10 4
14 10 9 5
15 25 24 6
16 18 18 4
17 24 23 5
18 11 10 6
19 8 8 4
20 14 13 5
21 15 15 5
22 17 16 6
23 14 14 4
24 22 21 5
25 25 24 6
26 22 22 6
27 16 16 6
28 18 18 4
29 26 25 7
30 15 14 6
31 14 14 4
32 20 19 5
33 21 20 4
34 14 13 5
35 13 12 6
36 14 14 6
37 14 14 4
38 12 11 5
39 25 24 6
40 18 18 6
41 28 27 5
42 23 22 6
43 18 18 6
44 20 20 6
45 30 30 4
46 50 49 5
47 33 32 4
48 28 27 5
49 17 16 4
50 20 19 5
51 27 26 4
52 34 33 5
53 33 33 5
54 27 26 6
55 22 22 4
56 26 25 5
57 27 26 4
58 36 35 5
59 29 29 5
60 21 20 4
61 16 15 5
62 23 22 4
63 22 21 7
64 15 14 4
65 28 27 5
66 25 24 6
67 30 29 5
68 21 20 6
69 36 36 4
70 24 23 5
71 27 26 6
72 26 26 6
73 20 20 4
74 24 23 5
75 13 12 6
76 22 21 5
77 31 31 5
78 27 27 5
79 27 27 5
80 23 23 5
81 29 28 4
82 28 27 5
83 17 16 4
84 36 35 5
85 33 33 5
86 31 31 5
87 29 28 4
88 30 29 7
89 39 39 9
90 31 31 5
91 25 25 5
92 15 15 5
93 29 29 5
94 13 13 5
95 41 40 12
96 24 23 5
97 17 16 4
98 38 37 9
99 13 12 4
100 28 27 7
101 27 27 5
102 37 36 4
103 26 25 5
104 25 25 5
105 31 30 4
106 24 23 5
107 17 16 4
108 30 29 5
109 19 19 5
110 21 20 6
111 32 32 6
112 22 22 4
113 20 19 5
114 33 32 4
115 18 17 7
116 11 10 4
117 34 33 5
118 13 12 6
119 16 16 4
120 24 23 5
121 21 21 5
122 27 26 4
123 14 13 5
124 25 24 6
125 14 14 6
126 16 16 4
127 28 27 7
128 15 14 6
129 24 24 4
130 24 23 5
131 25 24 4
132 30 29 5
133 23 23 5
134 21 21 5
135 23 22 6
136 22 22 6
137 28 27 7
138 21 20 4
139 28 27 5
140 23 22 4
141 22 21 5
142 35 35 7
143 25 24 6
144 22 21 5
145 21 20 4
146 30 29 5
147 33 32 6
148 16 16 4
149 24 23 5
150 25 25 7
151 19 18 6
152 20 20 4
153 26 25 5
154 17 17 5
155 19 18 4
156 24 23 7
157 15 14 4
158 24 23 5
159 23 22 4
160 16 15 5
161 15 14 4
162 22 21 5
163 23 23 5
164 21 20 4
165 22 21 5
166 15 14 4
167 20 19 5
168 17 17 5
169 25 24 6
170 16 15 5
171 11 10 4
172 14 13 5
173 15 14 4
174 32 31 5
175 21 21 5
176 17 17 5
177 13 12 6
178 14 14 4
179 18 17 5
180 19 19 5
181 9 9 5
182 15 14 6
183 32 32 6
184 12 11 5
185 25 24 6
186 16 16 4
187 18 17 5
188 13 12 4
189 22 21 5
190 15 14 4
191 14 13 5
192 17 16 6
193 16 16 4
194 12 11 5
195 13 12 4
196 20 19 5
197 29 28 6
198 22 22 4
199 18 17 5
200 17 17 5
201 7 6 5
202 15 14 6
203 22 21 5
204 17 16 6
205 10 10 4
206 16 15 5
207 11 10 4
208 16 15 5
209 25 25 5
210 15 14 4
211 12 11 5
212 15 14 4
213 20 19 5
214 15 14 6
215 16 15 5
216 13 12 4
217 16 15 5
218 27 26 6
219 24 23 5
220 15 14 4
221 16 15 5
222 11 10 4
223 10 9 5
224 13 12 6
225 20 20 6
226 6 6 6
227 19 19 5
228 21 20 6
229 18 17 5
230 17 16 6
231 14 14 4
232 28 27 5
233 13 12 4
234 24 23 5
235 9 9 5
236 13 12 4
237 20 19 5
238 9 9 5
239 13 12 4
240 10 9 5
241 11 10 4
242 12 11 5
243 17 17 5
244 13 12 4
245 10 9 5
246 11 10 4
247 22 21 7
248 17 17 5
249 25 24 4
250 18 17 5
251 17 17 5
252 11 11 5
253 11 10 4
254 22 21 5
255 13 13 5
256 23 22 4
257 24 23 5
258 23 22 6
259 20 19 5
260 13 12 6
261 14 14 6
262 14 14 6
263 16 16 4
264 28 27 5
265 19 18 6
266 18 18 4
267 12 11 5
268 19 18 4
269 16 15 5
270 11 10 4
271 12 11 5
272 15 15 5
273 13 13 5
274 17 16 6
275 22 22 6
276 14 14 4
277 26 25 7
278 15 14 6
279 30 30 6
280 18 18 4
281 28 27 5
282 17 17 5
283 17 17 5
284 19 18 6
285 18 18 4
286 10 9 5
287 33 32 6
288 16 15 5
289 21 20 6
290 12 12 4
291 34 33 7
292 19 18 4
293 16 15 5
294 15 14 4
295 22 21 5
296 25 24 6
297 16 15 5
298 21 20 4
299 18 17 5
300 11 11 5
301 17 16 6
302 14 14 4
303 28 27 5
304 19 18 4
305 26 25 7
306 11 11 5
307 25 24 4
308 18 17 5
309 27 26 4
310 18 17 5
311 13 12 4
312 12 11 5
313 21 20 6
314 16 16 6
315 24 24 6
316 22 22 4
317 20 19 5
318 15 14 4
319 12 11 5
320 11 10 4
321 22 21 5
322 19 19 5
323 13 12 4
324 26 25 7
325 17 16 4
326 16 15 5
327 21 20 4
328 14 13 5
329 15 14 6
330 30 30 6
331 18 18 4
332 28 27 5
333 19 19 5
334 13 12 4
335 6 5 4
336 16 15 5
337 17 16 4
338 20 19 5
339 27 26 4
340 24 23 5
341 11 10 6
342 12 11 5
343 15 14 4
344 12 11 5
345 17 16 6
346 18 18 4
347 34 33 7
348 15 14 4
349 10 9 5
350 17 16 4
351 14 13 5
352 11 11 5
353 21 20 6
354 14 14 4
355 24 23 5
356 19 19 5
357 15 14 4
358 12 11 5
359 17 17 5
360 13 12 6
361 26 26 6
362 18 18 6
363 24 24 4
364 22 21 5
365 17 16 4
366 26 25 5
367 15 15 5
368 23 22 6
369 20 20 4
370 26 25 5
371 11 11 5
372 17 16 4
373 14 13 7
374 15 14 4
375 22 21 5
376 17 16 6
377 20 20 4
378 26 25 5
379 25 25 7
380 9 8 4
381 18 17 5
382 27 26 4
383 16 15 5
384 19 19 5
385 23 23 5
386 19 18 6
387 38 38 4
388 34 33 5
389 31 30 6
390 32 32 4
391 18 17 5
392 21 20 6
393 16 15 5
394 25 24 4
395 26 25 5
396 27 27 5
397 15 14 6
398 12 12 4
399 16 15 5
400 17 16 6
401 28 27 5
402 23 22 4
403 32 31 5
404 17 16 4
405 12 11 5
406 25 24 4
407 22 21 7
408 25 24 4
409 22 21 5
410 19 19 5
411 13 13 5
412 23 22 4
413 14 13 5
414 33 32 4
415 32 31 5
416 33 32 4
417 18 17 7
418 19 18 4
419 30 29 5
420 31 31 5
421 19 18 4
422 10 9 5
423 19 18 4
424 22 21 5
425 29 28 6
426 42 42 6
427 26 26 6
428 18 18 4
429 16 15 5
430 23 22 4
431 24 23 5
432 35 34 4
433 34 33 5
434 23 22 4
435 14 13 5
436 31 31 5
437 15 14 4
438 30 29 5
439 41 40 6
440 34 34 4
441 34 33 5
442 33 32 6
443 34 33 5
444 35 35 5
445 37 36 4
446 28 27 5
447 33 32 4
448 28 27 5
449 37 36 4
450 18 17 5
451 27 27 5
452 25 24 6
453 52 52 6
454 36 36 4
455 50 49 5
456 47 47 5
457 29 28 6
458 34 34 4
459 34 33 5
460 49 48 4
461 48 47 5
462 29 29 5
463 37 36 6
464 28 28 4
465 38 37 5
466 53 52 6
467 50 50 4
468 36 35 5
469 41 40 4
470 44 43 5
471 47 46 4
472 44 43 5
473 37 36 6
474 46 46 6
475 24 24 4
476 42 41 5
477 47 46 4
478 28 27 5
479 53 53 5
480 39 38 4
481 56 55 5
482 43 42 4
483 44 43 5
484 51 50 4
485 40 39 5
486 43 42 4
487 38 37 5
488 47 46 6
489 40 40 4
490 48 47 5
491 35 34 6
492 48 48 6
493 34 34 4
494 50 49 5
495 39 38 4
496 40 39 5
497 37 37 5
498 37 36 4
499 34 33 5
500 37 37 5
501 37 36 4
502 48 47 5
503 51 50 6
504 44 44 4
505 42 41 5
506 51 50 4
507 58 57 5
508 47 46 4
509 52 51 5
510 47 47 5
511 55 54 4
512 40 39 5
513 45 44 6
514 28 28 6
515 46 46 4
516 58 57 5
517 39 39 5
518 29 29 5
519 39 39 5
520 47 46 4
521 42 41 5
522 41 40 4
523 44 43 5
524 55 54 4
525 50 49 5
526 49 49 5
527 45 44 4
528 52 51 5
529 33 32 4
530 48 47 5
531 43 43 5
532 45 44 4
533 58 57 5
534 35 35 5
535 51 51 5
536 37 36 6
537 40 40 4
538 56 55 5
539 33 33 5
540 39 39 5
541 57 57 5
542 63 63 5
543 55 54 6
544 42 42 6
545 34 33 5
546 43 43 5
547 55 55 5
548 45 44 6
549 44 44 4
550 40 39 5
551 61 60 4
552 56 55 5
553 51 50 4
554 70 69 5
555 43 42 4
556 54 53 5
557 59 58 4
558 60 59 5
559 55 54 6
560 56 55 5
561 41 40 4
562 56 55 5
563 69 68 4
564 44 43 5
565 37 36 4
566 66 65 5
567 59 58 6
568 42 42 4
569 60 59 5
570 29 29 5
571 61 61 5
572 51 51 7
573 45 44 8
574 48 48 4
575 58 57 5
576 53 52 4
577 38 37 5
578 55 54 4
579 44 43 5
580 51 51 5
581 33 32 6
582 42 42 4
583 34 33 5
584 49 48 6
585 46 45 5
586 49 48 4
587 42 41 7
588 49 48 4
589 52 51 5
590 33 33 5
591 63 62 4
592 34 33 5
593 57 57 5
594 59 58 4
595 46 45 5
596 43 42 4
597 44 43 5
598 53 53 5
599 49 48 4
600 42 41 5
601 43 43 5
602 49 48 6
603 36 36 4
604 50 49 5
605 37 37 5
606 43 42 6
607 46 45 5
608 37 37 5
609 41 40 6
610 40 39 5
611 25 25 5
612 35 34 6
613 48 47 5
614 33 32 4
615 34 33 5
616 41 40 4
617 46 45 5
618 43 42 6
619 46 46 4
620 44 43 5
621 31 31 5
622 39 39 5
623 31 31 5
624 29 28 4
625 54 53 7
626 35 34 4
627 60 59 5
628 39 38 4
629 50 49 5
630 45 45 5
631 49 49 5
632 49 48 6
633 36 36 6
634 46 45 5
635 43 42 4
636 54 53 5
637 55 55 5
638 45 45 5
639 53 53 5
640 51 50 4
641 50 49 5
642 53 53 5
643 51 50 6
644 40 40 4
645 42 41 5
646 41 40 4
647 40 39 5
648 27 27 5
649 51 50 6
650 56 56 4
651 30 29 5
652 49 48 4
653 36 35 5
654 55 55 5
655 49 48 4
656 46 45 5
657 57 56 6
658 54 54 6
659 30 30 4
660 40 39 5
661 45 44 4
662 36 35 5
663 31 30 4
664 56 55 5
665 37 37 5
666 51 50 4
667 34 33 5
668 41 40 4
669 38 37 5
670 45 44 4
671 44 43 5
672 33 32 4
673 36 35 5
674 41 40 4
675 60 59 5
676 59 59 9
677 37 36 4
678 60 59 5
679 47 46 4
680 42 41 5
681 39 38 6
682 56 56 4
683 54 53 5
684 55 55 5
685 41 41 5
686 55 55 5
687 49 48 6
688 32 32 4
689 40 39 5
690 49 48 4
691 48 47 5
692 51 51 5
693 61 60 6
694 66 66 4
695 42 41 5
696 39 38 4
697 28 27 5
698 59 58 6
699 48 48 4
700 56 55 5
701 37 36 4
702 50 49 5
703 55 54 6
704 52 52 4
705 44 43 5
706 35 34 6
707 56 56 4
708 48 47 5
709 47 46 4
710 54 53 5
711 41 40 4
712 56 55 5
713 53 52 4
714 32 31 5
715 53 52 4
716 66 65 5
717 47 46 4
718 58 57 5
719 37 36 4
720 44 43 5
721 49 48 4
722 66 65 5
723 47 46 4
724 46 45 5
725 55 54 4
726 48 47 5
727 69 68 4
728 64 63 5
729 49 48 4
730 28 27 5
731 49 48 6
732 36 36 4
733 48 47 5
734 51 50 4
735 54 53 5
736 47 46 6
737 32 32 6
738 54 54 4
739 34 33 5
740 31 30 6
741 38 37 5
742 23 22 4
743 54 53 5
744 29 29 5
745 33 32 4
746 52 51 5
747 35 35 5
748 29 28 4
749 28 27 5
750 29 28 4
751 24 23 5
752 45 44 4
753 34 33 5
754 27 27 5
755 39 38 6
756 34 34 4
757 22 21 5
758 47 47 5
759 19 19 5
760 31 31 5
761 47 46 6
762 34 33 5
763 31 30 6
764 26 25 5
765 25 25 5
766 29 28 6
767 34 34 4
768 26 25 5
769 27 27 7
770 33 32 6
771 28 28 6
772 28 27 5
773 45 45 5
774 37 37 5
775 31 30 6
776 26 25 5
777 21 21 5
778 19 18 4
779 34 33 5
780 27 26 6
781 24 23 5
782 27 27 7
783 15 14 4
784 28 27 5
785 31 30 6
786 34 34 4
787 24 23 5
788 31 31 5
789 21 20 4
790 34 33 5
791 35 34 6
792 44 44 6
793 32 31 5
794 23 23 5
795 21 21 5
796 27 26 6
797 26 26 6
798 38 38 4
799 34 33 7
800 23 22 4
801 32 31 5
802 27 26 4
803 26 25 5
804 31 30 6
805 22 21 5
806 25 24 4
807 42 41 5
808 27 26 4
809 28 27 7
810 29 28 4
811 18 17 5
812 31 30 4
813 38 37 7
814 35 34 4
815 16 15 5
816 29 28 4
817 22 21 5
818 37 37 5
819 21 20 6
820 38 38 6
821 32 32 6
822 40 40 6
823 32 32 4
824 20 19 5
825 21 21 5
826 29 29 5
827 25 24 6
828 30 30 6
829 20 20 4
830 16 15 5
831 21 20 4
832 26 25 5
833 31 31 5
834 45 44 6
835 48 47 5
836 31 30 4
837 26 25 5
838 27 27 5
839 47 46 6
840 56 56 4
841 38 37 5
842 29 29 5
843 35 34 6
844 34 34 4
845 26 25 5
846 19 18 6
847 36 36 6
848 20 20 4
849 20 19 5
850 21 21 5
851 33 32 6
852 26 26 4
853 26 25 5
854 23 23 5
855 19 18 6
856 24 24 6
857 20 20 4
858 28 27 5
859 23 22 4
860 32 31 5
861 17 17 5
862 29 28 6
863 28 28 6
864 22 22 6
865 18 18 4
866 32 31 5
867 21 21 5
868 31 31 7
869 17 17 5
870 13 12 4
871 32 31 5
872 35 34 6
873 30 30 6
874 14 14 4
875 16 15 5
876 23 23 5
877 21 20 4
878 30 29 5
879 15 14 6
880 20 20 4
881 30 29 5
882 23 22 4
883 20 19 5
884 11 10 4
885 34 33 5
886 19 19 5
887 25 25 5
888 19 19 5
889 13 13 5
890 25 24 6
891 14 14 4
892 20 19 5
893 23 22 6
894 12 12 4
895 22 21 5
896 35 34 6
897 14 14 4
898 18 17 5
899 11 11 5
900 23 22 6
901 14 14 4
902 28 27 7
903 23 22 4
904 20 19 7
905 15 15 5
906 11 10 4
907 18 17 5
908 15 14 4
909 32 31 5
910 21 20 6
911 28 28 6
912 22 21 5
913 9 8 4
914 22 21 5
915 11 10 4
916 20 19 5
917 27 26 6
918 24 23 5
919 13 12 4
920 12 11 5
921 21 20 6
922 14 13 5
923 23 22 4
924 24 23 5
925 21 20 6
926 24 24 4
927 22 21 7
928 29 28 4
929 20 19 5
930 27 26 6
931 10 10 4
932 18 17 5
933 19 19 5
934 15 14 4
935 22 21 5
936 23 23 5
937 23 23 5
938 13 13 5
939 15 14 4
940 24 23 5
941 21 20 4
942 18 17 5
943 21 21 5
944 15 15 5
945 25 25 5
946 21 20 6
947 18 18 4
948 14 13 5
949 19 18 6
950 22 22 6
951 10 10 4
952 20 19 5
953 25 24 4
954 22 21 5
955 23 22 6
956 28 28 4
957 16 15 5
958 31 31 7
959 29 28 6
960 20 20 4
961 20 19 5
962 19 18 6
963 18 18 4
964 28 27 5
965 33 33 5
966 15 14 4
967 20 19 5
968 25 25 5
969 23 22 4
970 26 25 5
971 17 16 4
972 20 19 5
973 17 17 5
974 27 26 4
975 18 17 5
976 29 28 6
977 18 18 4
978 18 17 5
979 17 16 6
980 26 26 6
981 32 32 4
982 20 19 5
983 17 16 6
984 32 32 4
985 26 25 5
986 23 22 6
987 20 20 4
988 22 21 5
989 21 21 7
990 19 18 4
991 12 11 5
992 23 23 7
993 19 18 4
994 30 29 5
995 21 20 4
996 14 13 5
997 29 28 6
998 16 15 5
999 17 17 5
1000 15 14 6
1001 10 10 4
1002 12 11 5
1003 15 15 5
1004 23 22 6
1005 22 22 4
1006 22 21 5
1007 27 27 5
1008 13 12 4
1009 32 31 5
1010 39 38 4
1011 18 17 5
1012 43 42 6
1013 20 20 4
1014 26 25 5
1015 31 30 4
1016 40 39 5
1017 29 28 4
1018 26 25 5
1019 33 32 4
1020 24 23 5
1021 31 30 4
1022 30 29 5
1023 39 38 4
1024 30 29 5
1025 39 39 5
1026 35 34 6
1027 40 40 4
1028 28 27 5
1029 47 46 6
1030 20 20 4
1031 36 35 5
1032 37 36 4
1033 22 21 5
1034 19 18 4
1035 22 21 5
1036 35 34 4
1037 28 27 5
1038 21 20 4
1039 26 25 5
1040 29 28 6
1041 32 32 6
1042 36 35 5
1043 39 38 4
1044 36 35 5
1045 29 28 6
1046 46 46 10
1047 34 34 4
1048 34 33 7
1049 35 34 4
1050 18 17 5
1051 43 42 6
1052 28 28 4
1053 32 31 7
1054 25 24 4
1055 36 35 9
1056 19 18 4
1057 36 35 5
1058 29 29 5
1059 25 24 4
1060 34 33 5
1061 31 31 9
1062 33 32 8
1063 28 28 6
1064 36 35 7
1065 29 28 10
1066 28 28 8
1067 30 30 8
1068 26 26 4
1069 36 35 13
1070 35 34 10
1071 32 31 9
1072 27 27 5
1073 17 16 6
1074 14 14 4
1075 34 33 5
1076 27 27 5
1077 19 18 4
1078 34 33 5
1079 17 16 4
1080 28 27 5
1081 25 25 7
1082 21 21 5
1083 27 26 10
1084 30 30 8
1085 18 18 4
1086 24 23 7
1087 17 16 6
1088 28 27 5
1089 29 28 6
1090 22 21 5
1091 25 25 5
1092 23 22 4
1093 24 23 5
1094 29 29 7
1095 19 18 4
1096 28 27 5
1097 23 23 7
1098 23 22 8
1099 24 24 6
1100 26 26 4
1101 38 37 5
1102 23 23 5
1103 11 11 5
1104 31 30 6
1105 18 17 5
1106 21 21 5
1107 23 22 4
1108 20 19 5
1109 23 22 6
1110 14 13 5
1111 25 24 6
1112 28 28 6
1113 14 14 4
1114 24 23 5
1115 9 9 5
1116 13 13 7
1117 13 12 6
1118 14 14 4
1119 28 27 7
1120 23 22 6
1121 22 22 6
1122 16 16 4
1123 24 23 7
1124 19 18 6
1125 14 13 5
1126 13 13 5
1127 21 21 5
1128 21 20 4
1129 28 27 5
1130 23 22 6
1131 20 19 5
1132 21 20 6
1133 20 20 4
1134 20 19 5
1135 17 16 4
1136 26 25 5
1137 23 22 6
1138 16 16 4
1139 16 15 5
1140 13 12 4
1141 22 21 5
1142 19 19 5
1143 35 34 4
1144 20 19 5
1145 27 26 8
1146 12 12 4
1147 12 11 5
1148 11 10 6
1149 16 16 4
1150 24 23 5
1151 13 12 6
1152 18 18 4
1153 14 13 5
1154 15 14 4
1155 22 21 5
1156 21 20 4
1157 18 17 5
1158 13 12 4
1159 24 23 5
1160 17 17 5
1161 17 16 6
1162 12 12 4
1163 28 27 7
1164 21 20 4
1165 20 19 7
1166 27 26 6
1167 22 22 6
1168 12 12 4
1169 22 21 5
1170 15 14 4
1171 16 15 5
1172 31 31 5
1173 15 15 5
1174 15 14 4
1175 22 21 5
1176 17 17 5
1177 17 16 4
1178 14 13 5
1179 19 18 6
1180 22 22 6
1181 18 18 6
1182 16 16 4
1183 18 17 5
1184 15 15 5
1185 9 8 4
1186 12 11 5
1187 5 5 5
1188 10 9 5
1189 17 17 5
1190 13 12 6
1191 20 20 6
1192 12 12 4
1193 12 11 7
1194 33 32 4
1195 16 15 7
1196 15 15 5
1197 19 18 4
1198 16 15 5
1199 19 18 6
1200 20 20 4
1201 26 25 7
1202 25 24 4
1203 18 17 7
1204 17 16 4
1205 12 11 5
1206 23 22 4
1207 14 13 5
1208 15 14 4
1209 20 19 5
1210 21 20 4
1211 22 21 5
1212 9 8 4
1213 12 11 5
1214 11 11 5
1215 17 17 5
1216 17 17 5
1217 19 18 4
1218 16 15 5
1219 15 15 5
1220 9 8 4
1221 18 17 5
1222 15 15 5
1223 21 20 6
1224 10 10 6
1225 18 18 6
1226 12 12 4
1227 18 17 5
1228 15 15 5
1229 15 15 5
1230 23 22 6
1231 12 12 6
1232 14 14 4
1233 30 29 7
1234 15 14 4
1235 20 19 5
1236 23 22 6
1237 22 22 6
1238 16 16 6
1239 16 16 4
1240 12 11 5
1241 13 13 5
1242 13 12 4
1243 20 19 5
1244 31 30 6
1245 14 13 5
1246 15 14 4
1247 18 17 5
1248 5 5 5
1249 14 13 5
1250 23 23 7
1251 9 8 4
1252 24 23 5
1253 23 22 6
1254 18 17 5
1255 19 18 4
1256 36 35 7
1257 21 20 6
1258 18 18 4
1259 22 21 5
1260 33 33 5
1261 25 24 6
1262 18 18 4
1263 14 13 5
1264 27 27 5
1265 25 24 6
1266 20 19 5
1267 35 35 5
1268 33 33 5
1269 43 42 4
1270 26 25 5
1271 15 15 5
1272 13 13 5
1273 17 17 5
1274 23 23 5
1275 11 11 5
1276 23 23 7
1277 13 12 4
1278 18 17 5
1279 15 15 5
1280 11 11 5
1281 9 9 5
1282 27 26 4
1283 22 21 7
1284 23 22 6
1285 14 14 4
1286 12 11 5
1287 13 12 6
1288 10 10 4
1289 16 15 5
1290 17 16 6
1291 22 22 4
1292 16 15 5
1293 19 19 5
1294 13 12 6
1295 20 20 6
1296 12 12 6
1297 20 20 6
1298 8 8 4
1299 20 19 5
1300 17 16 6
1301 18 18 6
1302 22 22 6
1303 18 18 4
1304 20 19 5
1305 21 21 5
1306 15 14 6
1307 14 14 6
1308 20 20 4
1309 16 15 5
1310 9 9 5
1311 13 12 4
1312 14 13 5
1313 15 14 6
1314 14 13 5
1315 21 20 6
1316 16 16 4
1317 16 15 5
1318 21 21 7
1319 11 10 4
1320 28 27 5
1321 13 12 4
1322 16 15 5
1323 9 9 5
1324 11 11 5
1325 13 12 6
1326 14 14 4
1327 14 13 5
1328 9 8 4
1329 26 25 7
1330 15 14 4
1331 26 25 5
1332 15 14 4
1333 30 29 5
1334 21 21 5
1335 21 21 5
1336 19 19 5
1337 25 24 6
1338 12 11 5
1339 13 12 4
1340 16 15 5
1341 13 12 4
1342 16 15 5
1343 13 12 6
1344 20 20 4
1345 16 15 5
1346 25 24 4
1347 16 15 5
1348 19 18 4
1349 20 19 5
1350 23 23 5
1351 29 28 6
1352 16 16 4
1353 16 15 5
1354 17 16 6
1355 18 18 4
1356 12 11 5
1357 21 21 5
1358 29 28 6
1359 32 32 4
1360 26 25 5
1361 23 22 6
1362 10 10 4
1363 18 17 5
1364 15 15 5
1365 27 27 5
1366 15 14 4
1367 18 17 5
1368 25 24 4
1369 16 15 5
1370 17 16 4
1371 14 13 5
1372 23 22 4
1373 12 11 5
1374 23 22 4
1375 22 21 5
1376 17 17 5
1377 17 16 4
1378 22 21 5
1379 23 23 5
1380 23 22 4
1381 22 21 5
1382 19 18 4
1383 30 29 5
1384 27 26 4
1385 26 25 5
1386 27 27 5
1387 15 14 4
1388 22 21 5
1389 19 18 4
1390 30 29 5
1391 27 27 5
1392 23 22 4
1393 24 23 5
1394 31 30 4
1395 20 19 5
1396 25 24 6
1397 22 22 4
1398 30 29 5
1399 33 32 4
1400 20 19 5
1401 19 18 6
1402 16 16 4
1403 28 27 5
1404 49 48 4
1405 32 31 5
1406 15 15 5
1407 21 20 4
1408 18 17 5
1409 33 32 6
1410 38 38 6
1411 26 26 6
1412 40 40 6
1413 22 21 5
1414 21 20 4
1415 26 25 5
1416 45 44 4
1417 40 39 5
1418 33 32 6
1419 20 20 4
1420 24 23 5
1421 45 45 7
1422 27 27 5
1423 37 36 4
1424 34 33 5
1425 37 36 6
1426 30 30 4
1427 36 35 5
1428 31 31 5
1429 23 23 5
1430 33 32 6
1431 28 28 4
1432 32 31 5
1433 35 35 7
1434 25 24 4
1435 34 33 5
1436 33 33 5
1437 29 28 4
1438 30 29 11
1439 49 48 6
1440 30 30 10
1441 12 12 4
1442 20 19 5
1443 27 27 5
1444 13 13 5
1445 19 19 5
1446 31 30 4
1447 22 21 5
1448 33 33 7
1449 39 38 6
1450 22 21 5
1451 27 26 4
1452 30 29 7
1453 29 28 6
1454 38 38 8
1455 20 20 8
1456 30 30 6
1457 36 36 8
1458 32 31 5
1459 25 24 12
1460 22 22 6
1461 42 41 13
1462 49 48 14
1463 30 30 4
1464 14 13 5
1465 23 22 6
1466 32 32 6
1467 38 38 8
1468 34 34 6
1469 26 26 6
1470 22 22 6
1471 26 26 6
1472 28 27 5
1473 21 21 5
1474 23 22 6
1475 20 20 4
1476 20 19 5
1477 27 26 4
1478 44 43 7
1479 23 23 5
1480 17 17 5
1481 31 30 6
1482 34 33 13
1483 31 30 4
1484 30 29 9
1485 35 35 7
1486 23 22 4
1487 32 31 5
1488 13 13 5
1489 17 17 5
1490 45 44 6
1491 24 23 5
1492 21 21 5
1493 31 31 7
1494 21 20 6
1495 16 16 4
1496 32 31 9
1497 23 23 5
1498 33 33 7
1499 23 22 8
1500 30 29 7
1501 17 16 6
1502 28 28 10
1503 34 33 5
1504 31 31 7
1505 41 41 9
1506 39 39 11
1507 19 18 4
1508 28 27 7
1509 25 25 5
1510 55 55 15
1511 19 19 5
1512 33 32 4
1513 20 19 5
1514 21 21 5
1515 25 25 7
1516 35 34 8
1517 22 21 5
1518 21 20 8
1519 26 26 6
1520 26 26 8
1521 18 18 6
1522 20 20 4
1523 26 25 5
1524 29 28 6
1525 14 14 4
1526 26 25 5
1527 23 23 5
1528 37 37 5
1529 37 36 6
1530 18 17 5
1531 25 24 4
1532 18 17 5
1533 29 28 6
1534 44 44 4
1535 36 35 5
1536 27 26 4
1537 30 29 5
1538 21 20 4
1539 34 33 5
1540 25 24 4
1541 28 27 5
1542 23 23 5
1543 33 33 5
1544 23 22 4
1545 24 23 5
1546 21 20 4
1547 34 33 5
1548 19 18 6
1549 20 19 5
1550 17 16 4
1551 16 15 5
1552 21 20 4
1553 18 17 5
1554 15 14 6
1555 16 16 4
1556 22 21 5
1557 31 30 4
1558 20 19 5
1559 27 26 6
1560 12 12 4
1561 24 23 5
1562 21 20 4
1563 16 15 5
1564 21 20 4
1565 14 13 5
1566 15 15 5
1567 13 12 4
1568 18 17 5
1569 13 12 4
1570 12 11 5
1571 13 12 4
1572 16 15 5
1573 21 21 5
1574 21 20 6
1575 12 12 4
1576 16 15 5
1577 17 16 6
1578 16 16 4
1579 12 11 5
1580 25 24 6
1581 12 11 5
1582 9 8 4
1583 26 25 5
1584 19 18 4
1585 14 13 5
1586 11 10 4
1587 16 15 5
1588 15 15 5
1589 19 18 6
1590 10 10 6
1591 14 14 6
1592 14 14 4
1593 32 31 5
1594 27 26 4
1595 24 23 5
1596 23 22 6
1597 12 12 4
1598 20 19 5
1599 25 24 4
1600 40 39 5
1601 41 40 6
1602 28 27 5
1603 33 32 4
1604 36 35 7
1605 33 33 5
1606 35 34 6
1607 62 62 10
1608 60 60 8
1609 44 44 8
1610 26 26 6
1611 34 33 5
1612 19 19 5
1613 39 39 5
1614 35 34 4
1615 24 23 5
1616 35 34 6
1617 28 27 5
1618 25 24 6
1619 44 44 12
1620 14 14 4
1621 26 25 5
1622 19 18 6
1623 26 26 6
1624 24 24 6
1625 16 16 4
1626 28 27 7
1627 25 24 4
1628 24 23 5
1629 13 12 4
1630 22 21 5
1631 17 16 4
1632 26 25 5
1633 23 22 4
1634 20 19 5
1635 19 18 6
1636 18 18 6
1637 22 22 4
1638 22 21 5
1639 19 19 5
1640 17 16 4
1641 26 25 7
1642 25 24 6
1643 24 24 4
1644 18 17 5
1645 21 20 4
1646 22 21 5
1647 23 23 5
1648 17 16 4
1649 16 15 5
1650 15 14 6
1651 24 23 5
1652 15 15 5
1653 17 16 4
1654 20 19 5
1655 13 12 4
1656 22 21 5
1657 23 23 5
1658 27 26 4
1659 24 23 5
1660 17 16 4
1661 16 15 5
1662 13 13 5
1663 17 16 6
1664 6 6 6
1665 11 10 4
1666 14 13 5
1667 19 19 5
1668 17 17 5
1669 23 22 6
1670 12 12 4
1671 22 21 5
1672 19 19 5
1673 19 18 6
1674 14 14 4
1675 22 21 5
1676 11 11 5
1677 9 8 4
1678 18 17 5
1679 19 18 6
1680 22 22 6
1681 18 18 4
1682 12 11 5
1683 19 18 4
1684 12 11 5
1685 17 16 6
1686 16 15 5
1687 17 16 6
1688 12 12 4
1689 20 19 5
1690 9 9 5
1691 13 12 6
1692 14 14 4
1693 16 15 5
1694 17 16 6
1695 10 10 4
1696 16 15 7
1697 13 12 4
1698 20 19 5
1699 17 17 5
1700 11 10 4
1701 22 21 5
1702 15 14 4
1703 16 15 7
1704 19 18 6
1705 24 24 6
1706 16 16 4
1707 14 13 5
1708 17 16 6
1709 18 18 6
1710 16 16 4
1711 30 29 5
1712 17 16 4
1713 16 15 5
1714 19 18 4
1715 16 15 5
1716 19 18 4
1717 18 17 7
1718 19 18 4
1719 12 11 5
1720 19 19 5
1721 13 13 5
1722 19 18 6
1723 22 22 6
1724 22 22 4
1725 12 11 5
1726 23 22 6
1727 14 14 4
1728 12 11 5
1729 15 14 4
1730 18 17 7
1731 19 18 4
1732 36 35 5
1733 17 17 7
1734 11 10 4
1735 14 13 5
1736 19 18 6
1737 18 17 5
1738 15 14 4
1739 30 29 7
1740 15 14 4
1741 20 19 5
1742 7 7 7
1743 24 24 4
1744 18 17 5
1745 25 24 6
1746 20 20 6
1747 26 26 6
1748 18 18 4
1749 12 11 5
1750 13 12 4
1751 20 19 5
1752 23 22 6
1753 18 18 4
1754 10 9 5
1755 19 19 5
1756 15 15 5
1757 17 16 6
1758 12 12 4
1759 16 15 5
1760 19 18 6
1761 16 16 6
1762 16 15 5
1763 11 10 6
1764 22 22 6
1765 22 22 6
1766 16 16 6
1767 12 12 4
1768 18 17 5
1769 21 20 8
1770 18 18 4
1771 26 25 5
1772 25 24 4
1773 12 11 5
1774 9 8 4
1775 24 23 7
1776 11 10 4
1777 16 15 5
1778 9 9 5
1779 19 19 5
1780 19 18 6
1781 12 12 4
1782 12 11 5
1783 23 23 5
1784 19 18 4
1785 22 21 5
1786 15 15 5
1787 21 20 6
1788 24 24 4
1789 22 21 5
1790 9 9 5
1791 29 28 4
1792 24 23 5
1793 21 20 4
1794 22 21 5
1795 27 26 6
1796 28 28 4
1797 32 31 5
1798 33 33 5
1799 27 26 6
1800 28 27 5
1801 27 27 5
1802 21 20 4
1803 28 27 5
1804 41 41 5
1805 41 40 6
1806 26 26 6
1807 40 40 6
1808 36 36 6
1809 26 26 4
1810 34 33 5
1811 37 36 6
1812 22 22 6
1813 38 37 5
1814 57 56 6
1815 62 62 6
1816 42 42 4
1817 34 33 5
1818 31 30 4
1819 40 39 5
1820 35 34 4
1821 44 43 5
1822 45 44 4
1823 20 19 5
1824 39 38 4
1825 38 37 5
1826 25 24 4
1827 36 35 5
1828 45 44 4
1829 28 27 5
1830 27 27 9
1831 21 20 6
1832 28 27 5
1833 31 31 5
1834 53 52 10
1835 42 41 5
1836 29 29 5
1837 45 44 8
1838 26 26 6
1839 16 16 4
1840 32 31 5
1841 37 37 11
1842 23 23 5
1843 37 36 8
1844 24 24 4
1845 26 25 5
1846 27 26 4
1847 42 41 5
1848 35 35 5
1849 23 22 4
1850 34 33 5
1851 21 20 6
1852 30 29 9
1853 43 43 9
1854 51 51 7
1855 37 37 13
1856 27 26 6
1857 20 19 5
1858 33 32 6
1859 24 24 4
1860 34 33 5
1861 35 34 4
1862 20 19 5
1863 25 24 6
1864 18 18 6
1865 26 26 4
1866 32 31 5
1867 25 25 5
1868 17 16 4
1869 20 19 5
1870 25 25 5
1871 41 40 6
1872 42 42 12
1873 22 21 9
1874 37 37 7
1875 35 34 10
1876 34 34 8
1877 22 22 6
1878 28 28 4
1879 24 23 5
1880 19 18 4
1881 38 37 9
1882 49 49 7
1883 29 29 11
1884 35 34 10
1885 28 28 8
1886 22 21 5
1887 29 28 6
1888 28 28 6
1889 34 33 7
1890 31 30 4
1891 38 37 9
1892 33 33 11
1893 21 21 5
1894 29 28 6
1895 36 36 10
1896 20 20 4
1897 30 29 5
1898 41 41 13
1899 37 37 11
1900 29 28 6
1901 38 38 8
1902 28 27 5
1903 23 22 4
1904 36 35 7
1905 29 29 5
1906 29 29 7
1907 31 31 5
1908 31 31 7
1909 43 43 5
1910 27 27 5
1911 35 34 4
1912 28 27 5
1913 21 21 7
1914 11 11 5
1915 25 24 4
1916 22 21 5
1917 31 30 4
1918 26 25 5
1919 31 30 6
1920 22 22 4
1921 24 23 5
1922 27 27 5
1923 21 20 4
1924 28 27 5
1925 31 30 6
1926 34 34 4
1927 14 13 5
1928 27 26 4
1929 26 25 5
1930 21 20 4
1931 40 39 5
1932 15 14 4
1933 34 33 9
1934 29 29 5
1935 25 24 6
1936 18 18 4
1937 20 19 5
1938 31 30 4
1939 26 25 5
1940 27 26 4
1941 32 31 5
1942 21 20 6
1943 18 18 4
1944 28 27 5
1945 33 33 5
1946 31 31 5
1947 31 30 4
1948 14 13 5
1949 23 22 4
1950 26 25 5
1951 27 26 6
1952 26 26 6
1953 26 26 4
1954 28 27 5
1955 19 18 4
1956 32 31 5
1957 29 29 5
1958 27 27 5
1959 21 20 4
1960 34 33 5
1961 31 31 5
1962 17 17 5
1963 27 26 4
1964 18 17 5
1965 17 16 4
1966 20 19 5
1967 35 34 6
1968 28 28 4
1969 28 27 5
1970 35 34 4
1971 20 19 5
1972 23 22 4
1973 30 29 5
1974 35 35 5
1975 43 43 5
1976 51 50 4
1977 18 17 5
1978 27 27 5
1979 27 26 4
1980 48 47 5
1981 45 45 7
1982 39 39 7
1983 43 42 6
1984 22 22 6
1985 40 40 4
1986 26 25 5
1987 23 22 4
1988 40 39 5
1989 27 27 5
1990 35 34 6
1991 28 28 8
1992 20 19 5
1993 43 43 7
1994 55 55 9
1995 49 49 5
1996 37 37 7
1997 31 31 7
1998 35 34 8
1999 16 16 4
2000 26 25 5
2001 13 13 5
2002 27 26 8
2003 20 20 4
2004 32 31 7
2005 19 18 6
2006 20 20 4
2007 24 23 5
2008 17 17 5
2009 17 17 5
2010 37 37 5
2011 31 31 5
2012 27 26 6
2013 42 42 6
2014 14 14 4
2015 34 33 5
2016 15 15 5
2017 19 18 4
2018 28 27 5
2019 37 36 4
2020 18 17 5
2021 21 20 4
2022 26 25 5
2023 29 28 6
2024 16 16 4
2025 14 13 5
2026 17 16 4
2027 26 25 5
2028 17 16 4
2029 16 15 5
2030 21 20 6
2031 10 10 4
2032 26 25 7
2033 19 18 6
2034 18 18 4
2035 24 23 5
2036 15 14 6
2037 24 23 5
2038 19 18 4
2039 26 25 5
2040 19 18 6
2041 24 24 4
2042 24 23 5
2043 23 22 6
2044 22 22 4
2045 32 31 5
2046 29 29 5
2047 25 24 4
2048 22 21 5
2049 21 21 7
2050 21 20 4
2051 36 35 5
2052 27 27 5
2053 33 33 5
2054 13 13 5
2055 25 24 4
2056 20 19 5
2057 25 24 4
2058 20 19 5
2059 29 28 4
2060 24 23 5
2061 17 16 6
2062 22 22 6
2063 26 26 4
2064 32 31 5
2065 19 18 4
2066 32 31 5
2067 31 31 5
2068 27 26 4
2069 16 15 5
2070 9 8 4
2071 24 23 5
2072 27 27 5
2073 21 21 5
2074 19 18 4
2075 22 21 5
2076 15 14 4
2077 14 13 5
2078 17 17 5
2079 17 16 4
2080 14 13 5
2081 15 14 4
2082 20 19 5
2083 23 22 4
2084 24 23 5
2085 25 24 4
2086 24 23 5
2087 15 14 4
2088 16 15 5
2089 27 27 5
2090 21 20 4
2091 26 25 7
2092 19 18 4
2093 24 23 5
2094 15 14 4
2095 14 13 5
2096 17 16 6
2097 8 8 4
2098 22 21 5
2099 17 16 4
2100 22 21 5
2101 13 12 4
2102 14 13 5
2103 17 17 5
2104 17 16 6
2105 12 12 4
2106 14 13 5
2107 19 18 6
2108 18 17 5
2109 35 34 6
2110 22 22 6
2111 14 14 6
2112 10 10 4
2113 18 17 7
2114 19 18 4
2115 16 15 5
2116 25 24 4
2117 14 13 5
2118 25 24 4
2119 12 11 5
2120 11 10 4
2121 30 29 7
2122 11 10 4
2123 14 13 5
2124 19 18 4
2125 18 17 5
2126 13 13 5
2127 7 6 5
2128 13 12 4
2129 22 21 7
2130 17 16 4
2131 10 9 5
2132 25 24 6
2133 16 15 5
2134 19 18 6
2135 10 10 4
2136 20 19 5
2137 13 12 4
2138 14 13 5
2139 13 13 5
2140 11 11 5
2141 11 10 4
2142 30 29 7
2143 11 10 4
2144 12 11 5
2145 13 12 4
2146 14 13 7
2147 19 18 4
2148 14 13 5
2149 17 16 4
2150 18 17 5
2151 13 13 5
2152 9 8 4
2153 12 11 5
2154 23 23 5
2155 21 20 6
2156 24 24 4
2157 18 17 5
2158 15 15 5
2159 31 30 6
2160 22 22 4
2161 26 25 5
2162 23 22 6
2163 20 20 4
2164 16 15 5
2165 19 18 4
2166 20 19 5
2167 29 29 5
2168 19 19 5
2169 13 12 4
2170 26 25 5
2171 19 18 4
2172 24 23 5
2173 35 35 5
2174 29 28 4
2175 28 27 7
2176 15 14 4
2177 32 31 7
2178 23 22 4
2179 30 29 5
2180 25 24 4
2181 16 15 5
2182 11 10 4
2183 28 27 5
2184 23 22 4
2185 28 27 5
2186 31 30 6
2187 14 13 5
2188 21 20 4
2189 24 23 5
2190 17 17 5
2191 19 19 5
2192 27 26 4
2193 26 25 5
2194 23 22 6
2195 14 13 5
2196 29 28 6
2197 26 26 4
2198 28 27 5
2199 31 31 5
2200 27 27 5
2201 43 42 8
2202 18 18 4
2203 24 23 5
2204 25 24 6
2205 22 22 4
2206 28 27 5
2207 27 27 5
2208 23 22 6
2209 26 26 6
2210 16 16 4
2211 28 27 5
2212 23 23 5
2213 27 26 6
2214 12 12 6
2215 26 26 4
2216 22 21 5
2217 35 34 8
2218 20 20 8
2219 24 23 5
2220 21 20 6
2221 24 24 6
2222 34 33 9
2223 21 21 5
2224 31 31 7
2225 29 28 8
2226 20 19 5
2227 25 25 5
2228 31 30 8
2229 14 14 4
2230 20 19 5
2231 27 27 7
2232 37 37 11
2233 19 19 5
2234 15 15 5
2235 19 18 4
2236 20 19 5
2237 19 18 4
2238 20 19 7
2239 21 20 6
2240 16 16 4
2241 24 23 9
2242 17 16 4
2243 30 29 5
2244 15 15 5
2245 25 25 5
2246 15 14 4
2247 22 21 5
2248 13 13 5
2249 21 21 9
2250 17 16 4
2251 30 29 9
2252 19 18 6
2253 42 41 9
2254 29 28 10
2255 14 14 4
2256 14 13 5
2257 29 28 4
2258 22 21 5
2259 17 17 5
2260 25 25 5
2261 33 33 5
2262 33 32 8
2263 22 22 8
2264 18 18 8
2265 28 28 6
2266 26 26 6
2267 32 31 9
2268 29 29 7
2269 25 25 5
2270 33 33 11
2271 17 17 7
2272 31 30 8
2273 58 57 13
2274 33 32 6
2275 18 17 5
2276 21 21 5
2277 19 19 5
2278 37 37 7
2279 21 20 6
2280 24 23 5
2281 21 20 4
2282 22 21 5
2283 27 26 6
2284 24 23 7
2285 25 24 6
2286 14 13 5
2287 29 28 6
2288 30 29 5
2289 31 30 10
2290 32 32 8
2291 22 21 5
2292 25 24 6
2293 20 19 5
2294 19 19 5
2295 31 30 8
2296 30 30 8
2297 20 20 8
2298 22 22 6
2299 24 23 7
2300 23 22 8
2301 18 17 5
2302 27 26 8
2303 18 18 4
2304 16 15 5
2305 9 9 5
2306 23 22 6
2307 18 18 4
2308 18 17 5
2309 23 22 6
2310 24 24 4
2311 26 25 5
2312 33 32 8
2313 14 13 5
2314 33 32 6
2315 30 30 8
2316 24 24 6
2317 16 16 4
2318 26 25 5
2319 21 21 5
2320 19 19 7
2321 25 24 6
2322 16 16 4
2323 28 27 5
2324 25 24 4
2325 28 27 5
2326 17 16 6
2327 30 29 9
2328 33 32 10
2329 22 22 4
2330 32 31 5
2331 33 32 4
2332 24 23 5
2333 33 33 5
2334 33 33 9
2335 25 25 7
2336 23 23 5
2337 25 24 6
2338 16 15 5
2339 17 16 4
2340 20 19 5
2341 37 36 4
2342 32 31 9
2343 37 36 10
2344 28 27 5
2345 21 20 6
2346 34 34 8
2347 20 20 4
2348 20 19 5
2349 37 37 5
2350 17 16 4
2351 36 35 5
2352 31 30 8
2353 12 12 4
2354 40 39 5
2355 25 24 4
2356 24 23 5
2357 11 11 5
2358 19 18 4
2359 20 19 5
2360 19 18 4
2361 34 33 7
2362 39 38 8
2363 38 38 6
2364 42 42 8
2365 30 30 6
2366 22 22 4
2367 36 35 5
2368 29 28 4
2369 30 29 5
2370 23 22 6
2371 32 32 6
2372 16 16 4
2373 28 27 5
2374 31 31 5
2375 19 19 5
2376 33 32 4
2377 20 19 5
2378 23 22 4
2379 26 25 5
2380 43 42 4
2381 28 27 5
2382 21 21 5
2383 37 36 4
2384 32 31 5
2385 23 22 4
2386 24 23 5
2387 35 34 6
2388 30 30 4
2389 26 25 5
2390 31 30 4
2391 24 23 5
2392 31 30 6
2393 18 18 4
2394 24 23 5
2395 33 32 6
2396 22 22 4
2397 18 17 7
2398 13 12 4
2399 30 29 5
2400 39 38 6
2401 28 27 5
2402 21 21 5
2403 23 22 6
2404 14 14 4
2405 22 21 5
2406 31 31 5
2407 31 30 4
2408 28 27 5
2409 31 30 4
2410 36 35 5
2411 41 40 4
2412 36 35 5
2413 23 22 6
2414 18 18 4
2415 18 17 5
2416 23 22 4
2417 22 21 5
2418 39 38 4
2419 34 33 5
2420 25 25 5
2421 29 28 4
2422 16 15 5
2423 21 20 6
2424 24 24 4
2425 38 37 9
2426 25 24 4
2427 26 25 5
2428 15 14 4
2429 24 23 5
2430 19 18 4
2431 26 25 5
2432 25 25 5
2433 23 22 4
2434 24 23 7
2435 27 26 4
2436 16 15 5
2437 9 9 5
2438 31 30 6
2439 24 24 4
2440 22 21 5
2441 23 22 4
2442 16 15 5
2443 29 28 4
2444 12 11 5
2445 19 19 5
2446 11 11 5
2447 17 17 5
2448 15 15 5
2449 25 24 6
2450 20 20 4
2451 18 17 5
2452 15 14 4
2453 20 19 5
2454 23 22 6
2455 14 13 5
2456 23 23 5
2457 27 26 4
2458 10 9 5
2459 23 23 5
2460 21 20 6
2461 14 14 6
2462 14 14 4
2463 12 11 5
2464 7 6 5
2465 9 8 4
2466 22 21 5
2467 17 16 4
2468 20 19 5
2469 17 17 5
2470 15 14 4
2471 24 23 5
2472 19 19 5
2473 11 10 4
2474 14 13 5
2475 15 15 5
2476 7 6 5
2477 17 16 6
2478 22 22 4
2479 18 17 5
2480 17 16 4
2481 22 21 5
2482 7 6 5
2483 15 14 6
2484 28 28 4
2485 26 25 7
2486 21 20 6
2487 22 22 4
2488 22 21 5
2489 11 11 5
2490 15 14 4
2491 12 11 5
2492 23 23 7
2493 27 26 4
2494 18 17 5
2495 19 18 4
2496 24 23 5
2497 19 18 6
2498 22 22 4
2499 20 19 5
2500 17 16 4
2501 12 11 5
2502 11 10 4
2503 10 9 5
2504 19 18 4
2505 22 21 5
2506 25 24 6
2507 10 9 5
2508 15 14 6
2509 20 20 4
2510 20 19 5
2511 13 13 5
2512 25 24 4
2513 18 17 5
2514 19 18 6
2515 18 18 4
2516 24 23 5
2517 17 16 6
2518 22 22 4
2519 12 11 5
2520 13 13 5
2521 21 20 4
2522 18 17 5
2523 9 8 4
2524 12 11 5
2525 15 15 5
2526 15 15 7
2527 13 12 4
2528 28 27 7
2529 17 16 4
2530 24 23 5
2531 19 18 8
2532 20 20 4
2533 26 25 5
2534 11 10 4
2535 10 9 5
2536 19 18 4
2537 20 19 5
2538 21 20 6
2539 22 22 4
2540 12 11 5
2541 19 18 6
2542 24 24 4
2543 20 19 5
2544 17 17 5
2545 11 11 5
2546 15 14 6
2547 12 12 4
2548 24 23 5
2549 19 18 4
2550 16 15 5
2551 15 14 6
2552 18 18 4
2553 20 19 5
2554 19 18 4
2555 24 23 7
2556 15 14 4
2557 18 17 5
2558 25 24 4
2559 20 19 5
2560 21 20 4
2561 16 15 5
2562 25 24 6
2563 16 16 4
2564 16 15 5
2565 25 24 6
2566 28 28 4
2567 16 15 5
2568 19 18 4
2569 24 23 5
2570 21 21 5
2571 23 22 6
2572 28 27 5
2573 15 14 4
2574 8 7 6
2575 8 8 4
2576 18 17 5
2577 19 18 6
2578 12 12 4
2579 20 19 5
2580 23 22 6
2581 14 14 4
2582 18 17 5
2583 17 16 6
2584 26 26 4
2585 22 21 5
2586 35 35 5
2587 17 16 4
2588 10 9 5
2589 19 18 6
2590 26 25 5
2591 17 16 4
2592 26 25 5
2593 13 12 6
2594 22 22 6
2595 24 24 4
2596 18 17 5
2597 27 26 4
2598 22 21 5
2599 41 41 5
2600 31 31 7
2601 23 22 6
2602 14 14 4
2603 32 31 5
2604 25 24 4
2605 20 19 5
2606 35 35 5
2607 23 23 5
2608 23 22 4
2609 22 21 5
2610 27 26 6
2611 36 36 4
2612 32 31 5
2613 19 18 4
2614 30 29 5
2615 37 37 5
2616 29 28 4
2617 32 31 5
2618 23 22 4
2619 42 41 5
2620 29 29 5
2621 45 45 5
2622 35 34 4
2623 22 21 5
2624 21 20 4
2625 22 21 5
2626 37 36 4
2627 28 27 5
2628 23 22 4
2629 30 29 5
2630 23 22 4
2631 26 25 5
2632 27 26 4
2633 40 39 5
2634 35 35 5
2635 21 20 4
2636 34 33 5
2637 27 26 4
2638 34 33 5
2639 21 20 4
2640 32 31 5
2641 23 22 4
2642 22 21 5
2643 39 39 5
2644 37 36 4
2645 36 35 5
2646 35 34 4
2647 46 45 7
2648 37 36 4
2649 46 45 5
2650 45 45 5
2651 31 30 4
2652 30 29 5
2653 43 42 4
2654 28 27 5
2655 37 36 6
2656 46 45 5
2657 25 24 4
2658 20 19 5
2659 51 50 4
2660 58 57 5
2661 43 42 4
2662 50 49 5
2663 35 34 6
2664 24 24 4
2665 40 39 5
2666 51 50 4
2667 42 41 5
2668 29 29 5
2669 35 34 4
2670 46 45 5
2671 43 42 4
2672 30 29 5
2673 33 32 6
2674 36 36 4
2675 30 29 5
2676 33 32 4
2677 32 31 5
2678 25 24 4
2679 34 33 5
2680 27 27 5
2681 35 34 4
2682 40 39 5
2683 39 38 4
2684 32 31 5
2685 51 50 6
2686 44 44 6
2687 30 30 4
2688 48 47 5
2689 47 46 4
2690 44 43 5
2691 31 30 4
2692 32 31 5
2693 49 48 6
2694 52 52 6
2695 36 36 6
2696 26 26 4
2697 42 41 5
2698 37 36 4
2699 38 37 5
2700 45 44 6
2701 42 41 5
2702 29 28 6
2703 46 45 5
2704 43 43 7
2705 53 52 6
2706 40 40 4
2707 40 39 7
2708 37 36 4
2709 24 23 5
2710 67 66 6
2711 42 41 5
2712 45 44 6
2713 32 32 4
2714 42 41 7
2715 51 51 5
2716 29 28 6
2717 72 72 8
2718 38 38 4
2719 44 43 11
2720 39 39 7
2721 31 31 5
2722 23 22 6
2723 26 26 6
2724 58 58 8
2725 42 42 10
2726 30 30 4
2727 28 27 5
2728 43 42 4
2729 36 35 7
2730 35 35 5
2731 27 26 4
2732 36 35 5
2733 37 36 8
2734 40 40 8
2735 38 37 5
2736 39 38 6
2737 42 42 6
2738 42 41 7
2739 31 31 5
2740 29 28 4
2741 44 43 7
2742 45 44 6
2743 28 28 4
2744 34 33 7
2745 35 35 5
2746 47 46 6
2747 28 27 7
2748 51 50 6
2749 40 40 6
2750 30 30 8
2751 42 42 6
2752 28 28 6
2753 38 37 5
2754 33 32 8
2755 22 21 5
2756 41 40 4
2757 26 25 5
2758 37 36 8
2759 34 33 5
2760 27 27 5
2761 43 42 6
2762 32 32 4
2763 30 29 5
2764 13 12 4
2765 30 29 5
2766 31 31 5
2767 49 49 5
2768 29 28 6
2769 22 22 4
2770 10 9 5
2771 23 22 4
2772 26 25 5
2773 17 16 4
2774 24 23 5
2775 37 36 4
2776 18 17 5
2777 19 18 4
2778 18 17 5
2779 27 27 5
2780 29 29 5
2781 27 26 8
2782 22 22 6
2783 22 22 4
2784 34 33 5
2785 19 18 4
2786 20 19 5
2787 19 18 6
2788 24 24 6
2789 28 28 6
2790 18 18 4
2791 16 15 5
2792 23 22 4
2793 22 21 5
2794 35 35 7
2795 21 20 4
2796 18 17 5
2797 21 20 4
2798 26 25 7
2799 31 30 4
2800 46 45 5
2801 17 16 4
2802 16 15 5
2803 25 24 4
2804 18 17 5
2805 21 20 4
2806 28 27 5
2807 27 26 6
2808 22 22 6
2809 24 24 4
2810 34 33 5
2811 29 28 4
2812 24 23 5
2813 23 22 6
2814 6 6 6
2815 15 14 4
2816 28 27 5
2817 19 18 4
2818 14 13 5
2819 27 26 6
2820 20 20 6
2821 22 22 4
2822 26 25 5
2823 43 42 6
2824 30 30 6
2825 24 24 6
2826 30 30 4
2827 36 35 5
2828 15 14 4
2829 24 23 5
2830 29 29 5
2831 25 25 5
2832 29 29 7
2833 27 26 6
2834 28 28 4
2835 24 23 5
2836 19 19 5
2837 23 22 6
2838 14 13 5
2839 23 22 4
2840 24 23 5
2841 17 17 5
2842 37 36 6
2843 16 16 4
2844 26 25 5
2845 11 11 5
2846 31 30 6
2847 14 13 5
2848 27 26 4
2849 26 25 5
2850 21 20 6
2851 24 24 6
2852 20 20 6
2853 34 34 6
2854 22 21 5
2855 29 28 6
2856 24 24 4
2857 28 27 5
2858 13 12 4
2859 20 19 5
2860 19 19 7
2861 13 12 4
2862 22 21 5
2863 19 18 4
2864 30 29 7
2865 11 11 5
2866 11 10 4
2867 26 25 7
2868 13 12 4
2869 14 13 5
2870 21 20 6
2871 14 13 5
2872 23 23 5
2873 15 15 5
2874 21 20 4
2875 24 23 5
2876 21 20 4
2877 16 15 5
2878 13 12 4
2879 18 17 7
2880 15 14 4
2881 14 13 5
2882 25 25 5
2883 17 17 7
2884 19 18 4
2885 16 15 5
2886 17 16 4
2887 16 15 5
2888 17 17 5
2889 19 18 4
2890 18 17 7
2891 17 16 4
2892 34 33 7
2893 21 20 4
2894 22 21 5
2895 17 16 4
2896 12 11 5
2897 29 28 4
2898 24 23 7
2899 25 24 4
2900 22 21 5
2901 21 20 6
2902 22 22 6
2903 16 16 4
2904 16 15 5
2905 27 26 6
2906 32 31 5
2907 29 28 6
2908 22 22 4
2909 12 11 5
2910 15 14 6
2911 12 12 4
2912 18 17 5
2913 11 11 5
2914 21 20 6
2915 16 15 5
2916 25 25 7
2917 11 10 4
2918 16 15 5
2919 13 13 5
2920 19 18 4
2921 14 13 5
2922 37 36 4
2923 30 29 5
2924 13 12 4
2925 14 13 5
2926 15 14 6
2927 12 12 4
2928 12 11 5
2929 19 18 6
2930 24 24 4
2931 22 21 5
2932 27 27 7
2933 15 14 4
2934 12 11 5
2935 19 18 4
2936 22 21 5
2937 31 30 6
2938 18 18 4
2939 10 9 5
2940 27 26 6
2941 14 13 5
2942 9 8 4
2943 14 13 5
2944 11 10 4
2945 18 17 7
2946 23 22 4
2947 30 29 5
2948 17 16 4
2949 18 17 5
2950 15 14 4
2951 28 27 5
2952 13 13 5
2953 21 20 4
2954 14 13 5
2955 25 24 6
2956 16 16 6
2957 30 29 7
2958 23 22 6
2959 10 10 4
2960 24 23 7
2961 31 30 4
2962 18 17 5
2963 11 10 4
2964 26 25 5
2965 15 14 6
2966 18 17 5
2967 19 18 6
2968 18 18 4
2969 16 15 5
2970 17 17 5
2971 19 19 5
2972 21 21 5
2973 15 15 5
2974 23 23 5
2975 33 32 6
2976 18 18 6
2977 28 28 6
2978 26 26 6
2979 28 28 6
2980 18 18 4
2981 18 17 5
2982 27 26 6
2983 10 10 4
2984 20 19 5
2985 31 30 4
2986 26 25 5
2987 23 22 6
2988 22 22 6
2989 6 6 6
2990 13 12 4
2991 22 21 5
2992 29 28 6
2993 30 29 5
2994 15 14 4
2995 18 17 5
2996 43 42 6
2997 20 20 4
2998 14 13 5
2999 27 26 6
3000 24 24 4
3001 20 19 5
3002 25 24 6
3003 30 30 4
3004 24 23 5
3005 17 16 6
3006 28 28 4
3007 34 33 5
3008 39 38 4
3009 20 19 5
3010 19 18 4
3011 38 37 5
3012 27 26 6
3013 52 52 6
3014 42 42 4
3015 36 35 5
3016 11 11 5
3017 23 22 6
3018 14 14 4
3019 46 45 5
3020 27 26 4
3021 50 49 5
3022 27 26 4
3023 36 35 5
3024 15 15 5
3025 27 26 4
3026 38 37 5
3027 49 48 4
3028 36 35 5
3029 43 42 4
3030 26 25 5
3031 37 36 6
3032 32 31 5
3033 21 20 4
3034 56 55 5
3035 49 49 5
3036 41 40 6
3037 44 44 6
3038 22 21 5
3039 17 17 5
3040 29 28 6
3041 24 24 4
3042 42 41 5
3043 47 46 4
3044 24 23 5
3045 33 32 4
3046 30 29 7
3047 55 54 8
3048 30 30 4
3049 30 29 5
3050 41 40 4
3051 32 31 5
3052 29 28 4
3053 28 27 5
3054 43 43 5
3055 39 39 7
3056 53 53 7
3057 43 42 6
3058 32 31 9
3059 39 39 7
3060 43 42 6
3061 50 50 10
3062 54 53 5
3063 31 30 6
3064 28 28 4
3065 38 37 5
3066 39 39 7
3067 31 30 4
3068 28 27 7
3069 37 36 10
3070 18 18 4
3071 32 31 7
3072 29 28 6
3073 32 32 6
3074 46 46 8
3075 48 47 9
3076 21 20 6
3077 36 36 8
3078 52 52 12
3079 42 41 11
3080 35 35 9
3081 29 28 6
3082 48 48 14
3083 48 47 9
3084 35 35 7
3085 31 30 10
3086 30 30 6
3087 32 32 8
3088 38 37 7
3089 33 33 9
3090 29 28 10
3091 36 36 10
3092 30 29 7
3093 41 40 10
3094 36 35 7
3095 37 36 12
3096 34 34 8
3097 22 21 5
3098 31 30 8
3099 16 16 4
3100 24 23 5
3101 47 46 12
3102 26 25 7
3103 29 28 6
3104 40 39 7
3105 29 29 5
3106 43 43 5
3107 33 32 6
3108 32 32 6
3109 28 27 9
3110 39 38 8
3111 26 25 5
3112 37 36 8
3113 24 23 7
3114 31 30 6
3115 36 35 13
3116 23 22 6
3117 24 24 6
3118 28 28 8
3119 26 25 5
3120 35 35 7
3121 21 21 5
3122 29 29 9
3123 27 26 6
3124 26 26 6
3125 26 25 5
3126 15 14 4
3127 22 21 5
3128 31 30 6
3129 28 27 5
3130 25 24 6
3131 24 24 6
3132 28 28 4
3133 28 27 5
3134 33 33 5
3135 39 39 9
3136 15 14 4
3137 22 21 5
3138 29 28 4
3139 18 17 5
3140 27 27 7
3141 23 23 7
3142 23 22 6
3143 26 26 10
3144 10 9 5
3145 15 14 6
3146 20 20 6
3147 24 24 6
3148 16 15 5
3149 15 14 6
3150 22 21 7
3151 17 16 4
3152 24 23 5
3153 29 28 4
3154 24 23 5
3155 21 21 5
3156 15 14 4
3157 12 11 5
3158 15 14 4
3159 12 11 5
3160 35 34 6
3161 16 16 4
3162 18 17 5
3163 21 20 4
3164 12 11 5
3165 15 14 4
3166 24 23 5
3167 17 17 5
3168 35 34 6
3169 20 20 6
3170 22 21 5
3171 19 18 6
3172 26 25 5
3173 17 16 4
3174 18 17 5
3175 21 20 4
3176 14 13 5
3177 17 16 4
3178 26 25 7
3179 13 12 6
3180 28 28 6
3181 12 12 4
3182 20 19 5
3183 19 19 5
3184 25 24 4
3185 20 19 5
3186 31 30 4
3187 16 15 5
3188 23 22 6
3189 22 22 6
3190 14 14 4
3191 18 17 5
3192 31 31 5
3193 25 24 4
3194 20 19 5
3195 25 25 5
3196 25 24 6
3197 16 16 4
3198 30 29 5
3199 19 19 5
3200 21 20 4
3201 30 29 5
3202 19 18 4
3203 18 17 5
3204 19 19 5
3205 13 12 4
3206 26 25 5
3207 15 15 5
3208 33 32 6
3209 28 27 5
3210 21 20 6
3211 20 19 5
3212 15 15 5
3213 11 10 4
3214 24 23 5
3215 21 20 4
3216 32 31 5
3217 17 16 4
3218 22 21 5
3219 17 17 5
3220 13 12 4
3221 12 11 5
3222 17 16 4
3223 16 15 5
3224 23 23 5
3225 9 8 4
3226 16 15 5
3227 29 28 6
3228 12 12 4
3229 24 23 5
3230 11 11 5
3231 5 5 5
3232 18 17 5
3233 23 22 6
3234 24 23 5
3235 11 10 4
3236 34 33 5
3237 25 25 7
3238 11 10 4
3239 14 13 5
3240 17 16 4
3241 18 17 5
3242 15 14 4
3243 20 19 5
3244 17 16 6
3245 16 15 5
3246 11 10 4
3247 20 19 5
3248 19 19 5
3249 15 14 6
3250 30 30 6
3251 16 16 4
3252 16 15 5
3253 9 8 4
3254 18 17 5
3255 15 14 6
3256 10 10 4
3257 32 31 5
3258 23 23 5
3259 29 28 6
3260 22 22 4
3261 18 17 5
3262 17 16 4
3263 30 29 5
3264 27 26 6
3265 12 12 4
3266 26 25 5
3267 21 20 4
3268 24 23 5
3269 9 9 5
3270 19 18 4
3271 20 19 5
3272 19 18 4
3273 22 21 5
3274 29 29 7
3275 27 26 4
3276 34 33 7
3277 21 20 4
3278 24 23 5
3279 29 28 6
3280 14 14 4
3281 36 35 5
3282 29 29 5
3283 21 20 6
3284 24 24 6
3285 14 14 4
3286 30 29 5
3287 15 15 5
3288 29 28 4
3289 40 39 5
3290 31 31 5
3291 39 38 6
3292 28 28 4
3293 32 31 5
3294 31 30 4
3295 40 39 5
3296 35 34 4
3297 38 37 5
3298 19 19 5
3299 39 39 5
3300 17 16 4
3301 38 37 7
3302 29 28 4
3303 36 35 5
3304 33 33 5
3305 33 32 4
3306 18 17 5
3307 21 20 4
3308 28 27 5
3309 33 32 6
3310 44 44 4
3311 30 29 5
3312 27 26 4
3313 38 37 5
3314 19 18 6
3315 28 28 4
3316 30 29 5
3317 23 22 4
3318 24 23 5
3319 29 28 4
3320 22 21 5
3321 15 14 4
3322 26 25 5
3323 13 12 6
3324 14 14 4
3325 28 27 5
3326 21 20 4
3327 16 15 5
3328 31 30 6
3329 12 12 4
3330 22 21 5
3331 17 16 6
3332 20 20 4
3333 22 21 5
3334 5 5 5
3335 28 27 5
3336 11 10 4
3337 18 17 5
3338 13 12 4
3339 22 21 5
3340 17 16 4
3341 16 15 5
3342 15 15 5
3343 21 20 4
3344 22 21 5
3345 25 24 6
3346 16 16 4
3347 22 21 5
3348 21 20 4
3349 24 23 5
3350 9 9 5
3351 17 16 4
3352 16 15 5
3353 23 22 6
3354 14 14 4
3355 24 23 5
3356 15 14 6
3357 16 16 6
3358 18 18 4
3359 18 17 5
3360 25 24 4
3361 18 17 5
3362 15 15 5
3363 15 14 4
3364 10 9 5
3365 13 12 4
3366 24 23 5
3367 19 18 4
3368 26 25 5
3369 13 13 5
3370 15 14 6
3371 12 12 4
3372 20 19 5
3373 19 18 4
3374 22 21 5
3375 21 20 4
3376 12 11 5
3377 25 24 6
3378 18 18 4
3379 14 13 5
3380 17 16 6
3381 20 20 6
3382 18 18 4
3383 16 15 5
3384 19 18 4
3385 16 15 5
3386 9 8 4
3387 18 17 5
3388 31 31 5
3389 29 29 5
3390 17 16 4
3391 10 9 5
3392 23 22 6
3393 14 14 4
3394 20 19 5
3395 29 28 6
3396 14 14 4
3397 16 15 5
3398 11 10 4
3399 12 11 5
3400 11 10 4
3401 14 13 5
3402 21 21 5
3403 25 25 5
3404 23 23 5
3405 15 14 4
3406 18 17 5
3407 15 14 4
3408 18 17 5
3409 29 28 6
3410 24 24 4
3411 20 19 5
3412 15 14 4
3413 10 9 5
3414 13 12 4
3415 18 17 5
3416 19 19 5
3417 15 14 4
3418 28 27 7
3419 11 10 4
3420 18 17 5
3421 11 11 5
3422 17 16 4
3423 18 17 5
3424 19 18 4
3425 20 19 5
3426 19 19 5
3427 21 20 4
3428 14 13 5
3429 13 13 5
3430 25 24 4
3431 22 21 5
3432 13 12 4
3433 16 15 5
3434 13 12 4
3435 26 25 5
3436 27 26 4
3437 38 37 5
3438 31 30 4
3439 20 19 5
3440 9 8 4
3441 14 13 5
3442 35 34 6
3443 24 24 4
3444 16 15 5
3445 15 14 4
3446 14 13 5
3447 13 12 4
3448 16 15 5
3449 45 44 4
3450 50 49 5
3451 33 32 4
3452 12 11 5
3453 19 18 4
3454 20 19 5
3455 21 20 6
3456 36 36 4
3457 24 23 5
3458 31 30 4
3459 24 23 5
3460 15 15 5
3461 9 8 4
3462 30 29 5
3463 39 38 6
3464 32 32 4
3465 36 35 5
3466 23 22 4
3467 26 25 5
3468 19 18 6
3469 34 34 8
3470 38 38 4
3471 40 39 5
3472 35 35 5
3473 13 13 5
3474 19 18 6
3475 18 18 6
3476 30 30 6
3477 38 37 5
3478 21 20 4
3479 18 17 5
3480 23 23 5
3481 37 37 7
3482 33 33 5
3483 33 32 6
3484 16 15 5
3485 29 28 6
3486 14 14 4
3487 16 15 5
3488 19 19 5
3489 15 15 5
3490 23 23 5
3491 19 18 6
3492 22 22 4
3493 6 5 4
3494 18 17 5
3495 15 15 5
3496 21 20 4
3497 22 21 5
3498 21 21 5
3499 21 20 4
3500 22 21 5
3501 11 10 4
3502 24 23 7
3503 15 14 4
3504 12 11 5
3505 19 18 4
3506 18 17 5
3507 33 32 4
3508 26 25 5
3509 23 22 6
3510 12 12 4
3511 12 11 5
3512 15 14 4
3513 20 19 5
3514 15 14 4
3515 16 15 5
3516 19 18 6
3517 18 18 6
3518 20 20 4
3519 14 13 5
3520 15 14 4
3521 14 13 5
3522 19 18 6
3523 18 17 5
3524 13 12 6
3525 8 8 4
3526 12 11 5
3527 13 12 6
3528 12 12 4
3529 14 13 5
3530 21 20 6
3531 20 20 4
3532 10 9 5
3533 13 13 5
3534 17 16 4
3535 20 19 5
3536 15 14 6
3537 10 10 4
3538 10 9 5
3539 19 18 4
3540 16 15 5
3541 21 21 5
3542 13 12 6
3543 20 20 6
3544 16 15 5
3545 9 8 4
3546 18 17 5
3547 9 8 4
3548 6 5 4
3549 14 13 5
3550 21 20 4
3551 16 15 5
3552 21 21 5
3553 15 14 6
3554 12 12 4
3555 14 13 5
3556 15 15 5
3557 11 10 4
3558 10 9 5
3559 25 24 6
3560 24 24 6
3561 12 12 4
3562 10 9 5
3563 17 16 6
3564 16 16 4
3565 20 19 5
3566 21 21 5
3567 15 14 4
3568 16 15 5
3569 9 8 4
3570 10 9 5
3571 17 16 4
3572 20 19 5
3573 13 13 5
3574 15 15 5
3575 13 12 4
3576 18 17 5
3577 13 13 5
3578 11 10 4
3579 16 15 5
3580 15 14 6
3581 22 22 6
3582 36 36 6
3583 16 16 4
3584 12 11 5
3585 11 10 4
3586 14 13 5
3587 17 16 6
3588 20 20 6
3589 30 30 6
3590 20 20 4
3591 16 15 5
3592 13 12 6
3593 18 18 6
3594 8 8 4
3595 12 11 5
3596 23 22 4
3597 22 21 5
3598 31 31 5
3599 19 18 6
3600 20 20 4
3601 16 15 5
3602 23 23 5
3603 27 27 5
3604 29 28 6
3605 24 24 6
3606 18 17 5
3607 19 18 4
3608 20 19 5
3609 13 12 4
3610 12 11 5
3611 13 12 4
3612 20 19 7
3613 23 22 6
3614 10 10 4
3615 14 13 5
3616 13 12 4
3617 14 13 5
3618 23 23 5
3619 23 22 4
3620 24 23 5
3621 27 27 5
3622 15 14 6
3623 12 12 4
3624 20 19 5
3625 9 9 5
3626 11 10 4
3627 16 15 5
3628 19 19 5
3629 15 14 4
3630 18 17 5
3631 15 14 6
3632 12 12 4
3633 14 13 5
3634 23 22 4
3635 28 27 5
3636 25 24 6
3637 20 20 4
3638 16 15 5
3639 13 12 6
3640 8 8 4
3641 24 23 5
3642 9 9 5
3643 9 8 4
3644 26 25 5
3645 9 8 4
3646 18 17 5
3647 13 12 4
3648 14 13 5
3649 13 12 6
3650 18 18 6
3651 14 14 6
3652 36 36 6
3653 26 26 4
3654 12 11 5
3655 13 12 4
3656 12 11 5
3657 17 16 6
3658 20 20 4
3659 16 15 5
3660 19 18 4
3661 14 13 5
3662 11 10 4
3663 14 13 5
3664 7 6 5
3665 17 16 4
3666 30 29 5
3667 17 17 5
3668 27 26 4
3669 16 15 5
3670 13 12 4
3671 10 9 5
3672 21 21 5
3673 25 25 5
3674 27 26 6
3675 14 14 4
3676 14 13 5
3677 17 16 4
3678 12 11 5
3679 15 14 4
3680 18 17 5
3681 13 12 4
3682 24 23 5
3683 19 18 4
3684 24 23 5
3685 13 12 4
3686 16 15 5
3687 33 32 4
3688 20 19 5
3689 27 26 6
3690 10 10 4
3691 18 17 5
3692 19 18 4
3693 16 15 5
3694 21 20 4
3695 18 17 5
3696 15 14 4
3697 16 15 5
3698 21 20 6
3699 16 16 4
3700 24 23 5
3701 17 16 4
3702 14 13 5
3703 37 37 5
3704 31 30 6
3705 40 39 5
3706 37 36 6
3707 14 13 5
3708 19 18 4
3709 22 21 5
3710 45 45 5
3711 39 38 4
3712 30 29 5
3713 29 29 5
3714 21 20 4
3715 50 49 5
3716 41 40 4
3717 40 39 5
3718 35 34 4
3719 32 31 5
3720 29 28 4
3721 30 29 5
3722 51 50 4
3723 36 35 5
3724 55 55 5
3725 49 48 4
3726 30 29 7
3727 37 36 4
3728 54 53 5
3729 41 40 6
3730 40 40 4
3731 52 51 7
3732 41 40 8
3733 36 36 6
3734 38 37 7
3735 41 40 4
3736 38 37 5
3737 43 43 5
3738 31 30 6
3739 46 46 4
3740 32 31 5
3741 47 46 6
3742 50 50 4
3743 42 41 5
3744 29 28 4
3745 28 27 5
3746 37 37 5
3747 51 50 4
3748 28 27 5
3749 17 17 5
3750 31 31 5
3751 19 18 4
3752 18 17 5
3753 35 34 8
3754 38 38 4
3755 34 33 7
3756 25 24 6
3757 36 36 8
3758 22 21 5
3759 21 21 7
3760 27 26 4
3761 24 23 5
3762 21 21 5
3763 29 28 8
3764 34 34 6
3765 24 23 5
3766 15 15 5
3767 17 16 8
3768 36 36 10
3769 44 44 10
3770 34 33 9
3771 25 24 6
3772 20 20 8
3773 16 16 4
3774 18 17 5
3775 29 28 4
3776 20 19 5
3777 13 12 4
3778 28 27 5
3779 17 16 4
3780 22 21 5
3781 17 17 5
3782 27 26 8
3783 20 19 7
3784 25 25 11
3785 17 17 5
3786 21 21 5
3787 15 15 5
3788 23 22 4
3789 26 25 5
3790 31 31 9
3791 25 24 4
3792 20 19 5
3793 13 13 5
3794 23 22 6
3795 18 17 5
3796 21 20 4
3797 20 19 5
3798 15 15 5
3799 21 20 4
3800 16 15 5
3801 19 18 6
3802 16 15 5
3803 31 30 6
3804 20 20 4
3805 32 31 7
3806 25 25 5
3807 17 17 5
3808 33 32 6
3809 24 24 6
3810 24 23 7
3811 25 24 6
3812 18 18 6
3813 26 26 4
3814 24 23 5
3815 11 10 4
3816 24 23 7
3817 31 31 5
3818 27 27 5
3819 29 28 6
3820 26 26 4
3821 20 19 5
3822 29 29 5
3823 31 30 4
3824 28 27 5
3825 27 27 5
3826 25 24 4
3827 20 19 5
3828 29 28 4
3829 26 25 5
3830 15 14 4
3831 30 29 5
3832 29 29 5
3833 37 36 4
3834 34 33 5
3835 19 18 4
3836 18 17 5
3837 27 26 4
3838 26 25 7
3839 37 36 6
3840 22 22 4
3841 38 37 7
3842 33 33 5
3843 33 32 6
3844 32 32 6
3845 16 16 4
3846 30 29 5
3847 21 20 6
3848 28 28 6
3849 40 39 9
3850 27 26 6
3851 30 30 6
3852 14 14 4
3853 10 9 5
3854 27 26 4
3855 28 27 5
3856 39 39 9
3857 25 24 6
3858 22 22 6
3859 20 20 6
3860 18 18 6
3861 14 14 4
3862 28 27 5
3863 21 20 6
3864 28 28 6
3865 16 16 4
3866 16 15 5
3867 11 10 4
3868 22 21 5
3869 21 21 5
3870 21 20 4
3871 26 25 5
3872 25 25 5
3873 33 33 5
3874 21 20 4
3875 22 21 5
3876 21 20 4
3877 22 21 5
3878 31 30 4
3879 26 25 5
3880 9 8 4
3881 14 13 5
3882 17 17 5
3883 17 16 4
3884 12 11 5
3885 21 20 4
3886 28 27 5
3887 17 17 5
3888 9 9 5
3889 25 24 4
3890 18 17 5
3891 21 20 6
3892 20 20 4
3893 14 13 5
3894 15 14 4
3895 16 15 5
3896 19 18 4
3897 20 19 5
3898 17 16 6
3899 18 18 4
3900 14 13 5
3901 19 18 4
3902 20 19 5
3903 21 21 5
3904 13 12 4
3905 18 17 7
3906 23 22 6
3907 16 16 4
3908 26 25 5
3909 13 13 5
3910 13 12 6
3911 18 18 4
3912 6 5 4
3913 18 17 5
3914 35 34 6
3915 20 20 4
3916 22 21 5
3917 21 21 5
3918 17 16 4
3919 16 15 5
3920 17 16 4
3921 26 25 5
3922 25 25 5
3923 13 13 5
3924 29 28 4
3925 10 9 5
3926 15 14 4
3927 24 23 5
3928 21 20 4
3929 14 13 5
3930 11 10 4
3931 14 13 5
3932 19 19 5
3933 17 17 5
3934 25 24 8
3935 22 22 6
3936 24 24 4
3937 20 19 5
3938 17 16 6
3939 10 10 4
3940 20 19 5
3941 17 16 6
3942 16 16 6
3943 20 20 4
3944 24 23 5
3945 13 12 4
3946 24 23 5
3947 23 22 6
3948 20 20 4
3949 22 21 5
3950 23 23 5
3951 13 13 5
3952 27 26 4
3953 28 27 5
3954 23 22 6
3955 14 14 4
3956 16 15 5
3957 15 14 4
3958 20 19 7
3959 15 14 4
3960 12 11 5
3961 15 14 4
3962 18 17 7
3963 15 14 4
3964 10 9 5
3965 19 18 6
3966 20 20 6
3967 10 9 5
3968 13 12 4
3969 12 11 5
3970 19 18 6
3971 16 16 4
3972 30 29 7
3973 11 10 4
3974 18 17 5
3975 23 22 6
3976 18 18 6
3977 12 12 6
3978 14 14 4
3979 32 31 7
3980 13 12 6
3981 12 12 4
3982 18 17 5
3983 19 19 5
3984 19 18 4
3985 24 23 5
3986 23 23 5
3987 17 16 6
3988 14 13 5
3989 17 16 6
3990 16 16 6
3991 14 14 4
3992 16 15 5
3993 13 12 4
3994 12 11 5
3995 13 12 4
3996 10 9 5
3997 11 11 5
3998 11 11 5
3999 13 12 4
4000 26 25 5
4001 19 19 5
4002 25 24 6
4003 14 14 4
4004 22 21 5
4005 13 12 4
4006 16 15 5
4007 19 18 6
4008 16 16 4
4009 26 25 5
4010 17 16 6
4011 12 12 4
4012 20 19 5
4013 15 14 6
4014 8 8 4
4015 12 11 5
4016 9 8 4
4017 22 21 7
4018 15 14 4
4019 12 11 5
4020 13 12 6
4021 10 10 4
4022 12 11 5
4023 31 31 5
4024 15 15 5
4025 25 25 5
4026 15 14 6
4027 6 6 6
4028 13 13 5
4029 13 12 4
4030 10 9 5
4031 25 24 6
4032 8 8 4
4033 10 9 5
4034 15 14 4
4035 6 5 4
4036 8 7 6
4037 10 10 4
4038 10 9 5
4039 15 14 6
4040 16 16 4
4041 10 9 5
4042 13 13 5
4043 17 17 5
4044 13 13 5
4045 17 17 5
4046 15 15 5
4047 15 14 4
4048 14 13 5
4049 11 10 4
4050 16 15 5
4051 13 12 4
4052 10 9 5
4053 13 12 6
4054 18 18 6
4055 12 12 4
4056 18 17 5
4057 13 12 4
4058 14 13 5
4059 11 10 4
4060 16 15 7
4061 13 12 6
4062 18 18 4
4063 14 13 5
4064 9 9 5
4065 19 18 6
4066 8 8 4
4067 14 13 5
4068 11 11 5
4069 23 22 6
4070 18 17 5
4071 13 12 4
4072 18 17 7
4073 9 8 4
4074 26 25 5
4075 25 24 4
4076 20 19 5
4077 21 20 4
4078 16 15 5
4079 11 11 5
4080 15 14 4
4081 16 15 7
4082 11 10 4
4083 24 23 7
4084 13 12 4
4085 26 25 5
4086 23 22 4
4087 20 19 5
4088 9 9 5
4089 17 16 4
4090 14 13 5
4091 23 22 6
4092 36 36 4
4093 26 25 5
4094 29 28 6
4095 12 12 4
4096 16 15 5
4097 15 15 7
4098 25 24 4
4099 48 47 7
4100 57 56 6
4101 30 30 4
4102 20 19 5
4103 17 16 6
4104 20 20 4
4105 24 23 5
4106 31 30 6
4107 44 44 4
4108 44 43 5
4109 29 28 4
4110 14 13 5
4111 13 12 4
4112 18 17 5
4113 29 28 6
4114 36 36 4
4115 46 45 5
4116 35 34 4
4117 22 21 5
4118 11 10 4
4119 22 21 5
4120 43 42 4
4121 72 71 5
4122 59 58 4
4123 28 27 5
4124 21 21 5
4125 25 24 6
4126 24 24 4
4127 26 25 5
4128 27 27 5
4129 31 30 4
4130 34 33 5
4131 21 20 4
4132 24 23 5
4133 25 24 6
4134 30 30 4
4135 22 21 5
4136 35 34 4
4137 36 35 5
4138 31 30 6
4139 20 20 4
4140 32 31 5
4141 27 26 6
4142 28 27 5
4143 19 18 6
4144 22 22 4
4145 24 23 5
4146 21 20 6
4147 16 16 4
4148 20 19 5
4149 21 20 4
4150 18 17 5
4151 37 36 4
4152 32 31 5
4153 27 27 5
4154 19 18 6
4155 36 36 4
4156 22 21 5
4157 29 28 4
4158 40 39 5
4159 11 11 5
4160 21 20 4
4161 26 25 5
4162 23 22 4
4163 24 23 5
4164 33 32 4
4165 26 25 5
4166 23 22 4
4167 36 35 5
4168 27 27 5
4169 11 11 5
4170 27 26 4
4171 32 31 5
4172 25 24 4
4173 18 17 5
4174 21 21 5
4175 25 24 4
4176 24 23 5
4177 25 25 5
4178 23 23 5
4179 27 26 6
4180 28 27 13
4181 15 14 4
4182 20 19 5
4183 25 25 7
4184 35 35 9
4185 21 20 4
4186 30 29 5
4187 29 29 5
4188 19 18 4
4189 28 27 5
4190 27 27 5
4191 17 16 4
4192 24 23 5
4193 17 17 5
4194 25 24 6
4195 14 14 4
4196 16 15 5
4197 9 8 4
4198 28 27 5
4199 9 8 4
4200 20 19 5
4201 27 27 9
4202 19 19 7
4203 39 38 12
4204 24 24 6
4205 22 22 6
4206 14 14 6
4207 20 20 6
4208 22 22 4
4209 22 21 5
4210 19 18 4
4211 20 19 5
4212 25 24 4
4213 28 27 5
4214 13 12 4
4215 16 15 5
4216 17 17 5
4217 25 24 6
4218 50 49 9
4219 25 25 7
4220 23 23 5
4221 13 12 4
4222 18 17 5
4223 17 16 4
4224 22 21 5
4225 17 16 4
4226 26 25 5
4227 19 18 6
4228 20 20 4
4229 18 17 5
4230 11 10 4
4231 28 27 7
4232 19 18 8
4233 18 18 4
4234 18 17 5
4235 13 12 4
4236 20 19 7
4237 15 15 5
4238 15 14 4
4239 28 27 5
4240 19 19 5
4241 19 18 6
4242 20 20 4
4243 10 9 5
4244 13 12 4
4245 20 19 5
4246 19 18 4
4247 30 29 5
4248 13 13 5
4249 9 9 5
4250 17 16 4
4251 24 23 7
4252 25 24 6
4253 24 24 6
4254 20 20 4
4255 28 27 5
4256 17 16 4
4257 20 19 5
4258 19 18 6
4259 28 27 5
4260 35 34 4
4261 16 15 5
4262 23 23 5
4263 21 21 5
4264 25 24 6
4265 20 20 4
4266 26 25 5
4267 21 20 6
4268 32 32 6
4269 14 14 4
4270 12 11 5
4271 23 22 4
4272 14 13 5
4273 21 21 5
4274 19 18 4
4275 30 29 7
4276 25 24 6
4277 16 16 4
4278 22 21 5
4279 17 16 6
4280 32 31 5
4281 19 18 6
4282 32 32 4
4283 24 23 5
4284 31 31 5
4285 15 14 4
4286 20 19 5
4287 23 23 5
4288 21 21 5
4289 29 29 5
4290 17 16 4
4291 28 27 7
4292 29 28 6
4293 14 13 5
4294 13 13 5
4295 17 17 5
4296 19 19 5
4297 17 16 4
4298 24 23 5
4299 19 18 6
4300 16 16 4
4301 30 29 5
4302 23 22 6
4303 26 25 5
4304 23 23 5
4305 11 11 5
4306 21 21 5
4307 25 24 4
4308 42 41 5
4309 31 30 4
4310 16 15 5
4311 17 16 4
4312 10 9 5
4313 33 32 8
4314 24 24 4
4315 24 23 5
4316 13 12 4
4317 24 23 5
4318 13 12 4
4319 16 15 5
4320 13 12 6
4321 30 30 4
4322 16 15 5
4323 13 13 5
4324 19 18 4
4325 22 21 5
4326 15 15 5
4327 21 20 4
4328 24 23 5
4329 29 28 4
4330 12 11 5
4331 15 15 5
4332 11 10 4
4333 14 13 5
4334 11 10 4
4335 18 17 5
4336 23 22 6
4337 12 12 4
4338 14 13 5
4339 17 16 4
4340 16 15 5
4341 15 15 5
4342 19 18 4
4343 18 17 5
4344 21 21 5
4345 25 24 6
4346 16 16 6
4347 12 12 6
4348 10 10 4
4349 16 15 5
4350 19 18 6
4351 18 17 5
4352 15 14 4
4353 16 15 7
4354 15 14 4
4355 12 11 5
4356 11 10 6
4357 18 18 4
4358 14 13 5
4359 17 17 5
4360 23 22 6
4361 12 12 4
4362 18 17 5
4363 19 18 6
4364 14 14 6
4365 12 12 4
4366 16 15 5
4367 13 12 4
4368 16 15 5
4369 11 11 5
4370 25 25 5
4371 11 10 4
4372 18 17 5
4373 19 18 6
4374 22 22 6
4375 10 10 4
4376 16 15 5
4377 15 14 4
4378 14 13 5
4379 9 8 4
4380 22 21 7
4381 21 20 4
4382 28 27 5
4383 19 18 6
4384 16 15 5
4385 11 10 4
4386 8 7 6
4387 8 8 4
4388 22 21 5
4389 15 14 6
4390 10 10 6
4391 14 14 4
4392 24 23 5
4393 17 16 4
4394 16 15 5
4395 23 22 6
4396 22 21 5
4397 13 13 5
4398 17 16 6
4399 20 20 6
4400 12 12 4
4401 10 9 5
4402 17 16 6
4403 14 14 4
4404 20 19 5
4405 11 10 4
4406 14 13 5
4407 11 10 6
4408 12 12 6
4409 18 18 6
4410 10 10 4
4411 12 11 5
4412 25 24 4
4413 12 11 5
4414 11 10 4
4415 10 9 5
4416 23 23 5
4417 15 15 5
4418 5 5 5
4419 10 9 5
4420 15 14 4
4421 20 19 5
4422 13 13 5
4423 23 22 6
4424 14 14 4
4425 12 11 5
4426 13 12 4
4427 24 23 5
4428 19 19 5
4429 23 22 6
4430 12 12 6
4431 14 14 4
4432 20 19 5
4433 11 11 5
4434 13 12 4
4435 20 19 5
4436 13 13 5
4437 19 18 6
4438 16 16 6
4439 14 14 6
4440 22 22 4
4441 16 15 5
4442 13 12 4
4443 16 15 5
4444 27 27 7
4445 21 20 4
4446 16 15 5
4447 13 12 4
4448 16 15 5
4449 17 16 6
4450 28 28 6
4451 16 15 5
4452 29 28 6
4453 26 26 4
4454 12 11 5
4455 15 14 4
4456 14 13 5
4457 19 18 4
4458 22 21 5
4459 25 25 5
4460 27 26 6
4461 18 18 4
4462 24 23 5
4463 25 25 5
4464 35 34 4
4465 36 35 5
4466 15 14 6
4467 34 34 4
4468 40 39 5
4469 29 28 4
4470 32 31 5
4471 39 38 4
4472 40 39 5
4473 49 48 4
4474 34 33 5
4475 51 50 4
4476 44 43 5
4477 55 55 5
4478 33 32 4
4479 46 45 5
4480 41 40 4
4481 50 49 5
4482 51 50 4
4483 44 43 5
4484 49 49 7
4485 53 52 6
4486 42 41 5
4487 47 47 5
4488 23 22 4
4489 34 33 5
4490 29 28 6
4491 34 34 4
4492 26 25 5
4493 27 26 4
4494 30 29 5
4495 39 38 4
4496 30 29 5
4497 31 31 5
4498 21 20 4
4499 48 47 7
4500 33 33 5
4501 31 30 4
4502 30 29 5
4503 43 42 4
4504 42 41 7
4505 59 59 5
4506 39 38 4
4507 34 33 5
4508 43 42 4
4509 44 43 5
4510 19 18 4
4511 38 37 5
4512 39 39 5
4513 31 31 5
4514 39 38 6
4515 22 21 5
4516 25 24 4
4517 32 31 5
4518 29 29 5
4519 29 28 6
4520 26 25 5
4521 35 35 7
4522 39 39 5
4523 33 33 5
4524 27 27 5
4525 33 33 5
4526 31 30 6
4527 32 31 9
4528 31 30 6
4529 42 42 6
4530 22 22 8
4531 18 18 4
4532 36 35 7
4533 43 43 7
4534 41 41 9
4535 63 63 13
4536 37 36 10
4537 22 22 6
4538 44 43 13
4539 23 22 6
4540 36 35 7
4541 13 12 4
4542 52 51 11
4543 37 36 8
4544 24 24 6
4545 28 27 5
4546 35 34 8
4547 46 46 10
4548 40 39 9
4549 39 39 7
4550 13 13 5
4551 39 38 8
4552 34 33 5
4553 29 29 5
4554 25 25 5
4555 29 29 5
4556 37 36 6
4557 32 32 4
4558 26 25 7
4559 39 38 8
4560 30 30 6
4561 36 35 5
4562 37 37 11
4563 41 40 10
4564 34 34 10
4565 30 29 7
4566 37 36 6
4567 28 28 8
4568 32 32 6
4569 20 20 4
4570 30 29 5
4571 23 22 4
4572 16 15 5
4573 23 23 7
4574 31 30 6
4575 28 28 6
4576 42 41 7
4577 27 26 4
4578 32 31 5
4579 11 10 4
4580 28 27 5
4581 27 27 5
4582 21 20 4
4583 24 23 5
4584 27 27 5
4585 33 33 9
4586 17 16 4
4587 32 31 7
4588 39 38 10
4589 32 32 8
4590 26 26 8
4591 22 21 5
4592 13 13 5
4593 37 36 8
4594 30 30 4
4595 28 27 5
4596 23 23 7
4597 25 24 4
4598 28 27 5
4599 29 28 4
4600 34 33 5
4601 29 29 5
4602 31 31 5
4603 27 26 4
4604 32 31 5
4605 27 26 4
4606 26 25 5
4607 27 26 4
4608 28 27 5
4609 21 21 5
4610 37 36 4
4611 30 29 5
4612 13 12 4
4613 26 25 5
4614 15 15 5
4615 37 36 8
4616 28 28 4
4617 32 31 7
4618 35 34 8
4619 26 26 6
4620 36 36 4
4621 26 25 5
4622 27 27 5
4623 19 19 5
4624 37 36 6
4625 30 30 6
4626 24 24 4
4627 22 21 5
4628 27 27 5
4629 41 40 8
4630 30 29 5
4631 27 27 5
4632 37 36 8
4633 34 34 8
4634 34 33 7
4635 21 20 6
4636 22 22 4
4637 32 31 7
4638 31 31 7
4639 43 42 4
4640 28 27 5
4641 27 26 6
4642 26 26 4
4643 16 15 5
4644 29 28 4
4645 30 29 5
4646 23 23 5
4647 19 18 6
4648 18 18 4
4649 24 23 5
4650 29 28 6
4651 28 27 9
4652 21 20 6
4653 22 22 6
4654 22 22 6
4655 24 24 4
4656 28 27 5
4657 33 32 4
4658 18 17 5
4659 19 18 4
4660 20 19 5
4661 27 26 6
4662 22 22 4
4663 22 21 5
4664 35 34 6
4665 18 18 4
4666 30 29 5
4667 25 24 6
4668 18 18 4
4669 26 25 5
4670 33 32 4
4671 20 19 5
4672 25 24 4
4673 20 19 5
4674 31 30 6
4675 16 16 4
4676 18 17 5
4677 29 28 4
4678 34 33 5
4679 21 20 6
4680 12 12 4
4681 22 21 5
4682 17 16 4
4683 26 25 5
4684 37 37 5
4685 25 24 6
4686 16 15 5
4687 15 14 4
4688 16 15 5
4689 15 14 6
4690 10 10 4
4691 14 13 5
4692 25 24 6
4693 16 16 4
4694 22 21 5
4695 21 20 4
4696 24 23 5
4697 19 18 4
4698 16 15 5
4699 19 18 4
4700 36 35 5
4701 21 20 6
4702 10 10 4
4703 12 11 5
4704 21 20 6
4705 14 14 4
4706 26 25 5
4707 17 16 4
4708 16 15 5
4709 9 9 5
4710 17 16 4
4711 16 15 5
4712 23 22 6
4713 20 20 4
4714 22 21 5
4715 19 18 4
4716 20 19 5
4717 15 14 4
4718 24 23 5
4719 15 14 6
4720 20 20 6
4721 16 16 4
4722 22 21 5
4723 17 17 5
4724 9 9 5
4725 27 26 6
4726 18 18 4
4727 10 9 5
4728 25 24 4
4729 18 17 5
4730 17 17 5
4731 23 22 4
4732 28 27 7
4733 23 22 4
4734 18 17 5
4735 15 14 4
4736 18 17 5
4737 15 15 5
4738 19 18 4
4739 18 17 5
4740 17 16 6
4741 18 18 4
4742 28 27 5
4743 23 23 5
4744 19 18 4
4745 14 13 5
4746 13 12 6
4747 14 14 4
4748 24 23 5
4749 27 26 6
4750 18 17 5
4751 23 22 6
4752 16 15 5
4753 15 15 5
4754 19 19 5
4755 13 13 5
4756 11 11 5
4757 19 19 5
4758 13 12 4
4759 26 25 5
4760 15 14 4
4761 28 27 5
4762 23 22 4
4763 24 23 5
4764 9 9 5
4765 15 14 4
4766 22 21 5
4767 19 19 5
4768 23 22 4
4769 20 19 5
4770 19 19 5
4771 17 16 4
4772 12 11 5
4773 13 12 4
4774 12 11 5
4775 15 14 6
4776 22 22 4
4777 24 23 5
4778 35 34 6
4779 18 17 5
4780 25 24 6
4781 16 16 4
4782 18 17 5
4783 23 23 5
4784 33 32 6
4785 38 38 4
4786 24 23 7
4787 13 12 4
4788 16 15 5
4789 23 22 4
4790 24 23 5
4791 25 24 4
4792 24 23 5
4793 13 13 5
4794 25 24 4
4795 30 29 7
4796 15 14 4
4797 16 15 5
4798 25 24 6
4799 36 35 5
4800 31 30 4
4801 24 23 5
4802 13 12 4
4803 20 19 5
4804 31 30 4
4805 26 25 5
4806 15 15 5
4807 23 23 5
4808 31 31 5
4809 27 26 4
4810 18 17 5
4811 29 28 6
4812 24 23 5
4813 21 21 5
4814 23 22 6
4815 24 24 4
4816 28 27 5
4817 21 20 4
4818 26 25 5
4819 21 20 4
4820 22 21 5
4821 23 22 6
4822 14 14 4
4823 24 23 5
4824 25 24 6
4825 28 28 4
4826 12 11 5
4827 21 20 4
4828 18 17 5
4829 17 16 6
4830 34 34 4
4831 38 37 5
4832 49 48 4
4833 34 33 5
4834 17 16 4
4835 32 31 5
4836 33 33 5
4837 53 52 4
4838 36 35 5
4839 21 21 5
4840 37 36 6
4841 18 17 5
4842 41 40 6
4843 42 42 4
4844 36 35 5
4845 19 19 5
4846 31 30 6
4847 42 41 7
4848 41 41 5
4849 47 47 5
4850 25 24 4
4851 32 31 5
4852 31 31 5
4853 25 24 4
4854 56 55 7
4855 35 34 6
4856 40 39 5
4857 29 28 6
4858 52 51 5
4859 43 42 6
4860 32 31 5
4861 51 51 15
4862 43 42 4
4863 28 27 5
4864 35 34 4
4865 46 45 7
4866 37 37 5
4867 39 38 10
4868 28 27 5
4869 37 37 5
4870 45 44 8
4871 36 36 8
4872 20 19 5
4873 39 38 4
4874 30 29 9
4875 25 25 5
4876 35 34 10
4877 38 37 13
4878 23 22 4
4879 34 33 5
4880 19 18 6
4881 34 34 4
4882 24 23 5
4883 53 52 14
4884 16 16 4
4885 28 27 5
4886 25 24 4
4887 36 35 7
4888 37 37 7
4889 31 30 8
4890 28 27 5
4891 13 12 4
4892 30 29 5
4893 23 22 4
4894 16 15 5
4895 21 21 5
4896 29 28 6
4897 24 23 5
4898 31 30 4
4899 42 41 5
4900 47 46 8
4901 22 22 4
4902 34 33 9
4903 21 21 7
4904 27 26 6
4905 20 20 6
4906 42 41 7
4907 31 30 4
4908 24 23 5
4909 35 34 6
4910 30 30 6
4911 44 44 10
4912 38 37 11
4913 25 25 5
4914 31 31 5
4915 37 37 5
4916 33 33 5
4917 27 26 4
4918 48 47 9
4919 19 19 5
4920 43 42 8
4921 34 33 7
4922 25 24 4
4923 34 33 5
4924 15 15 5
4925 39 39 9
4926 43 42 10
4927 46 46 10
4928 26 25 5
4929 23 22 6
4930 26 26 4
4931 28 27 5
4932 37 36 6
4933 18 18 6
4934 24 24 6
4935 14 14 4
4936 26 25 7
4937 33 32 4
4938 22 21 5
4939 15 15 5
4940 21 20 4
4941 32 31 5
4942 33 32 6
4943 28 28 8
4944 20 20 6
4945 14 13 5
4946 19 18 6
4947 14 13 5
4948 31 31 7
4949 31 30 6
4950 28 27 5
4951 23 23 5
4952 19 18 4
4953 22 21 5
4954 25 24 6
4955 26 25 5
4956 21 20 6
4957 26 25 5
4958 27 27 7
4959 23 22 8
4960 16 16 4
4961 14 13 5
4962 29 29 11
4963 11 11 5
4964 27 26 6
4965 10 10 4
4966 18 17 5
4967 21 20 4
4968 20 19 5
4969 17 17 5
4970 15 14 4
4971 18 17 5
4972 17 17 5
4973 21 20 4
4974 16 15 5
4975 17 16 6
4976 18 17 5
4977 19 18 4
4978 24 23 5
4979 17 17 5
4980 25 25 5
4981 13 12 4
4982 26 25 5
4983 17 16 4
4984 20 19 7
4985 17 16 6
4986 14 14 4
4987 18 17 5
4988 25 24 6
4989 16 16 6
4990 20 20 6
4991 24 24 6
4992 16 15 5
4993 17 16 6
4994 22 22 6
4995 16 16 4
4996 34 33 7
4997 21 20 4
4998 12 11 5
4999 19 18 4
