0 22 21 5
1 11 10 4
2 16 15 7
3 25 24 4
4 16 15 5
5 19 18 6
6 20 19 5
7 13 13 5
8 19 18 4
9 22 21 7
10 13 13 5
11 11 10 4
12 6 5 4
13 10 9 5
14 15 14 6
15 14 13 5
16 13 12 4
17 22 21 5
18 13 12 6
19 12 12 4
20 16 15 5
21 11 11 5
22 17 16 6
23 12 12 4
24 12 11 7
25 11 11 5
26 13 12 4
27 10 9 5
28 11 10 6
29 18 17 7
30 13 12 4
31 14 13 5
32 9 9 5
33 9 9 5
34 11 11 5
35 11 11 5
36 13 12 4
37 6 5 4
38 20 19 5
39 15 15 5
40 13 12 6
41 14 14 6
42 12 12 4
43 10 9 5
44 13 12 6
45 12 12 6
46 12 12 4
47 12 11 5
48 25 24 6
49 10 10 4
50 18 17 5
51 21 21 5
52 5 5 5
53 14 13 5
54 5 5 5
55 10 9 5
56 15 14 6
57 16 16 4
58 26 25 5
59 17 17 5
60 21 20 4
61 16 15 5
62 15 14 4
63 34 33 5
64 31 30 6
65 38 37 7
66 23 22 4
67 16 15 5
68 13 13 5
69 21 20 4
70 18 17 5
71 19 18 4
72 26 25 5
73 23 22 6
74 12 11 5
75 19 19 5
76 17 16 6
77 24 24 6
78 24 24 6
79 16 15 5
80 19 19 5
81 11 11 5
82 29 28 6
83 24 23 5
84 23 22 6
85 26 25 7
86 43 42 8
87 34 34 6
88 14 14 4
89 20 19 5
90 25 24 4
91 38 37 7
92 21 21 5
93 37 36 8
94 24 24 4
95 22 21 5
96 21 21 5
97 23 23 5
98 25 24 8
99 20 20 6
100 24 24 6
101 22 21 5
102 31 30 6
103 22 22 6
104 16 16 4
105 14 13 5
106 19 18 6
107 28 28 8
108 18 18 4
109 20 19 5
110 17 16 4
111 26 25 5
112 19 18 4
113 20 19 5
114 29 28 4
115 20 19 5
116 23 23 7
117 31 30 6
118 24 23 7
119 31 30 10
120 14 13 5
121 17 16 4
122 18 17 5
123 35 34 6
124 22 21 5
125 27 27 5
126 23 23 5
127 35 35 7
128 29 28 6
129 18 18 6
130 14 14 4
131 22 21 5
132 19 19 7
133 17 17 5
134 25 25 5
135 29 29 5
136 19 18 6
137 14 14 4
138 24 23 5
139 21 21 5
140 17 16 4
141 28 27 7
142 23 23 7
143 31 30 4
144 22 21 7
145 25 24 6
146 18 18 10
147 18 18 4
148 20 19 5
149 21 20 6
150 28 28 6
151 26 25 5
152 27 27 9
153 25 24 4
154 18 17 5
155 33 32 6
156 18 18 6
157 26 26 6
158 20 19 7
159 29 28 6
160 26 25 7
161 19 18 4
162 32 31 7
163 31 30 6
164 22 21 5
165 15 14 4
166 20 19 7
167 21 20 6
168 30 30 6
169 24 24 4
170 22 21 7
171 23 23 5
172 23 23 5
173 21 21 5
174 31 30 6
175 20 20 6
176 26 25 7
177 35 35 5
178 33 33 11
179 31 30 6
180 26 25 5
181 25 25 5
182 23 23 5
183 29 28 6
184 24 24 4
185 30 29 5
186 31 31 5
187 27 27 5
188 25 25 5
189 21 20 4
190 30 29 5
191 27 26 6
192 14 14 6
193 16 16 6
194 18 17 5
195 17 16 4
196 24 23 7
197 19 18 4
198 26 25 5
199 25 25 5
