0 272 271 83
1 153 153 84
2 136 136 84
3 84 84 84
4 119 119 84
5 152 152 83
6 135 135 83
7 169 169 83
8 271 271 83
9 237 237 83
10 187 187 84
11 220 220 83
12 169 169 83
13 119 119 84
14 102 102 84
15 220 220 83
16 187 187 84
17 220 220 83
18 101 101 83
19 101 101 83
20 135 135 83
21 153 153 84
22 152 152 83
23 153 153 84
24 204 204 84
25 220 220 83
26 203 203 83
27 153 153 84
28 186 186 83
29 221 221 84
30 136 136 84
31 152 152 83
32 187 187 84
33 204 204 84
34 136 136 84
35 118 118 83
36 135 135 83
37 153 153 84
38 118 118 83
39 221 221 84
40 170 170 84
41 254 254 83
42 203 203 83
43 169 169 83
44 187 187 84
45 288 288 83
46 441 441 83
47 305 305 83
48 255 255 84
49 170 170 84
50 186 186 83
51 255 255 84
52 306 306 84
53 306 306 84
54 238 238 84
55 220 220 83
56 237 237 83
57 255 255 84
58 322 322 83
59 271 271 83
60 203 203 83
61 153 153 84
62 220 220 83
63 187 187 84
64 152 152 83
65 255 255 84
66 220 220 83
67 271 271 83
68 187 187 84
69 340 340 84
70 220 220 83
71 237 237 83
72 237 237 83
73 203 203 83
74 221 221 84
75 118 118 83
76 203 203 83
77 289 289 84
78 254 254 83
79 255 255 84
80 220 220 83
81 271 271 83
82 255 255 84
83 170 170 84
84 322 322 83
85 305 305 83
86 289 289 84
87 272 272 84
88 254 254 83
89 323 323 84
90 288 288 83
91 237 237 83
92 153 153 84
93 272 272 84
94 136 136 84
95 306 306 84
96 220 220 83
97 169 169 83
98 305 305 83
99 135 135 83
100 237 237 83
101 255 255 84
102 340 340 84
103 238 238 84
104 238 238 84
105 288 288 83
106 221 221 84
107 170 170 84
108 272 272 84
109 186 186 83
110 187 187 84
111 288 288 83
112 221 221 84
113 186 186 83
114 305 305 83
115 153 153 84
116 118 118 83
117 305 305 83
118 119 119 84
119 170 170 84
120 220 220 83
121 203 203 83
122 255 255 84
123 136 136 84
124 220 220 83
125 135 135 83
126 169 169 83
127 237 237 83
128 135 135 83
129 237 237 83
130 221 221 84
131 238 238 84
132 272 272 84
133 220 220 83
134 203 203 83
135 203 203 83
136 203 203 83
137 237 237 83
138 203 203 83
139 255 255 84
140 220 220 83
141 203 203 83
142 305 305 83
143 221 221 84
144 204 204 84
145 204 204 84
146 272 272 84
147 288 288 83
148 169 169 83
149 221 221 84
150 220 220 83
151 169 169 83
152 203 203 83
153 237 237 83
154 169 169 83
155 187 187 84
156 204 204 84
157 152 152 83
158 221 221 84
159 220 220 83
160 153 153 84
161 152 152 83
162 203 203 83
163 221 221 84
164 204 204 84
165 204 204 84
166 152 152 83
167 187 187 84
168 170 170 84
169 220 220 83
170 153 153 84
171 118 118 83
172 135 135 83
173 153 153 84
174 288 288 83
175 203 203 83
176 169 169 83
177 119 119 84
178 152 152 83
179 169 169 83
180 187 187 84
181 102 102 84
182 136 136 84
183 288 288 83
184 119 119 84
185 220 220 83
186 169 169 83
187 169 169 83
188 135 135 83
189 203 203 83
190 153 153 84
191 136 136 84
192 152 152 83
193 169 169 83
194 119 119 84
195 136 136 84
196 186 186 83
197 255 255 84
198 220 220 83
199 169 169 83
200 169 169 83
201 85 85 85
202 136 136 84
203 204 204 84
204 152 152 83
205 119 119 84
206 152 152 83
207 119 119 84
208 152 152 83
209 237 237 83
210 153 153 84
211 118 118 83
212 153 153 84
213 186 186 83
214 135 135 83
215 153 153 84
216 136 136 84
217 152 152 83
218 237 237 83
219 221 221 84
220 152 152 83
221 153 153 84
222 118 118 83
223 101 101 83
224 119 119 84
225 186 186 83
226 85 85 85
227 186 186 83
228 187 187 84
229 170 170 84
230 152 152 83
231 153 153 84
232 254 254 83
233 135 135 83
234 221 221 84
235 102 102 84
236 136 136 84
237 186 186 83
238 101 101 83
239 135 135 83
240 101 101 83
241 119 119 84
242 118 118 83
243 169 169 83
244 135 135 83
245 101 101 83
246 119 119 84
247 186 186 83
248 169 169 83
249 237 237 83
250 169 169 83
251 169 169 83
252 119 119 84
253 118 118 83
254 203 203 83
255 135 135 83
256 221 221 84
257 220 220 83
258 203 203 83
259 187 187 84
260 118 118 83
261 135 135 83
262 135 135 83
263 169 169 83
264 255 255 84
265 170 170 84
266 186 186 83
267 119 119 84
268 186 186 83
269 153 153 84
270 118 118 83
271 119 119 84
272 152 152 83
273 135 135 83
274 153 153 84
275 204 204 84
276 152 152 83
277 221 221 84
278 136 136 84
279 272 272 84
280 186 186 83
281 255 255 84
282 170 170 84
283 170 170 84
284 170 170 84
285 186 186 83
286 101 101 83
287 289 289 84
288 152 152 83
289 187 187 84
290 136 136 84
291 288 288 83
292 187 187 84
293 152 152 83
294 153 153 84
295 204 204 84
296 220 220 83
297 153 153 84
298 204 204 84
299 170 170 84
300 118 118 83
301 153 153 84
302 152 152 83
303 255 255 84
304 186 186 83
305 221 221 84
306 118 118 83
307 237 237 83
308 169 169 83
309 255 255 84
310 170 170 84
311 136 136 84
312 118 118 83
313 187 187 84
314 152 152 83
315 221 221 84
316 220 220 83
317 187 187 84
318 152 152 83
319 119 119 84
320 118 118 83
321 203 203 83
322 187 187 84
323 136 136 84
324 220 220 83
325 169 169 83
326 153 153 84
327 204 204 84
328 136 136 84
329 136 136 84
330 272 272 84
331 186 186 83
332 255 255 84
333 186 186 83
334 135 135 83
335 85 85 85
336 152 152 83
337 169 169 83
338 187 187 84
339 254 254 83
340 221 221 84
341 102 102 84
342 118 118 83
343 153 153 84
344 118 118 83
345 153 153 84
346 186 186 83
347 289 289 84
348 152 152 83
349 101 101 83
350 169 169 83
351 135 135 83
352 119 119 84
353 186 186 83
354 153 153 84
355 220 220 83
356 187 187 84
357 152 152 83
358 119 119 84
359 170 170 84
360 118 118 83
361 237 237 83
362 169 169 83
363 237 237 83
364 203 203 83
365 169 169 83
366 237 237 83
367 153 153 84
368 204 204 84
369 204 204 84
370 238 238 84
371 118 118 83
372 169 169 83
373 119 119 84
374 152 152 83
375 203 203 83
376 153 153 84
377 204 204 84
378 238 238 84
379 220 220 83
380 101 101 83
381 169 169 83
382 255 255 84
383 152 152 83
384 187 187 84
385 220 220 83
386 169 169 83
387 357 357 84
388 306 306 84
389 272 272 84
390 306 306 84
391 170 170 84
392 186 186 83
393 153 153 84
394 238 238 84
395 238 238 84
396 254 254 83
397 135 135 83
398 135 135 83
399 153 153 84
400 152 152 83
401 255 255 84
402 220 220 83
403 289 289 84
404 170 170 84
405 118 118 83
406 237 237 83
407 187 187 84
408 238 238 84
409 204 204 84
410 186 186 83
411 135 135 83
412 221 221 84
413 136 136 84
414 306 306 84
415 288 288 83
416 305 305 83
417 153 153 84
418 186 186 83
419 271 271 83
420 289 289 84
421 186 186 83
422 101 101 83
423 187 187 84
424 204 204 84
425 254 254 83
426 373 373 83
427 237 237 83
428 187 187 84
429 152 152 83
430 221 221 84
431 220 220 83
432 323 323 84
433 306 306 84
434 220 220 83
435 135 135 83
436 289 289 84
437 152 152 83
438 271 271 83
439 357 357 84
440 322 322 83
441 305 305 83
442 289 289 84
443 306 306 84
444 322 322 83
445 339 339 83
446 255 255 84
447 306 306 84
448 254 254 83
449 339 339 83
450 169 169 83
451 255 255 84
452 220 220 83
453 459 459 84
454 340 340 84
455 442 442 84
456 424 424 83
457 255 255 84
458 322 322 83
459 305 305 83
460 441 441 83
461 425 425 84
462 272 272 84
463 322 322 83
464 271 271 83
465 339 339 83
466 459 459 84
467 458 458 83
468 323 323 84
469 374 374 84
470 390 390 83
471 425 425 84
472 390 390 83
473 323 323 84
474 408 408 84
475 238 238 84
476 374 374 84
477 424 424 83
478 255 255 84
479 476 476 84
480 356 356 83
481 493 493 84
482 390 390 83
483 391 391 84
484 458 458 83
485 357 357 84
486 390 390 83
487 339 339 83
488 407 407 83
489 373 373 83
490 425 425 84
491 306 306 84
492 424 424 83
493 323 323 84
494 442 442 84
495 356 356 83
496 357 357 84
497 340 340 84
498 340 340 84
499 306 306 84
500 340 340 84
501 340 340 84
502 424 424 83
503 441 441 83
504 407 407 83
505 373 373 83
506 459 459 84
507 510 510 84
508 424 424 83
509 459 459 84
510 424 424 83
511 493 493 84
512 356 356 83
513 391 391 84
514 254 254 83
515 425 425 84
516 510 510 84
517 356 356 83
518 271 271 83
519 357 357 84
520 424 424 83
521 373 373 83
522 373 373 83
523 391 391 84
524 492 492 83
525 441 441 83
526 441 441 83
527 407 407 83
528 459 459 84
529 306 306 84
530 424 424 83
531 391 391 84
532 408 408 84
533 510 510 84
534 322 322 83
535 459 459 84
536 322 322 83
537 373 373 83
538 493 493 84
539 306 306 84
540 356 356 83
541 509 509 83
542 561 561 84
543 476 476 84
544 374 374 84
545 306 306 84
546 390 390 83
547 493 493 84
548 390 390 83
549 407 407 83
550 357 357 84
551 544 544 84
552 492 492 83
553 459 459 84
554 612 612 84
555 390 390 83
556 475 475 83
557 527 527 84
558 526 526 83
559 475 475 83
560 493 493 84
561 374 374 84
562 492 492 83
563 611 611 83
564 391 391 84
565 340 340 84
566 578 578 84
567 510 510 84
568 390 390 83
569 527 527 84
570 272 272 84
571 544 544 84
572 442 442 84
573 374 374 84
574 442 442 84
575 510 510 84
576 476 476 84
577 340 340 84
578 492 492 83
579 391 391 84
580 458 458 83
581 289 289 84
582 390 390 83
583 305 305 83
584 425 425 84
585 408 408 84
586 442 442 84
587 356 356 83
588 441 441 83
589 459 459 84
590 306 306 84
591 560 560 83
592 305 305 83
593 509 509 83
594 527 527 84
595 408 408 84
596 390 390 83
597 391 391 84
598 476 476 84
599 442 442 84
600 374 374 84
601 390 390 83
602 425 425 84
603 340 340 84
604 442 442 84
605 340 340 84
606 374 374 84
607 408 408 84
608 340 340 84
609 356 356 83
610 357 357 84
611 238 238 84
612 306 306 84
613 424 424 83
614 305 305 83
615 305 305 83
616 373 373 83
617 407 407 83
618 373 373 83
619 425 425 84
620 390 390 83
621 289 289 84
622 356 356 83
623 289 289 84
624 272 272 84
625 458 458 83
626 323 323 84
627 526 526 83
628 357 357 84
629 442 442 84
630 408 408 84
631 442 442 84
632 424 424 83
633 323 323 84
634 408 408 84
635 390 390 83
636 475 475 83
637 493 493 84
638 408 408 84
639 476 476 84
640 458 458 83
641 441 441 83
642 475 475 83
643 441 441 83
644 373 373 83
645 373 373 83
646 373 373 83
647 357 357 84
648 254 254 83
649 441 441 83
650 509 509 83
651 271 271 83
652 441 441 83
653 323 323 84
654 492 492 83
655 441 441 83
656 407 407 83
657 493 493 84
658 476 476 84
659 288 288 83
660 357 357 84
661 408 408 84
662 322 322 83
663 289 289 84
664 492 492 83
665 339 339 83
666 459 459 84
667 306 306 84
668 374 374 84
669 340 340 84
670 408 408 84
671 390 390 83
672 305 305 83
673 323 323 84
674 374 374 84
675 526 526 83
676 493 493 84
677 340 340 84
678 526 526 83
679 425 425 84
680 374 374 84
681 340 340 84
682 510 510 84
683 476 476 84
684 492 492 83
685 373 373 83
686 493 493 84
687 424 424 83
688 305 305 83
689 357 357 84
690 442 442 84
691 424 424 83
692 459 459 84
693 526 526 83
694 595 595 84
695 374 374 84
696 356 356 83
697 255 255 84
698 510 510 84
699 442 442 84
700 492 492 83
701 339 339 83
702 441 441 83
703 475 475 83
704 475 475 83
705 391 391 84
706 306 306 84
707 510 510 84
708 424 424 83
709 425 425 84
710 476 476 84
711 374 374 84
712 492 492 83
713 475 475 83
714 289 289 84
715 476 476 84
716 578 578 84
717 424 424 83
718 509 509 83
719 339 339 83
720 391 391 84
721 442 442 84
722 578 578 84
723 424 424 83
724 407 407 83
725 493 493 84
726 424 424 83
727 611 611 83
728 561 561 84
729 442 442 84
730 254 254 83
731 425 425 84
732 340 340 84
733 424 424 83
734 459 459 84
735 476 476 84
736 408 408 84
737 288 288 83
738 493 493 84
739 306 306 84
740 272 272 84
741 340 340 84
742 220 220 83
743 475 475 83
744 271 271 83
745 305 305 83
746 459 459 84
747 322 322 83
748 271 271 83
749 255 255 84
750 272 272 84
751 220 220 83
752 407 407 83
753 305 305 83
754 255 255 84
755 340 340 84
756 322 322 83
757 203 203 83
758 425 425 84
759 186 186 83
760 289 289 84
761 408 408 84
762 306 306 84
763 272 272 84
764 238 238 84
765 238 238 84
766 254 254 83
767 323 323 84
768 238 238 84
769 238 238 84
770 288 288 83
771 255 255 84
772 254 254 83
773 407 407 83
774 339 339 83
775 271 271 83
776 237 237 83
777 203 203 83
778 187 187 84
779 306 306 84
780 238 238 84
781 220 220 83
782 237 237 83
783 153 153 84
784 254 254 83
785 271 271 83
786 323 323 84
787 220 220 83
788 289 289 84
789 204 204 84
790 306 306 84
791 306 306 84
792 390 390 83
793 289 289 84
794 220 220 83
795 203 203 83
796 237 237 83
797 237 237 83
798 357 357 84
799 288 288 83
800 221 221 84
801 288 288 83
802 255 255 84
803 238 238 84
804 272 272 84
805 204 204 84
806 238 238 84
807 374 374 84
808 254 254 83
809 237 237 83
810 271 271 83
811 169 169 83
812 289 289 84
813 322 322 83
814 323 323 84
815 152 152 83
816 271 271 83
817 203 203 83
818 339 339 83
819 187 187 84
820 340 340 84
821 288 288 83
822 357 357 84
823 306 306 84
824 186 186 83
825 203 203 83
826 271 271 83
827 221 221 84
828 272 272 84
829 204 204 84
830 152 152 83
831 203 203 83
832 237 237 83
833 289 289 84
834 390 390 83
835 425 425 84
836 288 288 83
837 237 237 83
838 255 255 84
839 408 408 84
840 510 510 84
841 340 340 84
842 272 272 84
843 306 306 84
844 322 322 83
845 237 237 83
846 169 169 83
847 323 323 84
848 204 204 84
849 186 186 83
850 203 203 83
851 289 289 84
852 254 254 83
853 237 237 83
854 221 221 84
855 170 170 84
856 220 220 83
857 203 203 83
858 255 255 84
859 220 220 83
860 289 289 84
861 170 170 84
862 254 254 83
863 255 255 84
864 204 204 84
865 186 186 83
866 289 289 84
867 204 204 84
868 272 272 84
869 170 170 84
870 136 136 84
871 288 288 83
872 305 305 83
873 271 271 83
874 153 153 84
875 152 152 83
876 221 221 84
877 204 204 84
878 272 272 84
879 136 136 84
880 204 204 84
881 272 272 84
882 220 220 83
883 187 187 84
884 118 118 83
885 305 305 83
886 187 187 84
887 238 238 84
888 186 186 83
889 135 135 83
890 221 221 84
891 152 152 83
892 187 187 84
893 204 204 84
894 136 136 84
895 204 204 84
896 306 306 84
897 152 152 83
898 169 169 83
899 119 119 84
900 204 204 84
901 152 152 83
902 237 237 83
903 221 221 84
904 170 170 84
905 152 152 83
906 119 119 84
907 170 170 84
908 152 152 83
909 289 289 84
910 186 186 83
911 255 255 84
912 204 204 84
913 102 102 84
914 204 204 84
915 118 118 83
916 187 187 84
917 238 238 84
918 220 220 83
919 135 135 83
920 119 119 84
921 186 186 83
922 135 135 83
923 221 221 84
924 220 220 83
925 187 187 84
926 238 238 84
927 186 186 83
928 271 271 83
929 187 187 84
930 238 238 84
931 118 118 83
932 169 169 83
933 187 187 84
934 152 152 83
935 203 203 83
936 221 221 84
937 220 220 83
938 135 135 83
939 153 153 84
940 220 220 83
941 203 203 83
942 169 169 83
943 203 203 83
944 153 153 84
945 238 238 84
946 186 186 83
947 187 187 84
948 136 136 84
949 170 170 84
950 204 204 84
951 118 118 83
952 187 187 84
953 238 238 84
954 204 204 84
955 204 204 84
956 272 272 84
957 152 152 83
958 271 271 83
959 255 255 84
960 204 204 84
961 186 186 83
962 169 169 83
963 187 187 84
964 254 254 83
965 305 305 83
966 153 153 84
967 186 186 83
968 237 237 83
969 221 221 84
970 238 238 84
971 170 170 84
972 186 186 83
973 169 169 83
974 255 255 84
975 170 170 84
976 254 254 83
977 187 187 84
978 170 170 84
979 152 152 83
980 237 237 83
981 305 305 83
982 187 187 84
983 152 152 83
984 305 305 83
985 237 237 83
986 203 203 83
987 203 203 83
988 203 203 83
989 187 187 84
990 186 186 83
991 119 119 84
992 204 204 84
993 186 186 83
994 271 271 83
995 203 203 83
996 135 135 83
997 255 255 84
998 152 152 83
999 169 169 83
1000 135 135 83
1001 119 119 84
1002 118 118 83
1003 153 153 84
1004 204 204 84
1005 220 220 83
1006 203 203 83
1007 255 255 84
1008 136 136 84
1009 288 288 83
1010 357 357 84
1011 170 170 84
1012 374 374 84
1013 204 204 84
1014 238 238 84
1015 288 288 83
1016 357 357 84
1017 272 272 84
1018 238 238 84
1019 306 306 84
1020 220 220 83
1021 289 289 84
1022 272 272 84
1023 356 356 83
1024 271 271 83
1025 357 357 84
1026 306 306 84
1027 374 374 84
1028 254 254 83
1029 407 407 83
1030 203 203 83
1031 323 323 84
1032 340 340 84
1033 204 204 84
1034 186 186 83
1035 203 203 83
1036 323 323 84
1037 254 254 83
1038 203 203 83
1039 237 237 83
1040 255 255 84
1041 288 288 83
1042 323 323 84
1043 356 356 83
1044 323 323 84
1045 254 254 83
1046 373 373 83
1047 323 323 84
1048 288 288 83
1049 323 323 84
1050 170 170 84
1051 374 374 84
1052 272 272 84
1053 272 272 84
1054 238 238 84
1055 288 288 83
1056 187 187 84
1057 322 322 83
1058 271 271 83
1059 237 237 83
1060 305 305 83
1061 255 255 84
1062 272 272 84
1063 254 254 83
1064 305 305 83
1065 221 221 84
1066 238 238 84
1067 254 254 83
1068 255 255 84
1069 254 254 83
1070 271 271 83
1071 255 255 84
1072 254 254 83
1073 153 153 84
1074 152 152 83
1075 305 305 83
1076 255 255 84
1077 186 186 83
1078 305 305 83
1079 169 169 83
1080 255 255 84
1081 220 220 83
1082 203 203 83
1083 203 203 83
1084 255 255 84
1085 186 186 83
1086 203 203 83
1087 153 153 84
1088 254 254 83
1089 255 255 84
1090 204 204 84
1091 238 238 84
1092 220 220 83
1093 221 221 84
1094 254 254 83
1095 187 187 84
1096 254 254 83
1097 203 203 83
1098 187 187 84
1099 220 220 83
1100 255 255 84
1101 340 340 84
1102 220 220 83
1103 119 119 84
1104 272 272 84
1105 170 170 84
1106 204 204 84
1107 220 220 83
1108 187 187 84
1109 204 204 84
1110 136 136 84
1111 220 220 83
1112 255 255 84
1113 152 152 83
1114 221 221 84
1115 102 102 84
1116 118 118 83
1117 119 119 84
1118 152 152 83
1119 237 237 83
1120 203 203 83
1121 203 203 83
1122 169 169 83
1123 203 203 83
1124 169 169 83
1125 135 135 83
1126 135 135 83
1127 203 203 83
1128 203 203 83
1129 255 255 84
1130 204 204 84
1131 186 186 83
1132 187 187 84
1133 204 204 84
1134 186 186 83
1135 169 169 83
1136 237 237 83
1137 203 203 83
1138 169 169 83
1139 153 153 84
1140 136 136 84
1141 204 204 84
1142 186 186 83
1143 323 323 84
1144 186 186 83
1145 221 221 84
1146 136 136 84
1147 118 118 83
1148 101 101 83
1149 169 169 83
1150 221 221 84
1151 118 118 83
1152 187 187 84
1153 136 136 84
1154 152 152 83
1155 203 203 83
1156 203 203 83
1157 169 169 83
1158 135 135 83
1159 221 221 84
1160 170 170 84
1161 152 152 83
1162 135 135 83
1163 237 237 83
1164 203 203 83
1165 169 169 83
1166 237 237 83
1167 203 203 83
1168 135 135 83
1169 203 203 83
1170 153 153 84
1171 152 152 83
1172 289 289 84
1173 152 152 83
1174 153 153 84
1175 204 204 84
1176 170 170 84
1177 170 170 84
1178 136 136 84
1179 170 170 84
1180 204 204 84
1181 170 170 84
1182 170 170 84
1183 170 170 84
1184 152 152 83
1185 101 101 83
1186 119 119 84
1187 84 84 84
1188 101 101 83
1189 169 169 83
1190 119 119 84
1191 186 186 83
1192 135 135 83
1193 101 101 83
1194 305 305 83
1195 135 135 83
1196 153 153 84
1197 186 186 83
1198 153 153 84
1199 170 170 84
1200 204 204 84
1201 220 220 83
1202 237 237 83
1203 153 153 84
1204 170 170 84
1205 118 118 83
1206 221 221 84
1207 136 136 84
1208 152 152 83
1209 187 187 84
1210 204 204 84
1211 204 204 84
1212 102 102 84
1213 118 118 83
1214 119 119 84
1215 170 170 84
1216 170 170 84
1217 186 186 83
1218 153 153 84
1219 152 152 83
1220 101 101 83
1221 169 169 83
1222 153 153 84
1223 186 186 83
1224 101 101 83
1225 169 169 83
1226 135 135 83
1227 169 169 83
1228 153 153 84
1229 152 152 83
1230 203 203 83
1231 119 119 84
1232 152 152 83
1233 255 255 84
1234 152 152 83
1235 187 187 84
1236 204 204 84
1237 204 204 84
1238 152 152 83
1239 169 169 83
1240 119 119 84
1241 136 136 84
1242 136 136 84
1243 186 186 83
1244 271 271 83
1245 135 135 83
1246 153 153 84
1247 170 170 84
1248 84 84 84
1249 135 135 83
1250 203 203 83
1251 101 101 83
1252 221 221 84
1253 204 204 84
1254 170 170 84
1255 186 186 83
1256 305 305 83
1257 187 187 84
1258 186 186 83
1259 203 203 83
1260 305 305 83
1261 221 221 84
1262 186 186 83
1263 135 135 83
1264 255 255 84
1265 220 220 83
1266 187 187 84
1267 322 322 83
1268 305 305 83
1269 391 391 84
1270 238 238 84
1271 152 152 83
1272 135 135 83
1273 169 169 83
1274 221 221 84
1275 118 118 83
1276 203 203 83
1277 135 135 83
1278 169 169 83
1279 153 153 84
1280 118 118 83
1281 101 101 83
1282 255 255 84
1283 186 186 83
1284 203 203 83
1285 153 153 84
1286 118 118 83
1287 119 119 84
1288 118 118 83
1289 153 153 84
1290 152 152 83
1291 221 221 84
1292 152 152 83
1293 187 187 84
1294 118 118 83
1295 187 187 84
1296 118 118 83
1297 187 187 84
1298 102 102 84
1299 186 186 83
1300 153 153 84
1301 170 170 84
1302 204 204 84
1303 186 186 83
1304 187 187 84
1305 204 204 84
1306 136 136 84
1307 136 136 84
1308 204 204 84
1309 152 152 83
1310 101 101 83
1311 135 135 83
1312 135 135 83
1313 135 135 83
1314 135 135 83
1315 187 187 84
1316 170 170 84
1317 152 152 83
1318 187 187 84
1319 118 118 83
1320 255 255 84
1321 136 136 84
1322 152 152 83
1323 101 101 83
1324 119 119 84
1325 118 118 83
1326 153 153 84
1327 136 136 84
1328 102 102 84
1329 220 220 83
1330 153 153 84
1331 238 238 84
1332 152 152 83
1333 271 271 83
1334 203 203 83
1335 203 203 83
1336 187 187 84
1337 220 220 83
1338 119 119 84
1339 136 136 84
1340 152 152 83
1341 135 135 83
1342 153 153 84
1343 118 118 83
1344 203 203 83
1345 153 153 84
1346 238 238 84
1347 152 152 83
1348 187 187 84
1349 186 186 83
1350 221 221 84
1351 254 254 83
1352 169 169 83
1353 153 153 84
1354 152 152 83
1355 187 187 84
1356 118 118 83
1357 203 203 83
1358 255 255 84
1359 306 306 84
1360 238 238 84
1361 204 204 84
1362 118 118 83
1363 169 169 83
1364 153 153 84
1365 254 254 83
1366 153 153 84
1367 170 170 84
1368 238 238 84
1369 152 152 83
1370 169 169 83
1371 135 135 83
1372 221 221 84
1373 118 118 83
1374 221 221 84
1375 204 204 84
1376 170 170 84
1377 170 170 84
1378 204 204 84
1379 220 220 83
1380 221 221 84
1381 204 204 84
1382 186 186 83
1383 271 271 83
1384 255 255 84
1385 238 238 84
1386 254 254 83
1387 153 153 84
1388 204 204 84
1389 186 186 83
1390 271 271 83
1391 255 255 84
1392 220 220 83
1393 221 221 84
1394 288 288 83
1395 187 187 84
1396 220 220 83
1397 221 221 84
1398 272 272 84
1399 306 306 84
1400 186 186 83
1401 169 169 83
1402 169 169 83
1403 255 255 84
1404 442 442 84
1405 288 288 83
1406 153 153 84
1407 204 204 84
1408 170 170 84
1409 288 288 83
1410 339 339 83
1411 237 237 83
1412 357 357 84
1413 204 204 84
1414 204 204 84
1415 238 238 84
1416 408 408 84
1417 356 356 83
1418 289 289 84
1419 204 204 84
1420 220 220 83
1421 391 391 84
1422 254 254 83
1423 339 339 83
1424 305 305 83
1425 323 323 84
1426 288 288 83
1427 323 323 84
1428 288 288 83
1429 221 221 84
1430 288 288 83
1431 271 271 83
1432 289 289 84
1433 306 306 84
1434 238 238 84
1435 306 306 84
1436 306 306 84
1437 272 272 84
1438 220 220 83
1439 425 425 84
1440 238 238 84
1441 136 136 84
1442 186 186 83
1443 255 255 84
1444 136 136 84
1445 186 186 83
1446 289 289 84
1447 204 204 84
1448 288 288 83
1449 339 339 83
1450 203 203 83
1451 255 255 84
1452 254 254 83
1453 255 255 84
1454 322 322 83
1455 169 169 83
1456 271 271 83
1457 305 305 83
1458 289 289 84
1459 170 170 84
1460 204 204 84
1461 306 306 84
1462 356 356 83
1463 289 289 84
1464 136 136 84
1465 204 204 84
1466 288 288 83
1467 323 323 84
1468 306 306 84
1469 238 238 84
1470 204 204 84
1471 238 238 84
1472 254 254 83
1473 203 203 83
1474 203 203 83
1475 203 203 83
1476 187 187 84
1477 254 254 83
1478 373 373 83
1479 221 221 84
1480 170 170 84
1481 272 272 84
1482 238 238 84
1483 288 288 83
1484 237 237 83
1485 305 305 83
1486 221 221 84
1487 288 288 83
1488 135 135 83
1489 169 169 83
1490 391 391 84
1491 220 220 83
1492 203 203 83
1493 271 271 83
1494 187 187 84
1495 170 170 84
1496 254 254 83
1497 221 221 84
1498 288 288 83
1499 187 187 84
1500 254 254 83
1501 153 153 84
1502 220 220 83
1503 305 305 83
1504 271 271 83
1505 339 339 83
1506 305 305 83
1507 187 187 84
1508 238 238 84
1509 238 238 84
1510 408 408 84
1511 186 186 83
1512 305 305 83
1513 187 187 84
1514 204 204 84
1515 220 220 83
1516 289 289 84
1517 204 204 84
1518 170 170 84
1519 238 238 84
1520 220 220 83
1521 169 169 83
1522 203 203 83
1523 237 237 83
1524 255 255 84
1525 152 152 83
1526 237 237 83
1527 221 221 84
1528 340 340 84
1529 322 322 83
1530 169 169 83
1531 237 237 83
1532 169 169 83
1533 255 255 84
1534 408 408 84
1535 322 322 83
1536 255 255 84
1537 272 272 84
1538 204 204 84
1539 306 306 84
1540 238 238 84
1541 254 254 83
1542 221 221 84
1543 306 306 84
1544 220 220 83
1545 221 221 84
1546 204 204 84
1547 306 306 84
1548 170 170 84
1549 186 186 83
1550 169 169 83
1551 153 153 84
1552 204 204 84
1553 170 170 84
1554 136 136 84
1555 170 170 84
1556 204 204 84
1557 288 288 83
1558 187 187 84
1559 238 238 84
1560 136 136 84
1561 220 220 83
1562 203 203 83
1563 153 153 84
1564 204 204 84
1565 136 136 84
1566 152 152 83
1567 135 135 83
1568 169 169 83
1569 135 135 83
1570 119 119 84
1571 136 136 84
1572 152 152 83
1573 203 203 83
1574 187 187 84
1575 136 136 84
1576 152 152 83
1577 153 153 84
1578 170 170 84
1579 118 118 83
1580 221 221 84
1581 118 118 83
1582 101 101 83
1583 237 237 83
1584 187 187 84
1585 136 136 84
1586 118 118 83
1587 153 153 84
1588 152 152 83
1589 169 169 83
1590 101 101 83
1591 135 135 83
1592 153 153 84
1593 288 288 83
1594 255 255 84
1595 220 220 83
1596 203 203 83
1597 135 135 83
1598 187 187 84
1599 238 238 84
1600 356 356 83
1601 357 357 84
1602 254 254 83
1603 305 305 83
1604 305 305 83
1605 305 305 83
1606 305 305 83
1607 509 509 83
1608 509 509 83
1609 373 373 83
1610 237 237 83
1611 305 305 83
1612 187 187 84
1613 356 356 83
1614 323 323 84
1615 220 220 83
1616 305 305 83
1617 255 255 84
1618 220 220 83
1619 339 339 83
1620 153 153 84
1621 238 238 84
1622 170 170 84
1623 238 238 84
1624 220 220 83
1625 169 169 83
1626 237 237 83
1627 237 237 83
1628 221 221 84
1629 136 136 84
1630 204 204 84
1631 170 170 84
1632 238 238 84
1633 220 220 83
1634 187 187 84
1635 170 170 84
1636 170 170 84
1637 220 220 83
1638 203 203 83
1639 187 187 84
1640 170 170 84
1641 220 220 83
1642 221 221 84
1643 238 238 84
1644 170 170 84
1645 204 204 84
1646 204 204 84
1647 220 220 83
1648 169 169 83
1649 153 153 84
1650 136 136 84
1651 220 220 83
1652 153 153 84
1653 170 170 84
1654 186 186 83
1655 135 135 83
1656 203 203 83
1657 221 221 84
1658 254 254 83
1659 221 221 84
1660 170 170 84
1661 152 152 83
1662 135 135 83
1663 153 153 84
1664 84 84 84
1665 119 119 84
1666 136 136 84
1667 186 186 83
1668 169 169 83
1669 203 203 83
1670 135 135 83
1671 203 203 83
1672 187 187 84
1673 170 170 84
1674 152 152 83
1675 203 203 83
1676 119 119 84
1677 102 102 84
1678 170 170 84
1679 170 170 84
1680 204 204 84
1681 186 186 83
1682 119 119 84
1683 186 186 83
1684 119 119 84
1685 152 152 83
1686 153 153 84
1687 152 152 83
1688 135 135 83
1689 187 187 84
1690 102 102 84
1691 118 118 83
1692 153 153 84
1693 152 152 83
1694 153 153 84
1695 118 118 83
1696 135 135 83
1697 135 135 83
1698 187 187 84
1699 170 170 84
1700 118 118 83
1701 203 203 83
1702 153 153 84
1703 136 136 84
1704 170 170 84
1705 220 220 83
1706 169 169 83
1707 135 135 83
1708 153 153 84
1709 170 170 84
1710 170 170 84
1711 272 272 84
1712 170 170 84
1713 152 152 83
1714 187 187 84
1715 152 152 83
1716 187 187 84
1717 152 152 83
1718 187 187 84
1719 118 118 83
1720 187 187 84
1721 136 136 84
1722 170 170 84
1723 204 204 84
1724 220 220 83
1725 119 119 84
1726 204 204 84
1727 152 152 83
1728 119 119 84
1729 152 152 83
1730 153 153 84
1731 186 186 83
1732 323 323 84
1733 152 152 83
1734 119 119 84
1735 136 136 84
1736 170 170 84
1737 170 170 84
1738 152 152 83
1739 255 255 84
1740 152 152 83
1741 187 187 84
1742 84 84 84
1743 237 237 83
1744 169 169 83
1745 221 221 84
1746 186 186 83
1747 237 237 83
1748 187 187 84
1749 118 118 83
1750 135 135 83
1751 187 187 84
1752 204 204 84
1753 186 186 83
1754 101 101 83
1755 187 187 84
1756 152 152 83
1757 153 153 84
1758 136 136 84
1759 152 152 83
1760 169 169 83
1761 153 153 84
1762 152 152 83
1763 101 101 83
1764 203 203 83
1765 203 203 83
1766 153 153 84
1767 136 136 84
1768 170 170 84
1769 170 170 84
1770 186 186 83
1771 237 237 83
1772 237 237 83
1773 119 119 84
1774 102 102 84
1775 204 204 84
1776 118 118 83
1777 153 153 84
1778 102 102 84
1779 186 186 83
1780 169 169 83
1781 135 135 83
1782 119 119 84
1783 220 220 83
1784 187 187 84
1785 204 204 84
1786 152 152 83
1787 187 187 84
1788 238 238 84
1789 204 204 84
1790 102 102 84
1791 272 272 84
1792 220 220 83
1793 203 203 83
1794 203 203 83
1795 237 237 83
1796 271 271 83
1797 289 289 84
1798 306 306 84
1799 238 238 84
1800 254 254 83
1801 255 255 84
1802 204 204 84
1803 254 254 83
1804 373 373 83
1805 357 357 84
1806 238 238 84
1807 356 356 83
1808 323 323 84
1809 254 254 83
1810 305 305 83
1811 323 323 84
1812 204 204 84
1813 340 340 84
1814 492 492 83
1815 543 543 83
1816 391 391 84
1817 306 306 84
1818 288 288 83
1819 357 357 84
1820 322 322 83
1821 391 391 84
1822 408 408 84
1823 186 186 83
1824 357 357 84
1825 340 340 84
1826 238 238 84
1827 322 322 83
1828 407 407 83
1829 255 255 84
1830 220 220 83
1831 187 187 84
1832 254 254 83
1833 289 289 84
1834 424 424 83
1835 373 373 83
1836 271 271 83
1837 373 373 83
1838 237 237 83
1839 169 169 83
1840 289 289 84
1841 288 288 83
1842 221 221 84
1843 306 306 84
1844 238 238 84
1845 238 238 84
1846 254 254 83
1847 373 373 83
1848 323 323 84
1849 220 220 83
1850 305 305 83
1851 187 187 84
1852 238 238 84
1853 356 356 83
1854 441 441 83
1855 271 271 83
1856 237 237 83
1857 187 187 84
1858 288 288 83
1859 237 237 83
1860 305 305 83
1861 323 323 84
1862 186 186 83
1863 221 221 84
1864 170 170 84
1865 254 254 83
1866 289 289 84
1867 238 238 84
1868 170 170 84
1869 186 186 83
1870 237 237 83
1871 357 357 84
1872 322 322 83
1873 169 169 83
1874 323 323 84
1875 272 272 84
1876 288 288 83
1877 203 203 83
1878 271 271 83
1879 221 221 84
1880 186 186 83
1881 305 305 83
1882 425 425 84
1883 220 220 83
1884 271 271 83
1885 237 237 83
1886 203 203 83
1887 255 255 84
1888 254 254 83
1889 289 289 84
1890 288 288 83
1891 305 305 83
1892 255 255 84
1893 204 204 84
1894 254 254 83
1895 289 289 84
1896 204 204 84
1897 272 272 84
1898 306 306 84
1899 288 288 83
1900 255 255 84
1901 322 322 83
1902 255 255 84
1903 220 220 83
1904 305 305 83
1905 271 271 83
1906 255 255 84
1907 288 288 83
1908 271 271 83
1909 391 391 84
1910 254 254 83
1911 323 323 84
1912 254 254 83
1913 187 187 84
1914 118 118 83
1915 237 237 83
1916 203 203 83
1917 289 289 84
1918 238 238 84
1919 272 272 84
1920 220 220 83
1921 221 221 84
1922 254 254 83
1923 203 203 83
1924 255 255 84
1925 272 272 84
1926 322 322 83
1927 135 135 83
1928 255 255 84
1929 238 238 84
1930 204 204 84
1931 356 356 83
1932 153 153 84
1933 272 272 84
1934 272 272 84
1935 220 220 83
1936 187 187 84
1937 186 186 83
1938 289 289 84
1939 238 238 84
1940 254 254 83
1941 289 289 84
1942 186 186 83
1943 187 187 84
1944 254 254 83
1945 305 305 83
1946 289 289 84
1947 288 288 83
1948 135 135 83
1949 221 221 84
1950 238 238 84
1951 238 238 84
1952 238 238 84
1953 254 254 83
1954 255 255 84
1955 186 186 83
1956 289 289 84
1957 272 272 84
1958 254 254 83
1959 203 203 83
1960 305 305 83
1961 289 289 84
1962 170 170 84
1963 254 254 83
1964 169 169 83
1965 169 169 83
1966 187 187 84
1967 306 306 84
1968 272 272 84
1969 254 254 83
1970 323 323 84
1971 186 186 83
1972 221 221 84
1973 272 272 84
1974 322 322 83
1975 391 391 84
1976 458 458 83
1977 169 169 83
1978 255 255 84
1979 254 254 83
1980 425 425 84
1981 390 390 83
1982 339 339 83
1983 373 373 83
1984 203 203 83
1985 373 373 83
1986 237 237 83
1987 221 221 84
1988 356 356 83
1989 255 255 84
1990 306 306 84
1991 238 238 84
1992 186 186 83
1993 373 373 83
1994 459 459 84
1995 442 442 84
1996 322 322 83
1997 271 271 83
1998 289 289 84
1999 170 170 84
2000 238 238 84
2001 136 136 84
2002 220 220 83
2003 203 203 83
2004 271 271 83
2005 169 169 83
2006 203 203 83
2007 221 221 84
2008 170 170 84
2009 170 170 84
2010 340 340 84
2011 288 288 83
2012 237 237 83
2013 373 373 83
2014 153 153 84
2015 306 306 84
2016 152 152 83
2017 187 187 84
2018 254 254 83
2019 339 339 83
2020 169 169 83
2021 203 203 83
2022 237 237 83
2023 255 255 84
2024 170 170 84
2025 136 136 84
2026 170 170 84
2027 238 238 84
2028 170 170 84
2029 152 152 83
2030 187 187 84
2031 118 118 83
2032 221 221 84
2033 170 170 84
2034 186 186 83
2035 221 221 84
2036 136 136 84
2037 220 220 83
2038 187 187 84
2039 238 238 84
2040 170 170 84
2041 238 238 84
2042 220 220 83
2043 203 203 83
2044 221 221 84
2045 288 288 83
2046 271 271 83
2047 237 237 83
2048 203 203 83
2049 187 187 84
2050 204 204 84
2051 322 322 83
2052 255 255 84
2053 306 306 84
2054 136 136 84
2055 238 238 84
2056 186 186 83
2057 237 237 83
2058 187 187 84
2059 272 272 84
2060 220 220 83
2061 153 153 84
2062 204 204 84
2063 254 254 83
2064 289 289 84
2065 186 186 83
2066 289 289 84
2067 288 288 83
2068 255 255 84
2069 152 152 83
2070 101 101 83
2071 221 221 84
2072 254 254 83
2073 203 203 83
2074 187 187 84
2075 204 204 84
2076 152 152 83
2077 135 135 83
2078 169 169 83
2079 169 169 83
2080 135 135 83
2081 153 153 84
2082 186 186 83
2083 221 221 84
2084 220 220 83
2085 237 237 83
2086 221 221 84
2087 152 152 83
2088 153 153 84
2089 254 254 83
2090 203 203 83
2091 221 221 84
2092 186 186 83
2093 221 221 84
2094 152 152 83
2095 135 135 83
2096 153 153 84
2097 102 102 84
2098 204 204 84
2099 170 170 84
2100 204 204 84
2101 136 136 84
2102 136 136 84
2103 170 170 84
2104 152 152 83
2105 135 135 83
2106 135 135 83
2107 169 169 83
2108 169 169 83
2109 305 305 83
2110 203 203 83
2111 135 135 83
2112 119 119 84
2113 152 152 83
2114 187 187 84
2115 152 152 83
2116 237 237 83
2117 135 135 83
2118 237 237 83
2119 119 119 84
2120 118 118 83
2121 255 255 84
2122 118 118 83
2123 135 135 83
2124 187 187 84
2125 170 170 84
2126 136 136 84
2127 84 84 84
2128 135 135 83
2129 187 187 84
2130 170 170 84
2131 102 102 84
2132 220 220 83
2133 153 153 84
2134 170 170 84
2135 118 118 83
2136 187 187 84
2137 136 136 84
2138 136 136 84
2139 136 136 84
2140 118 118 83
2141 119 119 84
2142 254 254 83
2143 119 119 84
2144 118 118 83
2145 135 135 83
2146 119 119 84
2147 186 186 83
2148 135 135 83
2149 169 169 83
2150 169 169 83
2151 135 135 83
2152 101 101 83
2153 119 119 84
2154 220 220 83
2155 187 187 84
2156 238 238 84
2157 170 170 84
2158 152 152 83
2159 271 271 83
2160 221 221 84
2161 238 238 84
2162 204 204 84
2163 204 204 84
2164 152 152 83
2165 187 187 84
2166 186 186 83
2167 271 271 83
2168 187 187 84
2169 136 136 84
2170 238 238 84
2171 186 186 83
2172 221 221 84
2173 322 322 83
2174 271 271 83
2175 237 237 83
2176 153 153 84
2177 272 272 84
2178 220 220 83
2179 271 271 83
2180 237 237 83
2181 153 153 84
2182 118 118 83
2183 255 255 84
2184 220 220 83
2185 255 255 84
2186 272 272 84
2187 136 136 84
2188 204 204 84
2189 220 220 83
2190 169 169 83
2191 187 187 84
2192 254 254 83
2193 237 237 83
2194 203 203 83
2195 135 135 83
2196 255 255 84
2197 254 254 83
2198 255 255 84
2199 288 288 83
2200 255 255 84
2201 356 356 83
2202 187 187 84
2203 220 220 83
2204 221 221 84
2205 220 220 83
2206 255 255 84
2207 254 254 83
2208 203 203 83
2209 237 237 83
2210 169 169 83
2211 255 255 84
2212 220 220 83
2213 237 237 83
2214 119 119 84
2215 254 254 83
2216 203 203 83
2217 289 289 84
2218 170 170 84
2219 220 220 83
2220 187 187 84
2221 220 220 83
2222 271 271 83
2223 203 203 83
2224 271 271 83
2225 237 237 83
2226 187 187 84
2227 238 238 84
2228 254 254 83
2229 153 153 84
2230 186 186 83
2231 237 237 83
2232 289 289 84
2233 186 186 83
2234 153 153 84
2235 186 186 83
2236 187 187 84
2237 186 186 83
2238 169 169 83
2239 187 187 84
2240 170 170 84
2241 186 186 83
2242 169 169 83
2243 271 271 83
2244 153 153 84
2245 238 238 84
2246 152 152 83
2247 203 203 83
2248 135 135 83
2249 169 169 83
2250 169 169 83
2251 237 237 83
2252 169 169 83
2253 339 339 83
2254 221 221 84
2255 152 152 83
2256 135 135 83
2257 271 271 83
2258 203 203 83
2259 169 169 83
2260 237 237 83
2261 305 305 83
2262 271 271 83
2263 187 187 84
2264 152 152 83
2265 255 255 84
2266 238 238 84
2267 254 254 83
2268 255 255 84
2269 238 238 84
2270 254 254 83
2271 153 153 84
2272 254 254 83
2273 441 441 83
2274 289 289 84
2275 170 170 84
2276 204 204 84
2277 186 186 83
2278 323 323 84
2279 186 186 83
2280 221 221 84
2281 204 204 84
2282 204 204 84
2283 238 238 84
2284 204 204 84
2285 220 220 83
2286 135 135 83
2287 255 255 84
2288 272 272 84
2289 238 238 84
2290 272 272 84
2291 204 204 84
2292 220 220 83
2293 187 187 84
2294 186 186 83
2295 255 255 84
2296 254 254 83
2297 169 169 83
2298 203 203 83
2299 203 203 83
2300 187 187 84
2301 170 170 84
2302 220 220 83
2303 187 187 84
2304 152 152 83
2305 101 101 83
2306 203 203 83
2307 187 187 84
2308 170 170 84
2309 204 204 84
2310 238 238 84
2311 238 238 84
2312 272 272 84
2313 136 136 84
2314 288 288 83
2315 255 255 84
2316 220 220 83
2317 169 169 83
2318 237 237 83
2319 203 203 83
2320 169 169 83
2321 221 221 84
2322 170 170 84
2323 254 254 83
2324 237 237 83
2325 255 255 84
2326 152 152 83
2327 237 237 83
2328 255 255 84
2329 220 220 83
2330 289 289 84
2331 306 306 84
2332 220 220 83
2333 305 305 83
2334 271 271 83
2335 221 221 84
2336 220 220 83
2337 221 221 84
2338 152 152 83
2339 169 169 83
2340 187 187 84
2341 340 340 84
2342 254 254 83
2343 289 289 84
2344 254 254 83
2345 187 187 84
2346 288 288 83
2347 203 203 83
2348 187 187 84
2349 340 340 84
2350 170 170 84
2351 322 322 83
2352 255 255 84
2353 136 136 84
2354 356 356 83
2355 237 237 83
2356 221 221 84
2357 118 118 83
2358 187 187 84
2359 186 186 83
2360 187 187 84
2361 288 288 83
2362 323 323 84
2363 340 340 84
2364 356 356 83
2365 271 271 83
2366 221 221 84
2367 322 322 83
2368 271 271 83
2369 271 271 83
2370 203 203 83
2371 289 289 84
2372 170 170 84
2373 254 254 83
2374 289 289 84
2375 186 186 83
2376 305 305 83
2377 187 187 84
2378 220 220 83
2379 237 237 83
2380 391 391 84
2381 254 254 83
2382 203 203 83
2383 339 339 83
2384 289 289 84
2385 220 220 83
2386 221 221 84
2387 306 306 84
2388 288 288 83
2389 237 237 83
2390 289 289 84
2391 220 220 83
2392 271 271 83
2393 187 187 84
2394 220 220 83
2395 289 289 84
2396 220 220 83
2397 153 153 84
2398 136 136 84
2399 272 272 84
2400 340 340 84
2401 254 254 83
2402 203 203 83
2403 203 203 83
2404 153 153 84
2405 204 204 84
2406 288 288 83
2407 289 289 84
2408 254 254 83
2409 289 289 84
2410 322 322 83
2411 373 373 83
2412 323 323 84
2413 204 204 84
2414 186 186 83
2415 169 169 83
2416 221 221 84
2417 204 204 84
2418 356 356 83
2419 305 305 83
2420 237 237 83
2421 271 271 83
2422 153 153 84
2423 186 186 83
2424 237 237 83
2425 305 305 83
2426 237 237 83
2427 237 237 83
2428 153 153 84
2429 220 220 83
2430 187 187 84
2431 238 238 84
2432 238 238 84
2433 220 220 83
2434 203 203 83
2435 255 255 84
2436 152 152 83
2437 101 101 83
2438 271 271 83
2439 237 237 83
2440 203 203 83
2441 221 221 84
2442 152 152 83
2443 271 271 83
2444 119 119 84
2445 186 186 83
2446 119 119 84
2447 170 170 84
2448 152 152 83
2449 221 221 84
2450 204 204 84
2451 170 170 84
2452 152 152 83
2453 187 187 84
2454 204 204 84
2455 136 136 84
2456 220 220 83
2457 255 255 84
2458 102 102 84
2459 220 220 83
2460 187 187 84
2461 136 136 84
2462 152 152 83
2463 119 119 84
2464 84 84 84
2465 101 101 83
2466 203 203 83
2467 169 169 83
2468 187 187 84
2469 170 170 84
2470 152 152 83
2471 221 221 84
2472 186 186 83
2473 119 119 84
2474 136 136 84
2475 152 152 83
2476 85 85 85
2477 152 152 83
2478 221 221 84
2479 170 170 84
2480 170 170 84
2481 204 204 84
2482 84 84 84
2483 135 135 83
2484 271 271 83
2485 221 221 84
2486 186 186 83
2487 221 221 84
2488 204 204 84
2489 118 118 83
2490 153 153 84
2491 118 118 83
2492 203 203 83
2493 255 255 84
2494 170 170 84
2495 186 186 83
2496 221 221 84
2497 170 170 84
2498 220 220 83
2499 187 187 84
2500 170 170 84
2501 118 118 83
2502 119 119 84
2503 102 102 84
2504 186 186 83
2505 203 203 83
2506 221 221 84
2507 102 102 84
2508 136 136 84
2509 204 204 84
2510 186 186 83
2511 135 135 83
2512 237 237 83
2513 169 169 83
2514 169 169 83
2515 187 187 84
2516 220 220 83
2517 153 153 84
2518 220 220 83
2519 119 119 84
2520 136 136 84
2521 204 204 84
2522 170 170 84
2523 102 102 84
2524 118 118 83
2525 153 153 84
2526 136 136 84
2527 136 136 84
2528 238 238 84
2529 170 170 84
2530 220 220 83
2531 153 153 84
2532 204 204 84
2533 238 238 84
2534 118 118 83
2535 101 101 83
2536 187 187 84
2537 186 186 83
2538 187 187 84
2539 220 220 83
2540 119 119 84
2541 170 170 84
2542 238 238 84
2543 186 186 83
2544 169 169 83
2545 119 119 84
2546 136 136 84
2547 136 136 84
2548 220 220 83
2549 187 187 84
2550 152 152 83
2551 135 135 83
2552 187 187 84
2553 186 186 83
2554 187 187 84
2555 204 204 84
2556 152 152 83
2557 169 169 83
2558 237 237 83
2559 187 187 84
2560 204 204 84
2561 152 152 83
2562 221 221 84
2563 170 170 84
2564 152 152 83
2565 221 221 84
2566 272 272 84
2567 152 152 83
2568 187 187 84
2569 220 220 83
2570 203 203 83
2571 203 203 83
2572 255 255 84
2573 152 152 83
2574 85 85 85
2575 102 102 84
2576 170 170 84
2577 170 170 84
2578 136 136 84
2579 186 186 83
2580 203 203 83
2581 153 153 84
2582 170 170 84
2583 152 152 83
2584 255 255 84
2585 204 204 84
2586 322 322 83
2587 169 169 83
2588 101 101 83
2589 169 169 83
2590 237 237 83
2591 169 169 83
2592 237 237 83
2593 119 119 84
2594 204 204 84
2595 238 238 84
2596 170 170 84
2597 254 254 83
2598 203 203 83
2599 373 373 83
2600 271 271 83
2601 203 203 83
2602 153 153 84
2603 288 288 83
2604 237 237 83
2605 187 187 84
2606 322 322 83
2607 221 221 84
2608 220 220 83
2609 203 203 83
2610 237 237 83
2611 339 339 83
2612 289 289 84
2613 186 186 83
2614 271 271 83
2615 339 339 83
2616 271 271 83
2617 289 289 84
2618 220 220 83
2619 373 373 83
2620 271 271 83
2621 407 407 83
2622 323 323 84
2623 204 204 84
2624 204 204 84
2625 204 204 84
2626 340 340 84
2627 254 254 83
2628 221 221 84
2629 272 272 84
2630 220 220 83
2631 237 237 83
2632 255 255 84
2633 356 356 83
2634 323 323 84
2635 204 204 84
2636 306 306 84
2637 254 254 83
2638 305 305 83
2639 203 203 83
2640 289 289 84
2641 220 220 83
2642 203 203 83
2643 357 357 84
2644 340 340 84
2645 322 322 83
2646 323 323 84
2647 390 390 83
2648 339 339 83
2649 407 407 83
2650 407 407 83
2651 289 289 84
2652 272 272 84
2653 390 390 83
2654 255 255 84
2655 322 322 83
2656 407 407 83
2657 237 237 83
2658 187 187 84
2659 458 458 83
2660 509 509 83
2661 391 391 84
2662 442 442 84
2663 306 306 84
2664 238 238 84
2665 356 356 83
2666 459 459 84
2667 374 374 84
2668 272 272 84
2669 322 322 83
2670 407 407 83
2671 391 391 84
2672 272 272 84
2673 288 288 83
2674 339 339 83
2675 271 271 83
2676 305 305 83
2677 289 289 84
2678 238 238 84
2679 306 306 84
2680 254 254 83
2681 323 323 84
2682 356 356 83
2683 357 357 84
2684 288 288 83
2685 441 441 83
2686 391 391 84
2687 288 288 83
2688 425 425 84
2689 424 424 83
2690 391 391 84
2691 288 288 83
2692 289 289 84
2693 424 424 83
2694 459 459 84
2695 322 322 83
2696 255 255 84
2697 374 374 84
2698 340 340 84
2699 340 340 84
2700 390 390 83
2701 373 373 83
2702 255 255 84
2703 408 408 84
2704 374 374 84
2705 458 458 83
2706 373 373 83
2707 339 339 83
2708 339 339 83
2709 221 221 84
2710 578 578 84
2711 374 374 84
2712 390 390 83
2713 305 305 83
2714 357 357 84
2715 458 458 83
2716 255 255 84
2717 612 612 84
2718 356 356 83
2719 339 339 83
2720 339 339 83
2721 289 289 84
2722 204 204 84
2723 238 238 84
2724 492 492 83
2725 339 339 83
2726 289 289 84
2727 254 254 83
2728 391 391 84
2729 306 306 84
2730 322 322 83
2731 255 255 84
2732 322 322 83
2733 305 305 83
2734 339 339 83
2735 339 339 83
2736 339 339 83
2737 373 373 83
2738 357 357 84
2739 288 288 83
2740 271 271 83
2741 373 373 83
2742 391 391 84
2743 272 272 84
2744 288 288 83
2745 323 323 84
2746 408 408 84
2747 238 238 84
2748 442 442 84
2749 356 356 83
2750 255 255 84
2751 374 374 84
2752 254 254 83
2753 339 339 83
2754 271 271 83
2755 203 203 83
2756 373 373 83
2757 237 237 83
2758 305 305 83
2759 305 305 83
2760 255 255 84
2761 374 374 84
2762 306 306 84
2763 272 272 84
2764 136 136 84
2765 272 272 84
2766 288 288 83
2767 441 441 83
2768 255 255 84
2769 220 220 83
2770 101 101 83
2771 221 221 84
2772 238 238 84
2773 170 170 84
2774 220 220 83
2775 339 339 83
2776 169 169 83
2777 187 187 84
2778 170 170 84
2779 254 254 83
2780 271 271 83
2781 221 221 84
2782 204 204 84
2783 220 220 83
2784 305 305 83
2785 187 187 84
2786 186 186 83
2787 169 169 83
2788 221 221 84
2789 254 254 83
2790 187 187 84
2791 152 152 83
2792 221 221 84
2793 204 204 84
2794 306 306 84
2795 204 204 84
2796 170 170 84
2797 204 204 84
2798 220 220 83
2799 289 289 84
2800 408 408 84
2801 170 170 84
2802 152 152 83
2803 237 237 83
2804 169 169 83
2805 203 203 83
2806 255 255 84
2807 238 238 84
2808 204 204 84
2809 238 238 84
2810 306 306 84
2811 272 272 84
2812 220 220 83
2813 203 203 83
2814 85 85 85
2815 152 152 83
2816 255 255 84
2817 186 186 83
2818 135 135 83
2819 237 237 83
2820 187 187 84
2821 220 220 83
2822 237 237 83
2823 373 373 83
2824 271 271 83
2825 221 221 84
2826 288 288 83
2827 323 323 84
2828 152 152 83
2829 221 221 84
2830 272 272 84
2831 238 238 84
2832 254 254 83
2833 237 237 83
2834 271 271 83
2835 221 221 84
2836 186 186 83
2837 203 203 83
2838 135 135 83
2839 221 221 84
2840 220 220 83
2841 169 169 83
2842 323 323 84
2843 170 170 84
2844 238 238 84
2845 118 118 83
2846 271 271 83
2847 135 135 83
2848 255 255 84
2849 238 238 84
2850 186 186 83
2851 221 221 84
2852 186 186 83
2853 305 305 83
2854 203 203 83
2855 255 255 84
2856 238 238 84
2857 254 254 83
2858 135 135 83
2859 187 187 84
2860 170 170 84
2861 136 136 84
2862 204 204 84
2863 186 186 83
2864 255 255 84
2865 118 118 83
2866 119 119 84
2867 220 220 83
2868 135 135 83
2869 135 135 83
2870 187 187 84
2871 136 136 84
2872 220 220 83
2873 153 153 84
2874 204 204 84
2875 220 220 83
2876 203 203 83
2877 153 153 84
2878 136 136 84
2879 152 152 83
2880 153 153 84
2881 136 136 84
2882 238 238 84
2883 152 152 83
2884 187 187 84
2885 152 152 83
2886 169 169 83
2887 153 153 84
2888 170 170 84
2889 186 186 83
2890 153 153 84
2891 170 170 84
2892 288 288 83
2893 203 203 83
2894 203 203 83
2895 169 169 83
2896 119 119 84
2897 272 272 84
2898 204 204 84
2899 238 238 84
2900 204 204 84
2901 186 186 83
2902 203 203 83
2903 169 169 83
2904 153 153 84
2905 238 238 84
2906 288 288 83
2907 255 255 84
2908 220 220 83
2909 119 119 84
2910 136 136 84
2911 136 136 84
2912 170 170 84
2913 118 118 83
2914 187 187 84
2915 152 152 83
2916 221 221 84
2917 118 118 83
2918 153 153 84
2919 136 136 84
2920 186 186 83
2921 135 135 83
2922 339 339 83
2923 271 271 83
2924 135 135 83
2925 135 135 83
2926 135 135 83
2927 135 135 83
2928 119 119 84
2929 170 170 84
2930 238 238 84
2931 204 204 84
2932 238 238 84
2933 152 152 83
2934 119 119 84
2935 186 186 83
2936 203 203 83
2937 271 271 83
2938 187 187 84
2939 102 102 84
2940 238 238 84
2941 136 136 84
2942 102 102 84
2943 136 136 84
2944 118 118 83
2945 153 153 84
2946 220 220 83
2947 271 271 83
2948 169 169 83
2949 169 169 83
2950 153 153 84
2951 254 254 83
2952 135 135 83
2953 203 203 83
2954 135 135 83
2955 221 221 84
2956 152 152 83
2957 255 255 84
2958 204 204 84
2959 118 118 83
2960 203 203 83
2961 289 289 84
2962 170 170 84
2963 118 118 83
2964 237 237 83
2965 135 135 83
2966 169 169 83
2967 169 169 83
2968 187 187 84
2969 152 152 83
2970 169 169 83
2971 187 187 84
2972 204 204 84
2973 152 152 83
2974 221 221 84
2975 288 288 83
2976 169 169 83
2977 255 255 84
2978 238 238 84
2979 254 254 83
2980 187 187 84
2981 170 170 84
2982 238 238 84
2983 118 118 83
2984 187 187 84
2985 288 288 83
2986 237 237 83
2987 203 203 83
2988 203 203 83
2989 85 85 85
2990 136 136 84
2991 204 204 84
2992 254 254 83
2993 271 271 83
2994 153 153 84
2995 170 170 84
2996 374 374 84
2997 204 204 84
2998 136 136 84
2999 238 238 84
3000 238 238 84
3001 186 186 83
3002 221 221 84
3003 288 288 83
3004 221 221 84
3005 152 152 83
3006 271 271 83
3007 305 305 83
3008 357 357 84
3009 186 186 83
3010 187 187 84
3011 340 340 84
3012 238 238 84
3013 458 458 83
3014 391 391 84
3015 322 322 83
3016 119 119 84
3017 204 204 84
3018 152 152 83
3019 407 407 83
3020 255 255 84
3021 442 442 84
3022 254 254 83
3023 323 323 84
3024 152 152 83
3025 255 255 84
3026 340 340 84
3027 442 442 84
3028 322 322 83
3029 391 391 84
3030 238 238 84
3031 322 322 83
3032 289 289 84
3033 204 204 84
3034 492 492 83
3035 441 441 83
3036 357 357 84
3037 390 390 83
3038 203 203 83
3039 169 169 83
3040 255 255 84
3041 238 238 84
3042 374 374 84
3043 424 424 83
3044 221 221 84
3045 306 306 84
3046 254 254 83
3047 459 459 84
3048 288 288 83
3049 271 271 83
3050 373 373 83
3051 289 289 84
3052 272 272 84
3053 254 254 83
3054 391 391 84
3055 340 340 84
3056 458 458 83
3057 373 373 83
3058 255 255 84
3059 340 340 84
3060 374 374 84
3061 408 408 84
3062 476 476 84
3063 272 272 84
3064 272 272 84
3065 340 340 84
3066 340 340 84
3067 288 288 83
3068 237 237 83
3069 289 289 84
3070 186 186 83
3071 271 271 83
3072 255 255 84
3073 288 288 83
3074 391 391 84
3075 390 390 83
3076 187 187 84
3077 306 306 84
3078 408 408 84
3079 322 322 83
3080 289 289 84
3081 254 254 83
3082 357 357 84
3083 390 390 83
3084 305 305 83
3085 237 237 83
3086 271 271 83
3087 271 271 83
3088 323 323 84
3089 272 272 84
3090 220 220 83
3091 289 289 84
3092 254 254 83
3093 323 323 84
3094 306 306 84
3095 272 272 84
3096 288 288 83
3097 203 203 83
3098 255 255 84
3099 170 170 84
3100 220 220 83
3101 357 357 84
3102 220 220 83
3103 255 255 84
3104 340 340 84
3105 272 272 84
3106 390 390 83
3107 289 289 84
3108 288 288 83
3109 221 221 84
3110 322 322 83
3111 237 237 83
3112 305 305 83
3113 203 203 83
3114 271 271 83
3115 255 255 84
3116 204 204 84
3117 220 220 83
3118 237 237 83
3119 237 237 83
3120 305 305 83
3121 203 203 83
3122 237 237 83
3123 237 237 83
3124 237 237 83
3125 237 237 83
3126 153 153 84
3127 204 204 84
3128 272 272 84
3129 254 254 83
3130 221 221 84
3131 220 220 83
3132 271 271 83
3133 255 255 84
3134 306 306 84
3135 322 322 83
3136 153 153 84
3137 204 204 84
3138 272 272 84
3139 170 170 84
3140 238 238 84
3141 204 204 84
3142 204 204 84
3143 204 204 84
3144 102 102 84
3145 136 136 84
3146 186 186 83
3147 221 221 84
3148 152 152 83
3149 135 135 83
3150 187 187 84
3151 170 170 84
3152 220 220 83
3153 271 271 83
3154 221 221 84
3155 204 204 84
3156 152 152 83
3157 119 119 84
3158 152 152 83
3159 119 119 84
3160 306 306 84
3161 170 170 84
3162 170 170 84
3163 204 204 84
3164 118 118 83
3165 153 153 84
3166 220 220 83
3167 169 169 83
3168 305 305 83
3169 187 187 84
3170 204 204 84
3171 170 170 84
3172 238 238 84
3173 170 170 84
3174 170 170 84
3175 204 204 84
3176 136 136 84
3177 170 170 84
3178 220 220 83
3179 119 119 84
3180 254 254 83
3181 135 135 83
3182 187 187 84
3183 186 186 83
3184 237 237 83
3185 187 187 84
3186 288 288 83
3187 153 153 84
3188 204 204 84
3189 204 204 84
3190 152 152 83
3191 169 169 83
3192 289 289 84
3193 238 238 84
3194 186 186 83
3195 237 237 83
3196 221 221 84
3197 170 170 84
3198 272 272 84
3199 186 186 83
3200 203 203 83
3201 271 271 83
3202 187 187 84
3203 170 170 84
3204 186 186 83
3205 135 135 83
3206 237 237 83
3207 153 153 84
3208 288 288 83
3209 255 255 84
3210 186 186 83
3211 187 187 84
3212 152 152 83
3213 119 119 84
3214 220 220 83
3215 203 203 83
3216 289 289 84
3217 170 170 84
3218 204 204 84
3219 170 170 84
3220 136 136 84
3221 118 118 83
3222 169 169 83
3223 153 153 84
3224 220 220 83
3225 101 101 83
3226 153 153 84
3227 254 254 83
3228 135 135 83
3229 221 221 84
3230 118 118 83
3231 85 85 85
3232 170 170 84
3233 204 204 84
3234 220 220 83
3235 119 119 84
3236 306 306 84
3237 220 220 83
3238 119 119 84
3239 136 136 84
3240 170 170 84
3241 170 170 84
3242 152 152 83
3243 187 187 84
3244 152 152 83
3245 153 153 84
3246 118 118 83
3247 187 187 84
3248 186 186 83
3249 135 135 83
3250 271 271 83
3251 169 169 83
3252 153 153 84
3253 102 102 84
3254 170 170 84
3255 136 136 84
3256 118 118 83
3257 289 289 84
3258 220 220 83
3259 255 255 84
3260 220 220 83
3261 169 169 83
3262 169 169 83
3263 271 271 83
3264 237 237 83
3265 135 135 83
3266 237 237 83
3267 203 203 83
3268 221 221 84
3269 102 102 84
3270 186 186 83
3271 187 187 84
3272 186 186 83
3273 203 203 83
3274 255 255 84
3275 254 254 83
3276 289 289 84
3277 204 204 84
3278 220 220 83
3279 255 255 84
3280 152 152 83
3281 323 323 84
3282 272 272 84
3283 186 186 83
3284 221 221 84
3285 152 152 83
3286 271 271 83
3287 153 153 84
3288 272 272 84
3289 356 356 83
3290 289 289 84
3291 340 340 84
3292 272 272 84
3293 288 288 83
3294 289 289 84
3295 356 356 83
3296 323 323 84
3297 340 340 84
3298 186 186 83
3299 357 357 84
3300 170 170 84
3301 322 322 83
3302 271 271 83
3303 323 323 84
3304 306 306 84
3305 306 306 84
3306 170 170 84
3307 204 204 84
3308 254 254 83
3309 289 289 84
3310 408 408 84
3311 272 272 84
3312 254 254 83
3313 339 339 83
3314 169 169 83
3315 271 271 83
3316 271 271 83
3317 221 221 84
3318 220 220 83
3319 271 271 83
3320 203 203 83
3321 153 153 84
3322 238 238 84
3323 118 118 83
3324 153 153 84
3325 254 254 83
3326 203 203 83
3327 153 153 84
3328 272 272 84
3329 136 136 84
3330 204 204 84
3331 152 152 83
3332 203 203 83
3333 203 203 83
3334 85 85 85
3335 254 254 83
3336 119 119 84
3337 170 170 84
3338 136 136 84
3339 204 204 84
3340 170 170 84
3341 152 152 83
3342 153 153 84
3343 204 204 84
3344 204 204 84
3345 220 220 83
3346 169 169 83
3347 203 203 83
3348 203 203 83
3349 221 221 84
3350 102 102 84
3351 170 170 84
3352 152 152 83
3353 203 203 83
3354 153 153 84
3355 220 220 83
3356 135 135 83
3357 153 153 84
3358 186 186 83
3359 169 169 83
3360 237 237 83
3361 169 169 83
3362 153 153 84
3363 152 152 83
3364 101 101 83
3365 135 135 83
3366 221 221 84
3367 186 186 83
3368 237 237 83
3369 135 135 83
3370 135 135 83
3371 135 135 83
3372 187 187 84
3373 186 186 83
3374 203 203 83
3375 203 203 83
3376 119 119 84
3377 220 220 83
3378 187 187 84
3379 136 136 84
3380 152 152 83
3381 187 187 84
3382 186 186 83
3383 153 153 84
3384 186 186 83
3385 153 153 84
3386 102 102 84
3387 170 170 84
3388 288 288 83
3389 271 271 83
3390 169 169 83
3391 101 101 83
3392 203 203 83
3393 153 153 84
3394 186 186 83
3395 255 255 84
3396 152 152 83
3397 153 153 84
3398 118 118 83
3399 119 119 84
3400 118 118 83
3401 135 135 83
3402 203 203 83
3403 237 237 83
3404 221 221 84
3405 152 152 83
3406 169 169 83
3407 153 153 84
3408 170 170 84
3409 254 254 83
3410 237 237 83
3411 187 187 84
3412 152 152 83
3413 101 101 83
3414 135 135 83
3415 169 169 83
3416 187 187 84
3417 152 152 83
3418 237 237 83
3419 119 119 84
3420 170 170 84
3421 118 118 83
3422 169 169 83
3423 169 169 83
3424 187 187 84
3425 186 186 83
3426 187 187 84
3427 204 204 84
3428 136 136 84
3429 136 136 84
3430 238 238 84
3431 204 204 84
3432 136 136 84
3433 152 152 83
3434 135 135 83
3435 237 237 83
3436 255 255 84
3437 340 340 84
3438 288 288 83
3439 187 187 84
3440 102 102 84
3441 136 136 84
3442 306 306 84
3443 238 238 84
3444 152 152 83
3445 153 153 84
3446 136 136 84
3447 136 136 84
3448 152 152 83
3449 407 407 83
3450 441 441 83
3451 305 305 83
3452 119 119 84
3453 186 186 83
3454 187 187 84
3455 186 186 83
3456 339 339 83
3457 221 221 84
3458 288 288 83
3459 221 221 84
3460 152 152 83
3461 101 101 83
3462 271 271 83
3463 339 339 83
3464 305 305 83
3465 323 323 84
3466 220 220 83
3467 237 237 83
3468 169 169 83
3469 289 289 84
3470 356 356 83
3471 357 357 84
3472 322 322 83
3473 135 135 83
3474 169 169 83
3475 169 169 83
3476 271 271 83
3477 339 339 83
3478 203 203 83
3479 169 169 83
3480 221 221 84
3481 322 322 83
3482 305 305 83
3483 289 289 84
3484 152 152 83
3485 255 255 84
3486 152 152 83
3487 153 153 84
3488 186 186 83
3489 153 153 84
3490 220 220 83
3491 169 169 83
3492 221 221 84
3493 84 84 84
3494 169 169 83
3495 153 153 84
3496 204 204 84
3497 204 204 84
3498 204 204 84
3499 204 204 84
3500 204 204 84
3501 118 118 83
3502 203 203 83
3503 153 153 84
3504 118 118 83
3505 187 187 84
3506 170 170 84
3507 306 306 84
3508 238 238 84
3509 204 204 84
3510 136 136 84
3511 118 118 83
3512 153 153 84
3513 186 186 83
3514 153 153 84
3515 152 152 83
3516 169 169 83
3517 169 169 83
3518 203 203 83
3519 135 135 83
3520 153 153 84
3521 136 136 84
3522 170 170 84
3523 170 170 84
3524 118 118 83
3525 101 101 83
3526 119 119 84
3527 118 118 83
3528 135 135 83
3529 135 135 83
3530 187 187 84
3531 204 204 84
3532 102 102 84
3533 136 136 84
3534 170 170 84
3535 186 186 83
3536 135 135 83
3537 119 119 84
3538 102 102 84
3539 186 186 83
3540 153 153 84
3541 204 204 84
3542 118 118 83
3543 187 187 84
3544 152 152 83
3545 101 101 83
3546 169 169 83
3547 101 101 83
3548 85 85 85
3549 136 136 84
3550 204 204 84
3551 152 152 83
3552 203 203 83
3553 135 135 83
3554 135 135 83
3555 135 135 83
3556 153 153 84
3557 118 118 83
3558 101 101 83
3559 221 221 84
3560 220 220 83
3561 135 135 83
3562 101 101 83
3563 153 153 84
3564 170 170 84
3565 186 186 83
3566 203 203 83
3567 153 153 84
3568 152 152 83
3569 101 101 83
3570 101 101 83
3571 169 169 83
3572 187 187 84
3573 136 136 84
3574 152 152 83
3575 135 135 83
3576 169 169 83
3577 135 135 83
3578 119 119 84
3579 152 152 83
3580 135 135 83
3581 203 203 83
3582 323 323 84
3583 170 170 84
3584 118 118 83
3585 119 119 84
3586 136 136 84
3587 152 152 83
3588 187 187 84
3589 272 272 84
3590 204 204 84
3591 152 152 83
3592 119 119 84
3593 170 170 84
3594 102 102 84
3595 118 118 83
3596 221 221 84
3597 204 204 84
3598 288 288 83
3599 169 169 83
3600 203 203 83
3601 153 153 84
3602 220 220 83
3603 255 255 84
3604 254 254 83
3605 221 221 84
3606 170 170 84
3607 186 186 83
3608 187 187 84
3609 136 136 84
3610 118 118 83
3611 135 135 83
3612 169 169 83
3613 203 203 83
3614 119 119 84
3615 136 136 84
3616 136 136 84
3617 136 136 84
3618 220 220 83
3619 221 221 84
3620 220 220 83
3621 255 255 84
3622 136 136 84
3623 136 136 84
3624 186 186 83
3625 101 101 83
3626 119 119 84
3627 152 152 83
3628 187 187 84
3629 152 152 83
3630 169 169 83
3631 135 135 83
3632 135 135 83
3633 135 135 83
3634 221 221 84
3635 254 254 83
3636 221 221 84
3637 204 204 84
3638 152 152 83
3639 119 119 84
3640 102 102 84
3641 220 220 83
3642 101 101 83
3643 101 101 83
3644 237 237 83
3645 101 101 83
3646 169 169 83
3647 135 135 83
3648 135 135 83
3649 119 119 84
3650 170 170 84
3651 136 136 84
3652 322 322 83
3653 255 255 84
3654 118 118 83
3655 135 135 83
3656 119 119 84
3657 152 152 83
3658 203 203 83
3659 153 153 84
3660 186 186 83
3661 135 135 83
3662 119 119 84
3663 136 136 84
3664 84 84 84
3665 169 169 83
3666 271 271 83
3667 169 169 83
3668 255 255 84
3669 152 152 83
3670 135 135 83
3671 101 101 83
3672 203 203 83
3673 237 237 83
3674 237 237 83
3675 153 153 84
3676 136 136 84
3677 170 170 84
3678 118 118 83
3679 153 153 84
3680 170 170 84
3681 136 136 84
3682 220 220 83
3683 187 187 84
3684 220 220 83
3685 135 135 83
3686 153 153 84
3687 306 306 84
3688 186 186 83
3689 237 237 83
3690 119 119 84
3691 170 170 84
3692 186 186 83
3693 153 153 84
3694 204 204 84
3695 170 170 84
3696 152 152 83
3697 153 153 84
3698 186 186 83
3699 169 169 83
3700 221 221 84
3701 170 170 84
3702 136 136 84
3703 340 340 84
3704 272 272 84
3705 356 356 83
3706 323 323 84
3707 136 136 84
3708 186 186 83
3709 203 203 83
3710 407 407 83
3711 357 357 84
3712 272 272 84
3713 272 272 84
3714 204 204 84
3715 442 442 84
3716 374 374 84
3717 356 356 83
3718 323 323 84
3719 288 288 83
3720 271 271 83
3721 271 271 83
3722 459 459 84
3723 322 322 83
3724 493 493 84
3725 442 442 84
3726 254 254 83
3727 339 339 83
3728 475 475 83
3729 357 357 84
3730 374 374 84
3731 442 442 84
3732 340 340 84
3733 322 322 83
3734 323 323 84
3735 374 374 84
3736 340 340 84
3737 390 390 83
3738 271 271 83
3739 425 425 84
3740 288 288 83
3741 407 407 83
3742 459 459 84
3743 374 374 84
3744 272 272 84
3745 254 254 83
3746 339 339 83
3747 459 459 84
3748 254 254 83
3749 169 169 83
3750 289 289 84
3751 186 186 83
3752 169 169 83
3753 289 289 84
3754 356 356 83
3755 289 289 84
3756 220 220 83
3757 305 305 83
3758 203 203 83
3759 187 187 84
3760 254 254 83
3761 221 221 84
3762 204 204 84
3763 238 238 84
3764 306 306 84
3765 220 220 83
3766 153 153 84
3767 136 136 84
3768 288 288 83
3769 357 357 84
3770 272 272 84
3771 220 220 83
3772 169 169 83
3773 169 169 83
3774 169 169 83
3775 271 271 83
3776 187 187 84
3777 136 136 84
3778 254 254 83
3779 169 169 83
3780 203 203 83
3781 169 169 83
3782 221 221 84
3783 170 170 84
3784 186 186 83
3785 169 169 83
3786 203 203 83
3787 153 153 84
3788 220 220 83
3789 237 237 83
3790 255 255 84
3791 238 238 84
3792 186 186 83
3793 135 135 83
3794 203 203 83
3795 169 169 83
3796 203 203 83
3797 187 187 84
3798 152 152 83
3799 203 203 83
3800 153 153 84
3801 170 170 84
3802 152 152 83
3803 271 271 83
3804 203 203 83
3805 271 271 83
3806 237 237 83
3807 169 169 83
3808 289 289 84
3809 220 220 83
3810 203 203 83
3811 221 221 84
3812 170 170 84
3813 254 254 83
3814 221 221 84
3815 118 118 83
3816 203 203 83
3817 289 289 84
3818 254 254 83
3819 255 255 84
3820 254 254 83
3821 187 187 84
3822 272 272 84
3823 288 288 83
3824 255 255 84
3825 254 254 83
3826 237 237 83
3827 187 187 84
3828 272 272 84
3829 238 238 84
3830 152 152 83
3831 271 271 83
3832 271 271 83
3833 339 339 83
3834 305 305 83
3835 187 187 84
3836 170 170 84
3837 254 254 83
3838 221 221 84
3839 322 322 83
3840 221 221 84
3841 322 322 83
3842 305 305 83
3843 289 289 84
3844 288 288 83
3845 169 169 83
3846 271 271 83
3847 187 187 84
3848 254 254 83
3849 323 323 84
3850 238 238 84
3851 272 272 84
3852 152 152 83
3853 101 101 83
3854 255 255 84
3855 254 254 83
3856 323 323 84
3857 220 220 83
3858 203 203 83
3859 187 187 84
3860 170 170 84
3861 152 152 83
3862 255 255 84
3863 186 186 83
3864 255 255 84
3865 170 170 84
3866 152 152 83
3867 119 119 84
3868 204 204 84
3869 204 204 84
3870 204 204 84
3871 238 238 84
3872 238 238 84
3873 306 306 84
3874 204 204 84
3875 204 204 84
3876 204 204 84
3877 204 204 84
3878 288 288 83
3879 237 237 83
3880 101 101 83
3881 135 135 83
3882 169 169 83
3883 169 169 83
3884 119 119 84
3885 204 204 84
3886 254 254 83
3887 169 169 83
3888 101 101 83
3889 237 237 83
3890 169 169 83
3891 187 187 84
3892 204 204 84
3893 136 136 84
3894 152 152 83
3895 153 153 84
3896 186 186 83
3897 187 187 84
3898 152 152 83
3899 187 187 84
3900 136 136 84
3901 186 186 83
3902 187 187 84
3903 204 204 84
3904 136 136 84
3905 152 152 83
3906 203 203 83
3907 169 169 83
3908 237 237 83
3909 135 135 83
3910 119 119 84
3911 186 186 83
3912 85 85 85
3913 170 170 84
3914 306 306 84
3915 204 204 84
3916 204 204 84
3917 204 204 84
3918 170 170 84
3919 152 152 83
3920 169 169 83
3921 237 237 83
3922 237 237 83
3923 135 135 83
3924 271 271 83
3925 101 101 83
3926 153 153 84
3927 220 220 83
3928 203 203 83
3929 135 135 83
3930 119 119 84
3931 136 136 84
3932 186 186 83
3933 169 169 83
3934 203 203 83
3935 203 203 83
3936 237 237 83
3937 187 187 84
3938 152 152 83
3939 119 119 84
3940 186 186 83
3941 153 153 84
3942 152 152 83
3943 203 203 83
3944 221 221 84
3945 136 136 84
3946 220 220 83
3947 203 203 83
3948 203 203 83
3949 203 203 83
3950 221 221 84
3951 136 136 84
3952 254 254 83
3953 255 255 84
3954 204 204 84
3955 152 152 83
3956 153 153 84
3957 152 152 83
3958 169 169 83
3959 153 153 84
3960 118 118 83
3961 153 153 84
3962 152 152 83
3963 153 153 84
3964 102 102 84
3965 170 170 84
3966 186 186 83
3967 101 101 83
3968 135 135 83
3969 119 119 84
3970 170 170 84
3971 170 170 84
3972 254 254 83
3973 119 119 84
3974 170 170 84
3975 204 204 84
3976 170 170 84
3977 118 118 83
3978 153 153 84
3979 272 272 84
3980 118 118 83
3981 135 135 83
3982 169 169 83
3983 187 187 84
3984 186 186 83
3985 221 221 84
3986 220 220 83
3987 153 153 84
3988 136 136 84
3989 152 152 83
3990 153 153 84
3991 152 152 83
3992 153 153 84
3993 136 136 84
3994 118 118 83
3995 135 135 83
3996 101 101 83
3997 119 119 84
3998 118 118 83
3999 135 135 83
4000 237 237 83
4001 187 187 84
4002 220 220 83
4003 153 153 84
4004 204 204 84
4005 136 136 84
4006 152 152 83
4007 169 169 83
4008 169 169 83
4009 237 237 83
4010 153 153 84
4011 136 136 84
4012 186 186 83
4013 135 135 83
4014 101 101 83
4015 119 119 84
4016 102 102 84
4017 186 186 83
4018 153 153 84
4019 118 118 83
4020 119 119 84
4021 118 118 83
4022 119 119 84
4023 288 288 83
4024 153 153 84
4025 238 238 84
4026 136 136 84
4027 84 84 84
4028 135 135 83
4029 135 135 83
4030 101 101 83
4031 221 221 84
4032 102 102 84
4033 102 102 84
4034 152 152 83
4035 85 85 85
4036 84 84 84
4037 119 119 84
4038 102 102 84
4039 136 136 84
4040 170 170 84
4041 102 102 84
4042 136 136 84
4043 170 170 84
4044 136 136 84
4045 170 170 84
4046 152 152 83
4047 153 153 84
4048 136 136 84
4049 118 118 83
4050 153 153 84
4051 136 136 84
4052 102 102 84
4053 118 118 83
4054 169 169 83
4055 135 135 83
4056 169 169 83
4057 135 135 83
4058 135 135 83
4059 119 119 84
4060 136 136 84
4061 118 118 83
4062 187 187 84
4063 136 136 84
4064 102 102 84
4065 170 170 84
4066 102 102 84
4067 136 136 84
4068 118 118 83
4069 203 203 83
4070 169 169 83
4071 135 135 83
4072 153 153 84
4073 102 102 84
4074 238 238 84
4075 238 238 84
4076 186 186 83
4077 203 203 83
4078 153 153 84
4079 118 118 83
4080 153 153 84
4081 136 136 84
4082 118 118 83
4083 203 203 83
4084 135 135 83
4085 237 237 83
4086 221 221 84
4087 186 186 83
4088 101 101 83
4089 169 169 83
4090 135 135 83
4091 203 203 83
4092 339 339 83
4093 237 237 83
4094 255 255 84
4095 136 136 84
4096 152 152 83
4097 135 135 83
4098 237 237 83
4099 407 407 83
4100 493 493 84
4101 288 288 83
4102 187 187 84
4103 152 152 83
4104 203 203 83
4105 221 221 84
4106 272 272 84
4107 408 408 84
4108 390 390 83
4109 271 271 83
4110 135 135 83
4111 135 135 83
4112 169 169 83
4113 255 255 84
4114 340 340 84
4115 408 408 84
4116 322 322 83
4117 203 203 83
4118 119 119 84
4119 204 204 84
4120 390 390 83
4121 629 629 84
4122 526 526 83
4123 255 255 84
4124 204 204 84
4125 220 220 83
4126 237 237 83
4127 237 237 83
4128 255 255 84
4129 288 288 83
4130 305 305 83
4131 203 203 83
4132 221 221 84
4133 220 220 83
4134 289 289 84
4135 204 204 84
4136 322 322 83
4137 323 323 84
4138 272 272 84
4139 204 204 84
4140 288 288 83
4141 237 237 83
4142 255 255 84
4143 170 170 84
4144 220 220 83
4145 221 221 84
4146 186 186 83
4147 169 169 83
4148 187 187 84
4149 204 204 84
4150 170 170 84
4151 340 340 84
4152 288 288 83
4153 255 255 84
4154 170 170 84
4155 340 340 84
4156 204 204 84
4157 272 272 84
4158 356 356 83
4159 119 119 84
4160 204 204 84
4161 238 238 84
4162 220 220 83
4163 221 221 84
4164 306 306 84
4165 238 238 84
4166 220 220 83
4167 323 323 84
4168 254 254 83
4169 119 119 84
4170 254 254 83
4171 289 289 84
4172 238 238 84
4173 170 170 84
4174 204 204 84
4175 238 238 84
4176 220 220 83
4177 237 237 83
4178 221 221 84
4179 238 238 84
4180 186 186 83
4181 153 153 84
4182 186 186 83
4183 221 221 84
4184 288 288 83
4185 203 203 83
4186 271 271 83
4187 271 271 83
4188 187 187 84
4189 254 254 83
4190 255 255 84
4191 170 170 84
4192 220 220 83
4193 169 169 83
4194 221 221 84
4195 152 152 83
4196 153 153 84
4197 102 102 84
4198 254 254 83
4199 101 101 83
4200 187 187 84
4201 220 220 83
4202 169 169 83
4203 289 289 84
4204 220 220 83
4205 203 203 83
4206 135 135 83
4207 187 187 84
4208 220 220 83
4209 203 203 83
4210 187 187 84
4211 186 186 83
4212 237 237 83
4213 255 255 84
4214 136 136 84
4215 152 152 83
4216 169 169 83
4217 221 221 84
4218 408 408 84
4219 220 220 83
4220 221 221 84
4221 136 136 84
4222 170 170 84
4223 170 170 84
4224 204 204 84
4225 170 170 84
4226 238 238 84
4227 170 170 84
4228 204 204 84
4229 170 170 84
4230 118 118 83
4231 237 237 83
4232 153 153 84
4233 186 186 83
4234 169 169 83
4235 135 135 83
4236 169 169 83
4237 153 153 84
4238 152 152 83
4239 255 255 84
4240 186 186 83
4241 169 169 83
4242 203 203 83
4243 101 101 83
4244 135 135 83
4245 187 187 84
4246 186 186 83
4247 271 271 83
4248 135 135 83
4249 101 101 83
4250 169 169 83
4251 203 203 83
4252 221 221 84
4253 220 220 83
4254 203 203 83
4255 255 255 84
4256 170 170 84
4257 186 186 83
4258 169 169 83
4259 255 255 84
4260 322 322 83
4261 153 153 84
4262 220 220 83
4263 203 203 83
4264 221 221 84
4265 204 204 84
4266 238 238 84
4267 186 186 83
4268 289 289 84
4269 152 152 83
4270 119 119 84
4271 220 220 83
4272 135 135 83
4273 203 203 83
4274 187 187 84
4275 254 254 83
4276 221 221 84
4277 170 170 84
4278 204 204 84
4279 152 152 83
4280 289 289 84
4281 170 170 84
4282 306 306 84
4283 220 220 83
4284 289 289 84
4285 152 152 83
4286 187 187 84
4287 220 220 83
4288 203 203 83
4289 271 271 83
4290 169 169 83
4291 237 237 83
4292 255 255 84
4293 136 136 84
4294 136 136 84
4295 170 170 84
4296 186 186 83
4297 169 169 83
4298 221 221 84
4299 170 170 84
4300 170 170 84
4301 272 272 84
4302 204 204 84
4303 238 238 84
4304 220 220 83
4305 119 119 84
4306 204 204 84
4307 238 238 84
4308 374 374 84
4309 288 288 83
4310 153 153 84
4311 170 170 84
4312 102 102 84
4313 272 272 84
4314 238 238 84
4315 220 220 83
4316 135 135 83
4317 221 221 84
4318 136 136 84
4319 152 152 83
4320 119 119 84
4321 288 288 83
4322 153 153 84
4323 136 136 84
4324 186 186 83
4325 203 203 83
4326 153 153 84
4327 204 204 84
4328 220 220 83
4329 271 271 83
4330 119 119 84
4331 152 152 83
4332 119 119 84
4333 136 136 84
4334 118 118 83
4335 169 169 83
4336 203 203 83
4337 135 135 83
4338 135 135 83
4339 169 169 83
4340 153 153 84
4341 152 152 83
4342 187 187 84
4343 170 170 84
4344 204 204 84
4345 220 220 83
4346 153 153 84
4347 118 118 83
4348 119 119 84
4349 152 152 83
4350 169 169 83
4351 169 169 83
4352 153 153 84
4353 136 136 84
4354 152 152 83
4355 119 119 84
4356 102 102 84
4357 186 186 83
4358 135 135 83
4359 169 169 83
4360 203 203 83
4361 135 135 83
4362 169 169 83
4363 169 169 83
4364 135 135 83
4365 135 135 83
4366 153 153 84
4367 136 136 84
4368 152 152 83
4369 119 119 84
4370 238 238 84
4371 118 118 83
4372 169 169 83
4373 169 169 83
4374 203 203 83
4375 119 119 84
4376 152 152 83
4377 153 153 84
4378 136 136 84
4379 102 102 84
4380 186 186 83
4381 203 203 83
4382 255 255 84
4383 170 170 84
4384 152 152 83
4385 119 119 84
4386 84 84 84
4387 101 101 83
4388 203 203 83
4389 135 135 83
4390 101 101 83
4391 153 153 84
4392 220 220 83
4393 169 169 83
4394 153 153 84
4395 204 204 84
4396 204 204 84
4397 136 136 84
4398 152 152 83
4399 187 187 84
4400 136 136 84
4401 102 102 84
4402 152 152 83
4403 153 153 84
4404 186 186 83
4405 119 119 84
4406 136 136 84
4407 102 102 84
4408 118 118 83
4409 169 169 83
4410 119 119 84
4411 118 118 83
4412 237 237 83
4413 119 119 84
4414 118 118 83
4415 101 101 83
4416 221 221 84
4417 152 152 83
4418 85 85 85
4419 102 102 84
4420 152 152 83
4421 187 187 84
4422 136 136 84
4423 204 204 84
4424 152 152 83
4425 119 119 84
4426 136 136 84
4427 220 220 83
4428 187 187 84
4429 204 204 84
4430 118 118 83
4431 153 153 84
4432 186 186 83
4433 119 119 84
4434 136 136 84
4435 186 186 83
4436 135 135 83
4437 169 169 83
4438 153 153 84
4439 136 136 84
4440 220 220 83
4441 153 153 84
4442 136 136 84
4443 152 152 83
4444 237 237 83
4445 203 203 83
4446 153 153 84
4447 136 136 84
4448 152 152 83
4449 153 153 84
4450 254 254 83
4451 153 153 84
4452 254 254 83
4453 255 255 84
4454 118 118 83
4455 153 153 84
4456 136 136 84
4457 186 186 83
4458 203 203 83
4459 237 237 83
4460 237 237 83
4461 187 187 84
4462 220 220 83
4463 237 237 83
4464 323 323 84
4465 322 322 83
4466 135 135 83
4467 323 323 84
4468 356 356 83
4469 271 271 83
4470 289 289 84
4471 356 356 83
4472 357 357 84
4473 442 442 84
4474 306 306 84
4475 458 458 83
4476 391 391 84
4477 492 492 83
4478 305 305 83
4479 407 407 83
4480 373 373 83
4481 441 441 83
4482 459 459 84
4483 390 390 83
4484 425 425 84
4485 458 458 83
4486 373 373 83
4487 425 425 84
4488 220 220 83
4489 305 305 83
4490 255 255 84
4491 322 322 83
4492 237 237 83
4493 255 255 84
4494 272 272 84
4495 356 356 83
4496 271 271 83
4497 289 289 84
4498 204 204 84
4499 408 408 84
4500 306 306 84
4501 288 288 83
4502 271 271 83
4503 391 391 84
4504 356 356 83
4505 527 527 84
4506 356 356 83
4507 305 305 83
4508 391 391 84
4509 390 390 83
4510 187 187 84
4511 340 340 84
4512 356 356 83
4513 289 289 84
4514 340 340 84
4515 204 204 84
4516 238 238 84
4517 288 288 83
4518 271 271 83
4519 255 255 84
4520 238 238 84
4521 306 306 84
4522 356 356 83
4523 305 305 83
4524 255 255 84
4525 306 306 84
4526 272 272 84
4527 254 254 83
4528 271 271 83
4529 373 373 83
4530 187 187 84
4531 186 186 83
4532 305 305 83
4533 373 373 83
4534 339 339 83
4535 493 493 84
4536 288 288 83
4537 203 203 83
4538 323 323 84
4539 204 204 84
4540 306 306 84
4541 136 136 84
4542 408 408 84
4543 306 306 84
4544 220 220 83
4545 255 255 84
4546 288 288 83
4547 373 373 83
4548 323 323 84
4549 340 340 84
4550 136 136 84
4551 322 322 83
4552 305 305 83
4553 271 271 83
4554 237 237 83
4555 271 271 83
4556 323 323 84
4557 306 306 84
4558 220 220 83
4559 323 323 84
4560 272 272 84
4561 322 322 83
4562 289 289 84
4563 322 322 83
4564 271 271 83
4565 255 255 84
4566 322 322 83
4567 237 237 83
4568 289 289 84
4569 204 204 84
4570 272 272 84
4571 220 220 83
4572 153 153 84
4573 204 204 84
4574 272 272 84
4575 254 254 83
4576 357 357 84
4577 254 254 83
4578 289 289 84
4579 118 118 83
4580 255 255 84
4581 254 254 83
4582 203 203 83
4583 221 221 84
4584 254 254 83
4585 271 271 83
4586 169 169 83
4587 271 271 83
4588 305 305 83
4589 271 271 83
4590 221 221 84
4591 204 204 84
4592 136 136 84
4593 306 306 84
4594 288 288 83
4595 255 255 84
4596 204 204 84
4597 238 238 84
4598 254 254 83
4599 271 271 83
4600 305 305 83
4601 271 271 83
4602 289 289 84
4603 254 254 83
4604 289 289 84
4605 254 254 83
4606 237 237 83
4607 255 255 84
4608 254 254 83
4609 203 203 83
4610 339 339 83
4611 271 271 83
4612 135 135 83
4613 237 237 83
4614 153 153 84
4615 306 306 84
4616 272 272 84
4617 272 272 84
4618 288 288 83
4619 237 237 83
4620 339 339 83
4621 237 237 83
4622 255 255 84
4623 186 186 83
4624 323 323 84
4625 272 272 84
4626 238 238 84
4627 204 204 84
4628 254 254 83
4629 339 339 83
4630 271 271 83
4631 255 255 84
4632 306 306 84
4633 288 288 83
4634 289 289 84
4635 186 186 83
4636 221 221 84
4637 272 272 84
4638 272 272 84
4639 390 390 83
4640 255 255 84
4641 238 238 84
4642 254 254 83
4643 153 153 84
4644 272 272 84
4645 272 272 84
4646 220 220 83
4647 169 169 83
4648 187 187 84
4649 220 220 83
4650 255 255 84
4651 220 220 83
4652 187 187 84
4653 204 204 84
4654 204 204 84
4655 238 238 84
4656 254 254 83
4657 305 305 83
4658 169 169 83
4659 187 187 84
4660 186 186 83
4661 237 237 83
4662 221 221 84
4663 204 204 84
4664 306 306 84
4665 186 186 83
4666 271 271 83
4667 221 221 84
4668 186 186 83
4669 237 237 83
4670 305 305 83
4671 187 187 84
4672 238 238 84
4673 186 186 83
4674 271 271 83
4675 169 169 83
4676 169 169 83
4677 271 271 83
4678 305 305 83
4679 187 187 84
4680 136 1