0 136 135 83
1 153 153 84
2 102 102 84
3 152 152 83
4 135 135 83
5 101 101 83
6 85 85 85
7 272 272 84
8 186 186 83
9 85 85 85
10 118 118 83
11 119 119 84
12 136 136 84
13 118 118 83
14 169 169 83
15 119 119 84
16 136 136 84
17 118 118 83
18 119 119 84
19 102 102 84
20 118 118 83
21 101 101 83
22 153 153 84
23 136 136 84
24 84 84 84
25 153 153 84
26 102 102 84
27 136 136 84
28 238 238 84
29 186 186 83
30 101 101 83
31 153 153 84
32 170 170 84
33 118 118 83
34 169 169 83
35 153 153 84
36 306 306 84
37 204 204 84
38 186 186 83
39 187 187 84
40 186 186 83
41 357 357 84
42 238 238 84
43 220 220 83
44 135 135 83
45 221 221 84
46 204 204 84
47 170 170 84
48 118 118 83
49 169 169 83
50 203 203 83
51 203 203 83
52 119 119 84
53 220 220 83
54 169 169 83
55 135 135 83
56 101 101 83
57 237 237 83
58 169 169 83
59 271 271 83
60 203 203 83
61 135 135 83
62 221 221 84
63 238 238 84
64 170 170 84
65 186 186 83
66 119 119 84
67 186 186 83
68 169 169 83
69 135 135 83
70 169 169 83
71 221 221 84
72 220 220 83
73 153 153 84
74 220 220 83
75 169 169 83
76 169 169 83
77 153 153 84
78 186 186 83
79 153 153 84
80 170 170 84
81 136 136 84
82 186 186 83
83 169 169 83
84 135 135 83
85 119 119 84
86 152 152 83
87 153 153 84
88 118 118 83
89 153 153 84
90 118 118 83
91 153 153 84
92 152 152 83
93 119 119 84
94 238 238 84
95 102 102 84
96 170 170 84
97 204 204 84
98 170 170 84
99 186 186 83
100 187 187 84
101 118 118 83
102 153 153 84
103 84 84 84
104 153 153 84
105 152 152 83
106 135 135 83
107 203 203 83
108 101 101 83
109 169 169 83
110 135 135 83
111 153 153 84
112 118 118 83
113 153 153 84
114 118 118 83
115 135 135 83
116 153 153 84
117 152 152 83
118 101 101 83
119 119 119 84
120 102 102 84
121 170 170 84
122 136 136 84
123 170 170 84
124 170 170 84
125 220 220 83
126 85 85 85
127 136 136 84
128 118 118 83
129 169 169 83
130 119 119 84
131 220 220 83
132 169 169 83
133 187 187 84
134 102 102 84
135 102 102 84
136 118 118 83
137 169 169 83
138 85 85 85
139 170 170 84
140 136 136 84
141 118 118 83
142 135 135 83
143 221 221 84
144 102 102 84
145 254 254 83
146 101 101 83
147 119 119 84
148 118 118 83
149 187 187 84
150 118 118 83
151 135 135 83
152 187 187 84
153 152 152 83
154 119 119 84
155 136 136 84
156 136 136 84
157 118 118 83
158 187 187 84
159 118 118 83
160 135 135 83
161 101 101 83
162 119 119 84
163 118 118 83
164 135 135 83
165 153 153 84
166 186 186 83
167 153 153 84
168 118 118 83
169 153 153 84
170 136 136 84
171 152 152 83
172 85 85 85
173 118 118 83
174 135 135 83
175 119 119 84
176 254 254 83
177 119 119 84
178 170 170 84
179 102 102 84
180 186 186 83
181 101 101 83
182 203 203 83
183 135 135 83
184 153 153 84
185 102 102 84
186 118 118 83
187 119 119 84
188 136 136 84
189 102 102 84
190 136 136 84
191 118 118 83
192 119 119 84
193 102 102 84
194 102 102 84
195 136 136 84
196 170 170 84
197 136 136 84
198 118 118 83
199 101 101 83
200 169 169 83
201 101 101 83
202 203 203 83
203 153 153 84
204 136 136 84
205 118 118 83
206 101 101 83
207 119 119 84
208 152 152 83
209 101 101 83
210 187 187 84
211 84 84 84
212 169 169 83
213 187 187 84
214 152 152 83
215 135 135 83
216 203 203 83
217 135 135 83
218 135 135 83
219 135 135 83
220 221 221 84
221 118 118 83
222 153 153 84
223 204 204 84
224 170 170 84
225 136 136 84
226 102 102 84
227 254 254 83
228 135 135 83
229 119 119 84
230 152 152 83
231 153 153 84
232 152 152 83
233 119 119 84
234 136 136 84
235 152 152 83
236 135 135 83
237 135 135 83
238 119 119 84
239 102 102 84
240 136 136 84
241 170 170 84
242 170 170 84
243 102 102 84
244 152 152 83
245 85 85 85
246 102 102 84
247 102 102 84
248 118 118 83
249 85 85 85
250 152 152 83
251 85 85 85
252 84 84 84
253 169 169 83
254 101 101 83
255 101 101 83
256 169 169 83
257 135 135 83
258 119 119 84
259 118 118 83
260 101 101 83
261 153 153 84
262 102 102 84
263 136 136 84
264 118 118 83
265 101 101 83
266 85 85 85
267 102 102 84
268 102 102 84
269 118 118 83
270 85 85 85
271 102 102 84
272 102 102 84
273 102 102 84
274 136 136 84
275 102 102 84
276 118 118 83
277 153 153 84
278 102 102 84
279 118 118 83
280 119 119 84
281 136 136 84
282 84 84 84
283 101 101 83
284 101 101 83
285 119 119 84
286 84 84 84
287 101 101 83
288 85 85 85
289 102 102 84
290 152 152 83
291 119 119 84
292 136 136 84
293 118 118 83
294 119 119 84
295 118 118 83
296 119 119 84
297 118 118 83
298 119 119 84
299 152 152 83
300 187 187 84
301 118 118 83
302 85 85 85
303 118 118 83
304 169 169 83
305 135 135 83
306 153 153 84
307 118 118 83
308 119 119 84
309 118 118 83
310 135 135 83
311 135 135 83
312 85 85 85
313 186 186 83
314 135 135 83
315 135 135 83
316 85 85 85
317 136 136 84
318 102 102 84
319 118 118 83
320 187 187 84
321 118 118 83
322 85 85 85
323 186 186 83
324 135 135 83
325 101 101 83
326 169 169 83
327 85 85 85
328 118 118 83
329 153 153 84
330 118 118 83
331 221 221 84
332 136 136 84
333 102 102 84
334 136 136 84
335 84 84 84
336 119 119 84
337 136 136 84
338 152 152 83
339 187 187 84
340 170 170 84
341 102 102 84
342 136 136 84
343 84 84 84
344 101 101 83
345 101 101 83
346 153 153 84
347 186 186 83
348 187 187 84
349 102 102 84
350 136 136 84
351 102 102 84
352 118 118 83
353 119 119 84
354 272 272 84
355 170 170 84
356 170 170 84
357 84 84 84
358 135 135 83
359 119 119 84
360 288 288 83
361 203 203 83
362 237 237 83
363 187 187 84
364 136 136 84
365 118 118 83
366 153 153 84
367 118 118 83
368 187 187 84
369 238 238 84
370 254 254 83
371 119 119 84
372 152 152 83
373 221 221 84
374 152 152 83
375 135 135 83
376 169 169 83
377 169 169 83
378 221 221 84
379 170 170 84
380 152 152 83
381 135 135 83
382 169 169 83
383 203 203 83
384 153 153 84
385 152 152 83
386 153 153 84
387 152 152 83
388 169 169 83
389 169 169 83
390 119 119 84
391 170 170 84
392 238 238 84
393 170 170 84
394 170 170 84
395 186 186 83
396 169 169 83
397 153 153 84
398 170 170 84
399 152 152 83
400 187 187 84
401 186 186 83
402 119 119 84
403 272 272 84
404 204 204 84
405 170 170 84
406 186 186 83
407 135 135 83
408 187 187 84
409 118 118 83
410 169 169 83
411 187 187 84
412 136 136 84
413 136 136 84
414 152 152 83
415 153 153 84
416 186 186 83
417 119 119 84
418 136 136 84
419 170 170 84
420 238 238 84
421 118 118 83
422 203 203 83
423 169 169 83
424 153 153 84
425 118 118 83
426 119 119 84
427 204 204 84
428 170 170 84
429 254 254 83
430 153 153 84
431 186 186 83
432 135 135 83
433 135 135 83
434 187 187 84
435 186 186 83
436 135 135 83
437 203 203 83
438 153 153 84
439 186 186 83
440 169 169 83
441 187 187 84
442 170 170 84
443 152 152 83
444 101 101 83
445 169 169 83
446 135 135 83
447 203 203 83
448 153 153 84
449 152 152 83
450 101 101 83
451 119 119 84
452 118 118 83
453 153 153 84
454 136 136 84
455 170 170 84
456 118 118 83
457 153 153 84
458 152 152 83
459 119 119 84
460 186 186 83
461 187 187 84
462 118 118 83
463 119 119 84
464 152 152 83
465 119 119 84
466 170 170 84
467 186 186 83
468 119 119 84
469 136 136 84
470 152 152 83
471 101 101 83
472 85 85 85
473 136 136 84
474 152 152 83
475 187 187 84
476 102 102 84
477 118 118 83
478 169 169 83
479 119 119 84
480 118 118 83
481 101 101 83
482 119 119 84
483 136 136 84
484 136 136 84
485 118 118 83
486 119 119 84
487 118 118 83
488 101 101 83
489 135 135 83
490 101 101 83
491 135 135 83
492 135 135 83
493 101 101 83
494 153 153 84
495 204 204 84
496 102 102 84
497 152 152 83
498 119 119 84
499 136 136 84
500 220 220 83
501 187 187 84
502 186 186 83
503 153 153 84
504 152 152 83
505 135 135 83
506 237 237 83
507 135 135 83
508 169 169 83
509 101 101 83
510 135 135 83
511 169 169 83
512 221 221 84
513 118 118 83
514 135 135 83
515 153 153 84
516 136 136 84
517 136 136 84
518 118 118 83
519 169 169 83
520 153 153 84
521 118 118 83
522 135 135 83
523 135 135 83
524 153 153 84
525 186 186 83
526 135 135 83
527 119 119 84
528 186 186 83
529 101 101 83
530 153 153 84
531 102 102 84
532 136 136 84
533 152 152 83
534 101 101 83
535 101 101 83
536 85 85 85
537 152 152 83
538 119 119 84
539 102 102 84
540 102 102 84
541 102 102 84
542 186 186 83
543 101 101 83
544 203 203 83
545 119 119 84
546 118 118 83
547 119 119 84
548 102 102 84
549 102 102 84
550 118 118 83
551 101 101 83
552 119 119 84
553 102 102 84
554 102 102 84
555 102 102 84
556 136 136 84
557 102 102 84
558 152 152 83
559 119 119 84
560 84 84 84
561 119 119 84
562 136 136 84
563 118 118 83
564 119 119 84
565 118 118 83
566 119 119 84
567 152 152 83
568 101 101 83
569 101 101 83
570 135 135 83
571 85 85 85
572 152 152 83
573 135 135 83
574 85 85 85
575 118 118 83
576 119 119 84
577 136 136 84
578 136 136 84
579 118 118 83
580 101 101 83
581 187 187 84
582 102 102 84
583 170 170 84
584 118 118 83
585 135 135 83
586 153 153 84
587 118 118 83
588 119 119 84
589 136 136 84
590 136 136 84
591 170 170 84
592 152 152 83
593 203 203 83
594 101 101 83
595 203 203 83
596 85 85 85
597 136 136 84
598 118 118 83
599 153 153 84
600 170 170 84
601 170 170 84
602 152 152 83
603 187 187 84
604 186 186 83
605 135 135 83
606 119 119 84
607 152 152 83
608 153 153 84
609 186 186 83
610 135 135 83
611 187 187 84
612 170 170 84
613 186 186 83
614 135 135 83
615 119 119 84
616 136 136 84
617 170 170 84
618 118 118 83
619 119 119 84
620 152 152 83
621 153 153 84
622 102 102 84
623 204 204 84
624 170 170 84
625 204 204 84
626 186 186 83
627 101 101 83
628 237 237 83
629 119 119 84
630 170 170 84
631 136 136 84
632 118 118 83
633 153 153 84
634 186 186 83
635 203 203 83
636 373 373 83
637 203 203 83
638 119 119 84
639 170 170 84
640 220 220 83
641 255 255 84
642 204 204 84
643 254 254 83
644 221 221 84
645 186 186 83
646 153 153 84
647 220 220 83
648 237 237 83
649 101 101 83
650 255 255 84
651 152 152 83
652 237 237 83
653 169 169 83
654 135 135 83
655 135 135 83
656 187 187 84
657 220 220 83
658 203 203 83
659 169 169 83
660 119 119 84
661 152 152 83
662 203 203 83
663 153 153 84
664 170 170 84
665 152 152 83
666 203 203 83
667 153 153 84
668 272 272 84
669 152 152 83
670 237 237 83
671 203 203 83
672 339 339 83
673 153 153 84
674 170 170 84
675 152 152 83
676 187 187 84
677 84 84 84
678 305 305 83
679 153 153 84
680 152 152 83
681 169 169 83
682 153 153 84
683 136 136 84
684 186 186 83
685 153 153 84
686 170 170 84
687 170 170 84
688 118 118 83
689 153 153 84
690 118 118 83
691 187 187 84
692 170 170 84
693 170 170 84
694 118 118 83
695 153 153 84
696 118 118 83
697 169 169 83
698 153 153 84
699 118 118 83
700 119 119 84
701 238 238 84
702 152 152 83
703 119 119 84
704 118 118 83
705 135 135 83
706 187 187 84
707 152 152 83
708 101 101 83
709 135 135 83
710 101 101 83
711 119 119 84
712 118 118 83
713 119 119 84
714 118 118 83
715 119 119 84
716 186 186 83
717 221 221 84
718 204 204 84
719 152 152 83
720 135 135 83
721 101 101 83
722 119 119 84
723 238 238 84
724 170 170 84
725 204 204 84
726 118 118 83
727 169 169 83
728 135 135 83
729 135 135 83
730 169 169 83
731 135 135 83
732 119 119 84
733 136 136 84
734 136 136 84
735 136 136 84
736 118 118 83
737 119 119 84
738 118 118 83
739 169 169 83
740 187 187 84
741 170 170 84
742 186 186 83
743 135 135 83
744 119 119 84
745 136 136 84
746 136 136 84
747 152 152 83
748 135 135 83
749 153 153 84
750 152 152 83
751 119 119 84
752 118 118 83
753 135 135 83
754 119 119 84
755 118 118 83
756 135 135 83
757 135 135 83
758 119 119 84
759 102 102 84
760 102 102 84
761 118 118 83
762 119 119 84
763 136 136 84
764 102 102 84
765 136 136 84
766 102 102 84
767 170 170 84
768 152 152 83
769 135 135 83
770 119 119 84
771 118 118 83
772 221 221 84
773 102 102 84
774 136 136 84
775 102 102 84
776 152 152 83
777 101 101 83
778 153 153 84
779 102 102 84
780 170 170 84
781 136 136 84
782 118 118 83
783 119 119 84
784 102 102 84
785 84 84 84
786 119 119 84
787 152 152 83
788 153 153 84
789 84 84 84
790 101 101 83
791 101 101 83
792 101 101 83
793 101 101 83
794 135 135 83
795 135 135 83
796 101 101 83
797 119 119 84
798 84 84 84
799 101 101 83
800 101 101 83
801 119 119 84
802 136 136 84
803 102 102 84
804 170 170 84
805 136 136 84
806 102 102 84
807 84 84 84
808 119 119 84
809 170 170 84
810 102 102 84
811 170 170 84
812 118 118 83
813 85 85 85
814 118 118 83
815 85 85 85
816 118 118 83
817 119 119 84
818 102 102 84
819 102 102 84
820 84 84 84
821 135 135 83
822 203 203 83
823 85 85 85
824 136 136 84
825 118 118 83
826 153 153 84
827 136 136 84
828 136 136 84
829 136 136 84
830 118 118 83
831 135 135 83
832 119 119 84
833 84 84 84
834 85 85 85
835 118 118 83
836 153 153 84
837 84 84 84
838 135 135 83
839 101 101 83
840 101 101 83
841 135 135 83
842 153 153 84
843 84 84 84
844 153 153 84
845 170 170 84
846 102 102 84
847 102 102 84
848 118 118 83
849 119 119 84
850 170 170 84
851 152 152 83
852 187 187 84
853 170 170 84
854 102 102 84
855 136 136 84
856 118 118 83
857 101 101 83
858 119 119 84
859 118 118 83
860 85 85 85
861 118 118 83
862 153 153 84
863 102 102 84
864 84 84 84
865 119 119 84
866 102 102 84
867 170 170 84
868 152 152 83
869 169 169 83
870 119 119 84
871 170 170 84
872 118 118 83
873 101 101 83
874 135 135 83
875 119 119 84
876 84 84 84
877 135 135 83
878 85 85 85
879 136 136 84
880 136 136 84
881 136 136 84
882 136 136 84
883 186 186 83
884 187 187 84
885 204 204 84
886 152 152 83
887 119 119 84
888 118 118 83
889 255 255 84
890 238 238 84
891 186 186 83
892 271 271 83
893 221 221 84
894 118 118 83
895 153 153 84
896 442 442 84
897 254 254 83
898 153 153 84
899 170 170 84
900 204 204 84
901 152 152 83
902 221 221 84
903 170 170 84
904 170 170 84
905 204 204 84
906 152 152 83
907 169 169 83
908 271 271 83
909 153 153 84
910 118 118 83
911 255 255 84
912 152 152 83
913 135 135 83
914 153 153 84
915 102 102 84
916 170 170 84
917 152 152 83
918 135 135 83
919 119 119 84
920 170 170 84
921 170 170 84
922 254 254 83
923 135 135 83
924 187 187 84
925 118 118 83
926 221 221 84
927 254 254 83
928 153 153 84
929 186 186 83
930 169 169 83
931 187 187 84
932 118 118 83
933 153 153 84
934 118 118 83
935 135 135 83
936 187 187 84
937 204 204 84
938 220 220 83
939 135 135 83
940 153 153 84
941 170 170 84
942 170 170 84
943 118 118 83
944 135 135 83
945 135 135 83
946 187 187 84
947 170 170 84
948 118 118 83
949 119 119 84
950 170 170 84
951 152 152 83
952 169 169 83
953 153 153 84
954 186 186 83
955 203 203 83
956 153 153 84
957 170 170 84
958 204 204 84
959 170 170 84
960 152 152 83
961 119 119 84
962 102 102 84
963 152 152 83
964 135 135 83
965 135 135 83
966 119 119 84
967 204 204 84
968 136 136 84
969 272 272 84
970 152 152 83
971 221 221 84
972 186 186 83
973 255 255 84
974 152 152 83
975 119 119 84
976 220 220 83
977 153 153 84
978 152 152 83
979 221 221 84
980 186 186 83
981 169 169 83
982 119 119 84
983 136 136 84
984 254 254 83
985 153 153 84
986 170 170 84
987 152 152 83
988 135 135 83
989 187 187 84
990 170 170 84
991 238 238 84
992 170 170 84
993 170 170 84
994 170 170 84
995 152 152 83
996 135 135 83
997 153 153 84
998 102 102 84
999 118 118 83
1000 85 85 85
1001 136 136 84
1002 136 136 84
1003 152 152 83
1004 135 135 83
1005 135 135 83
1006 119 119 84
1007 186 186 83
1008 119 119 84
1009 152 152 83
1010 101 101 83
1011 169 169 83
1012 135 135 83
1013 135 135 83
1014 101 101 83
1015 203 203 83
1016 187 187 84
1017 118 118 83
1018 85 85 85
1019 152 152 83
1020 187 187 84
1021 136 136 84
1022 118 118 83
1023 135 135 83
1024 271 271 83
1025 221 221 84
1026 118 118 83
1027 203 203 83
1028 119 119 84
1029 170 170 84
1030 118 118 83
1031 119 119 84
1032 152 152 83
1033 169 169 83
1034 203 203 83
1035 203 203 83
1036 203 203 83
1037 119 119 84
1038 186 186 83
1039 135 135 83
1040 187 187 84
1041 118 118 83
1042 135 135 83
1043 203 203 83
1044 169 169 83
1045 153 153 84
1046 118 118 83
1047 221 221 84
1048 170 170 84
1049 136 136 84
1050 136 136 84
1051 136 136 84
1052 152 152 83
1053 101 101 83
1054 169 169 83
1055 101 101 83
1056 169 169 83
1057 153 153 84
1058 102 102 84
1059 136 136 84
1060 136 136 84
1061 102 102 84
1062 152 152 83
1063 119 119 84
1064 118 118 83
1065 85 85 85
1066 152 152 83
1067 101 101 83
1068 153 153 84
1069 136 136 84
1070 102 102 84
1071 118 118 83
1072 153 153 84
1073 102 102 84
1074 118 118 83
1075 101 101 83
1076 135 135 83
1077 119 119 84
1078 186 186 83
1079 119 119 84
1080 136 136 84
1081 102 102 84
1082 118 118 83
1083 153 153 84
1084 136 136 84
1085 102 102 84
1086 102 102 84
1087 118 118 83
1088 153 153 84
1089 136 136 84
1090 118 118 83
1091 85 85 85
1092 118 118 83
1093 135 135 83
1094 153 153 84
1095 84 84 84
1096 119 119 84
1097 118 118 83
1098 119 119 84
1099 84 84 84
11