0 22 21 5
1 13 12 6
2 12 12 4
3 26 25 5
4 15 15 5
5 19 18 6
6 20 19 5
7 15 15 7
8 19 18 4
9 20 19 5
10 13 12 4
11 12 11 5
12 7 6 5
13 9 9 5
14 13 13 5
15 15 15 7
16 13 12 4
17 24 23 7
18 13 12 6
19 14 14 6
20 16 16 6
21 12 12 6
22 16 16 6
23 12 12 4
24 10 9 5
25 13 12 6
26 12 12 4
27 10 9 5
28 9 8 4
29 16 15 5
30 13 13 5
31 13 13 5
32 9 8 4
33 10 9 5
34 15 14 8
35 10 10 4
36 14 13 5
37 7 7 7
38 20 20 6
39 14 14 4
40 14 13 7
41 15 14 6
42 14 14 6
43 10 10 6
44 10 10 4
45 12 11 5
46 13 13 5
47 11 10 4
48 26 25 7
49 11 10 4
50 18 17 5
51 21 20 4
52 8 7 6
53 16 16 8
54 6 6 6
55 9 8 4
56 14 13 5
57 17 16 4
58 26 25 5
59 17 17 5
60 23 22 6
61 16 15 5
62 15 14 4
63 34 33 5
64 29 29 5
65 37 37 7
66 23 22 4
67 16 15 5
68 13 12 4
69 22 21 5
70 17 17 5
71 19 18 4
72 26 25 5
73 23 22 6
74 10 10 4
75 20 19 5
76 17 16 6
77 26 26 8
78 24 24 6
79 14 14 4
80 22 21 7
81 11 10 4
82 30 29 7
83 27 26 8
84 20 20 4
85 24 23 5
86 39 38 4
87 36 35 7
88 15 14 4
89 20 19 5
90 25 25 5
91 35 35 5
92 21 20 4
93 34 33 5
94 29 28 8
95 20 20 4
96 24 23 7
97 23 23 5
98 23 22 6
99 18 18 4
100 24 23 5
101 21 20 4
102 30 29 5
103 23 22 6
104 16 16 4
105 14 13 5
106 17 16 4
107 26 25 5
108 19 19 5
109 19 18 4
110 18 17 5
111 25 24 4
112 20 19 5
113 21 20 6
114 32 32 8
115 18 18 4
116 24 23 7
117 31 30 6
118 22 22 6
119 26 26 6
120 14 13 5
121 17 17 5
122 19 18 6
123 32 32 4
124 22 21 5
125 29 28 6
126 24 24 6
127 34 33 5
128 29 28 6
129 18 17 5
130 17 16 6
131 22 22 6
132 20 20 8
133 20 19 7
134 25 24 4
135 30 29 5
136 17 16 4
137 16 15 5
138 27 26 8
139 20 20 4
140 18 17 5
141 27 26 6
142 22 22 6
143 32 32 6
144 20 20 6
145 24 24 6
146 16 15 7
147 19 18 4
148 20 19 5
149 19 18 4
150 30 29 7
151 25 24 4
152 24 23 5
153 27 27 7
154 17 16 4
155 32 31 5
156 17 17 5
157 25 25 5
158 17 16 4
159 28 27 5
160 25 24 6
161 20 19 5
162 29 28 4
163 30 29 5
164 23 22 6
165 14 14 4
166 18 17 5
167 19 19 5
168 29 28 4
169 26 25 5
170 19 19 5
171 25 24 6
172 24 23 5
173 21 20 4
174 30 29 5
175 21 20 6
176 24 24 6
177 36 36 6
178 30 29 7
179 29 28 4
180 26 25 5
181 25 24 4
182 24 23 5
183 27 27 5
184 27 26 6
185 30 30 6
186 32 32 6
187 28 27 5
188 25 25 5
189 21 20 4
190 32 31 7
191 25 24 4
192 14 13 5
193 17 16 6
194 16 16 4
195 18 17 5
196 21 21 5
197 21 21 7
198 25 24 4
199 26 25 5
200 13 13 5
201 21 20 4
202 24 23 5
203 23 23 5
204 17 16 4
205 22 21 5
206 27 26 6
207 18 17 5
208 37 36 6
209 22 22 4
210 20 19 5
211 19 18 4
212 28 27 5
213 41 40 6
214 22 22 8
215 20 20 4
216 20 19 5
217 31 30 6
218 22 22 6
219 16 15 5
220 21 20 4
221 18 17 5
222 21 20 6
223 26 25 5
224 23 22 4
225 22 21 5
226 29 28 4
227 32 31 5
228 19 19 5
229 27 26 6
230 24 24 4
231 28 27 5
232 15 15 5
233 21 20 6
234 18 18 4
235 32 31 5
236 25 25 5
237 27 26 6
238 16 15 5
239 23 22 4
240 24 23 5
241 23 23 5
242 17 16 4
243 34 33 5
244 13 12 4
245 10 9 5
246 15 15 5
247 15 14 4
248 24 23 5
249 17 16 4
250 14 13 7
251 9 8 4
252 12 11 5
253 13 12 4
254 14 13 5
255 9 8 4
256 10 9 5
257 15 15 5
258 13 12 4
259 18 17 5
260 19 18 6
261 12 12 6
262 14 14 4
263 10 9 5
264 19 19 5
265 9 9 5
266 21 20 6
267 22 21 5
268 19 18 4
269 28 27 5
270 17 17 5
271 21 20 6
272 16 16 4
273 16 15 5
274 11 10 4
275 20 19 7
276 19 18 4
277 22 21 5
278 17 16 6
279 18 18 4
280 22 21 5
281 17 16 6
282 14 14 6
283 40 40 6
284 20 20 4
285 18 17 5
286 23 22 4
287 16 15 5
288 13 12 4
289 16 15 5
290 21 21 7
291 21 20 4
292 28 27 5
293 9 9 5
294 19 18 4
295 16 15 5
296 21 20 4
297 38 37 5
298 31 30 4
299 22 21 5
300 31 30 4
301 52 51 7
302 23 23 5
303 27 26 4
304 34 33 7
305 33 32 4
306 44 43 7
307 41 40 6
308 42 41 5
309 33 33 5
310 33 33 5
311 37 36 6
312 18 17 5
313 41 41 9
314 29 28 6
315 22 22 6
316 36 36 10
317 22 21 7
318 25 24 6
319 22 22 6
320 44 43 5
321 39 39 9
322 43 42 6
323 48 48 6
324 40 39 7
325 17 17 5
326 31 31 7
327 27 26 4
328 34 33 5
329 33 33 9
330 25 24 6
331 20 20 4
332 26 25 5
333 21 20 4
334 12 11 5
335 13 12 6
336 16 16 6
337 22 22 4
338 16 15 5
339 17 16 4
340 34 33 7
341 23 22 6
342 8 8 4
343 16 15 5
344 19 18 4
345 26 25 5
346 17 17 5
347 19 18 4
348 26 25 7
349 17 17 5
350 25 24 6
351 16 16 6
352 14 14 4
3