0 14 13 5
1 15 14 4
2 10 9 5
3 17 16 6
4 14 14 6
5 8 8 4
6 8 7 6
7 30 30 6
8 20 20 6
9 6 6 6
10 11 11 5
11 11 11 5
12 13 13 5
13 11 11 5
14 17 17 5
15 13 12 6
16 14 14 6
17 12 12 6
18 12 11 5
19 11 10 6
20 10 10 4
21 12 11 7
22 17 16 6
23 12 12 4
24 6 5 4
25 16 15 5
26 9 9 5
27 15 14 6
28 26 25 5
29 19 19 5
30 11 10 6
31 16 16 6
32 16 16 4
33 12 11 5
34 17 16 4
35 18 17 7
36 37 36 8
37 20 20 4
38 20 19 5
39 19 18 4
40 20 19 5
41 39 39 5
42 27 26 6
43 22 22 4
44 14 13 5
45 23 22 4
46 22 21 5
47 19 18 6
48 10 10 4
49 18 17 5
50 21 20 4
51 22 21 5
52 11 10 4
53 24 23 5
54 17 17 5
55 15 14 6
56 10 9 5
57 27 26 6
58 16 16 4
59 30 29 5
60 25 24 8
61 14 14 6
62 24 24 6
63 30 30 10
64 18 17 5
65 19 18 4
66 12 11 5
67 21 21 7
68 19 18 6
69 12 12 4
70 18 17 5
71 27 26 8
72 24 23 5
73 17 16 6
74 28 28 10
75 20 20 8
76 18 17 5
77 17 16 6
78 20 20 6
79 16 15 5
80 17 17 5
81 13 12 4
82 20 19 5
83 17 17 5
84 15 14 6
85 12 11 5
86 17 16 6
87 16 16 6
88 12 12 6
89 16 15 5
90 11 11 5
91 15 15 5
92 15 15 5
93 13 12 6
94 28 28 8
95 8 8 4
96 18 17 5
97 21 21 5
98 17 16 4
99 22 21 7
100 21 20 6
101 12 11 5
102 15 15 5
103 7 6 5
104 17 16 6
105 16 16 6
106 14 14 6
107 24 23 7
108 11 10 6
109 18 17 5
110 15 15 7
111 17 17 7
112 11 10 4
113 18 17 7
114 11 11 5
115 13 12 4
116 18 17 7
117 17 17 7
118 11 10 6
119 12 11 5
120 11 10 6
121 18 18 6
122 14 14 6
123 18 17 5
124 21 21 9
125 23 23 5
126 5 5 5
127 14 13 5
128 13 12 6
129 18 17 5
130 11 11 5
131 27 26 8
132 18 17 5
133 19 19 5
134 11 11 7
135 9 8 4
136 12 11 5
137 25 24 12
138 6 6 6
139 19 18 6
140 14 14 6
141 10 10 4
142 14 13 5
143 25 25 7
144 9 9 5
145 31 30 8
146 12 11 7
147 13 12 6
148 12 11 5
149 21 20 6
150 10 10 4
151 16 15 7
152 21 20 6
153 18 17 7
154 13 13 7
155 15 14 6
156 14 14 6
157 12 12 6
158 20 20 6
159 12 12 6
160 14 13 5
161 9 9 5
162 11 10 4
163 12 11 5
164 15 15 7
165 15 14 4
166 20 19 5
167 15 15 5
168 13 13 7
169 19 18 8
170 14 14 6
171 16 16 6
172 6 6 6
173 13 12 6
174 16 15 7
175 13 12 6
176 28 28 6
177 10 10 4
178 20 19 7
179 9 9 5
180 21 21 7
181 11 10 6
182 24 24 8
183 16 15 7
184 17 16 6
185 8 8 4
186 12 11 5
187 13 12 6
188 14 13 5
189 9 9 5
190 13 13 5
191 15 15 9
192 13 12 6
193 10 10 6
194 10 9 5
195 15 15 7
196 17 16 4
197 14 13 5
198 13 12 6
199 8 8 4
