0 27 26 10
1 13 12 6
2 19 19 11
3 32 32 12
4 21 20 10
5 19 18 6
6 25 25 11
7 18 18 10
8 25 24 10
9 25 24 10
10 15 15 7
11 12 12 6
12 11 11 11
13 10 10 6
14 17 17 9
15 20 19 11
16 16 15 7
17 28 28 12
18 13 13 7
19 14 14 6
20 19 19 9
21 14 13 7
22 16 16 6
23 21 21 13
24 10 10 6
25 13 13 7
26 20 20 12
27 11 10 6
28 15 15 11
29 20 20 10
30 19 18 10
31 15 15 7
32 10 10 6
33 15 15 11
34 16 16 10
35 15 15 9
36 16 15 7
37 6 6 6
38 27 27 13
39 16 16 6
40 13 13 7
41 18 18 10
42 15 14 6
43 15 15 11
44 16 16 10
45 19 18 12
46 15 14 6
47 13 13 7
48 24 24 6
49 13 13 7
50 18 18 6
51 25 25 9
52 10 9 8
53 20 19 11
54 8 7 6
55 10 10 6
56 19 19 11
57 20 19 7
58 26 26 6
59 23 23 11
60 26 25 9
61 20 19 9
62 18 17 7
63 38 38 10
64 35 34 10
65 39 39 9
66 28 27 9
67 20 19 9
68 18 17 9
69 28 27 11
70 18 18 6
71 25 25 11
72 26 26 6
73 27 27 11
74 12 12 6
75 25 25 11
76 20 20 10
77 31 30 12
78 29 29 11
79 20 20 10
80 25 24 10
81 13 13 7
82 34 34 12
83 25 24 6
84 27 27 11
85 28 28 10
86 45 45 11
87 38 38 10
88 21 20 10
89 21 20 6
90 29 29 9
91 40 39 9
92 24 23 7
93 38 38 10
94 31 30 10
95 25 25 9
96 28 27 11
97 26 25 7
98 22 22 6
99 21 21 7
100 28 28 10
101 27 26 10
102 33 33 9
103 26 25 9
104 20 19 7
105 14 14 6
106 21 21 9
107 30 29 9
108 22 21 7
109 24 24 10
110 19 19 7
111 26 26 6
112 21 21 7
113 26 26 12
114 37 36 12
115 25 24 10
116 23 23 7
117 36 36 12
118 27 26 10
119 37 37 17
120 16 15 7
121 18 18 6
122 23 23 11
123 38 38 10
124 23 22 6
125 33 33 11
126 28 28 10
127 37 37 9
128 34 33 11
129 22 22 10
130 19 19 9
131 28 27 11
132 24 24 12
133 25 24 12
134 27 27 7
135 30 30 6
136 21 21 9
137 22 21 11
138 30 29 11
139 26 26 10
140 23 22 10
141 33 33 13
142 26 26 10
143 37 36 10
144 27 26 12
145 29 28 10
146 19 18 10
147 25 25 11
148 22 21 7
149 24 24 10
150 31 31 9
151 32 31 11
152 26 25 7
153 30 30 10
154 19 18 6
155 39 39 13
156 18 18 6
157 27 27 7
158 22 22 10
159 29 28 6
160 29 29 11
161 22 21 7
162 30 30 6
163 35 35 11
164 26 26 10
165 17 17 7
166 18 18 6
167 21 21 7
168 30 30 6
169 27 27 7
170 26 26 12
171 29 29 11
172 24 24 6
173 27 27 11
174 36 36 12
175 27 26 12
176 29 29 11
177 36 36 6
178 39 39 17
179 36 35 11
180 30 30 10
181 27 26 6
182 27 27 9
183 34 33 11
184 26 26 6
185 37 37 13
186 40 40 14
187 29 28 6
188 31 31 11
189 26 26 10
190 35 34 10
191 27 26 6
192 15 15 7
193 20 20 10
194 19 19 7
195 18 18 6
196 27 27 11
197 24 24 10
198 31 30 10
199 29 29 9
