0 22 21 5
1 11 10 4
2 14 13 5
3 27 26 6
4 16 16 6
5 18 17 5
6 19 18 4
7 14 13 5
8 19 19 5
9 19 19 5
10 13 12 4
11 12 11 5
12 7 6 5
13 9 8 4
14 16 15 7
15 13 13 5
16 13 13 5
17 25 24 8
18 10 10 4
19 14 13 5
20 17 16 6
21 10 10 4
22 18 17 7
23 15 14 6
24 8 8 4
25 12 11 5
26 13 13 5
27 9 9 5
28 11 10 6
29 16 16 6
30 16 15 7
31 15 14 6
32 8 8 4
33 10 9 5
34 13 12 6
35 14 13 7
36 13 12 4
37 6 5 4
38 22 21 7
39 15 14 4
40 12 11 5
41 13 12 4
42 14 13 5
43 11 10 6
44 12 12 6
45 12 12 6
46 14 14 6
47 12 12 6
48 22 22 4
49 12 11 5
50 17 16 4
51 22 21 5
52 7 6 5
53 13 13 5
54 5 5 5
55 10 9 5
56 13 13 5
57 17 17 5
58 27 26 6
59 20 19 7
60 23 22 6
61 14 14 4
62 16 15 5
63 33 32 4
64 30 29 5
65 35 34 4
66 24 23 5
67 15 14 4
68 14 13 5
69 23 23 7
70 17 16 4
71 20 19 5
72 25 24 4
73 22 21 5
74 11 11 5
75 21 20 6
76 16 15 5
77 27 27 9
78 25 24 6
79 16 15 5
80 19 19 5
81 11 10 4
82 28 27 5
83 23 22 4
84 22 21 5
85 25 24 6
86 40 40 6
87 34 34 6
88 14 14 4
89 20 19 5
90 25 25 5
91 35 34 4
92 22 21 5
93 37 36 8
94 26 26 6
95 22 21 5
96 21 20 4
97 24 23 5
98 23 22 6
99 20 20 6
100 22 22 4
101 22 21 5
102 31 30 6
103 22 22 6
104 16 16 4
105 14 13 5
106 17 16 4
107 26 25 5
108 19 19 5
109 21 20 6
110 16 16 4
111 26 25 5
112 19 18 4
113 20 19 5
114 31 30 6
115 20 20 6
116 22 22 6
117 28 28 4
118 24 23 7
119 27 26 6
120 12 12 4
121 18 17 5
122 17 17 5
123 33 33 5
124 23 22 6
125 28 28 6
126 24 23 5
127 33 33 5
128 29 29 7
129 19 18 6
130 16 16 6
131 24 23 7
132 23 22 10
133 18 17 5
134 25 25 5
135 29 28 4
136 18 17 5
137 15 14 4
138 24 23 5
139 23 22 6
140 16 16 4
141 28 27 7
142 23 23 7
143 31 30 4
144 22 21 7
145 23 22 4
146 16 15 7
147 21 21 7
148 19 18 4
149 20 19 5
150 29 29 7
151 25 24 4
152 26 25 7
153 25 25 5
154 17 17 5
155 33 32 6
156 18 18 6
157 26 26 6
158 20 19 7
159 29 28 6
160 22 22 4
161 20 19 5
162 31 30 6
163 30 30 6
164 20 20 4
165 16 15 5
166 17 17 5
167 19 19 5
168 31 30 6
169 24 24 4
170 20 19 5
171 23 23 5
172 23 23 5
173 21 20 4
174 32 31 7
175 21 21 7
176 23 23 5
177 35 34 4
178 30 29 7
179 29 29 5
180 25 24 4
181 28 27 7
182 23 22 4
183 30 29 7
184 27 26 6
185 28 28 4
186 34 33 7
187 27 27 5
188 27 27 7
189 21 20 4
190 30 29 5
191 25 25 5
192 13 13 5
193 17 16 6
194 16 16 4
195 20 19 7
196 25 25 9
197 19 19 5
198 25 24 4
199 26 25 5
200 13 12 4
201 24 23 7
202 23 22 4
203 24 23 5
204 17 16 4
205 22 21 5
206 27 26 6
207 18 17 5
208 37 36 6
209 24 24 6
210 18 18 4
211 20 19 5
212 27 27 5
213 39 38 4
214 20 19 5
215 23 22 6
216 20 19 5
217 29 28 4
218 22 21 5
219 15 14 4
220 22 21 5
221 19 18 6
222 22 22 8
223 26 25 5
224 25 24 6
225 22 22 6
226 30 30 6
227 34 33 7
228 19 19 5
229 25 24 4
230 28 27 7
231 29 28 6
232 14 14 4
233 20 19 5
234 19 18 4
235 32 31 5
236 25 24 4
237 28 27 7
238 17 16 6
239 24 24 6
240 24 23 5
241 23 23 5
242 19 18 6
243 32 32 4
244 14 13 5
245 9 8 4
246 16 15 5
247 15 14 4
248 24 23 5
249 19 18 6
250 10 10 4
251 10 9 5
252 11 11 5
253 13 12 4
254 14 13 5
255 9 8 4
256 10 9 5
257 17 16 6
258 16 15 7
259 19 18 6
260 18 18 6
261 10 10 4
262 16 15 5
263 9 8 4
264 22 21 7
265 9 8 4
266 20 19 5
267 21 21 5
268 19 18 4
269 30 29 7
270 17 17 5
271 19 18 4
272 18 17 5
273 17 16 6
274 12 11 5
275 17 16 4
276 20 19 5
277 23 22 6
278 20 19 9
279 19 18 4
280 22 21 5
281 15 14 4
282 14 13 5
283 39 39 5
284 21 21 5
285 17 16 4
286 24 23 5
287 15 15 5
288 13 13 5
289 15 14 4
290 20 19 5
291 23 22 6
292 26 26 4
293 10 9 5
294 19 18 4
295 16 15 5
296 23 22 6
297 38 38 6
298 32 32 6
299 20 20 4
300 32 31 5
301 51 51 7
302 25 25 7
303 27 26 4
304 32 31 5
305 33 33 5
306 41 41 5
307 43 42 8
308 42 42 6
309 36 35 7
310 35 34 6
311 36 36 6
312 18 18 6
313 40 40 8
314 30 29 7
315 23 22 6
316 36 36 10
317 22 22 8
318 24 24 6
319 22 22 6
320 46 46 8
321 38 37 7
322 45 44 8
323 50 50 8
324 40 39 7
325 19 18 6
326 30 30 6
327 28 27 5
328 35 35 7
329 31 30 6
330 26 26 8
331 22 22 6
332 24 24 4
333 22 21 5
334 11 11 5
335 11 10 4
336 18 17 7
337 23 22 4
338 16 15 5
339 17 16 4
340 34 33 7
341 23 22 6
342 10 9 5
343 15 14 4
344 20 19 5
345 25 25 5
346 17 16 4
347 20 19 5
348 25 25 7
349 17 17 5
350 23 23 5
351 17 16 6
352 14 14 4
353 10 9 5
354 15 14 4
355 18 17 5
356 23 22 4
357 14 13 5
358 13 13 7
359 21 20 4
360 22 21 5
361 13 12 4
362 12 11 5
363 21 20 4
364 18 17 5
365 19 18 6
366 16 16 6
367 24 24 4
368 16 15 5
369 25 24 4
370 14 13 5
371 21 20 4
372 16 15 5
373 19 18 4
374 20 19 5
375 17 17 5
376 17 17 5
377 11 10 4
378 18 17 5
379 19 18 6
380 28 28 6
381 16 16 6
382 12 12 6
383 14 14 4
384 20 19 5
385 13 13 5
386 25 25 5
387 13 13 5
388 17 17 5
389 19 18 6
390 18 18 6
391 14 13 5
392 11 11 5
393 15 14 4
394 16 15 5
395 23 22 6
396 18 18 4
397 22 21 5
398 15 15 5
399 9 8 4
400 10 9 5
401 17 17 5
402 13 12 6
403 14 14 4
404 14 13 7
405 11 10 4
406 8 7 6
407 8 8 4
408 12 11 5
409 27 26 8
410 10 9 5
411 9 8 4
412 10 9 5
413 11 11 5
414 17 16 6
415 18 18 4
416 20 19 7
417 17 17 7
418 11 10 4
419 14 13 5
420 9 8 4
421 14 13 5
422 11 11 5
423 13 12 4
424 12 11 5
425 21 20 6
426 12 11 5
427 11 11 5
428 15 14 6
429 14 14 4
430 16 15 5
431 11 11 5
432 21 21 5
433 29 29 5
434 25 24 6
435 28 27 7
436 15 15 5
437 9 8 4
438 14 13 5
439 15 15 5
440 15 14 4
441 14 13 5
442 23 22 6
443 22 21 5
444 17 16 4
445 12 11 5
446 9 9 5
447 19 18 6
448 10 10 4
449 10 9 5
450 19 18 6
451 10 10 4
452 18 17 5
453 9 9 5
454 15 15 5
455 17 16 4
456 18 17 5
457 13 13 5
458 17 17 7
459 17 16 4
460 14 13 5
461 9 9 5
462 9 9 5
463 19 18 6
464 10 9 5
465 13 12 4
466 12 11 5
467 13 13 5
468 9 9 5
469 7 6 5
470 9 9 5
471 15 14 6
472 10 9 5
473 17 16 6
474 18 18 4
475 28 27 5
476 15 14 6
477 10 10 4
478 6 5 4
479 14 13 5
480 19 18 6
481 8 8 4
482 10 9 5
483 11 10 6
484 6 6 6
485 9 8 4
486 12 11 5
487 15 15 5
488 19 18 8
489 16 16 6
490 10 10 6
491 10 10 4
492 14 13 5
493 13 13 5
494 11 10 6
495 20 20 6
496 10 10 6
497 10 10 6
498 16 16 6
499 10 9 5
500 11 10 4
501 14 13 5
502 15 14 4
503 10 9 5
504 15 14 6
505 20 19 7
506 11 10 6
507 16 16 6
508 8 8 4
509 16 15 5
510 13 12 4
511 16 15 5
512 13 12 4
513 18 17 5
514 11 11 5
515 15 14 6
516 16 15 7
517 15 14 4
518 22 21 7
519 15 15 5
520 9 8 4
521 10 9 5
522 15 14 4
523 12 11 5
524 11 11 5
525 13 12 6
526 12 12 6
527 14 14 6
528 12 12 6
529 6 6 6
530 13 12 6
531 10 10 6
532 12 12 4
533 18 17 5
534 11 10 6
535 10 10 6
536 8 8 4
537 14 13 5
538 19 18 4
539 32 31 5
540 21 21 5
541 17 16 6
542 18 18 6
543 8 8 4
544 10 9 5
545 13 12 6
546 6 6 6
547 17 16 4
548 20 19 7
549 23 22 4
550 22 21 5
551 23 23 7
552 19 19 5
553 13 13 5
554 11 10 4
555 12 11 5
556 13 12 6
557 6 5 4
558 16 15 5
559 15 14 4
560 22 21 7
561 25 24 6
562 12 12 4
563 22 21 5
564 19 19 5
565 17 16 6
566 18 18 4
567 10 9 5
568 7 6 5
569 21 20 4
570 14 13 5
571 13 13 5
572 29 28 6
573 12 12 4
574 16 15 7
575 15 14 6
576 20 20 6
577 22 22 6
578 16 16 4
579 10 9 5
580 25 24 4
581 24 23 5
582 15 15 5
583 23 22 4
584 18 17 5
585 21 21 7
586 19 18 4
587 24 23 5
588 31 30 6
589 24 23 5
590 35 34 6
591 36 36 6
592 24 24 8
593 22 22 4
594 32 31 5
595 17 17 5
596 21 20 4
597 48 47 7
598 37 37 7
599 21 21 5
600 21 21 5
601 23 22 6
602 26 26 6
603 26 26 4
604 40 39 9
605 37 37 7
606 39 38 8
607 44 44 12
608 26 26 10
609 28 28 8
610 36 36 8
611 22 22 6
612 34 34 6
613 28 28 6
614 34 34 8
615 28 27 5
616 27 27 5
617 15 15 5
618 33 32 6
619 32 31 7
620 29 28 6
621 26 25 7
622 37 37 7
623 33 33 9
624 27 26 6
625 30 30 8
626 22 21 5
627 29 29 7
628 25 24 8
629 40 39 7
630 49 48 8
631 30 29 7
632 21 20 4
633 20 19 5
634 29 28 10
635 34 34 6
636 20 19 5
637 29 28 8
638 32 31 7
639 29 29 5
640 31 30 8
641 20 20 4
642 20 19 5
643 29 29 7
644 29 28 8
645 26 26 8
646 28 28 8
647 40 39 7
648 29 28 4
649 24 23 5
650 23 23 7
651 37 36 8
652 22 22 6
653 24 23 7
654 41 41 9
655 21 20 4
656 24 23 7
657 21 21 5
658 35 35 7
659 35 34 6
660 20 19 5
661 33 33 5
662 37 37 9
663 41 40 8
664 36 35 7
665 35 35 9
666 31 30 6
667 24 23 5
668 35 35 7
669 47 46 10
670 30 29 7
671 15 14 6
672 16 16 4
673 40 39 9
674 25 24 6
675 38 38 10
676 34 34 10
677 42 41 7
678 25 24 6
679 28 28 4
680 32 31 7
681 17 16 4
682 28 27 7
683 27 26 4
684 24 23 5
685 25 24 4
686 34 33 7
687 15 14 4
688 30 29 5
689 27 26 6
690 18 18 6
691 26 26 6
692 16 16 6
693 22 22 6
694 30 30 6
695 26 25 5
696 21 20 4
697 30 29 5
698 19 18 6
699 20 20 6
700 24 24 4
701 16 15 5
702 13 12 4
703 16 15 5
704 31 30 6
705 20 19 5
706 11 10 4
707 14 13 5
708 19 19 5
709 17 17 5
710 17 16 6
711 18 18 4
712 18 17 5
713 19 19 5
714 17 16 4
715 22 21 5
716 23 22 6
717 22 22 4
718 14 13 5
719 9 8 4
720 16 15 5
721 17 17 7
722 17 16 4
723 10 9 5
724 9 8 4
725 16 15 5
726 11 10 4
727 20 19 5
728 17 17 5
729 23 22 6
730 16 15 5
731 21 21 5
732 13 13 5
733 15 14 4
734 12 11 5
735 17 17 5
736 15 14 4
737 16 15 5
738 23 22 8
739 18 18 6
740 24 23 5
741 19 19 5
742 13 13 5
743 21 20 4
744 20 19 5
745 19 19 5
746 13 12 4
747 12 11 5
748 21 20 6
749 14 14 6
750 26 25 5
751 15 14 4
752 14 13 5
753 27 26 6
754 16 15 5
755 15 14 4
756 28 27 7
757 15 14 6
758 12 12 6
759 14 14 4
760 20 19 5
761 17 16 4
762 14 13 7
763 19 18 4
764 12 11 5
765 15 14 6
766 8 8 4
767 10 9 5
768 13 13 5
769 13 13 5
770 13 12 6
771 16 16 6
772 24 23 5
773 17 17 5
774 25 24 6
775 18 18 4
776 20 19 5
777 17 16 4
778 14 13 5
779 9 9 5
780 11 11 5
781 13 13 5
782 11 11 5
783 11 11 5
784 13 13 5
785 27 27 5
786 15 14 4
787 12 11 5
788 15 15 5
789 27 27 5
790 9 9 5
791 15 14 6
792 14 14 4
793 14 13 5
794 15 14 4
795 32 31 5
796 13 13 5
797 27 27 7
798 29 28 4
799 34 33 5
800 27 27 5
801 13 13 5
802 11 10 6
803 12 11 5
804 11 10 4
805 18 17 5
806 19 18 6
807 24 24 6
808 16 15 5
809 23 22 4
810 24 23 5
811 11 10 4
812 12 11 5
813 13 12 4
814 14 13 5
815 19 19 5
816 15 15 5
817 25 24 4
818 14 13 7
819 19 18 6
820 16 16 4
821 12 11 5
822 19 18 6
823 28 27 5
824 15 15 5
825 11 10 4
826 28 27 7
827 21 20 6
828 20 19 7
829 11 10 4
830 22 21 5
831 5 5 5
832 12 11 5
833 17 17 5
834 13 12 4
835 12 11 5
836 13 13 5
837 11 10 6
838 12 12 4
839 18 17 5
840 15 14 6
841 14 14 6
842 14 13 5
843 19 18 6
844 22 22 6
845 18 17 5
846 21 20 4
847 16 15 5
848 17 16 4
849 20 19 5
850 23 23 7
851 25 24 6
852 6 6 6
853 23 23 5
854 11 10 6
855 8 8 4
856 18 17 5
857 21 21 7
858 21 20 6
859 8 8 4
860 16 15 5
861 13 12 6
862 16 16 6
863 12 12 6
864 10 10 4
865 14 13 5
866 11 10 6
867 10 10 6
868 26 26 6
869 10 10 4
870 20 19 5
871 21 20 6
872 12 12 4
873 10 9 5
874 17 17 5
875 13 12 6
876 10 10 6
877 14 13 5
878 15 14 4
879 20 19 5
880 9 8 4
881 16 15 5
882 11 11 5
883 15 15 5
884 13 13 5
885 15 14 4
886 18 17 7
887 15 14 4
888 12 11 5
889 7 6 5
890 19 18 6
891 8 8 4
892 16 15 7
893 15 14 6
894 10 10 4
895 16 15 7
896 13 12 4
897 18 17 5
898 19 18 6
899 14 14 4
900 14 13 5
901 21 20 6
902 24 23 5
903 13 13 5
904 13 12 6
905 10 10 4
906 12 11 5
907 9 9 5
908 9 8 4
909 16 15 5
910 13 12 6
911 16 16 6
912 10 10 4
913 10 9 5
914 5 5 5
915 14 13 5
916 11 11 5
917 13 12 6
918 10 10 4
919 14 13 5
920 21 20 6
921 18 18 6
922 10 10 6
923 10 10 4
924 10 9 5
925 13 12 6
926 6 5 4
927 10 9 5
928 9 9 5
929 17 16 4
930 16 15 5
931 27 26 8
932 10 10 4
933 18 17 5
934 15 14 6
935 20 19 7
936 19 18 4
937 14 13 5
938 9 8 4
939 14 13 5
940 21 21 7
941 9 9 5
942 11 11 5
943 13 12 6
944 14 13 5
945 13 12 6
946 26 26 4
947 24 23 7
948 21 20 6
949 20 20 6
950 16 16 6
951 16 16 4
952 8 7 6
953 10 10 4
954 12 11 5
955 11 10 6
956 18 18 6
957 14 14 6
958 10 10 4
959 12 11 5
960 13 13 5
961 19 18 6
962 14 14 6
963 16 15 5
964 13 13 5
965 15 15 5
966 21 20 6
967 14 14 6
968 16 16 6
969 16 16 6
970 12 12 4
971 14 13 5
972 19 18 6
973 10 10 4
974 14 13 5
975 11 10 4
976 10 9 5
977 13 12 4
978 26 25 5
979 23 23 5
980 9 9 5
981 27 26 6
982 20 19 5
983 13 12 6
984 24 24 4
985 20 19 5
986 21 20 6
987 18 17 5
988 13 12 4
989 20 19 5
990 27 27 7
991 35 34 6
992 24 24 4
993 18 17 5
994 25 24 6
995 34 34 6
996 34 33 7
997 25 24 4
998 48 47 7
999 23 23 5
1000 27 26 6
1001 38 38 6
1002 28 27 7
1003 29 28 6
1004 26 25 5
1005 21 21 5
1006 25 24 4
1007 26 25 5
1008 37 37 5
1009 25 25 5
1010 25 25 7
1011 27 26 6
1012 28 27 5
1013 33 32 8
1014 24 23 7
1015 35 35 7
1016 27 26 6
1017 26 26 6
1018 30 29 5
1019 37 36 6
1020 22 21 5
1021 33 33 5
1022 21 20 6
1023 26 26 4
1024 30 29 11
1025 33 32 8
1026 24 23 5
1027 21 21 5
1028 27 26 6
1029 24 24 4
1030 14 13 5
1031 15 14 6
1032 14 14 6
1033 16 16 4
1034 22 21 5
1035 23 22 6
1036 26 26 6
1037 22 22 4
1038 24 23 5
1039 31 30 6
1040 24 23 9
1041 33 33 11
1042 33 33 7
1043 25 24 4
1044 32 31 5
1045 23 22 6
1046 18 18 4
1047 12 11 5
1048 27 26 4
1049 20 19 7
1050 13 12 4
1051 20 19 5
1052 21 21 5
1053 15 14 6
1054 32 32 6
1055 38 37 7
1056 23 22 4
1057 18 17 5
1058 19 19 5
1059 27 27 9
1060 23 23 5
1061 25 24 6
1062 32 31 5
1063 23 23 7
1064 23 22 6
1065 16 16 6
1066 28 28 6
1067 30 30 6
1068 24 24 8
1069 28 28 6
1070 26 25 5
1071 27 26 8
1072 16 15 5
1073 11 10 4
1074 24 23 5
1075 19 19 7
1076 23 22 4
1077 24 23 5
1078 7 6 5
1079 21 20 4
1080 24 23 7
1081 25 24 6
1082 22 21 5
1083 19 18 6
1084 24 24 6
1085 24 24 4
1086 22 21 7
1087 17 16 4
1088 20 19 5
1089 27 26 10
1090 20 20 6
1091 12 12 4
1092 26 25 7
1093 15 14 4
1094 14 13 5
1095 17 16 4
1096 22 21 5
1097 19 18 6
1098 26 25 7
1099 19 19 5
1100 23 23 7
1101 15 14 4
1102 10 9 5
1103 15 14 4
1104 18 17 5
1105 17 16 4
1106 12 11 5
1107 11 11 5
1108 27 26 6
1109 18 18 6
1110 22 22 6
1111 18 18 4
1112 18 17 5
1113 13 12 4
1114 28 27 7
1115 25 24 6
1116 22 21 5
1117 21 21 5
1118 21 20 4
1119 14 13 5
1120 19 19 5
1121 13 13 7
1122 17 16 6
1123 10 10 4
1124 16 15 5
1125 17 17 5
1126 13 13 5
1127 15 15 5
1128 19 19 5
1129 15 14 6
1130 8 8 4
1131 22 21 5
1132 15 14 4
1133 28 27 5
1134 15 15 7
1135 13 12 4
1136 18 17 5
1137 17 16 4
1138 14 13 5
1139 25 24 6
1140 16 16 4
1141 12 11 5
1142 9 9 5
1143 21 21 5
1144 13 13 5
1145 15 14 6
1146 20 20 4
1147 28 27 5
1148 21 21 5
1149 15 14 6
1150 26 26 4
1151 16 15 5
1152 11 11 5
1153 13 13 5
1154 19 18 6
1155 16 15 5
1156 17 16 4
1157 16 15 5
1158 15 15 5
1159 17 16 6
1160 24 23 5
1161 13 12 6
1162 12 12 6
1163 24 24 6
1164 12 12 4
1165 20 19 5
1166 17 17 5
1167 17 16 6
1168 16 15 5
1169 17 16 6
1170 16 16 6
1171 14 14 4
1172 18 17 5
1173 19 19 5
1174 15 14 4
1175 12 11 5
1176 13 12 6
1177 10 10 4
1178 14 13 5
1179 13 12 4
1180 16 15 5
1181 15 14 6
1182 6 6 6
1183 7 6 5
1184 15 14 4
1185 18 17 7
1186 11 10 4
1187 16 15 7
1188 11 10 6
1189 18 18 6
1190 10 10 4
1191 6 5 4
1192 20 19 9
1193 11 10 4
1194 8 7 6
1195 14 13 5
1196 13 12 6
1197 12 12 4
1198 16 15 5
1199 11 10 4
1200 26 25 5
1201 15 14 6
1202 20 20 6
1203 10 9 5
1204 9 9 5
1205 15 14 6
1206 16 16 6
1207 10 10 4
1208 18 17 5
1209 5 5 5
1210 14 13 7
1211 11 10 4
1212 22 21 5
1213 15 14 6
1214 14 13 5
1215 11 11 5
1216 19 18 6
1217 12 12 6
1218 14 14 6
1219 10 10 6
1220 10 10 6
1221 10 10 4
1222 12 11 5
1223 13 13 5
1224 11 10 6
1225 10 10 4
1226 10 9 5
1227 17 16 4
1228 16 15 9
1229 19 18 4
1230 10 9 5
1231 15 14 6
1232 8 8 4
1233 10 9 5
1234 13 12 6
1235 6 5 4
1236 18 17 5
1237 17 17 5
1238 5 5 5
1239 10 9 5
1240 11 10 4
1241 12 11 7
1242 11 10 4
1243 12 11 5
1244 19 18 4
1245 10 9 5
1246 15 14 8
1247 12 12 4
1248 10 9 5
1249 9 9 5
1250 9 9 5
1251 11 10 6
1252 8 8 4
1253 16 15 5
1254 17 16 4
1255 16 15 7
1256 15 14 4
1257 14 13 5
1258 9 9 5
1259 15 15 7
1260 19 18 6
1261 12 12 6
1262 6 5 4
1263 10 9 5
1264 7 7 7
1265 14 14 4
1266 8 7 6
1267 12 12 4
1268 12 11 5
1269 21 21 5
1270 15 14 4
1271 14 13 5
1272 15 14 6
1273 10 10 6
1274 10 10 4
1275 10 9 5
1276 15 15 7
1277 19 18 6
1278 18 18 6
1279 12 12 6
1280 18 18 6
1281 14 14 6
1282 18 18 6
1283 6 6 6
1284 21 20 6
1285 12 12 4
1286 10 9 5
1287 11 10 4
1288 14 13 5
1289 11 10 4
1290 16 15 5
1291 13 12 6
1292 12 12 4
1293 20 19 7
1294 17 16 6
1295 10 10 4
1296 18 17 5
1297 11 11 5
1298 9 9 5
1299 11 10 4
1300 12 11 5
1301 9 9 5
1302 23 23 7
1303 9 8 4
1304 14 13 5
1305 19 19 5
1306 13 12 4
1307 10 9 5
1308 7 6 5
1309 19 18 6
1310 14 13 5
1311 17 16 8
1312 8 8 4
1313 12 11 5
1314 21 20 6
1315 20 20 6
1316 6 6 6
1317 15 14 6
1318 10 10 6
1319 12 11 5
1320 13 12 8
1321 10 10 4
1322 12 11 5
1323 33 32 6
1324 14 14 4
1325 10 9 5
1326 9 9 5
1327 17 16 6
1328 12 12 4
1329 18 17 7
1330 15 14 4
1331 16 15 5
1332 11 10 4
1333 14 13 5
1334 19 18 6
1335 18 18 4
1336 24 23 5
1337 11 11 5
1338 21 20 8
1339 10 10 4
1340 12 11 5
1341 19 19 5
1342 13 12 4
1343 10 9 5
1344 23 23 5
1345 5 5 5
1346 18 17 5
1347 15 15 5
1348 17 17 5
1349 11 11 5
1350 23 22 4
1351 16 15 5
1352 13 13 7
1353 19 19 5
1354 11 10 4
1355 20 19 5
1356 13 13 5
1357 9 9 5
1358 21 21 5
1359 37 37 5
1360 17 16 4
1361 22 21 7
1362 21 20 4
1363 24 23 5
1364 19 19 5
1365 21 20 4
1366 20 19 5
1367 19 18 6
1368 14 14 4
1369 24 23 5
1370 21 20 6
1371 20 19 5
1372 17 16 4
1373 12 11 5
1374 27 26 6
1375 20 20 4
1376 20 19 5
1377 27 26 4
1378 20 19 5
1379 15 14 6
1380 14 14 4
1381 14 13 5
1382 27 27 5
1383 11 11 5
1384 19 18 4
1385 14 13 5
1386 15 14 4
1387 20 19 5
1388 27 26 6
1389 16 16 4
1390 14 13 5
1391 21 20 4
1392 22 21 5
1393 31 30 6
1394 16 15 5
1395 13 13 7
1396 15 14 4
1397 18 17 5
1398 15 15 5
1399 17 17 5
1400 23 22 6
1401 18 18 4
1402 28 27 7
1403 13 12 4
1404 14 13 5
1405 15 15 5
1406 7 6 5
1407 19 18 4
1408 20 19 5
1409 17 17 5
1410 13 13 5
1411 17 16 6
1412 12 12 4
1413 14 13 5
1414 19 18 6
1415 18 18 4
1416 18 17 5
1417 13 13 5
1418 19 18 6
1419 16 16 6
1420 20 20 6
1421 26 26 4
1422 22 21 5
1423 17 17 5
1424 15 14 4
1425 20 19 5
1426 17 17 5
1427 11 10 6
1428 10 10 4
1429 14 13 5
1430 13 12 6
1431 10 10 4
1432 16 15 7
1433 15 14 6
1434 10 9 5
1435 9 9 5
1436 9 9 5
1437 13 12 4
1438 10 9 5
1439 17 17 5
1440 11 10 6
1441 12 12 6
1442 8 8 4
1443 14 13 7
1444 9 8 4
1445 12 11 5
1446 15 14 6
1447 12 12 6
1448 12 11 5
1449 25 24 4
1450 14 13 5
1451 13 12 4
1452 20 19 7
1453 15 15 5
1454 13 13 5
1455 9 8 4
1456 12 11 5
1457 11 10 6
1458 12 12 4
1459 12 11 5
1460 11 11 5
1461 11 10 6
1462 8 8 4
1463 10 9 5
1464 13 13 5
1465 19 18 6
1466 10 10 4
1467 12 11 5
1468 15 14 6
1469 10 9 5
1470 9 9 5
1471 31 31 5
1472 13 13 5
1473 15 14 4
1474 12 11 5
1475 9 8 4
1476 18 17 5
1477 13 13 5
1478 21 21 5
1479 13 12 6
1480 16 16 6
1481 18 18 4
1482 18 17 5
1483 11 11 5
1484 13 12 6
1485 12 12 4
1486 28 27 7
1487 13 13 5
1488 15 15 5
1489 17 16 4
1490 12 11 5
1491 23 23 5
1492 23 22 6
1493 12 11 5
1494 31 30 6
1495 14 14 6
1496 26 25 7
1497 9 9 5
1498 35 34 6
1499 24 24 4
1500 42 41 5
1501 25 24 4
1502 18 17 5
1503 15 15 5
1504 41 41 7
1505 15 15 5
1506 29 28 4
1507 20 19 7
1508 31 31 9
1509 15 14 4
1510 18 17 5
1511 23 22 6
1512 24 24 6
1513 26 26 4
1514 10 9 5
1515 17 16 4
1516 30 29 5
1517 33 32 6
1518 18 17 5
1519 21 20 4
1520 22 21 7
1521 19 18 4
1522 26 25 5
1523 21 20 4
1524 24 23 5
1525 21 20 6
1526 20 20 6
1527 22 21 5
1528 15 14 4
1529 18 17 5
1530 23 22 4
1531 18 17 5
1532 19 18 6
1533 26 26 4
1534 34 33 9
1535 21 21 7
1536 19 18 6
1537 26 26 8
1538 26 26 4
1539 24 23 5
1540 25 24 6
1541 20 19 5
1542 39 38 4
1543 38 37 5
1544 29 29 7
1545 29 29 5
1546 19 18 4
1547 16 15 5
1548 17 16 4
1549 24 23 5
1550 27 27 5
1551 19 19 7
1552 15 15 5
1553 23 22 6
1554 22 22 6
1555 20 19 5
1556 13 12 4
1557 14 13 5
1558 25 24 4
1559 22 21 5
1560 15 14 4
1561 26 25 5
1562 19 18 4
1563 16 15 5
1564 17 17 5
1565 29 28 4
1566 28 27 7
1567 21 20 4
1568 20 19 5
1569 19 18 4
1570 20 19 5
1571 21 20 4
1572 20 19 5
1573 7 6 5
1574 33 32 6
1575 20 20 6
1576 20 20 4
1577 14 13 5
1578 17 16 4
1579 18 17 5
1580 21 20 6
1581 22 21 5
1582 25 24 6
1583 24 24 6
1584 18 18 4
1585 18 17 5
1586 23 23 5
1587 29 29 5
1588 17 17 5
1589 9 8 4
1590 20 19 5
1591 25 25 5
1592 11 10 6
1593 20 19 5
1594 21 20 4
1595 16 15 5
1596 19 19 5
1597 35 34 8
1598 16 16 4
1599 14 13 5
1600 15 14 6
1601 6 6 6
1602 25 24 4
1603 16 15 5
1604 17 17 5
1605 15 14 4
1606 16 15 5
1607 19 18 6
1608 16 16 4
1609 22 21 7
1610 15 14 6
1611 12 12 4
1612 18 17 5
1613 15 15 5
1614 13 12 4
1615 14 13 5
1616 23 22 4
1617 20 19 5
1618 15 15 5
1619 13 13 5
1620 23 22 4
1621 16 15 5
1622 15 14 4
1623 12 11 5
1624 19 19 5
1625 11 10 4
1626 18 17 7
1627 13 12 6
1628 10 10 4
1629 22 21 5
1630 11 10 4
1631 24 23 7
1632 17 16 6
1633 14 13 5
1634 27 26 6
1635 16 15 5
1636 17 16 4
1637 14 13 7
1638 13 13 5
1639 13 13 5
1640 19 18 4
1641 16 15 5
1642 15 15 5
1643 27 26 4
1644 24 23 5
1645 31 30 6
1646 24 23 5
1647 15 15 5
1648 19 19 5
1649 31 30 6
1650 28 27 5
1651 23 22 4
1652 22 21 5
1653 35 34 6
1654 28 28 6
1655 20 20 4
1656 24 23 5
1657 19 19 5
1658 35 34 6
1659 34 33 5
1660 29 28 6
1661 28 27 5
1662 23 23 5
1663 23 22 6
1664 16 16 4
1665 26 25 5
1666 33 32 8
1667 24 24 6
1668 18 17 5
1669 27 26 4
1670 22 21 7
1671 13 12 4
1672 20 19 5
1673 17 17 5
1674 13 12 4
1675 14 13 5
1676 27 26 6
1677 20 20 6
1678 12 11 5
1679 15 14 4
1680 18 17 5
1681 13 12 6
1682 20 20 6
1683 12 12 4
1684 16 15 5
1685 11 10 4
1686 6 5 4
1687 20 19 5
1688 17 17 5
1689 11 11 5
1690 13 12 6
1691 14 14 6
1692 16 16 4
1693 18 17 5
1694 11 10 4
1695 16 15 7
1696 11 10 4
1697 20 19 7
1698 11 10 4
1699 16 15 5
1700 11 10 6
1701 14 14 6
1702 12 12 4
1703 16 15 5
1704 7 6 5
1705 5 5 5
1706 8 7 6
1707 12 12 6
1708 10 10 4
1709 18 17 7
1710 19 19 5
1711 19 18 6
1712 14 13 5
1713 19 19 5
1714 11 11 5
1715 11 11 5
1716 11 10 4
1717 10 9 5
1718 17 16 6
1719 10 10 6
1720 18 18 6
1721 22 22 6
1722 18 18 4
1723 16 15 5
1724 17 17 7
1725 15 14 6
1726 12 11 5
1727 21 20 4
1728 28 27 5
1729 19 18 4
1730 20 19 7
1731 17 16 4
1732 12 11 5
1733 19 18 4
1734 20 19 5
1735 15 14 6
1736 10 9 5
1737 11 10 4
1738 16 15 7
1739 13 12 6
1740 10 10 4
1741 18 17 5
1742 13 12 6
1743 10 10 4
1744 12 11 5
1745 7 6 5
1746 15 14 4
1747 16 15 5
1748 15 15 7
1749 17 16 4
1750 14 13 5
1751 13 12 4
1752 12 11 5
1753 11 10 4
1754 12 11 5
1755 15 15 5
1756 13 12 6
1757 8 8 8
1758 13 12 4
1759 14 13 5
1760 11 10 4
1761 18 17 5
1762 27 26 6
1763 18 18 4
1764 12 11 5
1765 13 12 6
1766 10 9 5
1767 13 12 6
1768 14 14 4
1769 16 15 5
1770 15 15 5
1771 19 19 7
1772 11 11 5
1773 13 13 5
1774 17 17 5
1775 17 17 7
1776 17 16 4
1777 16 15 5
1778 11 11 5
1779 21 20 4
1780 14 13 7
1781 23 22 4
1782 20 19 5
1783 17 16 6
1784 14 14 4
1785 12 11 5
1786 7 7 7
1787 10 10 4
1788 14 13 5
1789 11 10 6
1790 14 13 5
1791 11 10 6
1792 8 8 4
1793 6 5 4
1794 14 13 5
1795 13 13 5
1796 15 14 6
1797 14 14 6
1798 16 16 6
1799 10 10 4
1800 16 15 5
1801 29 28 6
1802 8 8 4
1803 16 15 5
1804 11 11 5
1805 11 10 6
1806 10 10 4
1807 16 15 9
1808 13 12 4
1809 22 21 5
1810 17 17 5
1811 15 15 5
1812 13 13 5
1813 25 25 5
1814 25 24 6
1815 22 22 4
1816 18 17 5
1817 5 5 5
1818 18 17 5
1819 15 14 6
1820 14 14 4
1821 20 19 5
1822 23 23 5
1823 21 20 4
1824 14 13 5
1825 11 11 5
1826 15 15 5
1827 11 10 4
1828 22 21 5
1829 13 12 4
1830 12 11 5
1831 11 11 5
1832 11 10 4
1833 16 15 5
1834 13 13 5
1835 23 22 6
1836 14 14 4
1837 24 23 5
1838 15 15 5
1839 15 14 6
1840 18 18 6
1841 20 19 5
1842 25 25 7
1843 27 26 6
1844 32 32 6
1845 38 38 6
1846 12 12 4
1847 20 19 5
1848 31 31 5
1849 25 25 5
1850 33 32 8
1851 30 30 6
1852 16 16 4
1853 22 21 5
1854 27 27 5
1855 29 29 5
1856 17 17 5
1857 27 26 8
1858 20 20 4
1859 34 33 7
1860 27 26 6
1861 30 30 4
1862 38 37 7
1863 27 27 7
1864 27 26 8
1865 24 23 7
1866 31 30 6
1867 32 32 6
1868 28 27 7
1869 21 21 5
1870 37 37 9
1871 31 30 6
1872 30 29 7
1873 41 41 11
1874 25 24 6
1875 48 47 11
1876 23 22 4
1877 32 31 7
1878 27 26 8
1879 26 26 4
1880 32 31 7
1881 33 33 7
1882 31 30 8
1883 42 42 10
1884 26 26 8
1885 50 50 12
1886 22 22 4
1887 48 47 9
1888 25 25 5
1889 25 24 4
1890 22 21 5
1891 33 33 5
1892 27 27 7
1893 31 30 4
1894 34 33 5
1895 17 17 5
1896 11 11 5
1897 43 43 5
1898 57 57 11
1899 21 21 5
1900 23 22 6
1901 28 28 6
1902 28 28 6
1903 30 29 5
1904 27 27 5
1905 37 37 7
1906 33 32 6
1907 24 24 6
1908 36 36 6
1909 24 24 6
1910 28 28 8
1911 36 36 6
1912 42 41 7
1913 41 41 7
1914 41 40 12
1915 34 34 8
1916 22 22 4
1917 18 17 5
1918 47 47 7
1919 27 26 4
1920 42 41 7
1921 27 26 6
1922 38 38 8
1923 34 34 10
1924 32 31 7
1925 29 28 6
1926 26 25 7
1927 39 39 9
1928 45 44 6
1929 28 27 7
1930 25 24 6
1931 18 18 4
1932 28 27 7
1933 33 32 6
1934 24 23 5
1935 31 30 6
1936 36 36 8
1937 28 28 8
1938 36 36 6
1939 42 41 7
1940 29 29 7
1941 17 17 5
1942 25 25 5
1943 21 20 4
1944 26 25 9
1945 27 27 7
1946 29 29 7
1947 31 31 5
1948 23 22 6
1949 20 20 4
1950 26 25 5
1951 25 25 5
1952 17 17 5
1953 19 19 5
1954 19 19 5
1955 19 19 5
1956 25 24 6
1957 20 20 6
1958 20 19 5
1959 27 27 5
1960 25 25 5
1961 17 17 5
1962 21 20 4
1963 28 27 7
1964 27 26 8
1965 22 21 5
1966 19 19 5
1967 19 18 4
1968 20 19 5
1969 23 23 7
1970 23 22 6
1971 18 18 6
1972 22 22 4
1973 30 29 5
1974 21 21 5
1975 23 23 5
1976 11 11 5
1977 21 20 6
1978 18 18 4
1979 30 29 5
1980 21 20 6
1981 14 14 4
1982 14 13 5
1983 15 15 7
1984 15 14 4
1985 10 9 5
1986 19 18 6
1987 20 19 5
1988 15 14 6
1989 22 22 6
1990 18 18 6
1991 14 14 6
1992 10 10 4
1993 20 19 5
1994 17 16 6
1995 22 21 5
1996 13 13 5
1997 17 16 4
1998 8 7 6
1999 18 18 4
2000 14 13 5
2001 11 10 4
2002 14 13 5
2003 15 14 4
2004 22 21 5
2005 9 9 5
2006 21 20 6
2007 18 17 5
2008 7 6 5
2009 17 16 6
2010 12 12 4
2011 22 21 7
2012 15 14 4
2013 14 13 5
2014 23 22 6
2015 26 25 5
2016 19 18 4
2017 18 17 5
2018 11 11 7
2019 15 14 4
2020 20 19 5
2021 19 19 5
2022 17 17 5
2023 15 14 6
2024 12 12 4
2025 14 13 5
2026 19 18 4
2027 14 13 5
2028 17 17 7
2029 13 12 4
2030 6 5 4
2031 8 7 6
2032 8 8 4
2033 18 17 7
2034 15 14 4
2035 18 17 5
2036 23 22 6
2037 12 12 4
2038 12 11 5
2039 13 12 4
2040 14 13 7
2041 11 10 4
2042 10 9 5
2043 17 16 6
2044 16 16 6
2045 14 14 6
2046 26 26 6
2047 12 12 6
2048 10 10 6
2049 8 8 4
2050 12 11 5
2051 11 11 5
2052 7 6 5
2053 7 6 5
2054 11 10 6
2055 16 15 7
2056 15 14 4
2057 24 23 5
2058 27 26 6
2059 22 21 5
2060 17 17 5
2061 15 14 6
2062 20 19 7
2063 19 18 6
2064 14 13 5
2065 13 12 6
2066 12 12 4
2067 14 13 5
2068 13 13 5
2069 13 12 6
2070 22 22 6
2071 20 20 4
2072 20 19 5
2073 23 23 5
2074 15 14 4
2075 10 9 5
2076 9 8 4
2077 14 13 5
2078 21 21 5
2079 11 11 5
2080 17 16 6
2081 10 9 5
2082 23 23 5
2083 25 24 4
2084 12 11 5
2085 5 5 5
2086 12 11 5
2087 13 12 4
2088 12 11 5
2089 11 11 5
2090 15 15 7
2091 11 10 4
2092 8 7 6
2093 16 16 4
2094 12 11 7
2095 9 8 4
2096 10 9 5
2097 5 5 5
2098 22 21 5
2099 23 22 8
2100 18 18 4
2101 6 5 4
2102 12 11 5
2103 15 14 4
2104 12 11 5
2105 5 5 5
2106 12 11 5
2107 17 16 6
2108 18 18 6
2109 12 12 6
2110 12 11 5
2111 11 10 6
2112 24 24 6
2113 20 19 5
2114 15 14 4
2115 12 11 5
2116 9 9 5
2117 15 14 6
2118 18 17 5
2119 15 14 4
2120 38 37 5
2121 25 24 4
2122 26 25 5
2123 19 19 5
2124 29 28 4
2125 24 23 7
2126 25 24 6
2127 20 20 4
2128 24 23 5
2129 23 22 6
2130 24 24 6
2131 18 18 4
2132 24 23 5
2133 27 26 6
2134 24 23 5
2135 31 30 6
2136 22 22 4
2137 32 31 5
2138 31 30 6
2139 46 45 5
2140 27 26 6
2141 24 24 4
2142 16 15 5
2143 21 20 6
2144 18 18 4
2145 20 19 5
2146 37 37 5
2147 29 28 6
2148 24 24 6
2149 20 19 5
2150 25 25 5
2151 21 20 4
2152 28 27 5
2153 19 18 4
2154 24 23 5
2155 19 18 4
2156 36 35 5
2157 17 16 4
2158 30 29 7
2159 17 16 4
2160 32 31 5
2161 17 17 5
2162 29 28 6
2163 22 22 6
2164 12 12 4
2165 18 17 5
2166 25 24 4
2167 24 23 7
2168 19 19 7
2169 21 20 4
2170 26 25 5
2171 29 28 8
2172 20 20 6
2173 26 26 6
2174 14 14 4
2175 26 25 5
2176 25 25 7
2177 27 27 5
2178 19 19 5
2179 29 29 7
2180 13 12 4
2181 30 29 5
2182 25 24 6
2183 24 23 5
2184 19 19 9
2185 11 10 4
2186 26 25 5
2187 19 19 5
2188 23 22 4
2189 22 21 5
2190 15 14 4
2191 18 17 5
2192 19 19 5
2193 31 30 4
2194 20 19 5
2195 31 30 6
2196 14 14 4
2197 20 19 5
2198 17 16 4
2199 16 15 5
2200 17 16 6
2201 22 22 4
2202 22 21 5
2203 7 6 5
2204 23 22 6
2205 14 14 4
2206 18 17 7
2207 19 18 4
2208 22 21 5
2209 11 10 4
2210 22 21 5
2211 17 16 6
2212 16 16 6
2213 22 21 7
2214 23 22 4
2215 14 13 5
2216 17 16 4
2217 36 35 5
2218 15 14 6
2219 18 18 4
2220 12 11 5
2221 21 20 4
2222 22 21 5
2223 17 17 5
2224 15 15 5
2225 13 12 4
2226 16 15 5
2227 19 19 5
2228 19 18 4
2229 24 23 5
2230 19 19 5
2231 13 12 6
2232 26 26 6
2233 12 12 4
2234 22 21 5
2235 13 12 4
2236 26 25 5
2237 23 23 5
2238 15 15 5
2239 9 9 5
2240 23 22 4
2241 14 13 7
2242 15 14 6
2243 18 18 4
2244 16 15 5
2245 11 11 5
2246 11 10 6
2247 18 17 5
2248 7 7 7
2249 10 10 4
2250 20 19 7
2251 11 10 4
2252 18 17 5
2253 15 14 6
2254 16 16 6
2255 14 13 5
2256 23 22 4
2257 14 13 5
2258 11 11 5
2259 17 16 6
2260 14 13 5
2261 15 14 6
2262 12 12 4
2263 16 15 5
2264 11 11 5
2265 11 10 4
2266 12 11 5
2267 11 10 4
2268 12 11 5
2269 19 19 7
2270 15 14 4
2271 6 5 4
2272 12 11 5
2273 7 7 7
2274 20 20 6
2275 8 8 4
2276 20 19 7
2277 13 13 5
2278 13 13 5
2279 13 13 5
2280 7 6 5
2281 17 16 6
2282 12 12 6
2283 8 8 4
2284 14 13 7
2285 19 18 6
2286 16 16 6
2287 14 14 6
2288 12 11 5
2289 11 10 6
2290 10 9 5
2291 11 10 4
2292 12 11 5
2293 7 7 7
2294 20 20 4
2295 18 17 5
2296 19 19 5
2297 9 9 5
2298 13 12 6
2299 6 6 6
2300 7 6 5
2301 11 10 6
2302 8 8 4
2303 14 13 5
2304 11 11 5
2305 19 18 6
2306 16 16 4
2307 18 17 7
2308 19 18 6
2309 20 20 4
2310 14 13 5
2311 9 8 4
2312 10 9 5
2313 17 16 6
2314 18 18 6
2315 12 12 6
2316 10 10 6
2317 10 9 5
2318 11 10 4
2319 14 13 5
2320 15 15 5
2321 15 14 6
2322 6 5 4
2323 18 17 5
2324 17 17 5
2325 9 8 7
2326 13 12 6
2327 6 6 6
2328 9 8 4
2329 12 11 7
2330 9 8 4
2331 14 13 7
2332 15 14 4
2333 18 17 7
2334 7 7 7
2335 10 10 6
2336 20 20 6
2337 12 12 4
2338 12 11 5
2339 11 10 4
2340 10 9 5
2341 11 11 5
2342 9 9 5
2343 13 13 5
2344 11 10 4
2345 14 13 5
2346 11 10 6
2347 6 6 6
2348 13 13 5
2349 15 14 6
2350 12 12 4
2351 14 13 5
2352 9 9 5
2353 9 9 5
2354 11 10 4
2355 12 11 7
2356 5 5 5
2357 14 13 5
2358 7 7 7
2359 12 11 5
2360 13 12 4
2361 16 15 5
2362 9 9 5
2363 7 6 5
2364 17 16 8
2365 8 8 4
2366 6 5 4
2367 12 11 5
2368 7 6 5
2369 13 12 4
2370 16 15 5
2371 15 15 7
2372 13 12 6
2373 14 13 5
2374 7 6 5
2375 7 6 5
2376 9 9 5
2377 13 13 5
2378 11 10 6
2379 10 10 6
2380 12 12 6
2381 10 10 6
2382 14 14 6
2383 12 11 5
2384 11 10 6
2385 12 12 4
2386 14 13 5
2387 9 8 4
2388 16 15 7
2389 7 6 5
2390 11 10 6
2391 10 10 4
2392 14 13 5
2393 15 14 4
2394 12 11 5
2395 15 14 6
2396 12 12 6
2397 8 7 6
2398 10 10 4
2399 12 11 5
2400 17 16 6
2401 10 9 5
2402 19 18 6
2403 14 14 4
2404 14 13 5
2405 15 14 6
2406 10 9 5
2407 11 10 4
2408 14 13 5
2409 13 12 4
2410 12 11 5
2411 15 14 4
2412 14 13 7
2413 19 19 5
2414 17 16 6
2415 12 12 6
2416 8 8 4
2417 12 11 5
2418 15 14 6
2419 20 20 4
2420 22 21 5
2421 13 12 4
2422 16 15 5
2423 29 28 4
2424 36 35 5
2425 29 29 5
2426 23 22 4
2427 24 23 5
2428 13 12 4
2429 20 19 5
2430 35 34 8
2431 14 14 4
2432 16 15 5
2433 15 15 5
2434 17 17 5
2435 31 31 5
2436 25 24 6
2437 38 38 8
2438 26 25 7
2439 25 24 6
2440 36 36 8
2441 36 36 8
2442 22 21 5
2443 25 24 6
2444 26 25 5
2445 33 33 5
2446 23 23 5
2447 25 25 5
2448 21 20 4
2449 36 35 5
2450 29 29 9
2451 23 22 4
2452 52 51 5
2453 33 33 5
2454 29 28 4
2455 28 27 5
2456 45 45 7
2457 33 33 5
2458 21 20 6
2459 36 36 8
2460 38 37 7
2461 37 36 6
2462 34 34 6
2463 32 32 8
2464 30 29 7
2465 27 27 7
2466 23 22 4
2467 26 25 5
2468 27 27 7
2469 33 32 8
2470 34 34 6
2471 18 18 6
2472 32 32 6
2473 20 19 7
2474 19 18 4
2475 20 19 5
2476 19 18 4
2477 28 27 7
2478 19 18 8
2479 28 28 4
2480 18 17 5
2481 19 18 4
2482 18 17 7
2483 19 18 4
2484 24 23 5
2485 31 30 6
2486 20 20 4
2487 24 23 5
2488 33 33 5
2489 15 15 5
2490 17 17 5
2491 25 24 6
2492 14 14 4
2493 18 17 5
2494 21 20 4
2495 24 23 7
2496 15 14 6
2497 16 15 5
2498 25 25 5
2499 13 13 5
2500 15 15 5
2501 17 16 4
2502 24 23 7
2503 13 12 4
2504 10 9 5
2505 13 12 8
2506 12 11 5
2507 19 18 6
2508 18 18 4
2509 22 21 5
2510 25 24 6
2511 22 21 5
2512 19 18 6
2513 14 14 4
2514 20 19 5
2515 17 16 6
2516 16 15 5
2517 19 18 6
2518 20 20 4
2519 16 15 7
2520 17 16 6
2521 12 12 6
2522 18 18 4
2523 10 9 5
2524 17 16 6
2525 12 12 6
2526 20 20 4
2527 12 11 5
2528 15 15 7
2529 23 22 4
2530 14 13 5
2531 23 23 7
2532 15 14 4
2533 12 11 5
2534 13 12 6
2535 16 16 4
2536 12 11 5
2537 19 18 4
2538 14 13 5
2539 15 14 6
2540 16 16 6
2541 16 16 6
2542 14 14 4
2543 26 25 5
2544 17 17 5
2545 13 12 4
2546 10 9 5
2547 13 12 4
2548 18 17 5
2549 19 19 7
2550 13 13 5
2551 19 19 5
2552 11 10 4
2553 24 23 7
2554 13 12 6
2555 20 19 5
2556 21 20 4
2557 22 21 5
2558 21 20 6
2559 20 20 6
2560 16 16 4
2561 22 21 5
2562 19 19 5
2563 27 26 4
2564 26 25 5
2565 17 17 5
2566 11 10 4
2567 16 15 7
2568 15 14 4
2569 30 29 5
2570 21 20 4
2571 20 19 5
2572 17 16 6
2573 18 17 5
2574 23 23 5
2575 27 26 6
2576 10 10 4
2577 32 31 5
2578 19 18 6
2579 26 26 4
2580 24 23 5
2581 19 18 6
2582 16 16 4
2583 20 19 5
2584 17 16 4
2585 22 21 5
2586 17 16 4
2587 20 19 5
2588 21 21 5
2589 19 18 4
2590 20 19 5
2591 15 15 5
2592 15 14 4
2593 22 21 5
2594 11 11 5
2595 23 22 6
2596 16 15 5
2597 17 16 4
2598 20 19 5
2599 19 18 4
2600 22 21 5
2601 15 14 4
2602 14 13 5
2603 21 21 7
2604 11 10 6
2605 14 13 5
2606 13 12 6
2607 14 14 6
2608 18 18 6
2609 12 11 5
2610 25 24 6
2611 18 18 4
2612 14 13 5
2613 11 11 5
2614 13 12 4
2615 16 15 5
2616 17 17 7
2617 11 10 6
2618 18 18 4
2619 24 23 7
2620 15 14 4
2621 18 17 5
2622 17 17 7
2623 15 14 6
2624 14 14 6
2625 10 10 4
2626 14 13 5
2627 11 10 4
2628 8 7 6
2629 20 20 4
2630 16 15 5
2631 17 17 5
2632 11 10 4
2633 18 17 7
2634 15 15 5
2635 23 22 4
2636 14 13 7
2637 13 12 4
2638 10 9 5
2639 19 19 5
2640 9 8 4
2641 14 13 5
2642 15 14 6
2643 14 13 5
2644 17 16 4
2645 12 11 5
2646 13 12 6
2647 10 10 6
2648 22 21 5
2649 11 11 5
2650 15 14 4
2651 10 9 5
2652 19 18 4
2653 14 13 5
2654 13 12 4
2655 12 11 5
2656 17 17 5
2657 15 14 6
2658 8 8 4
2659 14 13 5
2660 11 11 5
2661 23 22 4
2662 12 11 7
2663 9 9 5
2664 11 11 5
2665 11 10 4
2666 12 11 5
2667 11 10 4
2668 16 15 5
2669 17 16 6
2670 14 14 6
2671 14 14 6
2672 6 5 4
2673 8 7 6
2674 14 14 6
2675 6 6 6
2676 13 12 4
2677 14 13 5
2678 11 11 5
2679 11 11 5
2680 25 24 6
2681 16 16 4
2682 18 17 5
2683 17 16 6
2684 6 6 6
2685 15 14 4
2686 6 5 4
2687 22 21 7
2688 13 13 5
2689 15 14 4
2690 10 9 5
2691 9 9 5
2692 17 17 5
2693 13 12 4
2694 12 11 5
2695 15 14 6
2696 22 22 6
2697 18 18 4
2698 16 15 7
2699 11 10 4
2700 22 21 7
2701 19 18 6
2702 18 18 4
2703 22 21 9
2704 29 28 6
2705 14 14 6
2706 28 27 7
2707 27 27 9
2708 27 26 6
2709 18 18 6
2710 26 26 6
2711 18 18 4
2712 20 19 5
2713 29 28 6
2714 26 26 6
2715 26 26 4
2716 26 25 5
2717 27 26 6
2718 28 28 6
2719 18 18 6
2720 18 18 6
2721 26 26 6
2722 22 22 8
2723 22 22 6
2724 24 24 8
2725 28 27 5
2726 21 21 5
2727 27 26 4
2728 30 29 5
2729 27 27 7
2730 29 28 4
2731 28 27 7
2732 21 21 5
2733 29 28 6
2734 40 40 6
2735 28 27 7
2736 41 40 6
2737 20 19 5
2738 29 28 6
2739 32 32 8
2740 20 20 6
2741 16 16 4
2742 18 17 5
2743 21 20 4
2744 20 19 5
2745 29 28 10
2746 26 26 6
2747 24 24 6
2748 20 19 5
2749 13 13 5
2750 25 24 8
2751 30 30 6
2752 12 12 4
2753 18 17 5
2754 19 18 6
2755 34 34 8
2756 24 24 6
2757 20 20 6
2758 26 25 5
2759 31 30 4
2760 28 27 7
2761 17 17 5
2762 17 16 4
2763 24 23 5
2764 31 31 9
2765 19 18 8
2766 36 35 7
2767 33 32 6
2768 24 23 5
2769 25 25 7
2770 35 35 7
2771 33 33 7
2772 25 25 7
2773 25 24 6
2774 28 27 7
2775 37 37 9
2776 17 16 6
2777 38 38 10
2778 20 20 6
2779 22 21 5
2780 17 17 5
2781 25 24 6
2782 26 25 7
2783 35 35 7
2784 23 22 4
2785 24 23 7
2786 19 18 6
2787 20 20 4
2788 26 25 5
2789 25 25 7
2790 17 16 6
2791 12 11 5
2792 35 35 9
2793 19 18 6
2794 28 28 6
2795 24 23 5
2796 33 33 9
2797 39 38 10
2798 18 18 4
2799 18 17 5
2800 17 16 8
2801 16 16 6
2802 12 12 4
2803 12 11 5
2804 13 13 5
2805 27 27 7
2806 35 34 6
2807 20 20 8
2808 32 32 4
2809 28 27 9
2810 11 10 4
2811 34 33 7
2812 9 9 5
2813 29 28 8
2814 18 17 5
2815 19 18 4
2816 26 25 5
2817 11 10 6
2818 20 20 6
2819 14 14 4
2820 28 27 5
2821 13 13 5
2822 25 25 5
2823 9 9 5
2824 19 18 6
2825 16 16 4
2826 16 15 5
2827 21 20 8
2828 8 8 4
2829 10 9 5
2830 11 10 4
2831 16 15 5
2832 11 11 5
2833 11 11 5
2834 11 10 4
2835 14 13 5
2836 17 16 6
2837 10 9 5
2838 11 11 5
2839 17 16 6
2840 14 13 5
2841 17 17 5
2842 29 28 4
2843 18 17 5
2844 19 18 4
2845 16 15 7
2846 21 20 4
2847 14 13 5
2848 19 18 6
2849 12 11 5
2850 11 11 5
2851 11 10 4
2852 22 21 7
2853 29 28 4
2854 22 21 5
2855 19 19 5
2856 13 13 5
2857 13 12 4
2858 12 11 5
2859 17 16 6
2860 10 10 4
2861 12 11 5
2862 13 13 5
2863 15 14 6
2864 10 10 4
2865 12 11 5
2866 19 18 6
2867 14 14 4
2868 8 7 6
2869 22 22 4
2870 14 13 5
2871 19 18 4
2872 16 15 5
2873 9 8 4
2874 16 15 7
2875 19 18 6
2876 12 12 4
2877 12 11 7
2878 7 6 5
2879 17 16 4
2880 24 23 5
2881 11 10 6
2882 10 10 6
2883 6 6 6
2884 11 10 6
2885 20 20 6
2886 16 16 6
2887 16 16 6
2888 16 15 5
2889 31 30 6
2890 16 16 4
2891 24 23 7
2892 9 8 4
2893 16 15 5
2894 19 18 4
2895 16 15 5
2896 9 9 5
2897 15 14 6
2898 16 16 4
2899 20 19 7
2900 13 13 5
2901 17 16 4
2902 12 11 5
2903 19 18 6
2904 14 14 6
2905 18 17 5
2906 13 13 5
2907 11 11 5
2908 11 11 5
2909 19 18 6
2910 16 15 5
2911 21 20 4
2912 18 17 5
2913 15 15 5
2914 21 21 5
2915 13 13 5
2916 25 24 6
2917 14 14 4
2918 14 13 5
2919 19 18 6
2920 8 8 4
2921 12 11 5
2922 15 15 5
2923 11 11 5
2924 15 14 4
2925 22 21 5
2926 19 18 4
2927 18 17 5
2928 19 18 6
2929 8 8 4
2930 12 11 5
2931 11 11 5
2932 19 19 5
2933 19 18 6
2934 12 12 4
2935 12 11 5
2936 19 18 6
2937 12 12 4
2938 18 17 5
2939 17 16 6
2940 10 9 5
2941 13 12 4
2942 10 9 5
2943 17 16 6
2944 16 16 6
2945 16 16 4
2946 18 17 7
2947 13 12 4
2948 14 13 5
2949 11 11 5
2950 17 16 4
2951 30 29 5
2952 15 15 5
2953 21 20 6
2954 22 21 5
2955 17 16 6
2956 14 14 4
2957 20 19 5
2958 13 13 5
2959 23 23 5
2960 23 22 6
2961 16 16 6
2962 22 21 5
2963 25 24 6
2964 12 11 5
2965 25 25 7
2966 25 24 8
2967 30 29 9
2968 19 18 6
2969 22 22 6
2970 28 27 5
2971 25 24 4
2972 28 27 7
2973 17 16 4
2974 22 21 7
2975 21 20 4
2976 18 17 5
2977 15 14 4
2978 26 25 5
2979 19 19 5
2980 21 20 8
2981 12 12 4
2982 18 17 5
2983 13 13 5
2984 13 13 5
2985 23 22 8
2986 20 19 5
2987 19 18 4
2988 16 15 5
2989 19 18 6
2990 22 22 6
2991 20 19 5
2992 15 15 5
2993 23 22 6
2994 24 24 8
2995 30 30 6
2996 24 24 4
2997 24 23 5
2998 35 34 6
2999 22 21 5
3000 27 27 5
3001 13 12 4
3002 18 17 5
3003 25 25 5
3004 29 28 8
3005 26 25 5
3006 25 25 5
3007 25 24 4
3008 20 19 5
3009 21 21 7
3010 23 23 5
3011 13 12 4
3012 18 17 5
3013 27 26 6
3014 24 24 4
3015 16 15 5
3016 27 26 8
3017 12 12 6
3018 18 18 6
3019 32 32 4
3020 14 13 5
3021 21 20 6
3022 28 28 8
3023 16 16 4
3024 26 25 11
3025 17 16 4
3026 18 17 5
3027 23 22 6
3028 26 26 8
3029 26 26 6
3030 24 24 8
3031 24 24 6
3032 20 20 4
3033 30 29 7
3034 25 24 6
3035 18 17 5
3036 23 22 4
3037 20 19 5
3038 29 28 6
3039 28 27 5
3040 27 27 7
3041 27 26 6
3042 34 34 8
3043 30 30 10
3044 30 30 6
3045 22 22 4
3046 28 27 7
3047 23 22 6
3048 22 22 6
3049 12 12 4
3050 28 27 5
3051 25 25 5
3052 19 18 6
3053 12 12 4
3054 16 15 5
3055 15 15 5
3056 19 18 6
3057 22 22 4
3058 20 19 5
3059 19 19 5
3060 21 21 7
3061 13 13 5
3062 21 20 6
3063 18 18 4
3064 22 21 7
3065 15 14 6
3066 24 24 6
3067 12 12 4
3068 18 17 7
3069 19 18 4
3070 20 19 5
3071 23 22 4
3072 12 11 5
3073 15 15 5
3074 13 13 5
3075 25 24 6
3076 20 19 5
3077 19 19 5
3078 23 22 6
3079 18 17 5
3080 17 16 4
3081 20 19 5
3082 11 10 4
3083 22 21 5
3084 17 17 7
3085 13 12 4
3086 16 15 5
3087 15 14 6
3088 18 18 6
3089 28 28 6
3090 10 10 4
3091 14 13 5
3092 15 14 4
3093 12 11 5
3094 13 13 5
3095 17 17 7
3096 11 10 4
3097 16 15 5
3098 11 10 4
3099 14 13 5
3100 25 24 4
3101 14 13 5
3102 21 21 7
3103 19 19 5
3104 21 20 4
3105 12 11 5
3106 31 30 4
3107 18 17 5
3108 27 26 6
3109 20 20 6
3110 24 24 6
3111 16 15 5
3112 21 21 5
3113 31 30 8
3114 32 31 5
3115 23 22 6
3116 24 24 6
3117 28 27 5
3118 27 27 5
3119 41 41 9
3120 25 24 6
3121 16 16 4
3122 32 31 5
3123 27 27 5
3124 25 24 6
3125 30 30 6
3126 34 33 5
3127 31 30 4
3128 38 37 5
3129 25 25 5
3130 27 26 6
3131 32 31 7
3132 29 29 7
3133 11 11 5
3134 27 26 6
3135 26 25 7
3136 21 21 5
3137 27 26 8
3138 18 18 4
3139 22 21 7
3140 19 18 4
3141 26 25 9
3142 11 10 4
3143 18 17 5
3144 17 17 5
3145 15 14 4
3146 14 13 5
3147 15 15 5
3148 17 16 6
3149 10 10 4
3150 14 13 5
3151 15 14 6
3152 14 13 5
3153 11 10 4
3154 10 9 5
3155 11 10 6
3156 10 10 4
3157 14 13 5
3158 13 13 5
3159 11 11 5
3160 19 19 5
3161 15 14 6
3162 10 10 4
3163 14 13 5
3164 9 8 4
3165 10 9 5
3166 15 15 5
3167 19 19 5
3168 17 16 6
3169 10 10 4
3170 12 11 5
3171 11 11 7
3172 11 10 6
3173 12 12 4
3174 24 23 5
3175 21 21 7
3176 19 18 4
3177 10 9 5
3178 9 8 4
3179 12 11 5
3180 11 10 6
3181 16 16 6
3182 10 10 4
3183 12 11 5
3184 11 11 7
3185 11 10 6
3186 6 6 6
3187 13 12 4
3188 14 13 5
3189 15 14 6
3190 10 10 4
3191 18 17 7
3192 15 14 4
3193 10 9 5
3194 9 9 5
3195 17 16 6
3196 14 14 6
3197 6 6 6
3198 9 8 4
3199 10 9 5
3200 13 12 6
3201 12 12 6
3202 18 17 7
3203 15 14 6
3204 22 21 5
3205 13 12 4
3206 14 13 5
3207 7 6 5
3208 13 13 5
3209 11 11 5
3210 9 9 5
3211 11 11 5
3212 11 10 4
3213 6 5 4
3214 20 19 5
3215 25 25 7
3216 19 18 4
3217 20 19 5
3218 11 10 4
3219 18 17 7
3220 19 19 5
3221 15 14 4
3222 16 15 7
3223 11 10 6
3224 20 20 6
3225 6 5 4
3226 12 11 5
3227 9 8 4
3228 14 13 5
3229 21 20 6
3230 12 11 5
3231 11 10 4
3232 8 7 6
3233 10 10 4
3234 18 17 5
3235 19 19 7
3236 25 24 8
3237 14 14 4
3238 18 17 5
3239 13 13 5
3240 13 13 5
3241 13 12 4
3242 14 13 5
3243 13 12 6
3244 14 14 6
3245 16 15 7
3246 11 10 4
3247 16 15 5
3248 9 8 4
3249 12 11 5
3250 13 12 6
3251 18 18 6
3252 16 16 6
3253 18 18 6
3254 16 16 6
3255 16 15 5
3256 13 13 5
3257 9 8 4
3258 6 5 4
3259 10 9 5
3260 17 16 6
3261 16 15 5
3262 9 9 5
3263 17 17 5
3264 11 11 5
3265 17 17 5
3266 19 19 7
3267 7 6 5
3268 9 8 4
3269 12 11 5
3270 11 10 4
3271 12 11 7
3272 15 14 6
3273 12 12 4
3274 14 13 5
3275 23 23 7
3276 13 13 5
3277 21 20 6
3278 12 12 4
3279 20 19 5
3280 25 24 6
3281 26 25 7
3282 27 27 5
3283 19 19 5
3284 23 22 4
3285 20 19 5
3286 19 18 6
3287 14 13 5
3288 17 16 4
3289 20 19 7
3290 15 14 6
3291 16 16 6
3292 30 30 6
3293 16 15 5
3294 13 12 4
3295 14 13 5
3296 9 8 4
3297 22 21 5
3298 15 14 6
3299 28 27 5
3300 17 16 6
3301 20 20 6
3302 18 18 4
3303 20 19 5
3304 21 21 5
3305 15 15 5
3306 15 14 4
3307 24 23 7
3308 21 21 5
3309 23 22 6
3310 22 22 4
3311 16 15 5
3312 15 15 5
3313 29 28 6
3314 12 12 4
3315 18 17 5
3316 21 20 6
3317 16 16 4
3318 12 11 5
3319 11 11 5
3320 15 14 4
3321 20 19 5
3322 9 9 5
3323 17 16 6
3324 10 10 4
3325 16 15 5
3326 17 16 4
3327 12 11 5
3328 23 23 7
3329 13 12 4
3330 16 15 5
3331 13 12 4
3332 18 17 5
3333 15 15 5
3334 13 12 6
3335 22 22 6
3336 14 14 6
3337 14 14 4
3338 22 21 7
3339 19 18 8
3340 6 6 6
3341 9 8 4
3342 14 13 5
3343 9 8 4
3344 20 19 5
3345 17 16 6
3346 20 20 6
3347 10 10 4
3348 12 11 5
3349 15 15 7
3350 7 6 5
3351 17 16 6
3352 10 10 4
3353 20 19 5
3354 11 11 5
3355 9 9 5
3356 17 16 6
3357 18 18 6
3358 12 11 5
3359 15 14 6
3360 22 21 5
3361 11 10 4
3362 18 17 5
3363 19 18 8
3364 14 14 4
3365 18 17 7
3366 15 14 6
3367 14 14 4
3368 14 13 5
3369 11 11 5
3370 17 16 4
3371 14 13 5
3372 25 24 4
3373 14 13 5
3374 15 14 4
3375 22 21 7
3376 17 16 4
3377 14 13 5
3378 11 11 5
3379 21 21 5
3380 17 16 6
3381 16 16 4
3382 18 17 7
3383 15 15 5
3384 13 12 4
3385 6 5 4
3386 16 15 5
3387 15 14 6
3388 10 10 6
3389 16 16 4
3390 16 15 5
3391 15 14 6
3392 16 16 4
3393 14 13 7
3394 9 8 4
3395 10 9 5
3396 11 10 4
3397 16 15 7
3398 17 16 6
3399 10 10 4
3400 16 15 7
3401 15 14 4
3402 20 19 7
3403 17 16 6
3404 24 24 6
3405 10 10 6
3406 12 12 4
3407 12 11 5
3408 13 12 4
3409 14 13 5
3410 25 24 6
3411 10 9 5
3412 11 10 4
3413 12 11 5
3414 11 11 5
3415 11 10 6
3416 14 14 6
3417 12 12 4
3418 16 15 5
3419 15 14 6
3420 8 8 4
3421 14 13 5
3422 21 21 5
3423 13 12 4
3424 20 19 7
3425 11 10 4
3426 16 15 5
3427 17 16 4
3428 16 15 5
3429 17 17 5
3430 17 17 5
3431 9 8 4
3432 12 11 5
3433 29 28 4
3434 12 11 5
3435 11 10 4
3436 18 17 5
3437 17 16 6
3438 12 12 6
3439 10 10 6
3440 16 15 5
3441 15 14 4
3442 16 15 5
3443 17 16 4
3444 14 13 5
3445 21 20 8
3446 16 16 4
3447 14 13 5
3448 13 12 6
3449 10 10 4
3450 18 17 5
3451 11 11 5
3452 15 14 6
3453 14 14 6
3454 16 16 6
3455 12 12 4
3456 10 9 5
3457 13 13 5
3458 15 14 4
3459 10 9 5
3460 9 8 4
3461 12 11 5
3462 9 8 7
3463 13 12 6
3464 18 17 5
3465 13 13 5
3466 7 6 5
3467 21 20 6
3468 6 6 6
3469 21 21 5
3470 17 17 5
3471 7 6 5
3472 13 12 6
3473 10 10 4
3474 14 13 5
3475 11 11 5
3476 17 16 6
3477 16 16 4
3478 12 11 5
3479 13 12 6
3480 8 8 4
3481 22 21 5
3482 27 27 5
3483 19 18 4
3484 20 19 5
3485 13 12 4
3486 14 13 5
3487 19 19 5
3488 13 13 5
3489 21 20 8
3490 14 14 6
3491 18 18 6
3492 24 24 4
3493 10 9 5
3494 11 10 4
3495 16 15 5
3496 9 9 5
3497 11 11 5
3498 15 15 5
3499 27 26 6
3500 34 34 4
3501 12 11 5
3502 13 12 4
3503 24 23 5
3504 23 22 8
3505 18 18 4
3506 20 19 7
3507 13 12 4
3508 20 19 5
3509 17 16 4
3510 20 19 5
3511 17 16 8
3512 12 12 4
3513 6 5 4
3514 16 15 5
3515 21 20 6
3516 20 20 4
3517 24 23 5
3518 21 21 7
3519 13 12 4
3520 16 15 5
3521 11 10 4
3522 22 21 5
3523 23 22 4
3524 28 27 7
3525 21 20 4
3526 28 27 5
3527 27 26 6
3528 16 16 6
3529 16 16 6
3530 14 14 4
3531 28 27 5
3532 45 45 5
3533 23 22 6
3534 18 18 4
3535 22 21 5
3536 17 16 4
3537 12 11 5
3538 21 21 5
3539 17 17 5
3540 21 21 5
3541 19 18 6
3542 26 25 5
3543 29 28 6
3544 26 26 6
3545 22 22 4
3546 14 13 5
3547 25 24 8
3548 12 12 4
3549 20 19 5
3550 17 16 4
3551 20 19 5
3552 17 16 4
3553 34 33 5
3554 15 15 5
3555 19 19 5
3556 25 24 6
3557 26 26 8
3558 22 22 6
3559 30 30 6
3560 32 32 6
3561 34 33 7
3562 23 22 6
3563 36 36 8
3564 28 27 7
3565 41 41 9
3566 31 31 9
3567 17 17 5
3568 41 41 5
3569 51 51 11
3570 41 40 6
3571 24 23 7
3572 29 28 8
3573 32 31 7
3574 29 28 6
3575 34 34 8
3576 28 28 6
3577 24 24 4
3578 36 35 9
3579 19 18 4
3580 42 41 7
3581 37 37 9
3582 21 20 6
3583 22 22 6
3584 28 27 5
3585 23 23 5
3586 27 26 4
3587 22 21 5
3588 21 20 6
3589 22 22 6
3590 20 20 4
3591 24 23 7
3592 13 12 4
3593 26 25 5
3594 19 18 6
3595 14 14 4
3596 20 19 5
3597 23 23 5
3598 17 17 5
3599 15 14 6
3600 24 24 6
3601 20 19 5
3602 19 19 5
3603 15 14 4
3604 12 11 5
3605 11 10 4
3606 28 27 7
3607 15 14 6
3608 12 12 4
3609 20 19 5
3610 23 22 6
3611 18 18 6
3612 12 12 4
3613 16 15 5
3614 15 14 4
3615 18 17 7
3616 15 15 7
3617 9 8 4
3618 14 13 5
3619 9 8 4
3620 10 9 5
3621 21 20 8
3622 16 16 4
3623 12 11 5
3624 13 12 6
3625 14 13 5
3626 15 14 6
3627 10 10 4
3628 16 15 5
3629 13 12 6
3630 12 12 4
3631 14 13 5
3632 21 21 7
3633 15 14 6
3634 20 20 4
3635 16 15 5
3636 17 17 5
3637 17 16 6
3638 10 10 4
3639 12 11 5
3640 21 20 6
3641 8 8 4
3642 14 13 5
3643 17 17 5
3644 19 18 4
3645 12 11 5
3646 21 20 6
3647 6 6 6
3648 9 8 4
3649 18 17 5
3650 21 21 5
3651 11 10 6
3652 24 24 4
3653 24 23 5
3654 23 22 4
3655 38 37 7
3656 37 36 6
3657 28 28 4
3658 22 21 7
3659 17 16 4
3660 20 19 5
3661 25 24 6
3662 24 24 6
3663 20 20 6
3664 24 24 6
3665 10 10 4
3666 20 19 5
3667 33 33 5
3668 23 22 6
3669 14 14 4
3670 26 25 5
3671 31 31 7
3672 19 18 6
3673 12 12 4
3674 22 21 5
3675 19 18 4
3676 34 33 5
3677 19 19 5
3678 27 27 5
3679 29 28 6
3680 12 12 4
3681 22 21 5
3682 11 10 4
3683 20 19 7
3684 9 8 4
3685 20 19 5
3686 13 13 5
3687 15 14 4
3688 28 27 7
3689 21 20 6
3690 14 13 5
3691 23 23 5
3692 21 20 4
3693 22 21 5
3694 9 9 5
3695 15 14 4
3696 18 17 7
3697 25 24 6
3698 18 17 5
3699 19 19 5
3700 13 12 4
3701 22 21 5
3702 13 12 4
3703 24 23 7
3704 23 22 6
3705 12 12 4
3706 12 11 5
3707 15 15 5
3708 15 15 5
3709 23 23 5
3710 21 21 7
3711 11 10 4
3712 18 17 5
3713 19 18 4
3714 14 13 5
3715 11 10 6
3716 12 12 4
3717 12 11 5
3718 17 16 6
3719 18 18 6
3720 12 12 6
3721 18 18 6
3722 10 10 6
3723 16 16 6
3724 16 16 6
3725 16 16 4
3726 18 17 7
3727 7 6 5
3728 21 20 6
3729 28 27 7
3730 7 6 5
3731 17 16 4
3732 14 13 5
3733 21 20 4
3734 12 11 5
3735 11 10 4
3736 10 9 5
3737 11 11 5
3738 11 11 5
3739 9 9 5
3740 11 11 5
3741 15 14 6
3742 8 8 4
3743 10 9 5
3744 13 13 5
3745 17 16 6
3746 18 18 4
3747 10 9 5
3748 11 11 5
3749 11 10 4
3750 10 9 5
3751 13 12 4
3752 12 11 5
3753 9 8 4
3754 10 9 5
3755 11 10 6
3756 18 17 7
3757 13 12 6
3758 12 12 4
3759 12 11 5
3760 9 9 5
3761 15 15 5
3762 11 11 5
3763 19 18 6
3764 16 16 6
3765 14 14 6
3766 14 14 4
3767 12 11 5
3768 9 8 4
3769 16 15 5
3770 9 8 7
3771 15 14 6
3772 12 12 4
3773 6 5 4
3774 12 11 5
3775 13 12 4
3776 16 15 5
3777 17 16 6
3778 16 16 8
3779 10 9 5
3780 5 5 5
3781 10 9 5
3782 9 8 4
3783 16 15 7
3784 19 18 4
3785 10 9 5
3786 21 21 5
3787 23 22 6
3788 24 24 6
3789 10 10 4
3790 10 9 5
3791 17 16 4
3792 12 11 5
3793 19 18 6
3794 12 12 6
3795 10 10 6
3796 14 14 4
3797 22 21 5
3798 17 17 5
3799 7 6 5
3800 13 12 4
3801 12 11 5
3802 11 10 4
3803 12 11 5
3804 15 14 4
3805 14 13 7
3806 15 14 8
3807 8 8 4
3808 18 17 5
3809 17 16 4
3810 10 9 5
3811 11 10 4
3812 6 5 4
3813 16 15 7
3814 19 18 6
3815 16 15 7
3816 9 8 4
3817 14 13 5
3818 19 18 4
3819 16 15 5
3820 11 10 6
3821 10 10 4
3822 12 11 5
3823 17 16 8
3824 18 18 4
3825 24 23 5
3826 15 14 6
3827 16 15 5
3828 9 8 4
3829 6 5 4
3830 18 17 5
3831 13 12 4
3832 22 21 7
3833 19 19 5
3834 17 16 6
3835 14 14 4
3836 14 13 5
3837 17 17 5
3838 21 21 5
3839 9 8 4
3840 18 17 5
3841 17 16 8
3842 16 16 4
3843 18 17 7
3844 17 17 5
3845 21 20 6
3846 16 16 6
3847 18 17 5
3848 17 16 6
3849 10 10 4
3850 20 19 5
3851 19 18 6
3852 18 18 6
3853 20 19 7
3854 31 30 6
3855 34 34 4
3856 26 25 5
3857 25 25 5
3858 21 21 5
3859 23 23 5
3860 25 25 5
3861 21 20 4
3862 12 11 5
3863 21 20 4
3864 26 25 7
3865 23 22 4
3866 22 21 5
3867 33 32 6
3868 12 12 4
3869 30 29 5
3870 15 14 4
3871 20 19 9
3872 15 14 4
3873 22 21 5
3874 23 22 4
3875 24 23 7
3876 15 15 5
3877 17 16 6
3878 16 16 6
3879 22 22 6
3880 20 20 6
3881 20 20 4
3882 18 17 5
3883 31 30 10
3884 20 19 5
3885 29 29 5
3886 23 22 6
3887 16 15 5
3888 21 20 4
3889 22 21 5
3890 19 19 5
3891 19 18 6
3892 16 16 4
3893 14 13 5
3894 21 20 4
3895 16 15 5
3896 19 18 4
3897 20 19 7
3898 17 16 4
3899 12 11 5
3900 23 22 8
3901 10 10 4
3902 12 11 5
3903 13 12 4
3904 12 11 5
3905 17 16 4
3906 14 13 5
3907 19 18 4
3908 16 15 5
3909 21 21 5
3910 13 13 5
3911 25 24 6
3912 8 8 4
3913 8 7 6
3914 16 16 6
3915 10 10 4
3916 14 13 5
3917 9 8 4
3918 14 13 7
3919 19 18 4
3920 20 19 5
3921 9 9 5
3922 25 24 6
3923 10 9 5
3924 7 6 5
3925 25 24 4
3926 24 23 5
3927 17 16 4
3928 14 13 5
3929 17 16 6
3930 14 14 6
3931 26 25 7
3932 15 14 6
3933 16 16 4
3934 20 19 5
3935 15 15 5
3936 11 10 4
3937 16 15 5
3938 17 16 6
3939 14 14 6
3940 20 20 4
3941 18 17 5
3942 15 15 5
3943 15 15 5
3944 13 12 4
3945 12 11 5
3946 19 18 6
3947 16 16 6
3948 14 14 6
3949 12 12 6
3950 12 12 4
3951 12 11 5
3952 15 14 4
3953 16 15 5
3954 13 12 4
3955 14 13 5
3956 13 12 4
3957 14 13 7
3958 19 18 4
3959 12 11 5
3960 17 16 6
3961 14 14 6
3962 10 9 5
3963 15 15 5
3964 21 20 6
3965 20 20 6
3966 22 22 8
3967 16 16 4
3968 22 21 5
3969 25 24 6
3970 12 12 4
3971 16 15 5
3972 17 16 6
3973 12 12 4
3974 12 11 5
3975 17 16 6
3976 24 24 4
3977 12 11 5
3978 15 14 4
3979 12 11 5
3980 17 17 5
3981 11 10 6
3982 10 9 5
3983 7 6 5
3984 11 10 6
3985 12 12 6
3986 10 10 6
3987 12 11 5
3988 21 21 5
3989 17 16 6
3990 22 22 4
3991 14 13 5
3992 13 12 6
3993 18 18 6
3994 28 27 5
3995 19 18 4
3996 16 15 5
3997 21 21 5
3998 13 12 4
3999 20 19 5
4000 9 8 4
4001 6 5 4
4002 16 15 7
4003 9 8 4
4004 14 13 5
4005 11 10 4
4006 6 5 4
4007 20 19 7
4008 13 12 4
4009 10 9 5
4010 11 10 4
4011 18 17 7
4012 7 7 7
4013 12 12 6
4014 12 12 4
4015 6 5 4
4016 10 9 5
4017 17 16 6
4018 14 13 7
4019 13 12 4
4020 14 13 5
4021 17 17 5
4022 13 13 5
4023 9 8 4
4024 6 5 4
4025 14 13 7
4026 7 6 5
4027 19 18 6
4028 8 8 4
4029 10 9 5
4030 17 16 6
4031 12 12 6
4032 10 10 6
4033 14 14 6
4034 12 12 6
4035 10 9 5
4036 13 13 5
4037 21 21 5
4038 15 15 5
4039 13 13 5
4040 5 5 5
4041 10 9 5
4042 15 14 6
4043 10 9 5
4044 11 11 5
4045 17 16 6
4046 10 10 4
4047 18 17 7
4048 11 11 5
4049 15 14 6
4050 10 10 4
4051 10 9 5
4052 13 12 6
4053 14 14 6
4054 14 14 4
4055 10 9 5
4056 11 10 4
4057 12 11 7
4058 11 10 4
4059 12 11 5
4060 13 12 6
4061 14 14 6
4062 6 6 6
4063 5 5 5
4064 18 17 5
4065 13 12 6
4066 10 9 5
4067 11 10 6
4068 8 8 4
4069 12 11 5
4070 13 12 6
4071 12 12 6
4072 12 12 6
4073 14 14 4
4074 12 11 5
4075 17 16 8
4076 12 12 4
4077 16 15 5
4078 15 14 4
4079 22 21 7
4080 17 16 4
4081 12 11 5
4082 19 19 5
4083 13 13 5
4084 17 16 4
4085 22 21 5
4086 25 24 6
4087 34 34 4
4088 40 39 5
4089 21 21 5
4090 33 32 4
4091 14 13 5
4092 17 16 4
4093 26 25 5
4094 11 11 5
4095 15 14 4
4096 16 15 5
4097 23 22 6
4098 26 26 6
4099 26 26 6
4100 22 22 6
4101 24 24 6
4102 26 26 6
4103 22 21 5
4104 29 28 6
4105 32 31 7
4106 39 38 6
4107 24 24 4
4108 38 37 5
4109 21 21 5
4110 17 17 5
4111 27 26 6
4112 30 29 5
4113 19 19 5
4114 25 24 6
4115 14 14 4
4116 22 21 5
4117 23 23 5
4118 15 15 5
4119 17 16 4
4120 22 21 5
4121 25 25 5
4122 17 16 4
4123 26 25 5
4124 23 22 4
4125 20 19 5
4126 17 16 6
4127 12 12 6
4128 14 14 4
4129 24 23 5
4130 21 21 5
4131 27 26 6
4132 20 20 6
4133 32 32 6
4134 36 36 6
4135 22 22 6
4136 36 36 6
4137 14 14 4
4138 22 21 5
4139 29 28 4
4140 44 43 9
4141 25 25 5
4142 15 15 5
4143 21 20 6
4144 16 16 4
4145 16 15 5
4146 33 32 6
4147 24 24 4
4148 20 19 5
4149 19 19 5
4150 37 36 4
4151 22 21 5
4152 27 26 6
4153 12 11 5
4154 13 12 4
4155 28 27 5
4156 33 32 6
4157 32 32 6
4158 24 23 5
4159 13 12 6
4160 26 26 6
4161 32 32 4
4162 16 15 5
4163 19 19 5
4164 21 20 6
4165 18 18 4
4166 24 23 5
4167 17 17 5
4168 15 14 4
4169 18 17 5
4170 23 22 6
4171 24 24 6
4172 22 21 5
4173 17 16 4
4174 16 15 5
4175 25 24 6
4176 16 16 4
4177 18 17 5
4178 27 26 6
4179 20 20 6
4180 22 22 6
4181 14 14 4
4182 32 31 5
4183 25 25 5
4184 15 15 5
4185 23 22 4
4186 30 29 7
4187 23 22 6
4188 10 9 5
4189 29 28 6
4190 32 32 4
4191 16 15 5
4192 19 18 6
4193 20 20 4
4194 22 21 5
4195 17 17 5
4196 23 22 6
4197 22 21 5
4198 21 21 5
4199 27 26 8
4200 18 18 4
4201 20 19 5
4202 27 27 5
4203 21 20 4
4204 24 23 5
4205 11 11 5
4206 19 19 5
4207 19 19 5
4208 21 20 6
4209 18 18 6
4210 30 29 5
4211 17 16 4
4212 18 17 5
4213 21 21 7
4214 17 16 6
4215 18 18 4
4216 14 13 5
4217 7 6 5
4218 13 13 5
4219 13 12 4
4220 14 13 5
4221 11 11 5
4222 23 22 4
4223 20 19 7
4224 15 14 4
4225 14 13 5
4226 17 17 5
4227 13 13 5
4228 25 24 6
4229 16 16 6
4230 18 18 4
4231 18 17 5
4232 19 18 8
4233 12 12 4
4234 10 9 5
4235 13 12 6
4236 8 8 4
4237 16 15 7
4238 17 16 6
4239 18 18 4
4240 16 15 5
4241 17 16 4
4242 12 11 5
4243 11 10 4
4244 8 7 6
4245 18 17 7
4246 11 10 6
4247 18 18 6
4248 14 14 6
4249 6 6 6
4250 13 13 5
4251 11 10 4
4252 6 5 4
4253 16 15 5
4254 17 17 7
4255 17 16 6
4256 6 6 6
4257 15 14 4
4258 14 13 5
4259 17 16 6
4260 14 13 5
4261 11 10 4
4262 16 15 5
4263 15 14 6
4264 12 11 5
4265 15 14 4
4266 10 9 5
4267 9 8 4
4268 14 13 5
4269 15 15 7
4270 11 10 4
4271 10 9 5
4272 17 16 6
4273 16 15 7
4274 9 8 4
4275 6 5 4
4276 16 15 5
4277 11 10 4
4278 14 13 5
4279 15 14 6
4280 16 16 8
4281 12 11 5
4282 13 12 6
4283 12 12 4
4284 12 11 7
4285 11 10 4
4286 14 13 5
4287 11 10 4
4288 6 5 4
4289 12 11 5
4290 13 12 4
4291 14 13 7
4292 15 14 6
4293 10 10 4
4294 22 21 7
4295 11 11 5
4296 17 16 6
4297 8 8 4
4298 16 15 5
4299 9 8 4
4300 12 11 7
4301 11 10 6
4302 12 12 6
4303 10 10 4
4304 14 13 5
4305 21 21 5
4306 9 9 5
4307 9 9 5
4308 17 16 6
4309 22 21 5
4310 11 11 5
4311 9 8 4
4312 16 15 7
4313 13 12 4
4314 12 11 5
4315 9 9 5
4316 11 11 5
4317 15 14 4
4318 10 9 8
4319 12 12 6
4320 12 12 4
4321 12 11 5
4322 19 18 8
4323 10 10 4
4324 16 15 7
4325 9 8 4
4326 14 13 5
4327 19 18 6
4328 12 11 5
4329 13 12 6
4330 12 12 6
4331 12 12 4
4332 10 9 5
4333 15 14 6
4334 12 12 4
4335 12 11 5
4336 11 11 7
4337 9 8 4
4338 10 9 5
4339 11 10 4
4340 14 13 5
4341 13 13 5
4342 11 11 5
4343 17 16 6
4344 12 12 4
4345 6 5 4
4346 14 13 5
4347 7 6 5
4348 9 8 4
4349 14 13 5
4350 13 12 6
4351 12 12 4
4352 6 5 4
4353 12 11 5
4354 9 9 5
4355 21 21 7
4356 21 20 6
4357 10 10 4
4358 12 11 5
4359 17 16 6
4360 26 26 6
4361 12 12 6
4362 20 20 6
4363 14 14 6
4364 24 24 6
4365 8 8 4
4366 20 19 5
4367 19 19 5
4368 21 20 6
4369 22 21 5
4370 15 15 5
4371 13 13 5
4372 25 24 4
4373 16 15 5
4374 23 23 5
4375 17 16 6
4376 10 10 4
4377 24 23 7
4378 29 28 6
4379 42 42 6
4380 22 21 5
4381 33 32 6
4382 24 24 6
4383 26 26 6
4384 24 24 4
4385 26 25 7
4386 31 30 4
4387 38 37 5
4388 37 36 8
4389 32 32 8
4390 42 42 10
4391 36 35 7
4392 47 47 11
4393 29 29 7
4394 23 23 5
4395 23 22 6
4396 54 53 11
4397 19 19 5
4398 17 17 5
4399 19 19 5
4400 27 26 6
4401 12 11 5
4402 23 22 4
4403 14 13 5
4404 23 22 4
4405 22 21 7
4406 27 27 7
4407 27 26 4
4408 20 19 7
4409 23 22 8
4410 16 15 5
4411 29 28 8
4412 22 21 7
4413 31 30 8
4414 22 22 6
4415 20 20 6
4416 20 20 6
4417 22 22 6
4418 22 22 4
4419 12 11 5
4420 21 20 4
4421 28 27 7
4422 15 14 4
4423 38 37 5
4424 33 33 5
4425 19 19 5
4426 23 23 5
4427 27 26 4
4428 18 17 5
4429 23 23 5
4430 35 35 7
4431 25 24 4
4432 22 21 5
4433 23 22 8
4434 18 18 6
4435 34 33 7
4436 31 31 7
4437 17 17 5
4438 17 16 4
4439 18 17 5
4440 15 15 5
4441 25 24 4
4442 28 27 7
4443 25 24 8
4444 14 14 4
4445 26 25 5
4446 13 13 5
4447 23 23 5
4448 27 27 7
4449 25 25 7
4450 19 18 4
4451 20 19 5
4452 19 18 4
4453 12 11 5
4454 29 28 6
4455 16 16 6
4456 28 28 6
4457 20 19 7
4458 15 14 6
4459 32 32 8
4460 18 17 5
4461 21 20 6
4462 26 25 5
4463 25 24 6
4464 18 17 7
4465 27 26 8
4466 24 24 6
4467 20 20 8
4468 34 34 6
4469 40 39 9
4470 19 18 4
4471 34 33 7
4472 15 14 4
4473 24 23 5
4474 27 27 7
4475 21 20 6
4476 22 22 6
4477 24 24 4
4478 28 27 5
4479 13 12 4
4480 36 35 7
4481 25 25 5
4482 33 32 10
4483 24 24 4
4484 24 23 5
4485 23 22 6
4486 22 22 6
4487 16 16 4
4488 28 27 7
4489 25 24 6
4490 18 18 6
4491 12 12 4
4492 34 33 5
4493 21 20 6
4494 26 26 6
4495 26 26 6
4496 12 12 4
4497 18 17 5
4498 17 17 5
4499 31 30 6
4500 20 20 4
4501 16 15 5
4502 29 28 8
4503 18 18 4
4504 14 13 5
4505 21 21 5
4506 15 14 4
4507 14 13 5
4508 25 24 4
4509 20 19 7
4510 15 14 4
4511 34 33 7
4512 21 21 5
4513 23 22 4
4514 14 13 5
4515 21 21 5
4516 31 30 4
4517 14 13 5
4518 17 16 6
4519 10 10 4
4520 30 29 7
4521 23 22 6
4522 20 20 4
4523 20 19 5
4524 23 22 4
4525 20 19 5
4526 15 15 5
4527 21 20 6
4528 14 14 4
4529 18 17 5
4530 15 15 5
4531 17 17 5
4532 13 13 5
4533 17 16 4
4534 24 23 5
4535 9 9 5
4536 21 20 6
4537 10 10 4
4538 10 9 5
4539 11 10 4
4540 12 11 5
4541 15 15 5
4542 11 11 5
4543 9 9 5
4544 11 11 5
4545 15 14 4
4546 14 13 5
4547 13 12 6
4548 24 24 6
4549 14 13 5
4550 19 18 4
4551 14 13 5
4552 11 11 5
4553 17 17 5
4554 17 17 5
4555 13 12 4
4556 16 15 5
4557 19 18 6
4558 10 10 4
4559 14 13 5
4560 15 15 5
4561 13 13 5
4562 15 14 6
4563 24 24 6
4564 14 13 5
4565 11 11 5
4566 23 22 8
4567 8 8 4
4568 12 11 5
4569 11 10 4
4570 14 13 5
4571 15 14 6
4572 16 16 6
4573 6 6 6
4574 9 8 4
4575 16 15 7
4576 13 12 4
4577 22 21 7
4578 7 6 5
4579 9 8 4
4580 16 15 5
4581 17 17 5
4582 7 7 7
4583 20 20 6
4584 8 8 4
4585 18 17 5
4586 11 11 5
4587 21 20 6
4588 22 21 5
4589 13 12 6
4590 20 19 5
4591 19 18 6
4592 18 17 5
4593 19 19 5
4594 25 24 4
4595 42 41 5
4596 37 37 7
4597 33 32 6
4598 18 18 6
4599 22 22 4
4600 32 31 7
4601 35 35 5
4602 35 35 5
4603 43 43 7
4604 37 36 8
4605 46 46 8
4606 36 36 6
4607 34 34 6
4608 28 28 4
4609 20 19 5
4610 37 37 5
4611 41 40 10
4612 30 29 9
4613 23 23 5
4614 27 26 6
4615 30 30 6
4616 34 33 7
4617 33 33 7
4618 29 28 8
4619 18 18 4
4620 28 27 5
4621 27 27 5
4622 17 17 5
4623 35 34 6
4624 30 30 6
4625 30 29 7
4626 13 12 4
4627 16 15 7
4628 17 17 7
4629 17 17 5
4630 29 28 6
4631 30 30 6
4632 22 22 8
4633 32 31 9
4634 37 37 5
4635 23 22 4
4636 16 15 5
4637 17 16 4
4638 14 13 5
4639 15 15 5
4640 19 18 4
4641 12 11 5
4642 25 24 6
4643 22 21 5
4644 19 18 4
4645 18 17 5
4646 9 9 5
4647 17 16 6
4648 16 16 4
4649 14 13 5
4650 23 22 8
4651 12 12 6
4652 20 20 6
4653 18 18 4
4654 18 17 5
4655 11 10 4
4656 14 13 5
4657 15 14 4
4658 12 11 5
4659 25 24 8
4660 16 16 6
4661 16 16 4
4662 18 17 5
4663 17 16 6
4664 12 12 4
4665 18 17 5
4666 15 14 4
4667 14 13 5
4668 15 15 5
4669 9 8 7
4670 13 12 6
4671 16 16 4
4672 12 11 5
4673 23 22 4
4674 16 15 7
4675 17 16 4
4676 12 11 5
4677 17 16 6
4678 20 20 6
4679 22 22 4
4680 20 19 5
4681 15 15 5
4682 17 16 4
4683 14 13 5
4684 17 17 5
4685 17 16 4
4686 10 9 5
4687 27 27 5
4688 33 33 5
4689 17 16 4
4690 34 33 5
4691 33 32 6
4692 22 22 6
4693 14 13 5
4694 29 28 6
4695 18 18 6
4696 26 25 7
4697 17 16 4
4698 18 17 5
4699 31 30 6
4700 20 20 6
4701 22 21 5
4702 31 31 5
4703 21 21 7
4704 29 28 6
4705 14 14 4
4706 24 23 5
4707 23 23 5
4708 27 26 6
4709 22 22 6
4710 46 46 8
4711 28 27 7
4712 23 22 4
4713 38 37 9
4714 21 20 6
4715 28 28 6
4716 22 22 4
4717 26 25 5
4718 19 19 5
4719 29 28 6
4720 32 32 6
4721 30 30 6
4722 22 22 4
4723 30 29 5
4724 29 28 6
4725 24 23 7
4726 35 34 6
4727 24 24 4
4728 24 23 5
4729 23 23 5
4730 19 19 5
4731 27 26 6
4732 36 36 6
4733 20 19 5
4734 27 27 7
4735 29 28 6
4736 36 36 6
4737 36 36 8
4738 24 24 4
4739 36 35 5
4740 47 47 9
4741 31 31 7
4742 37 37 9
4743 29 29 11
4744 49 49 11
4745 35 35 9
4746 31 30 6
4747 20 20 6
4748 28 27 5
4749 33 32 6
4750 28 28 8
4751 36 35 5
4752 27 27 5
4753 39 38 8
4754 26 26 8
4755 20 20 4
4756 26 25 5
4757 25 24 6
4758 22 22 6
4759 32 32 8
4760 32 32 8
4761 28 28 6
4762 28 28 6
4763 20 20 4
4764 30 29 11
4765 31 30 4
4766 24 23 5
4767 23 23 5
4768 33 32 8
4769 32 32 6
4770 16 16 4
4771 38 37 5
4772 17 17 5
4773 33 32 6
4774 40 39 7
4775 37 36 6
4776 32 32 8
4777 48 48 6
4778 36 35 7
4779 29 29 7
4780 27 27 5
4781 23 22 6
4782 26 26 6
4783 28 28 6
4784 22 22 6
4785 28 27 5
4786 27 26 6
4787 24 23 7
4788 23 22 4
4789 24 23 5
4790 29 28 6
4791 26 26 6
4792 26 26 6
4793 20 20 6
4794 38 37 7
4795 17 16 6
4796 16 16 6
4797 20 20 4
4798 16 15 5
4799 13 12 4
4800 26 25 5
4801 25 25 5
4802 11 11 5
4803 15 14 4
4804 22 21 5
4805 13 13 5
4806 19 18 4
4807 22 21 5
4808 15 14 6
4809 16 16 4
4810 14 13 5
4811 19 18 4
4812 24 23 5
4813 17 17 5
4814 15 15 5
4815 13 13 5
4816 15 14 4
4817 24 23 5
4818 21 20 4
4819 24 23 5
4820 19 19 5
4821 17 17 5
4822 21 20 4
4823 24 23 5
4824 19 19 5
4825 19 19 5
4826 11 10 4
4827 16 15 5
4828 21 21 5
4829 17 16 8
4830 12 11 5
4831 35 34 6
4832 22 22 6
4833 26 25 5
4834 21 20 4
4835 24 23 5
4836 21 21 7
4837 17 16 4
4838 16 15 5
4839 19 18 4
4840 24 23 5
4841 17 17 5
4842 19 18 4
4843 18 17 5
4844 15 14 4
4845 20 19 5
4846 23 22 4
4847 24 23 5
4848 19 19 5
4849 19 18 6
4850 18 18 4
4851 22 21 5
4852 11 11 5
4853 13 12 6
4854 20 20 4
4855 12 11 5
4856 19 19 5
4857 17 17 7
4858 13 12 6
4859 12 12 4
4860 22 21 7
4861 11 10 4
4862 16 15 5
4863 15 14 6
4864 10 9 5
4865 11 11 5
4866 9 8 4
4867 14 13 5
4868 11 11 5
4869 23 22 6
4870 8 8 4
4871 16 15 5
4872 11 10 4
4873 12 11 5
4874 23 23 7
4875 19 19 5
4876 15 15 5
4877 19 18 6
4878 10 10 4
4879 12 11 5
4880 13 12 4
4881 18 17 5
4882 11 10 4
4883 8 7 6
4884 14 14 6
4885 12 12 6
4886 22 21 5
4887 13 12 6
4888 14 14 6
4889 8 8 4
4890 18 17 7
4891 17 16 6
4892 16 15 5
4893 15 14 6
4894 12 12 6
4895 12 11 5
4896 15 14 4
4897 14 13 7
4898 21 20 6
4899 12 11 5
4900 11 10 6
4901 12 12 4
4902 12 11 5
4903 11 10 4
4904 14 13 7
4905 11 10 4
4906 12 11 5
4907 17 16 6
4908 10 9 5
4909 11 11 5
4910 9 8 4
4911 14 13 5
4912 11 11 5
4913 19 18 6
4914 16 16 6
4915 18 18 6
4916 14 13 5
4917 11 11 5
4918 13 12 6
4919 8 8 4
4920 18 17 5
4921 11 10 4
4922 20 19 5
4923 15 14 6
4924 10 10 4
4925 10 9 5
4926 13 12 6
4927 8 8 4
4928 10 9 5
4929 11 11 5
4930 15 15 5
4931 15 14 6
4932 14 14 6
4933 8 8 4
4934 10 9 5
4935 11 11 5
4936 15 14 6
4937 10 10 4
4938 12 11 5
4939 9 8 4
4940 16 15 5
4941 15 14 6
4942 16 16 6
4943 14 13 5
4944 13 13 5
4945 13 12 6
4946 10 9 5
4947 11 10 4
4948 8 7 6
4949 14 13 5
4950 15 15 5
4951 13 12 4
4952 16 15 7
4953 27 26 6
4954 14 13 7
4955 13 12 6
4956 12 12 4
4957 14 13 5
4958 9 8 4
4959 14 13 5
4960 15 15 5
4961 11 11 5
4962 9 8 4
4963 8 7 6
4964 18 18 6
4965 12 12 4
4966 6 5 4
4967 12 11 5
4968 9 9 5
4969 17 17 5
4970 17 16 6
4971 10 10 6
4972 12 12 6
4973 14 14 6
4974 16 15 5
4975 13 12 4
4976 14 13 5
4977 5 5 5
4978 18 17 5
4979 15 14 6
4980 20 20 6
4981 32 32 4
4982 22 21 5
4983 15 14 4
4984 28 27 5
4985 17 16 6
4986 18 17 5
4987 15 15 5
4988 15 15 5
4989 15 15 5
4990 17 17 5
4991 31 31 5
4992 19 19 5
4993 23 23 5
4994 23 23 5
4995 15 14 6
4996 16 16 4
4997 20 19 7
4998 27 26 6
4999 16 15 7
