0 15 14 6
1 17 17 7
2 10 10 6
3 23 23 13
4 20 19 11
5 10 10 6
6 11 11 11
7 34 34 10
8 25 25 11
9 10 10 10
10 13 12 6
11 17 17 11
12 18 18 10
13 15 15 9
14 24 23 11
15 12 12 6
16 17 17 9
17 16 15 9
18 18 17 11
19 10 10 6
20 17 17 11
21 12 11 7
22 20 20 10
23 19 18 10
24 9 9 9
25 18 17 7
26 10 10 6
27 19 19 11
28 30 30 10
29 21 21 7
30 10 10 6
31 19 19 9
32 22 21 9
33 18 17 11
34 18 18 6
35 17 17 7
36 38 38 10
37 27 26 10
38 25 24 10
39 21 20 6
40 23 23 9
41 42 41 7
42 30 30 10
43 29 28 10
44 15 14 6
45 27 27 9
46 24 23 7
47 18 18 6
48 13 13 7
49 18 18 6
50 23 23 7
51 22 22 6
52 13 13 7
53 28 28 10
54 23 22 10
55 17 17 9
56 12 11 7
57 30 30 10
58 19 18 6
59 31 31 7
60 26 26 10
61 15 15 7
62 24 24 6
63 31 31 11
64 18 18 6
65 21 21 7
66 12 12 6
67 23 23 9
68 20 19 7
69 14 14 6
70 21 21 9
71 30 29 11
72 30 30 12
73 21 20 10
74 31 31 13
75 24 24 12
76 19 18 6
77 19 19 9
78 26 25 11
79 20 19 9
80 24 23 11
81 18 17 9
82 24 23 9
83 20 19 7
84 18 18 10
85 13 12 6
86 19 19 9
87 18 17 7
88 18 18 12
89 23 22 12
90 19 18 12
91 17 17 7
92 16 16 6
93 15 15 9
94 30 29 9
95 12 11 7
96 24 24 12
97 29 28 12
98 27 26 14
99 25 24 10
100 25 25 11
101 18 17 11
102 22 21 11
103 6 6 6
104 21 21 11
105 20 20 10
106 17 17 9
107 30 29 13
108 10 10 6
109 25 25 13
110 20 20 12
111 21 20 10
112 17 17 11
113 24 23 13
114 12 12 6
115 19 19 11
116 22 21 11
117 20 20 10
118 15 14 10
119 17 16 10
120 11 11 7
121 22 22 10
122 21 21 13
123 24 23 11
124 26 26 14
125 31 30 12
126 7 6 5
127 17 17 9
128 18 17 11
129 18 18 6
130 15 15 9
131 34 33 15
132 24 24 12
133 27 26 12
134 11 10 6
135 11 11 7
136 16 16 10
137 27 26 14
138 7 6 5
139 19 19 7
140 14 14 6
141 17 17 11
142 20 19 11
143 28 28 10
144 11 11 7
145 34 34 12
146 15 15 11
147 18 18 12
148 17 16 10
149 25 24 10
150 13 13 7
151 20 20 12
152 21 20 6
153 21 21 11
154 16 16 10
155 15 14 6
156 21 21 13
157 16 16 10
158 25 24 10
159 15 15 9
160 20 19 11
161 10 10 6
162 17 17 11
163 18 17 11
164 18 18 10
165 17 17 7
166 24 24 10
167 21 20 10
168 17 17 11
169 20 19 9
170 18 17 9
171 26 25 15
172 12 11 10
173 18 18 12
174 19 19 11
175 18 18 12
176 35 34 12
177 17 16 10
178 19 19 7
179 10 10 6
180 21 21 7
181 10 10 6
182 29 29 13
183 14 14 6
184 19 19 9
185 12 11 7
186 16 16 10
187 19 18 12
188 19 18 10
189 11 11 7
190 18 18 10
191 19 19 13
192 20 19 13
193 14 14 10
194 13 13 9
195 20 19 11
196 22 22 10
197 19 18 10
198 19 18 12
199 15 14 10
200 27 26 14
201 11 11 7
202 32 32 16
203 17 16 6
204 17 17 9
205 18 17 11
206 10 10 6
207 13 13 7
208 22 22 12
209 15 14 10
210 25 25 11
211 8 7 6
212 24 24 12
213 23 23 9
214 18 17 7
215 18 18 10
216 27 26 10
217 19 19 11
218 18 18 10
219 15 14 6
220 33 33 15
221 12 12 6
222 19 19 9
223 24 23 7
224 22 22 10
225 15 14 6
226 11 11 7
227 32 32 10
228 19 18 10
229 13 12 6
230 21 21 11
231 20 20 10
232 19 19 9
233 16 15 9
234 20 19 11
235 20 20 10
236 17 17 9
237 16 15 7
238 20 20 14
239 15 15 11
240 14 14 6
241 21 21 9
242 24 23 11
243 12 11 7
244 22 22 12
245 7 7 7
246 14 14 10
247 17 16 12
248 21 20 14
249 7 7 7
250 20 20 10
251 9 9 9
252 8 7 6
253 24 24 12
254 15 15 11
255 14 13 9
256 24 23 11
257 20 20 12
258 17 17 11
259 18 18 12
260 13 13 9
261 22 21 11
262 16 16 12
263 19 19 11
264 12 12 6
265 15 15 11
266 10 10 10
267 17 16 12
268 13 13 9
269 20 19 13
270 10 10 10
271 17 16 12
272 19 18 14
273 17 16 12
274 19 19 11
275 18 17 13
276 16 16 10
277 23 23 13
278 14 14 10
279 19 19 13
280 16 16 10
281 21 21 13
282 10 9 8
283 14 13 9
284 16 15 11
285 18 17 11
286 10 9 8
287 18 17 13
288 10 10 10
289 15 14 10
290 21 21 11
291 18 18 12
292 17 17 9
293 20 19 13
294 16 16 10
295 19 18 12
296 13 13 7
297 16 16 10
298 17 17 11
299 22 21 11
300 26 25 11
301 14 13 7
302 6 6 6
303 13 13 7
304 22 22 10
305 19 18 10
306 23 23 13
307 14 13 7
308 16 16 10
309 17 16 10
310 19 19 11
311 18 18 10
312 7 7 7
313 24 24 10
314 19 19 11
315 18 18 10
316 7 7 7
317 18 18 10
318 11 11 7
319 18 18 12
320 25 24 10
321 17 16 10
322 9 9 9
323 24 23 9
324 16 15 7
325 10 10 6
326 23 23 11
327 8 7 6
328 16 16 10
329 23 22 12
330 17 16 10
331 25 25 7
332 18 18 10
333 11 11 7
334 18 18 10
335 7 7 7
336 16 16 10
337 19 19 11
338 16 16 6
339 21 21 7
340 22 22 10
341 11 11 7
342 20 20 12
343 7 7 7
344 10 10 6
345 15 15 11
346 22 22 12
347 21 20 6
348 21 21 7
349 10 10 6
350 15 15 7
351 10 10 6
352 15 15 9
353 18 17 11
354 36 35 11
355 18 18 6
356 19 19 7
357 6 6 6
358 15 15 7
359 16 16 10
360 33 32 6
361 23 23 7
362 26 26 6
363 23 23 9
364 16 15 7
365 12 12 6
366 17 17 7
367 12 12 6
368 23 23 9
369 28 27 7
370 28 28 6
371 13 13 7
372 16 16 6
373 29 29 11
374 16 16 6
375 15 15 7
376 22 22 10
377 19 18 6
378 25 25 7
379 18 18 6
380 21 21 11
381 14 14 6
382 21 21 9
383 24 23 7
384 20 20 10
385 17 16 6
386 23 23 13
387 16 16 6
388 21 21 9
389 22 21 9
390 16 15 9
391 26 25 13
392 30 30 10
393 23 22 10
394 21 21 9
395 26 25 11
396 18 18 6
397 17 17 7
398 22 22 10
399 17 16 6
400 27 27 13
401 26 25 11
402 16 16 10
403 35 34 10
404 27 26 10
405 27 27 15
406 28 27 13
407 22 21 13
408 28 28 14
409 13 13 7
410 22 22 10
411 27 26 12
412 19 18 10
413 19 18 10
414 21 20 10
415 17 17 7
416 24 24 10
417 15 15 9
418 20 19 11
419 22 22 10
420 31 31 11
421 16 16 10
422 29 29 13
423 22 22 10
424 21 21 11
425 14 13 7
426 16 16 10
427 29 28 12
428 23 23 11
429 38 38 16
430 25 25 15
431 28 27 13
432 20 20 12
433 19 19 11
434 22 21 7
435 26 26 12
436 25 24 16
437 35 34 18
438 21 21 11
439 24 23 9
440 22 21 9
441 26 25 11
442 18 18 6
443 19 19 9
444 16 15 11
445 24 24 12
446 19 18 10
447 29 28 12
448 17 16 6
449 19 19 9
450 12 11 7
451 16 16 10
452 13 12 6
453 21 21 11
454 20 19 11
455 24 24 12
456 13 13 7
457 22 22 12
458 19 19 9
459 18 17 11
460 24 24 10
461 21 20 6
462 15 15 9
463 14 13 7
464 16 16 6
465 17 17 11
466 22 22 10
467 27 27 13
468 12 12 6
469 17 17 9
470 22 21 11
471 10 10 6
472 9 9 9
473 20 19 11
474 18 17 7
475 26 26 12
476 15 14 10
477 13 12 6
478 23 23 11
479 14 13 7
480 12 12 6
481 15 15 11
482 16 16 10
483 21 20 12
484 15 14 6
485 19 19 13
486 16 16 10
487 15 15 9
488 12 11 7
489 18 18 10
490 11 11 7
491 18 18 10
492 19 18 10
493 15 14 10
494 21 20 10
495 29 28 12
496 11 10 6
497 17 17 7
498 18 18 12
499 15 14 6
500 27 27 9
501 22 21 7
502 20 20 6
503 21 21 11
504 22 22 12
505 15 14 6
506 27 27 7
507 14 14 6
508 23 23 11
509 10 10 6
510 17 17 9
511 26 25 13
512 28 28 10
513 17 16 10
514 15 14 6
515 19 19 9
516 16 15 7
517 20 20 12
518 19 18 12
519 25 24 12
520 23 22 12
521 17 16 10
522 19 19 11
523 18 18 10
524 21 20 10
525 27 26 12
526 17 17 9
527 14 13 7
528 24 24 10
529 15 15 11
530 20 19 9
531 14 13 9
532 20 19 11
533 20 20 10
534 17 17 13
535 12 11 7
536 6 6 6
537 17 17 7
538 18 18 12
539 15 14 10
540 15 14 10
541 11 11 7
542 20 20 6
543 11 11 7
544 26 26 10
545 13 12 6
546 17 17 11
547 18 18 12
548 19 18 14
549 15 14 10
550 19 18 12
551 15 14 10
552 17 17 11
553 14 13 9
554 18 17 13
555 10 10 6
556 21 21 13
557 14 14 10
558 25 24 14
559 17 16 10
560 7 6 5
561 15 15 9
562 18 17 9
563 20 19 13
564 16 16 10
565 17 17 11
566 18 18 12
567 17 16 6
568 13 13 9
569 16 15 11
570 20 20 12
571 7 6 5
572 23 23 13
573 18 18 10
574 7 6 5
575 19 19 13
576 16 16 10
577 21 20 12
578 19 19 11
579 16 16 10
580 11 11 7
581 24 24 10
582 15 14 10
583 23 22 10
584 17 16 10
585 19 18 10
586 21 20 10
587 17 16 10
588 19 18 12
589 15 15 7
590 18 18 10
591 19 18 6
592 23 23 13
593 22 22 6
594 13 13 9
595 24 23 7
596 6 6 6
597 19 19 11
598 16 16 10
599 17 16 6
600 19 19 7
601 22 22 10
602 21 20 10
603 21 20 6
604 23 23 9
605 16 15 7
606 12 12 6
607 21 21 11
608 18 17 7
609 20 20 6
610 15 15 7
611 20 20 6
612 19 19 7
613 24 24 10
614 15 14 6
615 15 15 9
616 16 15 7
617 18 18 6
618 13 13 7
619 16 16 10
620 21 20 10
621 21 20 10
622 15 14 10
623 23 23 7
624 22 22 10
625 25 25 9
626 22 21 7
627 14 14 10
628 31 30 10
629 13 12 6
630 23 23 11
631 18 18 10
632 13 12 6
633 19 19 9
634 24 23 9
635 24 23 7
636 46 46 10
637 23 23 7
638 16 16 10
639 23 22 10
640 25 24 6
641 33 33 11
642 22 22 6
643 31 31 9
644 30 29 11
645 26 25 11
646 16 16 6
647 27 27 9
648 34 33 13
649 14 13 9
650 32 31 9
651 22 21 11
652 38 38 18
653 27 27 15
654 18 17 9
655 20 19 11
656 24 24 10
657 27 27 9
658 28 27 11
659 30 29 17
660 14 13 7
661 20 20 10
662 29 28 12
663 17 17 7
664 24 24 12
665 17 16 6
666 25 25 9
667 18 17 7
668 36 36 12
669 21 20 10
670 31 31 11
671 28 27 11
672 46 46 14
673 19 19 9
674 22 21 9
675 18 17 7
676 24 24 10
677 7 6 5
678 39 39 11
679 18 17 7
680 16 16 6
681 19 19 7
682 16 16 6
683 15 15 7
684 24 24 10
685 21 20 10
686 19 18 6
687 21 21 9
688 18 17 11
689 16 16 6
690 13 13 7
691 26 26 12
692 19 18 6
693 23 23 11
694 12 12 6
695 17 17 7
696 12 12 6
697 23 23 11
698 16 16 6
699 17 17 11
700 16 16 10
701 35 34 14
702 17 16 6
703 15 15 9
704 16 15 9
705 20 19 11
706 20 20 6
707 19 19 9
708 14 13 9
709 18 17 9
710 16 15 11
711 16 15 9
712 18 17 11
713 16 16 10
714 17 16 10
715 21 20 14
716 21 20 6
717 27 27 9
718 26 25 9
719 22 21 11
720 20 19 11
721 14 14 10
722 19 19 13
723 32 32 12
724 19 19 7
725 26 26 10
726 17 16 10
727 25 24 12
728 23 22 14
729 15 15 7
730 22 22 10
731 19 19 11
732 12 12 6
733 17 17 9
734 16 15 7
735 18 18 10
736 17 16 10
737 13 12 6
738 17 17 11
739 26 26 14
740 21 20 6
741 23 23 11
742 28 27 13
743 20 20 12
744 15 15 9
745 20 19 11
746 14 14 6
747 25 25 15
748 18 18 10
749 21 20 10
750 23 22 12
751 19 18 12
752 13 13 7
753 14 14 6
754 17 17 11
755 16 16 10
756 21 20 12
757 19 18 10
758 19 18 12
759 15 14 10
760 15 15 11
761 18 18 12
762 17 17 11
763 20 20 12
764 17 16 12
765 19 18 10
766 17 16 12
767 23 23 11
768 20 20 10
769 19 19 11
770 18 17 11
771 16 16 10
772 31 31 13
773 12 11 7
774 18 18 10
775 13 13 9
776 22 21 11
777 14 14 10
778 21 20 10
779 11 11 7
780 26 26 14
781 19 18 10
782 17 16 10
783 17 16 10
784 17 16 12
785 7 6 5
786 19 19 13
787 20 20 10
788 21 21 11
789 8 7 6
790 20 20 16
791 15 14 10
792 11 10 6
793 15 15 11
794 24 24 16
795 17 17 9
796 14 13 9
797 18 17 11
798 10 10 10
799 17 16 12
800 15 14 10
801 17 17 11
802 18 18 10
803 17 17 13
804 24 24 12
805 15 15 7
806 14 14 10
807 7 7 7
808 18 18 12
809 25 24 12
810 13 13 9
811 20 19 7
812 18 18 12
813 7 7 7
814 18 18 12
815 7 6 5
816 19 19 13
817 18 17 11
818 14 14 10
819 15 15 11
820 6 6 6
821 19 19 11
822 26 25 9
823 8 7 6
824 18 18 10
825 17 16 10
826 21 20 10
827 19 18 10
828 15 15 7
829 22 22 14
830 15 15 9
831 18 17 9
832 20 19 13
833 6 6 6
834 9 9 9
835 22 21 15
836 20 19 9
837 10 9 8
838 20 19 11
839 16 15 11
840 16 16 12
841 15 15 7
842 20 20 10
843 11 11 11
844 16 16 6
845 23 23 11
846 10 10 6
847 15 15 11
848 16 16 10
849 13 12 6
850 23 23 11
851 22 21 11
852 24 24 10
853 25 24 12
854 13 13 9
855 16 15 7
856 16 16 10
857 15 14 10
858 19 18 12
859 17 17 11
860 6 6 6
861 21 21 15
862 20 20 10
863 13 13 9
864 10 9 8
865 20 19 13
866 14 14 10
867 25 24 12
868 17 17 7
869 22 22 10
870 13 13 7
871 22 22 10
872 13 12 6
873 17 17 13
874 20 19 11
875 12 12 6
876 11 11 11
877 18 18 10
878 7 7 7
879 22 22 14
880 15 15 7
881 20 20 12
882 19 18 10
883 21 20 6
884 21 21 7
885 26 26 10
886 17 16 6
887 13 13 7
888 16 16 10
889 29 28 6
890 27 27 7
891 20 20 6
892 31 31 7
893 24 24 6
894 13 13 7
895 16 16 6
896 53 53 9
897 30 29 7
898 16 16 6
899 19 19 7
900 22 22 6
901 17 17 7
902 24 24 6
903 19 19 7
904 18 18 6
905 23 23 7
906 16 16 6
907 19 19 7
908 30 30 6
909 17 17 7
910 12 12 6
911 31 31 9
912 18 17 7
913 14 14 6
914 17 17 7
915 10 10 6
916 21 21 9
917 20 19 9
918 18 17 9
919 18 17 11
920 24 24 12
921 19 18 6
922 37 37 15
923 20 20 12
924 21 20 6
925 13 13 7
926 30 30 12
927 33 32 10
928 17 17 7
929 26 26 12
930 21 21 9
931 24 23 9
932 14 13 7
933 20 20 10
934 13 12 6
935 19 19 11
936 20 20 6
937 23 23 7
938 28 28 10
939 21 20 12
940 19 19 9
941 22 21 9
942 24 23 11
943 14 13 7
944 14 14 6
945 15 15 7
946 24 24 10
947 21 21 9
948 14 13 7
949 16 16 10
950 23 22 10
951 21 21 11
952 18 18 6
953 19 19 9
954 28 27 13
955 28 28 12
956 23 22 12
957 23 22 10
958 25 25 9
959 22 21 9
960 18 17 7
961 16 16 10
962 11 10 6
963 17 17 7
964 22 22 14
965 19 18 10
966 13 13 7
967 30 30 14
968 19 19 11
969 34 33 9
970 20 19 9
971 26 25 7
972 24 24 10
973 31 31 9
974 22 21 11
975 20 20 14
976 31 30 12
977 23 23 13
978 24 23 13
979 32 31 13
980 30 29 15
981 26 25 13
982 12 12 6
983 17 17 9
984 32 31 9
985 18 17 7
986 18 18 6
987 17 17 7
988 14 14 6
989 21 21 7
990 22 22 10
991 31 30 10
992 23 23 11
993 18 18 6
994 23 23 11
995 20 20 10
996 15 14 6
997 21 21 11
998 14 14 10
999 17 16 10
1000 7 6 5
1001 19 19 11
1002 18 18 10
1003 17 17 7
1004 14 14 6
1005 21 21 13
1006 16 16 10
1007 27 26 12
1008 15 15 9
1009 18 17 7
1010 10 10 6
1011 23 23 11
1012 18 18 10
1013 21 20 12
1014 15 14 10
1015 31 30 14
1016 23 23 9
1017 14 13 7
1018 6 6 6
1019 21 21 11
1020 24 24 10
1021 15 14 6
1022 13 13 7
1023 18 18 10
1024 31 30 6
1025 25 25 7
1026 12 12 6
1027 25 25 9
1028 14 13 7
1029 18 18 6
1030 13 13 7
1031 12 12 6
1032 17 17 7
1033 18 18 6
1034 27 27 11
1035 26 25 9
1036 24 23 7
1037 12 12 6
1038 23 23 9
1039 20 19 11
1040 20 20 6
1041 13 13 7
1042 14 14 6
1043 25 25 9
1044 20 19 7
1045 22 22 12
1046 13 12 6
1047 31 31 13
1048 22 22 10
1049 17 17 9
1050 18 17 9
1051 20 19 11
1052 24 23 13
1053 14 14 10
1054 23 22 10
1055 15 14 10
1056 25 25 13
1057 20 19 9
1058 14 13 9
1059 20 19 11
1060 20 19 11
1061 14 14 10
1062 23 23 13
1063 16 16 10
1064 17 17 11
1065 6 6 6
1066 21 21 11
1067 18 17 13
1068 24 24 14
1069 19 18 10
1070 11 11 7
1071 12 12 6
1072 21 21 11
1073 14 13 9
1074 18 17 11
1075 14 14 10
1076 19 18 10
1077 17 17 11
1078 24 23 9
1079 16 15 9
1080 20 19 11
1081 12 11 7
1082 16 16 10
1083 21 21 11
1084 20 20 12
1085 15 14 10
1086 11 10 6
1087 17 17 11
1088 20 19 9
1089 18 17 9
1090 16 15 9
1091 10 9 8
1092 20 19 13
1093 18 18 10
1094 17 17 7
1095 6 6 6
1096 17 17 11
1097 18 17 11
1098 16 16 10
1099 7 7 7
1100 16 16 12
1101 21 21 11
1102 20 20 10
1103 13 12 6
1104 21 21 13
1105 16 16 10
1106 17 16 12
1107 19 19 9
1108 20 19 11
1109 12 11 7
1110 16 16 10
1111 19 19 11
1112 14 14 10
1113 15 15 9
1114 18 17 11
1115 16 16 12
1116 15 14 10
1117 13 13 9
1118 20 19 13
1119 18 18 10
1120 27 27 13
1121 14 14 10
1122 17 16 10
1123 17 17 11
1124 20 20 12
1125 15 15 9
1126 12 11 7
1127 24 24 10
1128 19 18 10
1129 15 15 9
1130 8 7 6
1131 16 16 10
1132 23 22 10
1133 19 18 10
1134 17 17 11
1135 6 6 6
1136 21 21 11
1137 20 20 12
1138 17 17 9
1139 20 19 11
1140 18 17 7
1141 20 20 6
1142 19 19 11
1143 22 22 12
1144 21 20 10
1145 21 21 11
1146 6 6 6
1147 19 19 11
1148 12 11 10
1149 16 16 10
1150 17 17 11
1151 18 18 10
1152 29 28 14
1153 23 22 10
1154 15 14 6
1155 13 13 7
1156 12 12 6
1157 17 17 7
1158 12 12 6
1159 25 25 7
1160 14 14 6
1161 15 15 9
1162 20 19 11
1163 14 14 6
1164 13 13 7
1165 18 18 14
1166 11 10 6
1167 27 27 11
1168 12 12 6
1169 15 15 7
1170 18 18 10
1171 15 15 11
1172 6 6 6
1173 31 31 9
1174 24 23 7
1175 30 30 10
1176 15 14 6
1177 23 23 11
1178 10 10 6
1179 15 15 9
1180 14 13 7
1181 16 16 6
1182 21 21 7
1183 18 18 10
1184 7 7 7
1185 16 16 10
1186 17 17 11
1187 24 23 9
1188 12 11 7
1189 24 24 6
1190 31 31 7
1191 26 26 6
1192 15 15 7
1193 16 16 6
1194 23 23 7
1195 24 24 6
1196 19 19 7
1197 22 22 6
1198 13 13 7
1199 14 14 6
1200 13 13 7
1201 28 28 10
1202 21 21 7
1203 20 20 6
1204 11 11 7
1205 14 14 6
1206 15 15 7
1207 14 14 6
1208 17 17 7
1209 16 16 6
1210 19 19 7
1211 18 18 10
1212 17 17 7
1213 20 20 10
1214 25 24 10
1215 27 26 10
1216 13 13 7
1217 34 34 10
1218 25 24 10
1219 21 20 10
1220 7 7 7
1221 16 16 6
1222 17 17 9
1223 26 25 11
1224 30 30 6
1225 11 11 7
1226 16 16 10
1227 21 21 9
1228 18 17 9
1229 16 15 7
1230 20 20 6
1231 15 15 7
1232 22 22 10
1233 11 11 7
1234 12 12 6
1235 35 35 11
1236 20 20 6
1237 33 33 7
1238 28 28 6
1239 25 25 9
1240 16 15 7
1241 26 26 10
1242 35 34 10
1243 23 22 6
1244 35 35 7
1245 32 32 6
1246 25 25 7
1247 18 18 6
1248 43 43 9
1249 30 29 7
1250 32 32 12
1251 35 34 12
1252 41 41 7
1253 36 36 10
1254 39 39 13
1255 16 16 6
1256 27 27 7
1257 34 34 10
1258 35 34 10
1259 19 18 10
1260 31 30 14
1261 17 16 6
1262 17 17 9
1263 22 21 11
1264 26 25 7
1265 20 20 6
1266 25 25 9
1267 22 21 7
1268 26 26 12
1269 19 18 6
1270 23 23 9
1271 26 25 9
1272 26 25 7
1273 22 22 6
1274 21 21 13
1275 16 16 6
1276 31 31 15
1277 26 26 12
1278 15 14 6
1279 17 17 7
1280 10 10 6
1281 13 13 7
1282 26 26 6
1283 19 19 7
1284 22 22 10
1285 17 17 7
1286 22 22 10
1287 21 21 7
1288 16 16 10
1289 25 24 14
1290 21 20 10
1291 25 24 10
1292 17 17 9
1293 18 17 7
1294 30 30 18
1295 7 7 7
1296 18 18 6
1297 11 11 7
1298 18 18 10
1299 25 24 12
1300 29 28 10
1301 13 12 6
1302 21 21 11
1303 22 22 10
1304 19 19 9
1305 26 25 11
1306 14 13 9
1307 20 19 7
1308 24 24 10
1309 15 14 10
1310 25 24 10
1311 21 20 12
1312 25 24 10
1313 23 22 10
1314 21 21 9
1315 22 21 9
1316 16 15 11
1317 20 20 12
1318 17 17 7
1319 16 16 10
1320 27 26 10
1321 21 20 12
1322 19 19 11
1323 32 32 16
1324 23 23 11
1325 14 13 7
1326 24 24 10
1327 19 18 10
1328 21 20 10
1329 13 13 7
1330 20 20 12
1331 7 6 5
1332 19 19 13
1333 10 10 6
1334 23 23 11
1335 16 16 6
1336 11 11 7
1337 18 18 10
1338 19 18 14
1339 17 17 7
1340 12 12 6
1341 13 13 7
1342 14 14 10
1343 15 14 10
1344 17 16 12
1345 17 17 9
1346 16 15 9
1347 18 17 11
1348 18 17 9
1349 26 25 11
1350 16 16 12
1351 13 13 7
1352 20 20 6
1353 31 31 11
1354 20 20 10
1355 23 22 12
1356 13 12 6
1357 17 17 11
1358 20 20 10
1359 15 15 7
1360 16 16 10
1361 29 28 10
1362 17 16 10
1363 21 21 11
1364 18 18 10
1365 21 21 13
1366 12 12 6
1367 17 17 11
1368 14 13 7
1369 12 12 6
1370 15 15 9
1371 20 19 11
1372 14 14 6
1373 21 21 11
1374 20 19 9
1375 16 15 9
1376 16 15 11
1377 18 17 11
1378 14 14 10
1379 19 19 11
1380 10 10 6
1381 21 21 9
1382 18 17 11
1383 14 14 10
1384 13 13 9
1385 16 15 11
1386 20 20 10
1387 25 24 14
1388 11 11 11
1389 22 22 14
1390 13 12 6
1391 21 21 13
1392 18 17 9
1393 18 17 11
1394 10 10 6
1395 19 19 13
1396 18 18 10
1397 25 24 14
1398 15 15 9
1399 22 21 9
1400 22 21 11
1401 18 18 10
1402 11 10 9
1403 25 24 12
1404 9 9 9
1405 18 17 7
1406 16 16 10
1407 23 22 10
1408 19 19 11
1409 16 16 12
1410 15 14 10
1411 15 15 9
1412 14 13 7
1413 22 22 12
1414 15 15 11
1415 22 21 13
1416 14 14 10
1417 15 14 10
1418 19 18 10
1419 7 7 7
1420 20 20 10
1421 15 15 11
1422 16 16 10
1423 23 22 10
1424 17 17 11
1425 10 10 6
1426 17 17 7
1427 16 16 10
1428 23 22 12
1429 15 15 11
1430 20 20 10
1431 7 7 7
1432 14 14 6
1433 13 13 7
1434 22 22 14
1435 21 20 10
1436 17 17 9
1437 18 17 9
1438 26 25 11
1439 20 20 12
1440 15 14 10
1441 13 12 6
1442 21 21 13
1443 18 18 10
1444 25 24 12
1445 17 17 9
1446 22 21 9
1447 16 15 7
1448 14 14 10
1449 11 11 7
1450 16 16 10
1451 11 10 6
1452 17 17 7
1453 12 12 6
1454 23 23 13
1455 14 13 9
1456 20 19 11
1457 6 6 6
1458 17 17 11
1459 20 20 10
1460 27 26 12
1461 7 6 5
1462 21 21 11
1463 8 7 6
1464 18 18 10
1465 13 13 7
1466 16 16 6
1467 25 25 11
1468 18 17 11
1469 8 7 6
1470 18 18 12
1471 15 14 6
1472 19 19 11
1473 26 25 11
1474 24 23 7
1475 18 18 10
1476 19 18 10
1477 7 6 5
1478 17 17 11
1479 26 26 12
1480 27 27 9
1481 24 23 11
1482 24 24 10
1483 15 14 6
1484 23 23 11
1485 14 14 6
1486 17 17 11
1487 24 24 12
1488 37 36 6
1489 23 23 7
1490 20 20 10
1491 15 14 6
1492 21 21 9
1493 12 11 7
1494 24 24 6
1495 37 37 11
1496 24 24 6
1497 21 21 7
1498 14 14 6
1499 11 11 7
1500 22 22 10
1501 13 12 6
1502 29 29 11
1503 16 15 7
1504 18 18 12
1505 13 12 6
1506 19 19 11
1507 26 26 10
1508 15 14 6
1509 25 25 9
1510 24 23 9
1511 22 21 7
1512 14 14 10
1513 21 20 12
1514 21 20 10
1515 19 18 6
1516 17 17 9
1517 12 11 7
1518 32 32 10
1519 17 16 10
1520 21 21 11
1521 18 17 11
1522 20 20 12
1523 15 14 6
1524 15 15 7
1525 20 20 10
1526 29 28 10
1527 17 16 10
1528 23 23 15
1529 20 20 12
1530 13 12 6
1531 19 19 7
1532 14 14 10
1533 27 26 14
1534 17 17 9
1535 20 19 9
1536 16 15 7
1537 18 18 12
1538 27 26 10
1539 21 20 10
1540 21 21 11
1541 18 18 6
1542 21 21 13
1543 16 15 9
1544 22 21 11
1545 22 22 10
1546 15 14 6
1547 17 17 11
1548 6 6 6
1549 21 21 9
1550 24 23 9
1551 30 29 11
1552 16 15 7
1553 22 22 10
1554 13 12 6
1555 21 21 7
1556 20 20 10
1557 23 22 12
1558 13 13 9
1559 24 23 7
1560 22 22 10
1561 17 17 7
1562 12 12 6
1563 33 33 15
1564 12 11 7
1565 28 28 10
1566 25 24 10
1567 21 21 9
1568 26 25 13
1569 20 20 10
1570 19 18 6
1571 23 23 7
1572 22 22 10
1573 17 17 7
1574 24 24 10
1575 25 24 12
1576 19 18 6
1577 11 11 7
1578 28 28 12
1579 21 20 10
1580 15 14 10
1581 17 16 6
1582 29 29 11
1583 24 23 13
1584 28 28 10
1585 13 12 6
1586 21 21 7
1587 10 10 10
1588 19 18 10
1589 19 19 11
1590 24 23 11
1591 16 15 9
1592 20 19 13
1593 6 6 6
1594 21 21 11
1595 24 24 10
1596 25 24 12
1597 21 20 12
1598 25 24 14
1599 21 20 10
1600 19 19 7
1601 18 18 12
1602 27 26 10
1603 23 23 9
1604 26 25 9
1605 22 21 7
1606 24 24 6
1607 13 13 7
1608 14 14 10
1609 19 19 7
1610 18 18 12
1611 17 16 10
1612 35 34 12
1613 11 10 6
1614 21 21 11
1615 14 14 10
1616 11 11 7
1617 20 20 12
1618 15 15 9
1619 28 27 11
1620 24 24 12
1621 7 6 5
1622 13 13 7
1623 26 26 14
1624 23 22 10
1625 21 20 10
1626 13 12 6
1627 17 17 9
1628 16 15 11
1629 14 14 10
1630 13 13 7
1631 16 16 10
1632 35 34 10
1633 17 17 7
1634 10 10 6
1635 23 23 11
1636 22 22 12
1637 19 19 9
1638 12 11 7
1639 12 12 6
1640 11 11 11
1641 24 24 12
1642 27 26 6
1643 17 17 7
1644 16 16 10
1645 21 20 12
1646 25 24 14
1647 17 16 10
1648 21 21 11
1649 26 26 14
1650 21 20 10
1651 25 24 10
1652 15 15 7
1653 12 12 6
1654 15 15 7
1655 18 18 10
1656 15 14 10
1657 13 12 6
1658 21 21 9
1659 34 33 7
1660 20 20 10
1661 17 17 9
1662 8 7 6
1663 20 20 10
1664 17 16 10
1665 21 20 14
1666 15 14 10
1667 21 20 10
1668 23 22 10
1669 25 24 10
1670 17 17 9
1671 16 15 9
1672 24 23 13
1673 16 16 10
1674 25 24 10
1675 15 15 7
1676 28 28 14
1677 15 14 10
1678 19 18 10
1679 15 14 6
1680 19 19 9
1681 22 21 11
1682 24 23 11
1683 16 15 7
1684 18 18 10
1685 15 15 9
1686 16 15 7
1687 18 18 10
1688 19 18 6
1689 17 17 11
1690 16 16 6
1691 15 15 11
1692 14 14 10
1693 21 20 10
1694 15 14 10
1695 13 13 7
1696 14 14 10
1697 15 14 10
1698 15 15 11
1699 10 9 8
1700 14 13 9
1701 30 29 17
1702 14 13 7
1703 16 16 10
1704 17 17 13
1705 14 14 10
1706 21 21 9
1707 12 11 10
1708 6 6 6
1709 15 15 11
1710 16 15 9
1711 16 15 7
1712 18 18 12
1713 7 7 7
1714 6 6 6
1715 17 17 11
1716 22 21 13
1717 18 18 10
1718 17 16 10
1719 25 24 12
1720 11 10 6
1721 23 23 13
1722 10 10 10
1723 15 14 10
1724 17 16 10
1725 15 15 7
1726 28 28 10
1727 21 20 10
1728 23 22 14
1729 19 18 10
1730 11 10 6
1731 15 15 9
1732 8 7 6
1733 30 30 18
1734 13 12 6
1735 17 17 11
1736 12 12 6
1737 23 23 13
1738 16 16 10
1739 19 18 10
1740 7 6 5
1741 23 23 13
1742 18 18 10
1743 25 24 12
1744 15 15 7
1745 18 18 10
1746 19 18 10
1747 15 14 10
1748 7 7 7
1749 16 16 10
1750 21 21 13
1751 20 19 7
1752 20 20 10
1753 19 18 12
1754 17 16 12
1755 15 14 10
1756 17 17 7
1757 20 20 12
1758 11 11 7
1759 16 16 12
1760 17 17 9
1761 28 27 13
1762 14 14 10
1763 15 15 9
1764 8 7 6
1765 26 26 14
1766 13 12 6
1767 19 19 9
1768 22 21 11
1769 20 19 7
1770 12 12 6
1771 11 11 7
1772 10 10 10
1773 21 20 10
1774 19 18 6
1775 49 49 9
1776 16 15 7
1777 18 18 10
1778 15 14 6
1779 17 17 11
1780 16 15 7
1781 20 20 10
1782 35 35 7
1783 24 24 10
1784 27 26 6
1785 17 17 9
1786 26 25 7
1787 18 18 10
1788 33 32 10
1789 23 23 7
1790 18 18 6
1791 15 15 7
1792 22 22 10
1793 25 24 14
1794 29 28 10
1795 13 12 6
1796 17 17 7
1797 14 14 6
1798 29 29 13
1799 20 19 11
1800 20 20 10
1801 15 14 10
1802 15 14 6
1803 19 19 11
1804 22 21 7
1805 16 16 6
1806 21 21 7
1807 6 6 6
1808 21 21 11
1809 24 23 9
1810 16 15 7
1811 16 16 10
1812 27 27 11
1813 10 10 6
1814 19 19 9
1815 18 17 9
1816 18 17 9
1817 14 13 9
1818 18 17 11
1819 18 17 13
1820 18 18 12
1821 21 20 12
1822 19 18 10
1823 21 21 11
1824 16 16 12
1825 13 12 6
1826 15 15 7
1827 14 14 10
1828 21 20 10
1829 27 27 9
1830 22 21 9
1831 32 31 13
1832 22 22 10
1833 27 26 12
1834 19 19 9
1835 22 21 7
1836 14 14 10
1837 11 10 6
1838 37 37 15
1839 18 18 6
1840 19 19 11
1841 20 20 14
1842 25 24 12
1843 17 16 10
1844 27 26 10
1845 17 17 7
1846 18 18 10
1847 19 18 10
1848 25 24 10
1849 17 16 6
1850 31 31 11
1851 36 35 15
1852 22 22 6
1853 7 7 7
1854 14 14 10
1855 19 18 6
1856 17 17 7
1857 24 24 10
1858 25 24 10
1859 21 20 6
1860 21 21 7
1861 20 20 10
1862 15 14 6
1863 17 17 9
1864 22 21 11
1865 32 31 11
1866 16 16 6
1867 17 17 9
1868 24 23 11
1869 10 10 6
1870 11 11 7
1871 16 16 12
1872 21 20 10
1873 17 17 7
1874 18 18 10
1875 21 21 9
1876 14 13 9
1877 14 13 9
1878 20 19 11
1879 16 16 10
1880 15 15 9
1881 24 23 11
1882 26 25 9
1883 28 27 15
1884 12 12 6
1885 19 19 7
1886 18 18 10
1887 31 30 10
1888 15 15 9
1889 28 27 13
1890 20 19 9
1891 18 17 7
1892 22 22 10
1893 13 12 6
1894 15 15 7
1895 22 22 10
1896 13 12 6
1897 21 21 11
1898 8 7 6
1899 20 20 12
1900 15 14 10
1901 19 18 10
1902 29 29 11
1903 12 11 7
1904 22 22 12
1905 19 19 13
1906 20 20 6
1907 21 21 11
1908 22 22 12
1909 25 24 10
1910 17 16 10
1911 17 16 10
1912 11 11 11
1913 16 16 10
1914 23 23 13
1915 22 21 7
1916 16 16 12
1917 15 14 10
1918 19 19 11
1919 16 16 10
1920 15 14 6
1921 17 17 7
1922 6 6 6
1923 21 21 9
1924 18 17 11
1925 16 15 11
1926 22 22 12
1927 7 7 7
1928 18 18 12
1929 7 7 7
1930 18 18 14
1931 19 18 10
1932 21 20 12
1933 11 11 7
1934 18 18 12
1935 11 10 9
1936 17 16 10
1937 13 13 9
1938 26 25 13
1939 14 14 10
1940 15 14 10
1941 13 13 9
1942 20 19 13
1943 8 7 6
1944 16 16 10
1945 9 9 9
1946 24 23 9
1947 8 7 6
1948 24 24 14
1949 19 18 10
1950 15 14 10
1951 17 16 12
1952 15 14 10
1953 19 18 12
1954 19 18 12
1955 21 20 12
1956 19 18 10
1957 15 15 9
1958 18 17 11
1959 18 18 12
1960 11 10 9
1961 17 17 13
1962 14 14 10
1963 15 14 10
1964 15 14 10
1965 25 24 10
1966 19 19 13
1967 16 16 10
1968 11 10 9
1969 19 18 12
1970 11 10 9
1971 17 16 12
1972 7 7 7
1973 24 24 12
1974 19 18 10
1975 19 18 10
1976 15 14 10
1977 21 21 13
1978 6 6 6
1979 25 25 15
1980 22 22 10
1981 15 15 7
1982 18 18 6
1983 17 17 11
1984 10 10 10
1985 21 20 12
1986 17 17 7
1987 18 18 12
1988 17 16 10
1989 17 17 11
1990 10 9 8
1991 22 21 13
1992 14 13 9
1993 16 15 11
1994 18 18 10
1995 17 17 7
1996 16 16 10
1997 23 22 12
1998 17 16 6
1999 13 13 9
2000 14 13 9
2001 22 21 11
2002 6 6 6
2003 23 23 13
2004 24 23 7
2005 14 14 6
2006 9 9 9
2007 16 15 11
2008 8 7 6
2009 18 18 14
2010 15 14 10
2011 37 36 12
2012 13 12 6
2013 7 7 7
2014 16 16 10
2015 13 12 6
2016 17 17 11
2017 18 18 12
2018 19 18 10
2019 17 17 9
2020 16 15 7
2021 14 14 10
2022 11 11 7
2023 18 18 12
2024 13 13 9
2025 18 17 11
2026 10 10 10
2027 13 12 6
2028 21 21 13
2029 8 7 6
2030 24 24 10
2031 19 19 11
2032 16 16 10
2033 23 22 12
2034 15 14 6
2035 15 15 7
2036 30 30 10
2037 21 20 6
2038 15 15 9
2039 18 17 9
2040 18 17 7
2041 10 10 6
2042 19 19 11
2043 30 30 10
2044 43 43 9
2045 20 19 7
2046 18 18 6
2047 17 17 7
2048 26 26 6
2049 25 25 7
2050 24 24 6
2051 29 29 9
2052 16 15 7
2053 24 24 10
2054 21 20 10
2055 19 18 6
2056 13 13 7
2057 22 22 6
2058 17 17 11
2059 32 32 12
2060 33 32 10
2061 15 14 6
2062 15 15 7
2063 14 14 10
2064 15 15 9
2065 16 15 7
2066 36 36 12
2067 19 18 6
2068 25 25 11
2069 14 14 10
2070 27 26 10
2071 17 17 11
2072 14 13 9
2073 22 21 13
2074 28 28 12
2075 21 21 11
2076 18 17 9
2077 20 19 7
2078 24 24 10
2079 17 17 9
2080 22 21 7
2081 20 20 6
2082 23 23 11
2083 20 19 9
2084 16 15 9
2085 26 25 11
2086 20 20 10
2087 21 20 10
2088 15 14 6
2089 17 17 9
2090 16 15 7
2091 42 42 14
2092 21 20 12
2093 13 13 9
2094 18 17 11
2095 12 12 6
2096 27 27 15
2097 28 28 14
2098 21 20 10
2099 25 24 14
2100 11 11 7
2101 10 10 6
2102 17 17 11
2103 22 21 11
2104 22 21 9
2105 18 17 9
2106 22 21 13
2107 16 16 10
2108 15 14 10
2109 19 18 10
2110 21 20 6
2111 17 17 9
2112 16 15 11
2113 24 24 10
2114 13 13 7
2115 22 22 14
2116 23 23 11
2117 30 30 18
2118 7 7 7
2119 18 18 10
2120 15 14 10
2121 21 20 12
2122 17 17 11
2123 20 20 12
2124 17 16 10
2125 21 21 11
2126 18 17 11
2127 18 18 10
2128 33 33 17
2129 14 14 6
2130 23 23 9
2131 16 15 9
2132 18 17 9
2133 28 27 13
2134 12 12 6
2135 17 17 11
2136 10 10 6
2137 19 19 11
2138 22 21 11
2139 22 22 10
2140 17 16 10
2141 19 18 10
2142 15 15 11
2143 16 16 12
2144 17 16 10
2145 21 20 10
2146 21 21 9
2147 22 21 11
2148 12 11 7
2149 16 16 12
2150 23 22 12
2151 17 16 10
2152 21 21 13
2153 28 27 11
2154 26 26 10
2155 23 23 13
2156 16 16 6
2157 17 17 9
2158 18 17 9
2159 20 19 13
2160 20 20 12
2161 19 18 10
2162 19 18 12
2163 27 27 9
2164 24 23 9
2165 14 13 7
2166 22 22 10
2167 17 17 7
2168 18 18 10
2169 17 16 10
2170 23 23 9
2171 18 17 9
2172 24 23 13
2173 20 20 10
2174 25 25 11
2175 10 10 6
2176 19 19 9
2177 18 17 9
2178 22 21 11
2179 28 28 14
2180 11 10 6
2181 19 19 9
2182 16 15 7
2183 24 24 12
2184 25 25 13
2185 10 10 6
2186 9 9 9
2187 26 25 13
2188 10 10 6
2189 17 17 7
2190 20 20 12
2191 19 19 11
2192 18 18 12
2193 21 20 10
2194 13 13 7
2195 24 24 6
2196 29 29 11
2197 20 20 12
2198 7 6 5
2199 17 17 9
2200 8 7 6
2201 12 12 6
2202 13 13 9
2203 24 23 9
2204 20 19 9
2205 26 25 13
2206 18 18 12
2207 19 18 10
2208 21 20 12
2209 17 16 12
2210 17 16 10
2211 19 18 10
2212 23 23 11
2213 18 17 11
2214 10 9 8
2215 22 21 11
2216 6 6 6
2217 9 9 9
2218 20 19 13
2219 22 22 10
2220 25 24 10
2221 21 21 11
2222 14 13 7
2223 24 24 12
2224 21 20 12
2225 25 24 10
2226 25 24 12
2227 19 18 12
2228 7 6 5
2229 29 29 9
2230 18 17 11
2231 26 26 10
2232 11 10 6
2233 21 21 9
2234 32 31 11
2235 10 10 6
2236 17 17 7
2237 14 14 6
2238 19 19 13
2239 20 20 10
2240 27 26 10
2241 25 25 9
2242 18 17 9
2243 12 11 7
2244 22 22 12
2245 19 18 12
2246 17 16 6
2247 19 19 9
2248 18 17 11
2249 18 17 11
2250 22 22 12
2251 17 17 7
2252 16 16 10
2253 19 18 12
2254 19 19 11
2255 18 18 10
2256 17 17 11
2257 20 20 12
2258 19 18 12
2259 25 24 10
2260 21 20 10
2261 13 13 9
2262 20 19 13
2263 8 7 6
2264 20 20 10
2265 17 16 12
2266 25 25 13
2267 20 19 13
2268 22 22 12
2269 7 7 7
2270 18 18 12
2271 17 16 10
2272 21 20 10
2273 17 16 10
2274 29 28 14
2275 15 14 10
2276 23 22 12
2277 19 18 10
2278 21 21 9
2279 14 13 7
2280 16 16 10
2281 15 14 6
2282 19 19 7
2283 28 28 12
2284 17 16 10
2285 13 13 9
2286 20 19 11
2287 16 16 10
2288 21 21 11
2289 28 27 13
2290 18 18 12
2291 25 24 10
2292 21 21 11
2293 16 15 9
2294 20 19 13
2295 14 14 10
2296 21 21 13
2297 20 20 12
2298 15 15 9
2299 20 19 9
2300 24 23 13
2301 10 10 10
2302 19 18 12
2303 9 9 9
2304 22 21 13
2305 12 12 6
2306 21 21 9
2307 18 17 9
2308 8 7 6
2309 14 14 10
2310 15 15 11
2311 20 20 14
2312 15 14 6
2313 13 13 7
2314 28 28 18
2315 7 7 7
2316 16 16 10
2317 9 9 9
2318 12 11 7
2319 18 18 14
2320 19 19 13
2321 6 6 6
2322 25 25 13
2323 16 16 10
2324 15 14 10
2325 11 10 9
2326 9 9 9
2327 16 15 11
2328 32 31 11
2329 24 23 9
2330 18 17 9
2331 24 23 11
2332 10 10 6
2333 17 17 13
2334 12 12 6
2335 17 17 9
2336 14 13 7
2337 18 18 10
2338 25 24 10
2339 13 12 6
2340 7 7 7
2341 18 18 12
2342 13 13 9
2343 28 27 13
2344 24 23 7
2345 18 18 12
2346 19 18 10
2347 21 20 6
2348 9 9 9
2349 18 17 11
2350 24 23 11
2351 30 30 10
2352 21 21 7
2353 16 16 10
2354 11 10 6
2355 21 21 13
2356 16 16 6
2357 11 11 7
2358 20 20 10
2359 25 24 14
2360 13 12 6
2361 17 17 9
2362 16 15 7
2363 14 14 10
2364 15 15 11
2365 22 22 6
2366 11 11 7
2367 24 24 6
2368 21 21 7
2369 16 16 6
2370 11 11 7
2371 18 18 10
2372 19 18 6
2373 23 23 7
2374 12 12 6
2375 13 13 9
2376 30 29 9
2377 32 31 9
2378 14 13 7
2379 18 18 6
2380 21 21 7
2381 12 12 6
2382 11 11 7
2383 18 18 10
2384 19 18 6
2385 21 21 7
2386 20 20 10
2387 19 19 9
2388 20 19 9
2389 20 19 7
2390 16 16 10
2391 15 15 7
2392 30 30 10
2393 15 15 9
2394 16 15 9
2395 20 19 11
2396 10 10 6
2397 17 17 11
2398 28 28 10
2399 23 23 11
2400 18 18 10
2401 11 10 9
2402 23 22 10
2403 17 17 9
2404 20 19 11
2405 42 41 9
2406 22 21 7
2407 14 14 6
2408 15 15 9
2409 28 27 11
2410 18 17 9
2411 18 17 9
2412 26 25 9
2413 18 17 7
2414 16 16 6
2415 17 17 11
2416 20 20 10
2417 31 30 10
2418 19 19 9
2419 16 15 9
2420 40 39 11
2421 30 30 6
2422 25 25 7
2423 24 24 6
2424 19 19 7
2425 14 14 6
2426 27 27 7
2427 36 36 10
2428 33 32 10
2429 37 37 13
2430 24 23 7
2431 24 24 10
2432 19 18 6
2433 45 45 11
2434 40 40 10
2435 43 42 12
2436 25 24 6
2437 51 51 9
2438 38 37 13
2439 20 20 10
2440 25 25 7
2441 16 16 6
2442 29 29 7
2443 22 22 6
2444 15 15 7
2445 32 32 6
2446 35 35 15
2447 34 33 9
2448 34 33 11
2449 22 21 9
2450 40 39 13
2451 24 23 7
2452 24 24 10
2453 23 22 12
2454 21 20 6
2455 39 39 17
2456 12 12 6
2457 27 27 7
2458 16 16 6
2459 23 23 7
2460 30 30 16
2461 33 33 13
2462 34 33 13
2463 26 26 10
2464 13 13 7
2465 20 20 10
2466 25 24 10
2467 39 38 10
2468 21 20 10
2469 27 26 12
2470 21 21 9
2471 38 37 13
2472 24 24 10
2473 35 34 16
2474 29 28 10
2475 25 25 13
2476 28 28 10
2477 21 20 6
2478 23 23 7
2479 20 20 6
2480 11 11 7
2481 12 12 6
2482 13 13 7
2483 18 18 10
2484 19 18 10
2485 19 18 10
2486 25 24 10
2487 29 28 12
2488 13 12 6
2489 25 25 13
2490 22 22 12
2491 17 17 9
2492 18 17 9
2493 22 21 11
2494 20 20 10
2495 11 10 6
2496 29 29 15
2497 32 31 15
2498 36 35 19
2499 18 18 10
2500 27 27 11
2501 18 17 7
2502 12 12 6
2503 19 19 11
2504 16 16 6
2505 25 25 11
2506 28 27 7
2507 26 26 10
2508 13 13 7
2509 18 18 10
2510 15 14 10
2511 17 16 10
2512 15 14 10
2513 27 26 10
2514 21 20 6
2515 15 15 7
2516 24 24 12
2517 23 23 11
2518 22 21 9
2519 20 19 9
2520 16 15 11
2521 24 24 12
2522 17 16 6
2523 15 15 9
2524 24 23 9
2525 28 27 9
2526 20 19 11
2527 22 21 11
2528 22 21 9
2529 18 17 7
2530 16 16 10
2531 21 20 10
2532 15 15 9
2533 20 19 11
2534 16 16 10
2535 19 18 12
2536 21 20 6
2537 13 13 9
2538 20 19 13
2539 24 23 11
2540 18 18 6
2541 19 19 13
2542 12 12 6
2543 17 17 11
2544 14 14 10
2545 17 16 12
2546 19 18 10
2547 23 23 11
2548 16 15 9
2549 14 13 7
2550 26 26 12
2551 19 18 10
2552 17 16 10
2553 15 15 7
2554 18 18 10
2555 15 14 10
2556 23 22 10
2557 7 7 7
2558 24 24 12
2559 19 18 10
2560 13 13 7
2561 6 6 6
2562 17 17 11
2563 18 18 12
2564 19 18 10
2565 15 14 10
2566 23 22 14
2567 13 12 6
2568 19 19 11
2569 10 10 6
2570 21 21 13
2571 22 21 9
2572 16 15 9
2573 16 15 11
2574 26 26 14
2575 15 14 6
2576 15 15 9
2577 16 15 9
2578 24 23 11
2579 14 14 10
2580 15 15 7
2581 10 10 6
2582 19 19 9
2583 16 15 11
2584 20 19 9
2585 18 17 9
2586 26 25 9
2587 14 13 7
2588 26 26 14
2589 23 22 10
2590 15 14 6
2591 11 11 7
2592 16 16 10
2593 7 7 7
2594 18 18 12
2595 23 23 13
2596 22 21 9
2597 22 21 7
2598 10 10 6
2599 13 13 7
2600 20 20 12
2601 17 17 7
2602 16 16 6
2603 15 15 7
2604 16 16 10
2605 23 22 10
2606 11 10 6
2607 17 17 11
2608 14 14 10
2609 17 16 6
2610 27 27 15
2611 20 19 9
2612 14 13 9
2613 18 17 7
2614 14 14 6
2615 13 13 7
2616 16 16 6
2617 21 21 11
2618 22 21 13
2619 18 18 10
2620 21 21 9
2621 16 15 7
2622 14 14 10
2623 15 15 11
2624 12 12 6
2625 15 15 9
2626 10 9 8
2627 16 15 11
2628 14 13 9
2629 24 23 15
2630 14 13 9
2631 20 19 11
2632 16 15 9
2633 14 13 7
2634 6 6 6
2635 19 19 11
2636 14 13 7
2637 14 14 10
2638 19 18 10
2639 19 19 7
2640 10 10 6
2641 15 15 9
2642 26 25 9
2643 18 17 11
2644 16 15 11
2645 14 14 10
2646 13 13 7
2647 18 18 12
2648 17 16 12
2649 17 16 10
2650 13 13 7
2651 20 20 12
2652 15 15 7
2653 18 18 10
2654 15 15 11
2655 26 26 12
2656 15 14 6
2657 21 21 11
2658 16 16 6
2659 23 23 11
2660 14 13 9
2661 18 17 13
2662 18 18 6
2663 23 23 7
2664 20 20 10
2665 19 19 9
2666 18 17 7
2667 12 12 6
2668 27 27 9
2669 18 17 7
2670 18 18 6
2671 13 13 7
2672 12 12 6
2673 21 21 9
2674 28 27 9
2675 42 41 11
2676 20 20 6
2677 33 33 13
2678 22 21 7
2679 18 18 6
2680 17 17 7
2681 10 10 6
2682 19 19 11
2683 14 14 6
2684 23 23 9
2685 14 13 7
2686 18 18 12
2687 17 16 10
2688 17 17 11
2689 16 16 6
2690 17 17 11
2691 10 10 10
2692 23 23 11
2693 18 18 10
2694 17 17 11
2695 20 19 11
2696 14 14 10
2697 9 9 9
2698 28 27 13
2699 14 14 6
2700 17 17 11
2701 18 18 10
2702 13 12 6
2703 21 21 11
2704 14 14 10
2705 13 12 6
2706 17 17 7
2707 20 20 12
2708 17 16 12
2709 7 6 5
2710 23 23 13
2711 32 32 10
2712 21 20 6
2713 19 19 9
2714 22 21 9
2715 16 15 7
2716 26 26 6
2717 19 19 11
2718 16 16 10
2719 11 10 6
2720 21 21 11
2721 14 14 10
2722 19 18 10
2723 17 17 7
2724 20 20 10
2725 21 21 7
2726 16 16 6
2727 13 13 9
2728 18 17 9
2729 16 15 7
2730 26 26 12
2731 15 15 7
2732 24 24 10
2733 11 11 7
2734 16 16 10
2735 17 16 10
2736 23 23 9
2737 24 23 9
2738 24 23 9
2739 14 13 7
2740 30 30 14
2741 13 13 7
2742 26 26 10
2743 13 12 6
2744 17 17 7
2745 16 16 6
2746 31 31 9
2747 18 17 7
2748 12 12 6
2749 27 27 9
2750 22 21 11
2751 10 10 6
2752 15 15 7
2753 18 18 10
2754 27 26 10
2755 25 25 9
2756 26 25 9
2757 16 15 7
2758 20 20 6
2759 21 21 9
2760 20 19 9
2761 20 19 7
2762 24 24 10
2763 21 21 11
2764 12 12 6
2765 21 21 11
2766 20 19 11
2767 14 13 7
2768 20 20 12
2769 13 13 9
2770 18 17 9
2771 22 21 13
2772 20 20 10
2773 17 17 11
2774 16 16 10
2775 19 19 11
2776 22 22 10
2777 17 17 11
2778 26 26 12
2779 15 15 11
2780 12 12 6
2781 19 19 11
2782 24 24 12
2783 11 11 7
2784 18 18 10
2785 27 27 13
2786 16 16 12
2787 15 14 6
2788 15 15 11
2789 18 18 12
2790 7 6 5
2791 27 27 11
2792 10 9 8
2793 26 25 13
2794 18 18 10
2795 17 16 12
2796 11 11 7
2797 18 18 10
2798 15 14 10
2799 21 20 12
2800 17 17 9
2801 24 23 13
2802 14 13 7
2803 20 20 14
2804 15 14 6
2805 19 19 13
2806 12 12 6
2807 17 17 11
2808 20 20 12
2809 23 23 13
2810 14 13 9
2811 16 15 9
2812 12 11 7
2813 18 18 10
2814 7 6 5
2815 17 17 11
2816 18 17 11
2817 18 17 11
2818 16 15 11
2819 16 16 12
2820 17 16 10
2821 23 22 12
2822 19 18 10
2823 21 21 11
2824 22 22 6
2825 25 25 11
2826 10 10 6
2827 13 13 9
2828 8 7 6
2829 18 18 14
2830 7 6 5
2831 23 23 11
2832 10 10 6
2833 21 21 13
2834 14 13 7
2835 16 16 10
2836 17 16 6
2837 9 9 9
2838 18 17 11
2839 20 19 13
2840 14 14 10
2841 19 19 9
2842 22 21 11
2843 16 16 10
2844 15 15 11
2845 24 23 9
2846 14 13 9
2847 26 25 15
2848 6 6 6
2849 19 19 7
2850 22 22 12
2851 27 26 12
2852 15 14 10
2853 13 12 6
2854 17 17 11
2855 16 16 10
2856 19 19 11
2857 24 23 11
2858 26 26 12
2859 15 14 10
2860 21 20 10
2861 17 17 11
2862 14 14 10
2863 21 21 9
2864 14 13 9
2865 8 7 6
2866 22 22 12
2867 15 15 9
2868 22 21 7
2869 10 10 6
2870 23 23 11
2871 18 17 11
2872 20 19 11
2873 16 16 10
2874 19 19 11
2875 28 28 12
2876 13 13 9
2877 12 11 7
2878 26 26 14
2879 7 6 5
2880 21 21 13
2881 18 18 12
2882 17 16 10
2883 13 12 6
2884 23 23 13
2885 14 14 10
2886 23 22 12
2887 21 20 12
2888 21 20 12
2889 15 15 9
2890 20 19 11
2891 26 25 7
2892 26 26 12
2893 19 18 6
2894 11 11 7
2895 16 16 10
2896 11 10 6
2897 15 15 11
2898 16 15 11
2899 14 13 9
2900 18 17 9
2901 18 17 11
2902 24 23 11
2903 14 13 9
2904 18 17 11
2905 18 18 10
2906 19 19 9
2907 18 17 11
2908 18 17 11
2909 6 6 6
2910 25 25 9
2911 14 13 7
2912 12 12 6
2913 17 17 11
2914 16 16 10
2915 23 22 10
2916 17 16 12
2917 15 14 6
2918 19 19 11
2919 26 26 12
2920 7 6 5
2921 17 17 11
2922 18 18 10
2923 11 10 6
2924 19 19 9
2925 22 21 11
2926 20 20 10
2927 27 26 10
2928 23 22 12
2929 21 20 10
2930 17 16 12
2931 17 16 10
2932 21 20 14
2933 15 15 11
2934 20 19 7
2935 16 16 10
2936 15 14 10
2937 19 18 12
2938 13 12 6
2939 19 19 13
2940 6 6 6
2941 17 17 11
2942 18 18 10
2943 31 30 10
2944 15 15 7
2945 14 14 6
2946 11 11 7
2947 16 16 10
2948 19 18 12
2949 17 16 6
2950 25 25 11
2951 20 20 10
2952 13 13 7
2953 20 20 10
2954 15 14 10
2955 13 12 6
2956 15 15 7
2957 28 28 12
2958 15 14 6
2959 15 15 9
2960 12 11 7
2961 14 14 6
2962 15 15 9
2963 18 17 7
2964 20 20 6
2965 21 21 11
2966 14 14 6
2967 21 21 11
2968 14 14 6
2969 17 17 7
2970 14 14 6
2971 23 23 7
2972 12 12 6
2973 29 29 9
2974 18 17 7
2975 24 24 6
2976 15 15 7
2977 18 18 10
2978 21 20 10
2979 13 12 6
2980 19 19 7
2981 30 30 10
2982 19 18 6
2983 21 21 11
2984 14 14 6
2985 21 21 11
2986 22 21 7
2987 26 26 12
2988 17 16 6
2989 19 19 7
2990 16 16 6
2991 19 19 7
2992 18 18 10
2993 11 11 7
2994 24 24 10
2995 19 18 6
2996 13 13 7
2997 14 14 6
2998 37 37 13
2999 20 19 7
3000 18 18 10
3001 17 16 10
3002 17 16 10
3003 7 7 7
3004 16 16 10
3005 27 26 12
3006 33 32 16
3007 19 19 11
3008 14 13 7
3009 26 26 12
3010 11 11 7
3011 32 32 14
3012 25 25 15
3013 30 29 15
3014 30 29 11
3015 24 23 11
3016 32 31 13
3017 16 15 9
3018 16 15 9
3019 18 17 7
3020 28 28 12
3021 11 10 6
3022 23 23 9
3023 16 15 7
3024 22 22 10
3025 19 18 10
3026 31 31 13
3027 24 24 12
3028 29 28 6
3029 21 21 13
3030 18 17 11
3031 12 11 7
3032 20 20 10
3033 17 17 9
3034 16 15 9
3035 28 27 11
3036 20 20 10
3037 17 16 10
3038 13 13 7
3039 10 10 6
3040 13 13 9
3041 22 21 9
3042 32 31 13
3043 14 13 7
3044 26 26 14
3045 21 20 10
3046 11 10 6
3047 13 13 9
3048 22 21 11
3049 22 21 11
3050 16 16 12
3051 17 16 10
3052 21 20 10
3053 17 16 10
3054 11 10 9
3055 25 24 12
3056 7 7 7
3057 20 20 10
3058 17 16 10
3059 23 22 12
3060 23 22 10
3061 21 21 11
3062 6 6 6
3063 21 21 11
3064 18 18 10
3065 11 10 6
3066 7 7 7
3067 16 16 12
3068 11 11 7
3069 16 16 12
3070 23 22 10
3071 15 15 9
3072 20 19 9
3073 16 15 9
3074 20 19 11
3075 18 17 9
3076 16 15 9
3077 18 17 11
3078 14 13 7
3079 22 22 10
3080 13 12 6
3081 25 25 13
3082 16 15 7
3083 14 14 10
3084 7 7 7
3085 20 20 10
3086 7 7 7
3087 18 18 12
3088 13 13 7
3089 22 22 10
3090 19 19 9
3091 22 21 11
3092 18 18 10
3093 13 13 7
3094 14 14 10
3095 17 16 10
3096 7 6 5
3097 17 17 11
3098 20 19 11
3099 16 16 10
3100 15 14 10
3101 17 16 12
3102 13 13 9
3103 8 7 6
3104 18 18 12
3105 17 16 12
3106 25 24 12
3107 17 17 11
3108 12 12 6
3109 15 15 11
3110 6 6 6
3111 15 15 11
3112 18 17 13
3113 10 10 6
3114 19 19 11
3115 20 19 11
3116 14 14 10
3117 11 10 6
3118 13 13 9
3119 18 17 13
3120 16 16 12
3121 15 15 11
3122 22 22 6
3123 27 27 11
3124 16 16 10
3125 7 6 5
3126 21 21 13
3127 10 10 6
3128 17 17 11
3129 18 18 10
3130 15 15 11
3131 14 14 10
3132 17 17 11
3133 16 16 10
3134 21 20 12
3135 11 10 9
3136 15 15 11
3137 16 15 9
3138 20 19 11
3139 28 28 10
3140 21 21 11
3141 14 13 7
3142 16 16 6
3143 15 15 11
3144 12 12 6
3145 15 15 9
3146 16 15 11
3147 24 23 11
3148 16 16 12
3149 15 15 9
3150 16 15 11
3151 20 19 11
3152 16 16 6
3153 15 15 11
3154 18 18 10
3155 7 6 5
3156 21 21 11
3157 20 19 9
3158 16 15 7
3159 10 10 10
3160 21 20 10
3161 17 16 12
3162 15 14 6
3163 11 11 11
3164 18 18 10
3165 15 14 10
3166 19 19 11
3167 20 20 12
3168 21 20 10
3169 11 10 6
3170 13 13 9
3171 18 17 11
3172 14 14 10
3173 11 11 7
3174 18 18 12
3175 15 14 10
3176 15 14 10
3177 9 9 9
3178 18 17 13
3179 14 14 10
3180 15 14 10
3181 13 13 7
3182 18 18 10
3183 15 14 10
3184 17 17 11
3185 12 12 6
3186 21 21 13
3187 8 7 6
3188 14 14 10
3189 23 22 12
3190 29 28 10
3191 25 24 6
3192 25 25 11
3193 14 14 6
3194 17 17 7
3195 10 10 10
3196 11 10 9
3197 15 14 10
3198 7 6 5
3199 17 17 11
3200 16 15 7
3201 16 16 10
3202 17 17 7
3203 18 18 10
3204 7 6 5
3205 15 15 11
3206 22 21 11
3207 20 20 10
3208 35 34 10
3209 29 28 10
3210 15 15 7
3211 14 14 6
3212 11 11 7
3213 16 16 10
3214 11 10 6
3215 21 21 9
3216 34 33 11
3217 26 26 6
3218 17 17 7
3219 18 18 10
3220 15 14 10
3221 21 20 10
3222 31 30 6
3223 21 21 9
3224 32 31 7
3225 18 18 6
3226 11 11 7
3227 18 18 6
3228 15 15 7
3229 52 52 10
3230 35 34 6
3231 27 27 7
3232 16 16 6
3233 23 23 7
3234 18 18 6
3235 31 31 7
3236 22 22 6
3237 17 17 7
3238 20 20 6
3239 25 25 9
3240 16 15 7
3241 40 40 10
3242 21 20 6
3243 23 23 7
3244 22 22 10
3245 25 24 10
3246 19 19 7
3247 18 18 6
3248 15 15 7
3249 22 22 6
3250 21 21 9
3251 26 25 9
3252 18 17 7
3253 28 28 10
3254 27 26 10
3255 31 30 10
3256 13 13 7
3257 12 12 6
3258 19 19 7
3259 22 22 10
3260 33 33 11
3261 32 32 10
3262 19 18 6
3263 19 19 11
3264 10 10 6
3265 19 19 11
3266 30 30 10
3267 39 39 13
3268 34 33 19
3269 18 18 10
3270 27 27 11
3271 28 27 7
3272 32 32 6
3273 41 41 7
3274 30 30 10
3275 33 32 6
3276 35 35 9
3277 32 31 9
3278 22 21 7
3279 34 34 10
3280 29 28 6
3281 21 21 7
3282 18 18 6
3283 29 29 11
3284 28 27 9
3285 24 23 9
3286 20 19 7
3287 32 32 14
3288 31 30 6
3289 17 17 7
3290 28 28 6
3291 39 39 13
3292 28 27 13
3293 36 35 11
3294 20 19 9
3295 20 19 9
3296 26 25 11
3297 26 26 12
3298 21 21 9
3299 36 35 13
3300 20 19 7
3301 26 26 10
3302 33 32 10
3303 17 16 6
3304 19 19 7
3305 20 20 10
3306 19 18 10
3307 13 12 6
3308 21 21 11
3309 16 16 10
3310 27 26 10
3311 13 13 7
3312 24 24 10
3313 25 24 6
3314 19 19 9
3315 32 31 11
3316 28 27 9
3317 14 13 7
3318 22 22 10
3319 21 21 11
3320 22 22 10
3321 27 26 10
3322 19 18 10
3323 21 20 6
3324 21 21 9
3325 28 27 7
3326 16 16 6
3327 13 13 7
3328 20 20 6
3329 17 17 7
3330 28 28 10
3331 15 14 6
3332 25 25 11
3333 24 24 10
3334 43 42 16
3335 17 16 6
3336 27 27 11
3337 16 16 6
3338 21 21 7
3339 20 20 10
3340 31 31 9
3341 18 17 11
3342 22 22 10
3343 31 30 10
3344 23 22 10
3345 19 18 6
3346 19 19 9
3347 22 21 7
3348 28 28 12
3349 19 19 7
3350 22 22 6
3351 25 25 9
3352 22 21 11
3353 22 21 7
3354 22 22 10
3355 27 27 11
3356 20 20 12
3357 23 22 6
3358 29 29 9
3359 22 21 7
3360 24 24 10
3361 23 23 9
3362 16 15 7
3363 14 14 6
3364 31 31 11
3365 28 28 6
3366 27 27 9
3367 24 23 9
3368 34 33 7
3369 22 22 6
3370 29 29 9
3371 32 31 7
3372 30 30 6
3373 17 17 7
3374 22 22 10
3375 29 28 6
3376 43 43 13
3377 24 24 10
3378 29 28 10
3379 51 50 12
3380 29 29 7
3381 28 28 10
3382 27 26 10
3383 33 32 10
3384 17 16 6
3385 45 45 13
3386 30 30 10
3387 25 25 7
3388 22 22 10
3389 21 20 6
3390 25 25 9
3391 18 17 11
3392 46 46 16
3393 27 26 12
3394 35 34 10
3395 21 21 9
3396 24 23 7
3397 22 22 6
3398 29 29 11
3399 22 22 10
3400 23 22 6
3401 19 19 7
3402 26 26 14
3403 13 13 7
3404 36 36 14
3405 27 27 11
3406 38 38 10
3407 31 30 10
3408 27 27 13
3409 28 28 10
3410 15 14 6
3411 17 17 9
3412 20 19 11
3413 26 26 12
3414 27 26 10
3415 27 27 11
3416 12 12 6
3417 21 21 9
3418 42 41 15
3419 24 24 10
3420 45 44 10
3421 27 27 11
3422 20 20 10
3423 19 19 7
3424 26 26 12
3425 39 38 10
3426 29 29 9
3427 30 29 11
3428 32 32 6
3429 23 23 9
3430 26 25 7
3431 46 46 12
3432 15 14 6
3433 35 35 9
3434 24 23 7
3435 18 18 6
3436 17 17 7
3437 28 28 6
3438 25 25 7
3439 26 26 10
3440 23 23 11
3441 24 24 6
3442 23 23 11
3443 22 22 12
3444 27 27 7
3445 26 26 6
3446 23 23 7
3447 14 14 6
3448 23 23 9
3449 30 29 7
3450 28 28 10
3451 39 38 12
3452 25 24 6
3453 27 27 9
3454 26 25 7
3455 24 24 10
3456 27 26 6
3457 29 29 11
3458 22 22 6
3459 35 35 9
3460 32 31 7
3461 22 22 6
3462 23 23 9
3463 20 19 9
3464 24 23 9
3465 32 31 7
3466 24 24 10
3467 43 42 10
3468 41 40 12
3469 35 34 10
3470 35 34 10
3471 31 30 6
3472 29 29 11
3473 42 42 10
3474 41 40 10
3475 29 28 6
3476 25 25 9
3477 28 27 7
3478 26 26 10
3479 29 29 7
3480 40 40 10
3481 23 23 7
3482 34 34 10
3483 25 24 10
3484 31 31 9
3485 16 15 7
3486 18 18 6
3487 25 25 11
3488 22 21 7
3489 38 38 10
3490 25 24 10
3491 15 14 10
3492 17 16 6
3493 29 29 9
3494 24 23 7
3495 20 20 10
3496 13 12 6
3497 15 15 7
3498 18 18 10
3499 13 12 6
3500 21 21 11
3501 16 15 9
3502 24 23 7
3503 16 16 6
3504 25 25 13
3505 16 16 6
3506 29 29 11
3507 10 10 6
3508 25 25 11
3509 8 7 6
3510 14 14 10
3511 15 14 6
3512 19 19 11
3513 12 11 7
3514 24 24 12
3515 27 26 10
3516 21 20 10
3517 29 29 11
3518 20 20 6
3519 15 15 7
3520 20 20 12
3521 15 14 10
3522 19 19 7
3523 16 16 10
3524 25 25 11
3525 12 12 6
3526 23 23 9
3527 24 23 11
3528 20 19 11
3529 22 21 11
3530 24 24 12
3531 25 25 11
3532 22 21 9
3533 16 15 9
3534 24 23 11
3535 14 13 9
3536 30 29 13
3537 12 12 6
3538 23 23 11
3539 22 21 11
3540 22 22 10
3541 25 24 10
3542 11 10 6
3543 25 25 13
3544 14 14 10
3545 29 28 10
3546 21 21 7
3547 14 14 6
3548 13 13 9
3549 20 19 9
3550 20 19 9
3551 20 19 7
3552 28 28 12
3553 27 26 10
3554 21 20 10
3555 25 24 10
3556 19 18 10
3557 19 19 7
3558 10 10 10
3559 17 16 10
3560 23 23 7
3561 26 26 10
3562 21 21 7
3563 14 14 6
3564 25 25 11
3565 10 10 6
3566 7 7 7
3567 22 22 10
3568 25 24 6
3569 29 29 11
3570 16 16 10
3571 39 38 10
3572 29 29 7
3573 16 16 6
3574 15 15 7
3575 22 22 10
3576 25 24 6
3577 27 27 7
3578 14 14 6
3579 21 21 7
3580 20 20 10
3581 25 25 7
3582 30 30 10
3583 21 20 6
3584 19 19 7
3585 24 24 6
3586 25 25 7
3587 20 20 6
3588 37 37 7
3589 24 24 10
3590 27 26 6
3591 21 21 7
3592 24 24 6
3593 23 23 9
3594 28 27 9
3595 28 27 9
3596 20 19 7
3597 12 12 6
3598 19 19 7
3599 20 20 10
3600 23 22 6
3601 27 27 7
3602 24 24 12
3603 23 22 12
3604 27 26 12
3605 31 30 10
3606 21 20 6
3607 27 27 11
3608 36 35 11
3609 24 23 9
3610 22 21 7
3611 16 16 6
3612 25 25 11
3613 26 26 10
3614 17 17 9
3615 24 23 11
3616 20 19 7
3617 22 22 10
3618 27 27 11
3619 30 29 9
3620 20 19 9
3621 28 27 11
3622 26 26 10
3623 11 10 6
3624 19 19 7
3625 18 18 10
3626 19 19 7
3627 12 12 6
3628 35 35 15
3629 16 16 6
3630 33 33 11
3631 20 20 10
3632 29 29 9
3633 20 19 7
3634 30 30 10
3635 13 13 9
3636 38 37 11
3637 22 21 11
3638 22 22 10
3639 17 17 7
3640 20 20 6
3641 21 21 11
3642 14 14 6
3643 31 31 11
3644 20 20 12
3645 25 25 11
3646 18 18 6
3647 23 23 13
3648 22 22 10
3649 13 12 6
3650 21 21 11
3651 22 21 13
3652 16 16 10
3653 19 18 6
3654 19 19 11
3655 14 14 6
3656 13 13 7
3657 18 18 6
3658 19 19 9
3659 28 27 11
3660 22 21 9
3661 20 19 11
3662 14 14 6
3663 15 15 9
3664 18 17 9
3665 22 21 11
3666 20 20 10
3667 21 20 10
3668 13 13 9
3669 16 15 9
3670 8 7 6
3671 20 20 10
3672 13 13 7
3673 24 24 14
3674 21 20 10
3675 27 26 12
3676 27 27 11
3677 22 21 11
3678 22 22 6
3679 21 21 7
3680 14 14 6
3681 23 23 9
3682 12 11 7
3683 24 24 10
3684 11 11 7
3685 20 20 10
3686 13 13 9
3687 18 17 7
3688 20 20 6
3689 21 21 11
3690 18 17 7
3691 22 22 10
3692 19 19 7
3693 12 12 6
3694 17 17 7
3695 30 30 12
3696 25 24 6
3697 17 17 7
3698 12 12 6
3699 11 11 7
3700 26 26 12
3701 17 16 6
3702 21 21 11
3703 26 26 12
3704 15 14 10
3705 13 12 6
3706 17 17 7
3707 16 16 10
3708 17 17 7
3709 20 20 6
3710 23 23 9
3711 8 7 6
3712 20 20 10
3713 15 14 10
3714 13 13 7
3715 6 6 6
3716 21 21 13
3717 14 13 7
3718 22 22 12
3719 19 18 10
3720 23 22 12
3721 21 20 10
3722 15 14 6
3723 15 15 9
3724 16 15 9
3725 12 11 7
3726 20 20 12
3727 11 10 9
3728 19 18 12
3729 15 15 11
3730 18 18 10
3731 23 22 10
3732 19 18 12
3733 19 18 10
3734 21 20 6
3735 19 19 11
3736 16 16 10
3737 17 17 11
3738 20 19 11
3739 20 20 10
3740 21 21 9
3741 22 21 9
3742 26 25 9
3743 16 15 7
3744 20 20 12
3745 19 18 10
3746 23 22 12
3747 7 7 7
3748 22 22 10
3749 23 23 13
3750 24 24 12
3751 21 20 10
3752 29 28 10
3753 19 18 10
3754 15 14 6
3755 13 13 7
3756 16 16 10
3757 21 20 10
3758 23 23 9
3759 14 13 9
3760 28 27 9
3761 14 13 7
3762 24 24 10
3763 23 23 9
3764 32 31 11
3765 18 18 6
3766 17 17 11
3767 24 24 10
3768 23 22 10
3769 19 19 7
3770 14 14 10
3771 13 13 9
3772 20 19 11
3773 16 15 9
3774 12 11 7
3775 20 20 12
3776 13 13 7
3777 14 14 6
3778 27 27 13
3779 20 19 11
3780 12 12 6
3781 15 15 7
3782 18 18 12
3783 25 24 10
3784 19 19 7
3785 22 22 10
3786 15 14 6
3787 17 17 9
3788 18 17 9
3789 12 11 7
3790 18 18 6
3791 21 21 7
3792 14 14 6
3793 15 15 9
3794 18 17 7
3795 18 18 10
3796 15 14 10
3797 25 24 10
3798 31 30 10
3799 19 18 6
3800 23 23 7
3801 14 14 6
3802 15 15 7
3803 20 20 6
3804 21 21 7
3805 20 20 10
3806 13 12 6
3807 17 17 7
3808 14 14 6
3809 25 25 7
3810 20 20 6
3811 15 15 7
3812 20 20 6
3813 11 11 7
3814 10 10 6
3815 27 27 9
3816 20 19 7
3817 16 16 6
3818 21 21 9
3819 20 19 7
3820 20 20 10
3821 31 30 10
3822 25 24 6
3823 23 23 11
3824 14 14 6
3825 35 35 7
3826 24 24 10
3827 21 20 6
3828 25 25 7
3829 14 14 6
3830 21 21 9
3831 32 31 7
3832 38 38 6
3833 25 25 7
3834 16 16 6
3835 35 35 11
3836 24 23 7
3837 22 22 10
3838 27 26 6
3839 19 19 9
3840 22 21 7
3841 18 18 6
3842 29 29 9
3843 22 21 11
3844 40 39 13
3845 26 26 6
3846 37 37 7
3847 24 24 6
3848 29 29 9
3849 16 15 7
3850 16 16 6
3851 35 35 7
3852 34 34 6
3853 23 23 7
3854 22 22 6
3855 27 27 9
3856 28 27 7
3857 22 22 6
3858 27 27 7
3859 14 14 6
3860 27 27 7
3861 34 34 10
3862 21 21 9
3863 20 19 9
3864 34 33 11
3865 28 27 11
3866 38 37 11
3867 16 15 7
3868 34 34 14
3869 19 18 6
3870 27 27 11
3871 20 20 10
3872 21 21 9
3873 18 17 7
3874 46 46 16
3875 33 32 16
3876 17 16 6
3877 13 13 7
3878 60 60 16
3879 29 29 7
3880 18 18 6
3881 17 17 7
3882 18 18 6
3883 13 13 7
3884 10 10 6
3885 23 23 7
3886 34 34 14
3887 33 33 17
3888 26 25 11
3889 38 38 16
3890 13 12 6
3891 23 23 9
3892 22 21 11
3893 22 21 9
3894 28 27 11
3895 24 24 12
3896 11 10 6
3897 33 33 17
3898 24 23 11
3899 20 20 12
3900 19 18 10
3901 17 16 6
3902 15 15 9
3903 34 33 15
3904 14 14 6
3905 19 19 11
3906 22 21 11
3907 34 34 14
3908 19 19 11
3909 18 17 11
3910 24 23 13
3911 30 30 16
3912 17 17 9
3913 28 27 17
3914 14 14 6
3915 31 31 13
3916 16 16 10
3917 23 22 10
3918 17 16 10
3919 25 25 13
3920 18 17 7
3921 16 16 10
3922 13 12 6
3923 15 15 11
3924 20 20 10
3925 27 26 10
3926 21 21 7
3927 18 18 10
3928 11 11 7
3929 22 22 10
3930 25 24 12
3931 19 19 9
3932 22 21 9
3933 22 21 11
3934 20 20 10
3935 15 15 7
3936 6 6 6
3937 21 21 9
3938 26 25 11
3939 10 10 6
3940 15 15 9
3941 16 15 11
3942 18 17 9
3943 14 13 9
3944 14 13 7
3945 24 24 12
3946 17 16 10
3947 21 20 10
3948 27 27 11
3949 14 13 7
3950 24 24 10
3951 11 11 7
3952 24 24 14
3953 13 13 7
3954 16 16 10
3955 7 7 7
3956 20 20 10
3957 19 19 9
3958 20 19 11
3959 20 20 10
3960 25 24 12
3961 19 19 7
3962 18 18 10
3963 19 18 10
3964 19 18 10
3965 19 18 10
3966 23 22 10
3967 21 20 10
3968 19 18 10
3969 13 12 6
3970 19 19 11
3971 24 24 6
3972 17 17 9
3973 22 21 9
3974 28 27 11
3975 22 22 10
3976 33 33 15
3977 16 16 10
3978 37 36 12
3979 21 20 6
3980 19 19 9
3981 20 19 9
3982 22 21 9
3983 18 17 7
3984 10 10 6
3985 17 17 11
3986 24 24 12
3987 19 19 9
3988 24 23 7
3989 20 20 10
3990 21 21 7
3991 12 12 6
3992 17 17 9
3993 18 17 11
3994 12 12 6
3995 25 25 11
3996 16 16 6
3997 15 15 9
3998 28 27 11
3999 20 20 10
4000 23 22 10
4001 17 16 10
4002 17 16 6
4003 21 21 7
4004 24 24 10
4005 13 12 6
4006 23 23 11
4007 10 10 6
4008 31 31 11
4009 22 21 9
4010 16 15 7
4011 12 12 6
4012 17 17 7
4013 12 12 6
4014 23 23 9
4015 20 19 9
4016 22 21 9
4017 22 21 9
4018 18 17 7
4019 24 24 14
4020 19 19 11
4021 14 14 6
4022 31 31 9
4023 12 11 7
4024 22 22 10
4025 25 24 12
4026 17 16 10
4027 21 21 7
4028 18 18 10
4029 17 16 6
4030 17 17 11
4031 20 20 10
4032 7 6 5
4033 13 13 9
4034 24 23 11
4035 24 24 12
4036 23 22 6
4037 17 17 9
4038 22 21 7
4039 16 16 6
4040 27 27 11
4041 14 14 6
4042 15 15 7
4043 20 20 12
4044 17 16 10
4045 23 22 6
4046 17 17 7
4047 20 20 10
4048 21 21 11
4049 26 25 11
4050 24 24 10
4051 27 27 11
4052 20 19 9
4053 22 21 9
4054 20 19 11
4055 18 17 7
4056 6 6 6
4057 21 21 11
4058 12 11 7
4059 18 18 10
4060 11 11 7
4061 14 14 10
4062 25 24 12
4063 13 13 9
4064 14 13 9
4065 22 21 11
4066 24 23 9
4067 14 13 9
4068 16 15 7
4069 24 24 12
4070 11 10 9
4071 19 18 12
4072 7 6 5
4073 21 21 15
4074 16 16 10
4075 19 18 12
4076 21 21 11
4077 18 18 12
4078 17 16 6
4079 21 21 11
4080 18 17 11
4081 32 32 14
4082 17 16 10
4083 19 18 10
4084 17 17 11
4085 10 10 6
4086 23 23 15
4087 22 22 10
4088 13 13 7
4089 10 10 6
4090 17 17 11
4091 8 7 6
4092 20 20 14
4093 29 28 12
4094 19 19 9
4095 22 21 13
4096 16 16 6
4097 19 19 11
4098 18 17 9
4099 12 11 7
4100 18 18 12
4101 7 7 7
4102 20 20 12
4103 21 21 13
4104 14 14 10
4105 17 16 10
4106 19 18 12
4107 9 9 9
4108 24 23 13
4109 14 14 10
4110 27 26 10
4111 19 18 12
4112 17 16 12
4113 17 16 10
4114 17 16 12
4115 7 6 5
4116 25 25 13
4117 14 14 10
4118 23 22 12
4119 15 14 6
4120 21 21 13
4121 20 20 10
4122 19 19 13
4123 18 17 9
4124 20 19 11
4125 12 11 7
4126 18 18 12
4127 21 20 12
4128 17 16 10
4129 7 6 5
4130 25 25 13
4131 12 11 10
4132 18 18 6
4133 15 15 7
4134 28 28 16
4135 15 14 10
4136 17 16 10
4137 19 18 10
4138 13 12 6
4139 13 13 7
4140 16 16 12
4141 17 16 12
4142 27 26 14
4143 13 13 7
4144 26 26 12
4145 17 16 12
4146 17 16 6
4147 19 19 11
4148 16 15 11
4149 20 20 10
4150 17 17 11
4151 18 18 6
4152 15 15 7
4153 20 20 10
4154 11 11 7
4155 28 28 12
4156 7 6 5
4157 19 19 9
4158 18 17 11
4159 24 23 13
4160 16 16 6
4161 15 15 9
4162 12 11 7
4163 18 18 12
4164 19 18 10
4165 19 19 13
4166 14 14 6
4167 11 11 7
4168 16 16 10
4169 17 17 11
4170 10 10 10
4171 27 26 10
4172 15 15 7
4173 14 14 6
4174 23 23 13
4175 18 17 9
4176 14 13 7
4177 18 18 10
4178 11 10 9
4179 21 20 14
4180 19 18 10
4181 21 20 14
4182 21 21 7
4183 10 10 6
4184 19 19 9
4185 18 17 11
4186 10 9 8
4187 22 21 13
4188 20 20 10
4189 27 27 13
4190 16 16 6
4191 21 21 7
4192 10 10 6
4193 11 11 7
4194 14 14 10
4195 21 20 14
4196 31 31 9
4197 36 35 7
4198 18 18 10
4199 13 12 6
4200 13 13 7
4201 12 12 6
4202 21 21 9
4203 36 35 7
4204 30 30 6
4205 23 23 7
4206 10 10 6
4207 13 13 7
4208 24 24 6
4209 19 19 9
4210 44 43 11
4211 26 26 10
4212 19 19 9
4213 24 23 13
4214 36 35 7
4215 10 10 6
4216 17 17 9
4217 20 19 9
4218 26 25 11
4219 26 26 10
4220 29 28 12
4221 31 30 10
4222 25 24 10
4223 23 23 9
4224 32 31 11
4225 28 27 9
4226 30 29 13
4227 34 34 10
4228 29 29 13
4229 20 19 7
4230 36 36 14
4231 21 20 10
4232 33 33 11
4233 46 45 13
4234 32 31 11
4235 18 17 9
4236 24 23 11
4237 30 30 10
4238 27 27 15
4239 34 34 16
4240 25 25 13
4241 24 24 10
4242 33 33 11
4243 20 19 7
4244 18 18 10
4245 33 32 14
4246 27 27 11
4247 32 32 12
4248 23 23 11
4249 12 12 6
4250 23 23 7
4251 16 16 6
4252 25 25 11
4253 16 16 10
4254 25 25 9
4255 30 29 17
4256 18 17 9
4257 20 19 9
4258 22 21 9
4259 24 23 13
4260 16 16 10
4261 23 23 11
4262 38 37 15
4263 32 31 17
4264 28 27 11
4265 36 35 11
4266 22 21 7
4267 24 24 16
4268 25 25 11
4269 26 26 10
4270 23 23 7
4271 18 18 6
4272 25 25 9
4273 34 33 15
4274 28 28 12
4275 27 26 14
4276 31 30 14
4277 33 33 13
4278 44 44 16
4279 37 36 16
4280 21 21 7
4281 28 28 10
4282 29 29 9
4283 24 23 9
4284 24 23 7
4285 22 22 10
4286 33 33 13
4287 18 17 7
4288 24 24 10
4289 31 31 13
4290 32 31 13
4291 36 36 14
4292 37 36 16
4293 19 18 12
4294 25 25 9
4295 24 23 13
4296 30 30 16
4297 29 28 14
4298 17 16 10
4299 11 11 7
4300 42 42 14
4301 19 19 13
4302 18 18 10
4303 19 18 6
4304 21 21 9
4305 20 19 9
4306 12 11 7
4307 16 16 10
4308 21 20 6
4309 21 21 9
4310 18 17 9
4311 16 15 7
4312 20 20 10
4313 13 12 6
4314 25 25 13
4315 12 11 7
4316 10 10 6
4317 17 17 9
4318 24 23 11
4319 20 20 6
4320 7 7 7
4321 16 16 6
4322 15 15 9
4323 18 17 11
4324 18 17 7
4325 20 20 10
4326 17 16 10
4327 19 19 7
4328 10 10 6
4329 17 17 9
4330 8 7 6
4331 26 26 14
4332 31 30 10
4333 21 21 7
4334 18 18 10
4335 17 17 9
4336 20 19 11
4337 10 10 6
4338 7 7 7
4339 20 20 10
4340 17 16 10
4341 23 23 9
4342 18 17 7
4343 16 16 6
4344 13 13 7
4345 22 22 10
4346 19 19 7
4347 22 22 12
4348 23 22 12
4349 15 15 11
4350 16 16 10
4351 21 20 6
4352 21 21 11
4353 20 19 9
4354 20 19 11
4355 24 24 10
4356 11 11 7
4357 26 26 14
4358 13 12 6
4359 23 23 11
4360 24 23 7
4361 34 34 12
4362 21 21 11
4363 20 20 6
4364 7 7 7
4365 22 22 12
4366 13 13 7
4367 26 26 12
4368 11 10 6
4369 15 15 11
4370 28 28 12
4371 23 22 6
4372 17 17 9
4373 16 15 7
4374 10 10 6
4375 25 25 11
4376 10 10 10
4377 21 20 12
4378 23 22 10
4379 21 20 10
4380 7 7 7
4381 28 28 14
4382 21 20 10
4383 19 19 11
4384 6 6 6
4385 19 19 11
4386 14 14 6
4387 17 17 9
4388 18 17 11
4389 16 16 10
4390 21 21 9
4391 16 15 11
4392 20 20 10
4393 19 18 10
4394 19 19 11
4395 16 16 10
4396 19 19 9
4397 22 21 11
4398 10 10 6
4399 17 17 7
4400 26 26 12
4401 13 13 7
4402 16 16 10
4403 15 14 10
4404 17 16 10
4405 7 6 5
4406 15 15 11
4407 26 26 10
4408 15 14 6
4409 15 15 9
4410 20 19 11
4411 6 6 6
4412 21 21 11
4413 8 7 6
4414 18 18 10
4415 15 14 6
4416 19 19 9
4417 18 17 9
4418 22 21 9
4419 8 7 6
4420 14 14 10
4421 11 11 7
4422 28 28 12
4423 17 16 6
4424 25 25 9
4425 16 15 9
4426 16 15 11
4427 20 19 9
4428 22 21 11
4429 16 15 7
4430 14 14 10
4431 19 18 10
4432 21 20 12
4433 17 17 9
4434 24 23 9
4435 12 11 7
4436 22 22 12
4437 23 22 10
4438 19 19 11
4439 6 6 6
4440 17 17 11
4441 18 18 10
4442 25 25 9
4443 22 21 9
4444 20 19 11
4445 10 10 6
4446 29 29 13
4447 16 16 10
4448 13 12 6
4449 11 11 7
4450 16 16 10
4451 19 18 10
4452 15 14 10
4453 21 20 12
4454 23 22 10
4455 17 17 7
4456 20 20 10
4457 13 12 6
4458 21 21 11
4459 10 10 6
4460 25 25 7
4461 16 16 10
4462 17 16 6
4463 15 15 11
4464 10 10 6
4465 23 23 11
4466 26 26 10
4467 17 16 10
4468 13 13 7
4469 22 22 6
4470 19 19 9
4471 24 23 11
4472 22 22 10
4473 23 23 9
4474 14 13 7
4475 18 18 6
4476 15 15 7
4477 18 18 10
4478 19 18 6
4479 31 31 9
4480 24 23 7
4481 20 20 6
4482 19 19 7
4483 18 18 6
4484 29 29 11
4485 18 18 6
4486 15 15 7
4487 22 22 10
4488 27 26 10
4489 21 20 10
4490 19 19 7
4491 28 28 6
4492 51 51 9
4493 30 29 7
4494 16 16 6
4495 23 23 9
4496 24 23 7
4497 22 22 6
4498 39 39 7
4499 36 36 10
4500 21 21 7
4501 18 18 6
4502 27 27 7
4503 22 22 10
4504 29 28 10
4505 29 28 10
4506 17 16 6
4507 23 23 9
4508 28 27 7
4509 22 22 6
4510 19 19 9
4511 28 27 9
4512 32 31 11
4513 16 15 7
4514 20 20 10
4515 23 22 10
4516 19 18 6
4517 25 25 11
4518 30 30 10
4519 25 24 10
4520 17 17 9
4521 42 41 13
4522 28 27 11
4523 22 21 7
4524 38 38 6
4525 23 23 9
4526 24 23 7
4527 22 22 10
4528 25 24 14
4529 27 26 10
4530 25 24 10
4531 23 22 10
4532 27 27 11
4533 34 33 9
4534 30 29 11
4535 50 50 12
4536 23 23 7
4537 16 16 6
4538 11 11 7
4539 24 24 10
4540 21 20 6
4541 27 27 9
4542 36 35 9
4543 30 29 11
4544 16 16 6
4545 21 21 13
4546 18 18 6
4547 23 23 9
4548 32 31 7
4549 28 28 10
4550 21 21 9
4551 28 27 13
4552 22 22 6
4553 33 33 9
4554 32 31 11
4555 28 28 10
4556 39 38 16
4557 25 25 13
4558 20 20 6
4559 19 19 9
4560 22 21 11
4561 22 22 12
4562 31 31 17
4563 20 20 10
4564 35 34 10
4565 15 14 6
4566 43 43 17
4567 16 16 6
4568 37 37 13
4569 18 18 6
4570 19 19 11
4571 16 15 7
4572 28 28 14
4573 15 15 9
4574 24 23 9
4575 18 17 7
4576 52 52 24
4577 31 30 10
4578 23 22 12
4579 21 20 10
4580 17 16 6
4581 17 17 11
4582 20 20 10
4583 17 16 6
4584 25 25 9
4585 16 15 7
4586 30 30 10
4587 11 10 9
4588 23 22 10
4589 25 25 13
4590 22 22 12
4591 13 12 6
4592 25 25 7
4593 24 24 10
4594 23 22 12
4595 17 16 10
4596 23 22 10
4597 23 23 11
4598 26 26 10
4599 27 27 7
4600 18 18 6
4601 19 19 7
4602 16 16 10
4603 7 6 5
4604 21 21 11
4605 12 11 7
4606 32 32 10
4607 17 16 12
4608 19 19 9
4609 22 21 11
4610 16 15 7
4611 16 16 10
4612 19 19 11
4613 18 18 12
4614 15 14 6
4615 25 25 11
4616 20 19 9
4617 16 15 9
4618 24 23 11
4619 18 17 11
4620 32 32 16
4621 13 12 6
4622 23 23 11
4623 16 15 9
4624 22 21 11
4625 16 15 11
4626 16 16 10
4627 15 15 9
4628 8 7 6
4629 18 18 12
4630 15 14 10
4631 23 22 10
4632 15 14 10
4633 17 16 10
4634 13 13 7
4635 20 20 12
4636 13 12 6
4637 23 23 11
4638 16 16 6
4639 33 33 15
4640 20 20 10
4641 25 25 11
4642 22 22 10
4643 23 22 10
4644 7 6 5
4645 17 17 11
4646 18 18 10
4647 15 14 6
4648 13 13 7
4649 20 20 12
4650 25 25 9
4651 16 15 9
4652 14 13 7
4653 18 18 12
4654 19 18 12
4655 19 18 10
4656 17 17 9
4657 16 15 9
4658 16 15 9
4659 20 19 11
4660 24 24 12
4661 21 20 14
4662 15 15 7
4663 14 14 10
4664 17 16 10
4665 25 25 13
4666 18 18 10
4667 21 21 9
4668 18 17 11
4669 20 20 10
4670 7 6 5
4671 19 19 13
4672 18 18 10
4673 23 22 12
4674 15 14 10
4675 17 16 10
4676 7 7 7
4677 24 24 12
4678 17 16 10
4679 19 19 11
4680 18 18 12
4681 11 10 9
4682 19 18 12
4683 17 17 11
4684 22 21 11
4685 22 21 13
4686 14 14 10
4687 27 27 9
4688 18 17 9
4689 16 15 7
4690 26 26 10
4691 21 20 10
4692 11 10 6
4693 11 11 7
4694 22 22 12
4695 25 24 10
4696 23 22 10
4697 7 7 7
4698 30 30 14
4699 27 27 15
4700 16 16 10
4701 15 15 11
4702 20 20 10
4703 11 11 7
4704 18 18 12
4705 15 15 9
4706 22 21 11
4707 12 11 7
4708 16 16 10
4709 13 12 6
4710 29 29 13
4711 14 13 9
4712 22 21 7
4713 28 28 12
4714 27 26 14
4715 17 17 7
4716 18 18 6
4717 11 11 7
4718 6 6 6
4719 15 15 7
4720 16 16 10
4721 17 17 7
4722 16 16 10
4723 21 21 11
4724 16 16 6
4725 17 17 9
4726 18 17 9
4727 22 21 9
4728 16 15 7
4729 12 12 6
4730 15 15 11
4731 18 18 10
4732 19 18 14
4733 11 11 7
4734 10 10 6
4735 19 19 9
4736 28 27 11
4737 10 9 8
4738 16 15 9
4739 14 13 9
4740 10 9 8
4741 20 19 9
4742 18 17 7
4743 18 18 12
4744 9 9 9
4745 24 23 11
4746 12 12 6
4747 17 17 9
4748 10 9 8
4749 30 29 13
4750 18 17 9
4751 18 17 9
4752 18 17 7
4753 14 14 10
4754 11 10 6
4755 15 15 11
4756 10 10 10
4757 19 19 11
4758 16 15 9
4759 20 19 11
4760 16 16 12
4761 19 18 10
4762 15 14 10
4763 19 18 12
4764 17 16 10
4765 19 18 10
4766 15 14 10
4767 15 14 6
4768 11 11 7
4769 6 6 6
4770 21 21 13
4771 18 18 10
4772 23 22 12
4773 19 19 11
4774 10 10 6
4775 21 21 13
4776 20 20 12
4777 17 16 10
4778 23 23 13
4779 20 20 12
4780 11 10 6
4781 15 15 7
4782 22 22 12
4783 19 18 10
4784 17 16 10
4785 19 19 9
4786 22 21 13
4787 22 22 10
4788 21 21 13
4789 18 17 7
4790 22 22 10
4791 7 7 7
4792 20 20 10
4793 11 10 9
4794 15 14 10
4795 15 15 9
4796 18 17 11
4797 20 19 11
4798 16 16 10
4799 7 6 5
4800 19 19 11
4801 18 17 11
4802 24 24 12
4803 25 25 9
4804 18 17 11
4805 16 15 7
4806 20 20 10
4807 13 12 6
4808 15 15 11
4809 20 19 9
4810 16 15 11
4811 6 6 6
4812 15 15 9
4813 16 15 11
4814 14 14 10
4815 15 14 10
4816 17 17 7
4817 20 20 10
4818 25 24 10
4819 23 23 11
4820 18 17 13
4821 10 10 6
4822 19 19 11
4823 16 16 12
4824 21 20 14
4825 11 10 6
4826 15 15 7
4827 18 18 12
4828 17 16 10
4829 19 18 10
4830 11 10 9
4831 15 14 10
4832 15 15 9
4833 18 17 11
4834 14 13 9
4835 16 15 11
4836 16 16 10
4837 27 27 13
4838 12 12 6
4839 23 23 11
4840 20 19 9
4841 20 19 7
4842 12 12 6
4843 19 19 9
4844 14 13 7
4845 22 22 16
4846 13 12 6
4847 17 17 7
4848 20 20 6
4849 15 15 9
4850 22 21 9
4851 16 15 9
4852 18 17 9
4853 18 17 11
4854 28 28 10
4855 21 21 7
4856 12 12 6
4857 17 17 7
4858 34 34 10
4859 17 16 6
4860 29 29 7
4861 14 14 6
4862 13 13 9
4863 26 25 7
4864 18 18 6
4865 19 19 7
4866 14 14 6
4867 15 15 7
4868 24 24 12
4869 17 17 7
4870 18 18 6
4871 13 13 7
4872 6 6 6
4873 21 21 9
4874 32 31 9
4875 12 11 7
4876 22 22 14
4877 19 19 9
4878 18 17 7
4879 22 22 10
4880 19 19 7
4881 24 24 12
4882 25 24 14
4883 21 20 12
4884 17 16 10
4885 15 15 9
4886 16 15 9
4887 22 21 11
4888 14 14 10
4889 13 12 6
4890 17 17 11
4891 14 14 6
4892 17 17 9
4893 22 21 9
4894 18 17 7
4895 12 12 6
4896 33 33 13
4897 14 13 7
4898 14 14 6
4899 11 11 11
4900 22 22 10
4901 19 18 10
4902 17 16 10
4903 19 18 10
4904 25 24 10
4905 15 14 6
4906 17 17 9
4907 14 13 9
4908 20 19 11
4909 18 18 10
4910 27 26 14
4911 23 22 6
4912 23 23 9
4913 16 15 9
4914 20 19 11
4915 20 19 7
4916 16 16 6
4917 21 21 9
4918 18 17 7
4919 16 16 6
4920 11 11 7
4921 18 18 12
4922 15 14 10
4923 9 9 9
4924 18 17 7
4925 18 18 10
4926 17 16 10
4927 15 15 11
4928 10 10 10
4929 19 18 12
4930 17 17 11
4931 16 15 7
4932 18 18 6
4933 15 15 9
4934 12 11 7
4935 16 16 10
4936 13 13 9
4937 20 19 9
4938 22 21 13
4939 22 21 7
4940 18 18 10
4941 13 12 6
4942 15 15 7
4943 16 16 10
4944 15 15 9
4945 16 15 11
4946 18 18 10
4947 19 18 6
4948 11 11 7
4949 16 16 6
4950 21 21 7
4951 12 12 6
4952 13 13 7
4953 18 18 10
4954 25 24 10
4955 17 16 6
4956 11 11 7
4957 18 18 10
4958 15 14 6
4959 23 23 11
4960 14 13 7
4961 18 18 6
4962 17 17 9
4963 18 17 11
4964 6 6 6
4965 25 25 11
4966 16 16 10
4967 17 17 9
4968 16 15 11
4969 24 23 11
4970 16 16 10
4971 19 18 10
4972 7 6 5
4973 19 19 11
4974 24 24 10
4975 21 20 10
4976 19 18 10
4977 27 26 10
4978 11 10 6
4979 17 17 11
4980 16 15 9
4981 18 17 7
4982 20 20 10
4983 23 22 10
4984 17 17 7
4985 18 18 10
4986 7 6 5
4987 19 19 11
4988 18 18 10
4989 15 15 9
4990 10 9 8
4991 26 25 13
4992 8 7 6
4993 22 22 12
4994 25 24 12
4995 15 15 11
4996 20 19 11
4997 22 21 9
4998 8 7 6
4999 18 18 14
