0 22 21 5
1 11 10 4
2 14 13 5
3 25 25 5
4 15 15 5
5 19 18 6
6 18 18 4
7 14 13 5
8 21 20 6
9 20 19 5
10 13 12 4
11 12 11 5
12 5 5 5
13 10 9 5
14 13 13 5
15 13 13 5
16 15 14 6
17 22 21 5
18 11 11 5
19 15 14 6
20 14 14 4
21 12 11 5
22 15 15 5
23 13 12 4
24 10 9 5
25 13 12 6
26 14 13 5
27 9 8 4
28 10 9 5
29 15 15 5
30 13 13 5
31 15 14 6
32 8 8 4
33 10 9 5
34 13 12 6
35 12 12 6
36 12 12 4
37 8 7 6
38 18 18 4
39 16 15 5
40 11 11 5
41 13 13 5
42 13 13 5
43 9 8 4
44 12 11 5
45 13 12 6
46 14 14 6
47 10 10 4
48 24 23 5
49 11 11 5
50 17 16 4
51 22 21 5
52 5 5 5
53 14 13 5
54 5 5 5
55 10 9 5
56 13 12 4
57 18 17 5
58 25 25 5
59 17 17 5
60 23 22 6
61 14 14 4
62 16 15 5
63 37 36 8
64 28 28 4
65 36 35 5
66 23 23 5
67 17 16 6
68 12 12 4
69 22 21 5
70 17 17 5
71 19 18 4
72 26 25 5
73 21 21 5
74 11 10 4
75 20 19 5
76 15 15 5
77 23 22 4
78 24 23 5
79 17 16 6
80 20 19 5
81 11 11 5
82 29 28 6
83 24 24 6
84 20 20 4
85 24 23 5
86 41 40 6
87 34 34 6
88 16 15 5
89 21 20 6
90 26 26 6
91 36 36 6
92 20 20 4
93 34 33 5
94 25 25 5
95 21 20 4
96 22 21 5
97 23 23 5
98 23 22 6
99 20 19 5
100 25 24 6
101 22 21 5
102 31 30 6
103 20 20 4
104 18 17 5
105 13 13 5
106 17 16 4
107 26 25 5
108 21 20 6
109 20 20 6
110 16 16 4
111 26 25 5
112 19 19 5
113 19 19 5
114 31 30 6
115 20 19 5
116 21 21 5
117 29 29 5
118 21 21 5
119 27 27 7
120 15 14 6
121 16 16 4
122 20 19 7
123 35 34 6
124 22 22 6
125 28 28 6
126 22 22 4
127 34 33 5
128 27 27 5
129 17 16 4
130 16 15 5
131 21 21 5
132 17 16 4
133 20 19 7
134 25 24 4
135 30 29 5
136 19 18 6
137 14 14 4
138 24 23 5
139 21 21 5
140 17 17 5
141 27 26 6
142 22 22 6
143 30 30 4
144 20 19 5
145 23 23 5
146 13 12 4
147 20 19 5
148 19 19 5
149 21 20 6
150 28 28 6
151 26 25 5
152 25 24 6
153 26 26 6
154 18 18 6
155 32 31 5
156 17 17 5
157 25 25 5
158 17 17 5
159 27 27 5
160 27 26 8
161 18 18 4
162 30 29 5
163 29 29 5
164 21 21 5
165 15 15 5
166 17 16 4
167 22 21 7
168 31 30 6
169 24 24 4
170 22 21 7
171 25 24 6
172 24 24 6
173 20 20 4
174 30 29 5
175 19 19 5
176 23 23 5
177 35 34 4
178 32 31 9
179 31 30 6
180 26 26 6
181 26 26 6
182 22 22 4
183 28 27 5
184 25 24 4
185 30 29 5
186 35 34 8
187 26 26 4
188 26 25 5
189 21 21 5
190 31 30 6
191 26 26 6
192 14 14 6
193 14 14 4
194 18 17 5
195 17 17 5
196 23 22 6
197 18 18 4
198 26 25 5
199 25 25 5
200 13 13 5
201 21 21 5
202 23 23 5
203 25 24 6
204 18 18 6
205 20 20 4
206 26 25 5
207 17 17 5
208 37 36 6
209 24 23 5
210 19 19 5
211 21 20 6
212 28 27 5
213 39 39 5
214 19 19 5
215 21 21 5
216 19 18 4
217 30 29 5
218 21 21 5
219 15 14 4
220 22 21 5
221 17 17 5
222 19 18 4
223 26 25 5
224 23 23 5
225 23 22 6
226 28 28 4
227 34 33 7
228 21 20 6
229 24 24 4
230 28 27 7
231 27 26 4
232 16 15 5
233 21 20 6
234 20 19 5
235 33 32 6
236 26 25 5
237 27 26 6
238 16 15 5
239 25 24 6
240 24 24 6
241 24 24 6
242 16 16 4
243 34 33 5
244 15 14 6
245 8 8 4
246 16 15 5
247 15 15 5
248 23 22 4
249 18 17 5
250 11 11 5
251 9 9 5
252 11 10 4
253 14 13 5
254 13 13 5
255 9 8 4
256 10 9 5
257 15 15 5
258 13 13 5
259 19 18 6
260 18 17 5
261 11 10 4
262 16 15 5
263 9 9 5
264 19 18 4
265 10 9 5
266 19 19 5
267 21 21 5
268 19 19 5
269 29 28 6
270 18 18 6
271 18 18 4
272 18 17 5
273 15 15 5
274 11 11 5
275 19 18 6
276 18 18 4
277 22 21 5
278 15 15 5
279 19 19 5
280 21 21 5
281 17 16 6
282 12 12 4
283 40 39 5
284 23 22 6
285 18 17 5
286 23 23 5
287 17 16 6
288 14 14 6
289 14 14 4
290 20 19 5
291 21 21 5
292 29 28 6
293 10 9 5
294 19 18 4
295 16 15 5
296 21 21 5
297 37 37 5
298 31 30 4
299 22 21 5
300 33 32 6
301 50 49 5
302 23 23 5
303 27 26 4
304 32 31 5
305 33 33 5
306 41 41 5
307 41 40 6
308 42 41 5
309 35 34 6
310 34 34 6
311 36 36 6
312 18 17 5
313 39 39 7
314 31 30 8
315 22 22 6
316 34 34 8
317 22 21 7
318 25 24 6
319 22 22 6
320 44 44 6
321 36 35 5
322 41 41 5
323 51 50 8
324 38 38 6
325 16 16 4
326 30 29 5
327 27 27 5
328 33 32 4
329 32 31 7
330 23 22 4
331 22 21 5
332 25 24 4
333 22 21 5
334 11 11 5
335 11 11 5
336 15 14 4
337 24 23 5
338 15 15 5
339 17 17 5
340 33 32 6
341 22 22 6
342 8 8 4
343 16 15 5
344 19 19 5
345 27 26 6
346 18 17 5
347 19 18 4
348 24 23 5
349 17 17 5
350 25 24 6
351 16 16 6
352 16 16 6
353 8 8 4
354 16 15 5
355 17 17 5
356 23 23 5
357 13 12 4
358 12 11 5
359 23 22 6
360 22 21 5
361 13 12 4
362 14 13 7
363 21 20 4
364 18 17 5
365 19 19 7
366 17 16 6
367 26 26 6
368 14 14 4
369 26 25 5
370 13 12 4
371 22 21 5
372 15 15 5
373 19 19 5
374 19 19 5
375 17 16 4
376 18 17 5
377 11 11 5
378 17 17 5
379 17 16 4
380 28 27 5
381 17 16 6
382 12 12 6
383 14 14 4
384 20 19 5
385 15 14 6
386 26 26 6
387 12 12 4
388 20 19 7
389 17 16 4
390 18 17 5
391 13 13 5
392 11 10 4
393 16 15 5
394 17 16 6
395 22 22 6
396 20 20 6
397 22 22 6
398 14 14 4
399 10 9 5
400 11 10 6
401 18 18 6
402 10 10 4
403 16 15 5
404 11 11 5
405 13 12 6
406 6 6 6
407 11 10 6
408 10 10 4
409 24 23 5
410 9 9 5
411 9 9 5
412 9 9 5
413 13 12 6
414 16 16 6
415 20 20 6
416 18 18 6
417 14 14 4
418 12 11 5
419 13 12 4
420 10 9 5
421 13 13 5
422 13 12 6
423 12 12 4
424 12 11 5
425 23 22 8
426 10 10 4
427 12 11 5
428 15 14 6
429 16 16 6
430 14 14 4
431 12 11 5
432 21 20 4
433 32 31 7
434 23 22 4
435 26 25 5
436 15 15 5
437 9 8 4
438 14 13 5
439 17 16 6
440 16 16 6
441 14 14 6
442 20 20 4
443 22 21 5
444 17 17 5
445 11 11 5
446 9 8 4
447 18 17 5
448 13 12 6
449 10 10 6
450 16 16 4
451 12 11 5
452 17 17 5
453 9 9 5
454 17 16 6
455 18 18 6
456 16 16 4
457 14 13 5
458 17 16 6
459 18 18 6
460 12 12 4
461 10 9 5
462 11 10 6
463 18 18 6
464 10 10 6
465 12 12 4
466 12 11 5
467 13 12 4
468 10 9 5
469 5 5 5
470 10 9 5
471 13 13 5
472 9 9 5
473 15 14 4
474 20 19 5
475 27 27 5
476 13 13 5
477 11 10 4
478 8 7 6
479 12 12 4
480 18 17 5
481 11 10 6
482 8 8 4
483 10 9 5
484 7 6 5
485 11 10 6
486 10 10 4
487 16 15 5
488 17 16 6
489 16 15 5
490 11 10 6
491 10 10 4
492 14 13 5
493 13 13 5
494 9 8 4
495 22 21 7
496 11 10 6
497 8 8 4
498 16 15 5
499 11 10 6
