0 22 21 5
1 11 10 4
2 14 13 5
3 25 25 5
4 15 14 4
5 20 19 7
6 21 20 6
7 14 14 6
8 18 18 4
9 22 21 7
10 13 12 4
11 12 11 5
12 7 6 5
13 9 8 4
14 14 13 5
15 13 13 5
16 13 13 5
17 21 21 5
18 11 10 4
19 14 13 5
20 15 15 5
21 11 11 5
22 15 15 5
23 15 14 6
24 10 9 5
25 11 10 4
26 14 13 5
27 9 9 5
28 9 8 4
29 18 17 7
30 13 13 5
31 13 12 4
32 10 9 5
33 11 10 6
34 10 10 4
35 12 11 5
36 13 13 5
37 7 6 5
38 19 18 4
39 16 15 5
40 11 11 5
41 15 14 6
42 12 12 4
43 10 9 5
44 11 10 4
45 14 13 7
46 15 14 6
47 10 10 4
48 24 23 5
49 11 10 4
50 20 19 7
51 21 20 4
52 6 5 4
53 14 13 5
54 7 6 5
55 11 10 6
56 12 12 4
57 18 17 5
58 25 25 5
59 17 17 5
60 21 20 4
61 16 15 5
62 15 14 4
63 34 33 5
64 29 29 5
65 35 35 5
66 25 25 7
67 15 14 4
68 14 13 5
69 21 20 4
70 18 17 5
71 19 18 4
72 26 25 5
73 21 21 5
74 11 11 5
75 19 18 4
76 16 15 5
77 25 24 6
78 24 24 6
79 16 15 5
80 21 20 6
81 10 10 4
82 32 31 9
83 23 22 4
84 22 21 5
85 23 23 5
86 39 39 5
87 33 33 5
88 15 15 5
89 19 18 4
90 26 25 5
91 35 35 5
92 21 21 5
93 35 34 6
94 28 27 7
95 21 20 4
96 24 23 7
97 25 24 6
98 22 22 6
99 18 18 4
100 26 25 7
101 21 20 4
102 30 29 5
103 23 22 6
104 16 16 4
105 14 13 5
106 19 18 6
107 26 26 6
108 20 20 6
109 18 18 4
110 18 17 5
111 25 24 4
112 20 19 5
113 21 20 6
114 28 28 4
115 20 19 5
116 21 21 5
117 29 29 5
118 21 21 5
119 29 28 8
120 14 14 6
121 18 17 5
122 17 16 4
123 34 33 5
124 21 21 5
125 29 28 6
126 24 23 5
127 37 36 8
128 28 28 6
129 16 16 4
130 16 15 5
131 21 21 5
132 23 22 10
133 16 16 4
134 26 25 5
135 31 31 7
136 19 18 6
137 16 15 5
138 23 22 4
139 22 21 5
140 17 17 5
141 27 26 6
142 26 26 10
143 32 32 6
144 20 19 5
145 25 25 7
146 15 14 6
147 20 19 5
148 21 20 6
149 18 18 4
150 28 27 5
151 27 27 7
152 23 22 4
153 28 27 7
154 17 16 4
155 32 31 5
156 19 18 6
157 26 25 5
158 19 18 6
159 28 28 6
160 24 24 6
161 20 19 5
162 33 32 8
163 30 30 6
164 22 22 6
165 16 15 5
166 17 17 5
167 21 20 6
168 30 29 5
169 25 24 4
170 20 19 5
171 25 25 7
172 23 22 4
173 22 21 5
174 29 28 4
175 22 21 7
176 27 26 8
177 38 37 7
178 31 30 8
179 30 29 5
180 27 26 6
181 24 24 4
182 24 23 5
183 27 26 4
184 26 25 5
185 29 29 5
186 31 31 5
187 29 28 6
188 26 26 6
189 22 22 6
190 30 30 6
191 24 24 4
192 14 13 5
193 15 15 5
194 19 18 6
195 16 16 4
196 24 23 7
197 21 20 6
198 24 24 4
199 26 25 5
200 13 13 5
201 21 21 5
202 23 22 4
203 24 23 5
204 17 17 5
205 23 22 6
206 26 25 5
207 17 17 5
208 35 35 5
209 27 26 8
210 18 18 4
211 20 19 5
212 29 28 6
213 42 41 7
214 21 20 6
215 20 20 4
216 20 19 5
217 31 30 6
218 20 20 4
219 16 15 5
220 21 21 5
221 17 16 4
222 22 21 7
223 25 25 5
224 23 22 4
225 22 21 5
226 33 32 8
227 32 32 6
228 20 20 6
229 26 26 6
230 24 24 4
231 28 27 5
232 15 14 4
233 20 19 5
234 19 19 5
235 33 32 6
236 26 25 5
237 27 26 6
238 14 14 4
239 24 23 5
240 23 23 5
241 23 23 5
242 19 18 6
243 32 32 4
244 14 13 5
245 11 10 6
246 16 16 6
247 16 16 6
248 26 26 8
249 16 16 4
250 12 11 5
251 9 9 5
252 11 10 4
253 14 13 5
254 13 13 5
255 9 9 5
256 9 8 4
257 18 17 7
258 13 12 4
259 18 17 5
260 17 17 5
261 13 12 6
262 14 14 4
263 10 9 5
264 19 19 5
265 9 8 4
266 20 19 5
267 21 21 5
268 19 18 4
269 28 27 5
270 19 19 7
271 19 19 5
272 17 16 4
273 16 15 5
274 11 11 5
275 21 20 8
276 18 18 4
277 22 21 5
278 17 16 6
279 20 19 5
280 21 20 4
281 16 15 5
282 13 12 4
283 42 41 7
284 23 22 6
285 18 17 5
286 23 22 4
287 16 15 5
288 15 14 6
289 14 14 4
290 20 19 5
291 23 22 6
292 28 28 6
293 10 9 5
294 19 18 4
295 16 15 5
296 21 20 4
297 38 37 5
298 33 32 6
299 22 22 6
300 30 30 4
301 50 49 5
302 27 27 9
303 29 28 6
304 34 33 7
305 37 36 8
306 42 42 6
307 42 41 7
308 43 43 7
309 33 32 4
310 36 35 7
311 35 34 4
312 18 17 5
313 45 44 12
314 26 26 4
315 24 23 7
316 37 36 10
317 22 21 7
318 23 23 5
319 23 22 6
320 46 45 7
321 37 36 6
322 44 43 7
323 51 51 9
324 39 39 7
325 19 19 7
326 29 28 4
327 30 29 7
328 35 34 6
329 34 34 10
330 22 22 4
331 22 21 5
332 29 28 8
333 22 21 5
334 11 10 4
335 12 11 5
336 15 14 4
337 24 23 5
338 15 15 5
339 17 16 4
340 32 31 5
341 23 22 6
342 10 9 5
343 15 14 4
344 20 19 5
345 25 25 5
346 17 17 5
347 19 18 4
348 26 25 7
349 17 16 4
350 26 25 7
351 17 16 6
352 14 14 4
353 10 9 5
354 15 14 4
355 18 17 5
356 25 24 6
357 12 12 4
358 12 11 5
359 21 20 4
360 22 21 5
361 13 13 5
362 11 10 4
363 22 21 5
364 19 18 6
365 18 18 6
366 16 15 5
367 27 26 6
368 16 15 5
369 25 24 4
370 14 13 5
371 21 20 4
372 16 15 5
373 19 19 5
374 19 19 5
375 19 19 7
376 19 18 6
377 10 10 4
378 18 17 5
379 19 18 6
380 26 26 4
381 16 15 5
382 11 11 5
383 15 15 5
384 19 19 5
385 13 13 5
386 25 25 5
387 13 12 4
388 18 17 5
389 17 16 4
390 18 17 5
391 13 13 5
392 11 10 4
393 16 15 5
394 15 14 4
395 24 23 7
396 19 18 4
397 22 21 5
398 15 14 4
399 10 9 5
400 9 9 5
401 17 16 4
402 12 11 5
403 15 15 5
404 11 10 4
405 12 11 5
406 7 6 5
407 11 10 6
408 10 10 4
409 26 25 7
410 9 9 5
411 9 8 4
412 10 9 5
413 11 10 4
414 16 15 5
415 21 20 6
416 18 18 6
417 14 14 4
418 12 11 5
419 13 13 5
420 11 10 6
421 12 12 4
422 12 11 5
423 13 12 4
424 12 11 5
425 19 18 4
426 12 11 5
427 11 10 4
428 14 13 5
429 17 16 6
430 16 16 6
431 10 10 4
432 22 21 5
433 33 32 8
434 22 22 4
435 28 27 7
436 17 16 6
437 10 10 6
438 14 14 6
439 14 14 4
440 18 17 7
441 15 14 6
442 20 20 4
443 22 21 5
444 19 18 6
445 10 10 4
446 10 9 5
447 17 16 4
448 12 11 5
449 9 8 4
450 18 17 5
451 13 12 6
452 18 18 6
453 8 8 4
454 16 15 5
455 17 16 4
456 18 17 5
457 13 12 4
458 16 15 5
459 17 16 4
460 14 13 5
461 9 9 5
462 9 9 5
463 17 16 4
464 10 9 5
465 13 13 5
466 11 10 4
467 14 13 5
468 9 9 5
469 7 6 5
470 11 10 6
471 12 12 4
472 10 9 5
473 15 14 4
474 22 21 7
475 27 26 4
476 16 15 7
477 11 10 4
478 6 5 4
479 14 13 5
480 17 17 5
481 9 8 4
482 10 9 5
483 9 8 4
484 6 5 4
485 10 9 5
486 11 11 5
487 15 15 5
488 17 16 6
489 14 14 4
490 10 9 5
491 11 11 5
492 15 14 6
493 14 14 6
494 8 8 4
495 20 19 5
496 9 8 4
497 10 9 5
498 15 15 5
499 11 10 6
500 10 10 4
501 14 13 5
502 15 14 4
503 12 11 7
504 13 12 4
505 18 17 5
506 11 10 6
507 14 14 4
508 10 9 5
509 15 15 5
510 13 12 4
511 16 15 5
512 13 13 5
513 17 16 4
514 12 11 5
515 15 14 6
516 12 12 4
517 16 15 5
518 19 19 5
519 15 14 4
520 10 9 5
521 9 8 4
522 16 15 5
523 11 10 4
524 12 11 5
525 13 12 6
526 10 10 4
527 14 13 5
528 11 10 4
529 8 7 6
530 10 10 4
531 10 9 5
532 13 13 5
533 17 17 5
534 9 8 4
535 10 9 5
536 9 8 4
537 14 13 5
538 21 20 6
539 30 30 4
540 24 23 7
541 15 15 5
542 19 18 6
543 8 8 4
544 10 9 5
545 11 10 4
546 6 5 4
547 18 17 5
548 17 16 4
549 24 23 5
550 23 22 6
551 22 22 6
552 20 19 5
553 13 13 5
554 13 12 6
555 12 12 6
556 12 11 5
557 7 6 5
558 15 15 5
559 15 14 4
560 20 19 5
561 25 24 6
562 12 12 4
563 22 21 5
564 19 19 5
565 17 16 6
566 20 20 6
567 10 9 5
568 5 5 5
569 22 21 5
570 13 12 4
571 14 13 5
572 27 27 5
573 13 13 5
574 13 12 4
575 14 13 5
576 21 20 6
577 20 20 4
578 18 17 5
579 9 8 4
580 26 25 5
581 23 23 5
582 15 15 5
583 25 24 6
584 16 16 4
585 20 19 5
586 19 19 5
587 23 23 5
588 29 29 5
589 23 23 5
590 33 33 5
591 35 34 4
592 24 23 7
593 25 25 7
594 33 33 7
595 17 16 4
596 22 21 5
597 45 45 5
598 37 37 7
599 21 21 5
600 21 21 5
601 21 21 5
602 25 25 5
603 29 28 6
604 38 37 7
605 39 39 9
606 37 36 6
607 42 42 10
608 24 23 7
609 29 28 8
610 34 33 5
611 21 21 5
612 37 36 8
613 26 26 4
614 32 31 5
615 31 30 8
616 28 27 5
617 15 15 5
618 33 32 6
619 32 32 8
620 30 30 8
621 28 28 10
622 40 39 9
623 35 35 11
624 27 26 6
625 30 30 8
626 26 25 9
627 31 30 8
628 24 23 7
629 41 40 8
630 52 52 12
631 32 32 10
632 22 22 6
633 18 18 4
634 28 27 9
635 35 35 7
636 21 21 7
637 29 28 8
638 30 29 5
639 31 31 7
640 29 29 7
641 23 23 7
642 19 19 5
643 29 28 6
644 28 27 7
645 29 28 10
646 30 30 10
647 40 40 8
648 30 30 6
649 26 26 8
650 24 24 8
651 38 38 10
652 24 23 7
653 25 24 8
654 42 42 10
655 22 21 5
656 23 23 7
657 21 21 5
658 35 35 7
659 35 35 7
660 21 20 6
661 38 38 10
662 36 36 8
663 40 39 7
664 35 35 7
665 39 39 13
666 31 31 7
667 27 26 8
668 38 38 10
669 48 47 11
670 31 30 8
671 12 12 4
672 18 17 5
673 39 38 8
674 26 25 7
675 37 36 8
676 32 31 7
677 43 43 9
678 23 22 4
679 30 29 5
680 31 31 7
681 17 16 4
682 28 27 7
683 27 27 5
684 25 24 6
685 26 25 5
686 37 36 10
687 14 14 4
688 30 29 5
689 25 25 5
690 17 17 5
691 25 25 5
692 15 15 5
693 23 22 6
694 32 32 8
695 26 25 5
696 21 20 4
697 30 29 5
698 17 17 5
699 19 19 5
700 27 26 6
701 14 14 4
702 14 13 5
703 17 16 6
704 30 30 6
705 20 20 6
706 10 10 4
707 14 13 5
708 19 18 4
709 18 17 5
710 15 14 4
711 20 19 5
712 17 17 5
713 19 18 4
714 18 17 5
715 21 21 5
716 21 20 4
717 24 23 5
718 13 13 5
719 9 9 5
720 15 14 4
721 16 15 5
722 17 16 4
723 10 9 5
724 9 8 4
725 16 15 5
726 11 11 5
727 19 18 4
728 20 19 7
729 23 22 6
730 14 14 4
731 22 21 5
732 13 12 4
733 16 15 5
734 13 12 6
735 16 16 4
736 18 17 7
737 15 14 4
738 20 19 5
739 17 16 4
740 26 25 7
741 19 18 4
742 14 13 5
743 23 23 7
744 21 20 6
745 18 18 4
746 14 13 5
747 11 10 4
748 22 21 7
749 13 12 4
750 28 27 7
751 15 14 4
752 14 13 5
753 27 26 6
754 16 15 5
755 17 16 6
756 28 28 8
757 14 13 5
758 13 12 6
759 14 14 4
760 20 19 5
761 17 17 5
762 11 11 5
763 19 18 4
764 12 11 5
765 15 14 6
766 10 9 5
767 9 9 5
768 13 12 4
769 14 13 5
770 11 11 5
771 17 16 6
772 22 22 4
773 18 17 5
774 23 22 4
775 20 19 5
776 19 19 5
777 17 16 4
778 14 13 5
779 9 9 5
780 11 10 4
781 16 15 7
782 13 12 6
783 10 10 4
784 14 13 5
785 29 28 6
786 16 16 6
787 10 10 4
788 16 15 5
789 29 28 6
790 8 8 4
791 14 13 5
792 15 14 4
793 14 13 5
794 15 15 5
795 33 32 6
796 14 14 6
797 24 24 4
798 32 31 7
799 35 34 6
800 28 27 5
801 13 13 5
802 9 8 4
803 12 11 5
804 11 10 4
805 18 17 5
806 17 17 5
807 23 23 5
808 15 14 4
809 24 23 5
810 23 23 5
811 13 12 6
812 12 11 5
813 13 12 4
814 14 13 5
815 19 19 5
816 15 14 4
817 28 27 7
818 13 12 6
819 16 16 4
820 18 17 5
821 11 11 5
822 17 17 5
823 27 27 5
824 15 15 5
825 11 11 5
826 27 26 6
827 18 18 4
828 18 17 5
829 11 10 4
830 22 21 5
831 5 5 5
832 12 11 5
833 17 16 4
834 14 13 5
835 11 11 5
836 15 14 6
837 8 8 4
838 14 13 5
839 17 16 4
840 14 13 5
841 13 12 4
842 16 15 7
843 17 17 5
844 21 21 5
845 19 18 6
846 22 22 6
847 16 15 5
848 17 16 4
849 20 19 5
850 21 20 4
851 24 23 5
852 7 6 5
853 25 24 6
854 10 9 5
855 9 8 4
856 18 17 5
857 21 20 6
858 18 18 4
859 10 9 5
860 17 16 6
861 12 11 5
862 15 14 4
863 12 11 5
864 13 12 6
865 12 12 4
866 10 9 5
867 11 10 6
868 26 26 6
869 10 10 4
870 20 19 5
871 23 22 8
872 12 12 4
873 10 9 5
874 17 16 4
875 12 11 5
876 9 8 4
877 14 13 5
878 17 16 6
879 18 18 4
880 10 9 5
881 15 14 4
882 12 11 5
883 15 14 4
884 14 13 5
885 17 16 6
886 14 14 4
887 16 15 5
888 11 10 4
889 6 5 4
890 18 17 5
891 9 8 4
892 14 13 5
893 15 14 6
894 10 10 4
895 14 13 5
896 13 12 4
897 20 19 7
898 17 16 4
899 16 15 5
900 13 12 4
901 20 19 5
902 23 22 4
903 14 13 5
904 11 10 4
905 12 11 5
906 11 10 4
907 10 9 5
908 9 8 4
909 18 17 7
910 13 12 6
911 14 14 4
912 12 11 5
913 9 9 5
914 7 6 5
915 13 13 5
916 11 10 4
917 12 11 5
918 13 12 6
919 14 14 6
920 18 18 4
921 18 17 5
922 9 8 4
923 12 11 5
924 9 8 4
925 12 11 5
926 7 7 7
927 10 10 6
928 8 8 4
929 18 17 5
930 15 14 4
931 24 23 5
932 13 12 6
933 18 18 6
934 12 12 4
935 18 17 5
936 19 19 5
937 13 12 4
938 10 9 5
939 13 13 5
940 21 20 6
941 8 8 4
942 12 11 5
943 13 12 6
944 14 13 5
945 13 12 6
946 26 26 4
947 22 21 5
948 21 20 6
949 18 18 4
950 18 17 7
951 17 16 4
952 6 5 4
953 12 11 5
954 11 10 4
955 10 9 5
956 19 18 6
957 12 12 4
958 12 11 5
959 11 11 5
960 13 12 4
961 18 17 5
962 13 12 4
963 16 15 5
964 15 14 6
965 16 15 5
966 21 20 6
967 12 12 4
968 16 15 5
969 15 14 4
970 14 13 5
971 13 12 4
972 18 17 5
973 13 12 6
974 14 14 6
975 10 10 4
976 10 9 5
977 13 12 4
978 26 25 5
979 23 22 4
980 10 9 5
981 25 24 4
982 20 19 5
983 13 12 6
984 26 26 6
985 18 18 4
986 22 21 7
987 19 18 6
988 12 12 4
989 22 21 7
990 27 26 6
991 34 33 5
992 27 26 6
993 16 16 4
994 26 25 7
995 37 36 8
996 36 35 9
997 25 24 4
998 48 47 7
999 23 23 5
1000 27 26 6
1001 40 39 7
1002 27 27 7
1003 29 29 7
1004 25 25 5
1005 21 20 4
1006 26 25 5
1007 27 27 7
1008 37 36 4
1009 26 25 5
1010 23 23 5
1011 25 25 5
1012 27 27 5
1013 29 29 5
1014 25 24 8
1015 36 36 8
1016 26 26 6
1017 26 25 5
1018 31 31 7
1019 37 36 6
1020 20 20 4
1021 38 37 9
1022 19 19 5
1023 29 29 7
1024 23 23 5
1025 37 37 13
1026 25 24 6
1027 22 21 5
1028 25 24 4
1029 26 25 5
1030 13 12 4
1031 14 13 5
1032 13 12 4
1033 18 17 5
1034 23 22 6
1035 24 24 8
1036 24 24 4
1037 24 23 5
1038 23 23 5
1039 31 30 6
1040 24 23 9
1041 33 33 11
1042 35 35 9
1043 27 26 6
1044 32 32 6
1045 20 20 4
1046 20 19 5
1047 13 12 6
1048 26 26 4
1049 18 17 5
1050 15 14 6
1051 18 18 4
1052 22 21 5
1053 13 12 4
1054 34 33 7
1055 37 36 6
1056 24 24 6
1057 18 18 6
1058 20 20 6
1059 24 24 6
1060 24 23 5
1061 25 24 6
1062 32 31 5
1063 21 21 5
1064 23 23 7
1065 17 16 6
1066 28 28 6
1067 30 30 6
1068 24 23 7
1069 27 26 4
1070 28 27 7
1071 27 26 8
1072 16 15 5
1073 11 10 4
1074 24 23 5
1075 17 17 5
1076 25 24 6
1077 24 24 6
1078 6 5 4
1079 24 23 7
1080 21 20 4
1081 24 23 5
1082 21 21 5
1083 19 18 6
1084 24 23 5
1085 27 26 6
1086 22 22 8
1087 18 18 6
1088 20 19 5
1089 23 22 6
1090 20 19 5
1091 15 14 6
1092 22 22 4
1093 16 15 5
1094 13 13 5
1095 19 18 6
1096 22 21 5
1097 17 17 5
1098 23 23 5
1099 19 18 4
1100 24 23 7
1101 15 14 4
1102 10 9 5
1103 15 14 4
1104 18 17 5
1105 17 17 5
1106 11 10 4
1107 12 11 5
1108 29 28 8
1109 18 18 6
1110 20 20 4
1111 20 19 5
1112 17 17 5
1113 13 13 5
1114 25 25 5
1115 25 25 7
1116 21 20 4
1117 22 21 5
1118 23 22 6
1119 14 13 5
1120 21 20 6
1121 10 10 4
1122 16 15 5
1123 11 11 5
1124 15 14 4
1125 18 17 5
1126 13 12 4
1127 16 15 5
1128 19 18 4
1129 14 13 5
1130 11 10 6
1131 22 22 6
1132 16 16 6
1133 28 28 6
1134 14 14 6
1135 14 14 6
1136 16 16 4
1137 18 17 5
1138 15 14 6
1139 22 22 4
1140 18 17 5
1141 11 10 4
1142 10 9 5
1143 21 21 5
1144 13 13 5
1145 13 13 5
1146 23 22 6
1147 28 28 6
1148 22 22 6
1149 14 14 6
1150 28 28 6
1151 16 15 5
1152 11 11 5
1153 15 14 6
1154 16 16 4
1155 16 15 5
1156 17 16 4
1157 16 15 5
1158 17 16 6
1159 14 14 4
1160 24 23 5
1161 11 11 5
1162 11 10 4
1163 24 23 5
1164 13 12 4
1165 20 19 5
1166 21 20 8
1167 16 16 6
1168 14 14 4
1169 16 15 5
1170 15 15 5
1171 15 15 5
1172 19 18 6
1173 20 19 5
1174 15 14 4
1175 12 11 5
1176 13 12 6
1177 12 12 6
1178 14 14 6
1179 12 12 4
1180 16 15 5
1181 15 14 6
1182 6 6 6
1183 5 5 5
1184 16 15 5
1185 15 14 4
1186 12 11 5
1187 15 14 6
1188 8 8 4
1189 18 17 5
1190 13 12 6
1191 8 7 6
1192 16 16 6
1193 10 10 4
1194 6 5 4
1195 14 13 5
1196 11 10 4
1197 14 13 5
1198 15 15 5
1199 13 12 6
1200 24 24 4
1201 14 13 5
1202 21 20 6
1203 10 9 5
1204 11 10 6
1205 12 12 4
1206 16 15 5
1207 11 11 5
1208 17 16 4
1209 6 5 4
1210 12 11 5
1211 13 12 6
1212 22 21 5
1213 13 12 4
1214 14 13 5
1215 11 11 5
1216 17 16 4
1217 12 11 5
1218 15 14 6
1219 8 8 4
1220 10 9 5
1221 11 10 4
1222 12 11 5
1223 13 12 4
1224 10 9 5
1225 11 11 5
1226 11 10 6
1227 16 16 4
1228 12 11 5
1229 19 19 5
1230 9 9 5
1231 13 12 4
1232 10 9 5
1233 9 9 5
1234 11 10 4
1235 6 5 4
1236 18 17 5
1237 17 16 4
1238 8 7 6
1239 8 8 4
1240 12 11 5
1241 11 10 6
1242 10 10 4
1243 12 11 5
1244 21 20 6
1245 8 8 4
1246 12 11 5
1247 13 12 4
1248 10 9 5
1249 9 9 5
1250 9 8 4
1251 10 9 5
1252 9 9 5
1253 15 15 5
1254 17 16 4
1255 14 13 5
1256 15 15 5
1257 15 14 6
1258 10 9 5
1259 13 12 4
1260 20 19 7
1261 13 12 6
1262 6 6 6
1263 9 8 4
1264 8 7 6
1265 14 14 4
1266 6 5 4
1267 14 13 5
1268 11 10 4
1269 22 21 5
1270 15 15 5
1271 15 14 6
1272 14 13 5
1273 9 8 4
1274 12 11 5
1275 9 8 4
1276 14 13 5
1277 19 19 7
1278 17 16 4
1279 12 11 5
1280 17 16 4
1281 14 13 5
1282 17 16 4
1283 8 7 6
1284 20 20 6
1285 14 13 5
1286 9 8 4
1287 12 11 5
1288 15 14 6
1289 10 10 4
1290 16 15 5
1291 11 10 4
1292 14 13 5
1293 17 16 4
1294 16 15 5
1295 11 10 4
1296 18 17 5
1297 11 11 5
1298 9 8 4
1299 12 11 5
1300 11 10 4
1301 10 9 5
1302 23 22 6
1303 10 10 6
1304 12 12 4
1305 20 19 5
1306 13 13 5
1307 9 8 4
1308 6 5 4
1309 20 19 7
1310 13 12 4
1311 14 13 5
1312 11 10 6
1313 10 10 4
1314 20 19 5
1315 21 20 6
1316 8 7 6
1317 12 12 4
1318 10 9 5
1319 13 12 6
1320 8 8 4
1321 12 11 5
1322 13 12 6
1323 30 30 4
1324 16 15 5
1325 9 9 5
1326 9 8 4
1327 16 15 5
1328 13 12 4
1329 16 15 5
1330 17 16 6
1331 14 14 4
1332 12 11 5
1333 13 12 4
1334 20 19 7
1335 19 18 4
1336 24 23 5
1337 13 12 6
1338 16 16 4
1339 12 11 5
1340 11 10 4
1341 20 19 5
1342 13 13 5
1343 9 9 5
1344 25 25 7
1345 7 6 5
1346 17 16 4
1347 16 15 5
1348 17 16 4
1349 12 11 5
1350 23 23 5
1351 15 15 5
1352 11 10 4
1353 20 19 5
1354 11 11 5
1355 19 18 4
1356 14 13 5
1357 9 8 4
1358 22 21 5
1359 37 36 4
1360 18 17 5
1361 21 20 6
1362 20 20 4
1363 24 23 5
1364 21 20 6
1365 22 22 6
1366 18 18 4
1367 18 17 5
1368 15 15 5
1369 25 24 6
1370 20 19 5
1371 19 19 5
1372 17 17 5
1373 11 10 4
1374 26 25 5
1375 21 21 5
1376 19 18 4
1377 30 29 7
1378 21 20 6
1379 12 12 4
1380 16 15 5
1381 13 12 4
1382 30 29 7
1383 13 12 6
1384 18 18 4
1385 14 13 5
1386 17 16 6
1387 18 18 4
1388 26 25 5
1389 17 17 5
1390 13 12 4
1391 22 21 5
1392 21 21 5
1393 33 32 8
1394 14 14 4
1395 12 11 5
1396 15 14 4
1397 18 17 5
1398 15 14 4
1399 18 17 5
1400 21 20 4
1401 20 19 5
1402 27 26 6
1403 12 12 4
1404 14 13 5
1405 15 14 4
1406 6 5 4
1407 20 19 5
1408 19 18 4
1409 18 17 5
1410 13 12 4
1411 16 15 5
1412 15 14 6
1413 12 12 4
1414 18 17 5
1415 21 20 6
1416 18 18 6
1417 14 14 6
1418 16 16 4
1419 16 15 5
1420 19 18 4
1421 28 27 5
1422 23 22 6
1423 18 18 6
1424 16 16 6
1425 20 20 6
1426 16 16 4
1427 10 9 5
1428 11 11 5
1429 15 14 6
1430 10 10 4
1431 12 11 5
1432 15 14 6
1433 12 12 4
1434 10 9 5
1435 9 8 4
1436 10 9 5
1437 15 14 6
1438 10 9 5
1439 17 17 5
1440 9 9 5
1441 11 11 5
1442 9 8 4
1443 12 11 5
1444 11 10 6
1445 12 11 5
1446 13 12 4
1447 12 11 5
1448 13 12 6
1449 26 26 6
1450 14 14 6
1451 14 14 6
1452 16 16 4
1453 16 15 5
1454 15 14 6
1455 10 9 5
1456 13 12 6
1457 10 10 6
1458 12 12 4
1459 12 11 5
1460 11 11 5
1461 9 9 5
1462 9 8 4
1463 10 9 5
1464 13 13 5
1465 19 18 6
1466 12 11 5
1467 11 10 4
1468 14 13 5
1469 11 10 6
1470 8 8 4
1471 32 31 5
1472 13 13 5
1473 15 14 4
1474 14 13 7
1475 9 8 4
1476 18 17 5
1477 13 13 5
1478 21 20 4
1479 12 11 5
1480 17 16 6
1481 20 20 6
1482 18 18 6
1483 10 10 4
1484 12 11 5
1485 13 12 4
1486 28 27 7
1487 13 13 5
1488 17 16 6
1489 18 17 5
1490 11 10 4
1491 24 23 5
1492 25 24 8
1493 12 12 6
1494 30 30 6
1495 12 12 4
1496 26 25 7
1497 9 9 5
1498 33 33 5
1499 25 25 5
1500 43 42 6
1501 28 28 8
1502 18 18 6
1503 16 15 5
1504 41 40 6
1505 14 14 4
1506 30 29 5
1507 21 20 8
1508 32 31 9
1509 15 15 5
1510 17 16 4
1511 24 23 7
1512 25 24 6
1513 30 29 7
1514 9 8 4
1515 18 17 5
1516 31 31 7
1517 33 32 6
1518 16 16 4
1519 22 21 5
1520 19 18 4
1521 20 19 5
1522 25 25 5
1523 23 23 7
1524 23 23 5
1525 19 18 4
1526 20 19 5
1527 21 20 4
1528 16 15 5
1529 17 16 4
1530 26 25 7
1531 17 16 4
1532 18 17 5
1533 29 28 6
1534 34 33 9
1535 23 22 8
1536 18 18 6
1537 24 23 5
1538 27 26 4
1539 24 23 5
1540 23 22 4
1541 22 21 7
1542 41 40 6
1543 38 38 6
1544 28 27 5
1545 29 29 5
1546 19 18 4
1547 16 15 5
1548 17 17 5
1549 25 24 6
1550 28 28 6
1551 18 17 5
1552 17 17 7
1553 21 21 5
1554 21 20 4
1555 20 19 5
1556 13 12 4
1557 14 13 5
1558 27 26 6
1559 22 22 6
1560 14 14 4
1561 26 25 5
1562 19 18 4
1563 16 15 5
1564 19 18 6
1565 28 28 4
1566 26 25 5
1567 21 21 5
1568 19 18 4
1569 20 19 5
1570 19 19 5
1571 21 21 5
1572 19 19 5
1573 7 6 5
1574 31 30 4
1575 20 19 5
1576 23 22 6
1577 14 13 5
1578 17 16 4
1579 18 17 5
1580 19 18 4
1581 22 21 5
1582 25 25 7
1583 23 23 5
1584 19 18 4
1585 18 17 5
1586 25 24 6
1587 30 30 6
1588 18 17 5
1589 9 9 5
1590 19 19 5
1591 27 26 6
1592 8 8 4
1593 22 21 7
1594 23 22 6
1595 16 15 5
1596 19 18 4
1597 36 35 9
1598 17 17 5
1599 13 12 4
1600 14 13 5
1601 7 6 5
1602 25 24 4
1603 16 15 5
1604 17 16 4
1605 16 15 5
1606 17 16 6
1607 18 18 6
1608 18 18 6
1609 18 18 4
1610 14 13 5
1611 13 13 5
1612 19 18 6
1613 16 16 6
1614 14 13 5
1615 13 12 4
1616 24 23 5
1617 19 18 4
1618 16 15 5
1619 13 12 4
1620 24 23 5
1621 15 15 5
1622 15 15 5
1623 11 10 4
1624 20 19 5
1625 11 11 5
1626 15 14 4
1627 12 11 5
1628 13 12 6
1629 20 20 4
1630 12 11 5
1631 23 22 6
1632 14 14 4
1633 14 13 5
1634 27 26 6
1635 14 14 4
1636 18 17 5
1637 11 10 4
1638 14 13 5
1639 15 14 6
1640 20 20 6
1641 14 14 4
1642 16 15 5
1643 31 30 8
1644 22 22 4
1645 30 29 5
1646 23 23 5
1647 17 16 6
1648 18 18 4
1649 30 29 5
1650 29 28 6
1651 24 24 6
1652 20 20 4
1653 34 33 5
1654 29 29 7
1655 23 22 6
1656 24 24 6
1657 20 20 6
1658 36 36 8
1659 34 33 5
1660 29 29 7
1661 29 29 7
1662 23 22 4
1663 24 23 7
1664 17 17 5
1665 25 25 5
1666 31 31 7
1667 25 24 6
1668 18 17 5
1669 27 26 4
1670 22 21 7
1671 13 13 5
1672 19 19 5
1673 19 18 6
1674 12 12 4
1675 14 13 5
1676 27 26 6
1677 20 19 5
1678 13 12 6
1679 14 14 4
1680 18 17 5
1681 11 10 4
1682 20 19 5
1683 13 13 5
1684 15 14 4
1685 12 11 5
1686 7 6 5
1687 19 19 5
1688 17 17 5
1689 11 10 4
1690 12 11 5
1691 13 12 4
1692 18 17 5
1693 17 16 4
1694 12 11 5
1695 15 14 6
1696 10 10 4
1697 18 17 5
1698 11 10 4
1699 16 15 5
1700 11 10 6
1701 14 14 6
1702 12 12 4
1703 16 15 5
1704 5 5 5
1705 8 7 6
1706 6 6 6
1707 11 11 5
1708 11 10 4
1709 16 15 5
1710 19 19 5
1711 17 16 4
1712 14 13 5
1713 19 19 5
1714 11 11 5
1715 13 12 6
1716 10 10 4
1717 10 9 5
1718 15 14 4
1719 10 9 5
1720 19 19 7
1721 21 20 4
1722 20 19 5
1723 15 15 5
1724 15 14 4
1725 14 13 5
1726 13 12 6
1727 20 20 4
1728 28 27 5
1729 19 19 5
1730 19 18 6
1731 16 16 4
1732 12 11 5
1733 19 19 5
1734 19 18 4
1735 14 13 5
1736 9 8 4
1737 12 11 5
1738 13 13 5
1739 11 11 5
1740 11 10 4
1741 18 17 5
1742 13 12 6
1743 10 10 4
1744 12 11 5
1745 7 6 5
1746 19 18 8
1747 14 14 4
1748 14 13 5
1749 19 18 6
1750 12 12 4
1751 14 13 5
1752 11 10 4
1753 12 11 5
1754 13 12 6
1755 16 15 5
1756 11 11 5
1757 7 6 5
1758 13 13 5
1759 13 12 4
1760 12 11 5
1761 19 18 6
1762 24 24 4
1763 20 19 5
1764 11 10 4
1765 12 11 5
1766 9 8 4
1767 12 11 5
1768 15 15 5
1769 15 15 5
1770 15 14 4
1771 18 17 5
1772 11 11 5
1773 15 15 7
1774 17 16 4
1775 16 15 5
1776 17 17 5
1777 15 15 5
1778 11 11 5
1779 21 20 4
1780 12 11 5
1781 23 23 5
1782 19 19 5
1783 15 14 4
1784 16 15 5
1785 11 10 4
1786 8 7 6
1787 10 10 4
1788 16 15 7
1789 9 8 4
1790 14 13 5
1791 9 8 4
1792 10 9 5
1793 7 6 5
1794 13 12 4
1795 14 13 5
1796 13 13 5
1797 15 14 6
1798 16 15 5
1799 11 10 4
1800 18 17 7
1801 27 26 4
1802 10 9 5
1803 15 14 4
1804 12 11 5
1805 9 9 5
1806 11 11 5
1807 11 11 5
1808 13 12 4
1809 22 21 5
1810 17 16 4
1811 16 15 5
1812 13 13 5
1813 25 24 4
1814 24 23 5
1815 25 24 6
1816 16 16 4
1817 6 5 4
1818 18 17 5
1819 13 12 4
1820 16 15 5
1821 19 19 5
1822 23 22 4
1823 22 21 5
1824 13 12 4
1825 12 11 5
1826 15 15 5
1827 13 12 6
1828 20 20 4
1829 14 13 5
1830 11 10 4
1831 12 11 5
1832 11 11 5
1833 17 16 6
1834 12 12 4
1835 22 21 5
1836 17 16 6
1837 24 24 6
1838 16 15 5
1839 15 14 6
1840 16 16 4
1841 22 21 7
1842 23 23 5
1843 25 25 5
1844 35 34 8
1845 38 38 6
1846 12 12 4
1847 20 19 5
1848 35 34 8
1849 26 26 6
1850 30 30 6
1851 32 31 7
1852 17 16 4
1853 22 21 5
1854 29 28 6
1855 30 29 5
1856 17 17 5
1857 23 22 4
1858 24 23 7
1859 33 32 6
1860 24 24 4
1861 32 31 5
1862 39 39 9
1863 31 30 10
1864 24 24 6
1865 22 22 6
1866 32 31 7
1867 33 32 6
1868 30 29 9
1869 23 22 6
1870 38 37 9
1871 29 29 5
1872 35 35 13
1873 39 38 8
1874 26 25 7
1875 49 48 12
1876 22 22 4
1877 30 29 5
1878 25 25 7
1879 27 26 4
1880 30 29 5
1881 33 32 6
1882 30 29 7
1883 39 39 7
1884 27 27 9
1885 51 50 12
1886 24 24 6
1887 52 52 14
1888 28 28 8
1889 26 25 5
1890 21 21 5
1891 35 34 6
1892 28 28 8
1893 30 30 4
1894 36 35 7
1895 19 19 7
1896 13 12 6
1897 46 45 7
1898 55 55 9
1899 23 23 7
1900 25 24 8
1901 28 27 5
1902 31 31 9
1903 29 28 4
1904 30 29 7
1905 39 39 9
1906 31 31 5
1907 23 23 5
1908 39 39 9
1909 23 22 4
1910 28 27 7
1911 45 45 15
1912 43 43 9
1913 45 44 10
1914 36 36 8
1915 34 33 7
1916 25 25 7
1917 23 22 10
1918 50 50 10
1919 30 29 7
1920 39 38 4
1921 28 27 7
1922 43 43 13
1923 35 34 10
1924 32 31 7
1925 27 27 5
1926 29 28 10
1927 42 42 12
1928 48 48 10
1929 26 26 6
1930 26 26 8
1931 18 18 4
1932 26 25 5
1933 35 34 8
1934 22 22 4
1935 30 29 5
1936 39 39 11
1937 27 27 7
1938 37 37 7
1939 41 41 7
1940 29 29 7
1941 19 19 7
1942 25 24 4
1943 22 21 5
1944 23 23 7
1945 27 27 7
1946 29 29 7
1947 31 31 5
1948 21 21 5
1949 25 25 9
1950 25 24 4
1951 26 25 5
1952 17 17 5
1953 19 18 4
1954 22 21 7
1955 19 18 4
1956 24 23 5
1957 19 19 5
1958 21 20 6
1959 28 28 6
1960 26 25 5
1961 19 19 7
1962 23 22 6
1963 28 27 7
1964 23 23 5
1965 21 20 4
1966 20 19 5
1967 19 18 4
1968 20 19 5
1969 25 24 8
1970 24 23 7
1971 19 18 6
1972 24 24 6
1973 30 30 6
1974 20 20 4
1975 24 23 5
1976 13 13 7
1977 19 18 4
1978 20 19 5
1979 31 30 6
1980 20 19 5
1981 15 15 5
1982 13 12 4
1983 14 13 5
1984 15 14 4
1985 10 9 5
1986 19 18 6
1987 20 20 6
1988 14 14 6
1989 22 21 5
1990 17 17 5
1991 13 12 4
1992 12 11 5
1993 21 20 6
1994 14 14 4
1995 22 21 5
1996 13 12 4
1997 18 17 5
1998 7 6 5
1999 19 18 4
2000 14 13 5
2001 13 12 6
2002 14 14 6
2003 14 14 4
2004 22 21 5
2005 9 8 4
2006 20 19 5
2007 17 17 5
2008 7 6 5
2009 15 14 4
2010 14 13 5
2011 21 20 6
2012 14 14 4
2013 14 13 5
2014 21 21 5
2015 25 24 4
2016 22 21 7
2017 17 16 4
2018 10 9 5
2019 15 14 4
2020 20 19 5
2021 21 20 6
2022 16 16 4
2023 14 13 5
2024 13 12 4
2025 14 13 5
2026 19 18 4
2027 14 13 5
2028 15 15 5
2029 15 14 6
2030 6 5 4
2031 6 5 4
2032 10 9 5
2033 17 17 7
2034 15 14 4
2035 18 17 5
2036 21 20 4
2037 14 13 5
2038 11 10 4
2039 14 13 5
2040 11 10 4
2041 12 11 5
2042 9 8 4
2043 16 15 5
2044 17 16 6
2045 12 12 4
2046 26 25 5
2047 11 10 4
2048 10 9 5
2049 11 10 6
2050 10 10 4
2051 12 11 5
2052 7 7 7
2053 6 6 6
2054 9 9 5
2055 13 12 4
2056 18 17 7
2057 25 24 6
2058 24 24 4
2059 22 21 5
2060 17 17 5
2061 15 14 6
2062 18 18 6
2063 18 17 5
2064 15 14 6
2065 12 12 6
2066 12 12 4
2067 14 13 5
2068 13 12 4
2069 12 11 5
2070 21 20 4
2071 22 21 5
2072 21 20 6
2073 24 24 6
2074 16 16 6
2075 8 8 4
2076 10 9 5
2077 15 14 6
2078 20 20 4
2079 12 11 5
2080 15 14 4
2081 10 9 5
2082 23 22 4
2083 26 25 5
2084 11 11 5
2085 7 6 5
2086 13 12 6
2087 12 12 4
2088 12 11 5
2089 11 10 4
2090 14 13 5
2091 13 12 6
2092 6 6 6
2093 17 16 4
2094 10 9 5
2095 11 10 6
2096 10 10 6
2097 6 6 6
2098 21 21 5
2099 19 18 4
2100 20 19 5
2101 7 6 5
2102 13 12 6
2103 16 15 5
2104 11 10 4
2105 8 7 6
2106 10 10 4
2107 16 15 5
2108 17 16 4
2109 12 11 5
2110 11 10 4
2111 10 9 5
2112 25 24 6
2113 18 18 4
2114 16 15 5
2115 11 10 4
2116 10 9 5
2117 13 13 5
2118 17 17 5
2119 17 16 6
2120 36 36 4
2121 26 25 5
2122 25 25 5
2123 19 18 4
2124 30 29 5
2125 23 22 6
2126 24 24 6
2127 22 21 5
2128 23 22 4
2129 22 21 5
2130 23 23 5
2131 19 19 5
2132 23 23 5
2133 27 26 6
2134 24 24 6
2135 32 32 8
2136 24 24 6
2137 30 30 4
2138 30 29 5
2139 51 50 10
2140 24 24 4
2141 26 25 5
2142 15 14 4
2143 20 19 5
2144 19 19 5
2145 19 18 4
2146 38 37 5
2147 29 28 6
2148 24 24 6
2149 18 18 4
2150 28 27 7
2151 21 21 5
2152 29 28 6
2153 20 20 6
2154 22 22 4
2155 20 19 5
2156 37 36 6
2157 18 17 5
2158 29 28 6
2159 16 16 4
2160 34 33 7
2161 17 16 4
2162 30 29 7
2163 21 20 4
2164 14 13 5
2165 19 18 6
2166 26 26 6
2167 24 23 7
2168 19 18 6
2169 22 22 6
2170 24 24 4
2171 26 25 5
2172 21 21 7
2173 25 24 4
2174 16 15 5
2175 27 26 6
2176 24 24 6
2177 30 30 8
2178 20 20 6
2179 28 28 6
2180 14 14 6
2181 28 28 4
2182 26 25 7
2183 25 25 7
2184 15 14 4
2185 12 11 5
2186 27 26 6
2187 20 19 5
2188 25 24 6
2189 22 21 5
2190 15 15 5
2191 19 19 7
2192 21 20 6
2193 32 31 5
2194 19 18 4
2195 30 29 5
2196 15 15 5
2197 19 18 4
2198 18 17 5
2199 15 14 4
2200 16 15 5
2201 25 24 6
2202 22 22 6
2203 6 5 4
2204 22 21 5
2205 15 15 5
2206 15 14 4
2207 20 19 5
2208 21 21 5
2209 13 12 6
2210 22 22 6
2211 14 14 4
2212 16 15 5
2213 19 18 4
2214 24 23 5
2215 15 14 6
2216 16 16 4
2217 38 37 7
2218 13 12 4
2219 20 19 5
2220 11 10 4
2221 24 23 7
2222 21 20 4
2223 18 17 5
2224 15 15 5
2225 13 12 4
2226 16 15 5
2227 19 19 5
2228 19 18 4
2229 24 23 5
2230 19 18 4
2231 12 11 5
2232 27 26 6
2233 14 14 6
2234 20 20 4
2235 14 13 5
2236 25 25 5
2237 25 24 6
2238 14 14 4
2239 10 9 5
2240 23 22 4
2241 12 11 5
2242 13 12 4
2243 20 19 5
2244 15 14 4
2245 12 11 5
2246 9 8 4
2247 18 17 5
2248 5 5 5
2249 12 11 5
2250 17 16 4
2251 12 11 5
2252 17 17 5
2253 13 13 5
2254 15 14 4
2255 14 13 5
2256 25 24 6
2257 12 12 4
2258 12 11 5
2259 15 14 4
2260 14 13 5
2261 15 14 6
2262 12 12 4
2263 16 15 5
2264 11 10 4
2265 12 11 5
2266 11 10 4
2267 12 11 5
2268 11 11 5
2269 17 17 5
2270 15 15 5
2271 7 6 5
2272 11 10 4
2273 8 7 6
2274 20 20 6
2275 8 8 4
2276 18 17 5
2277 13 13 5
2278 13 12 4
2279 16 15 7
2280 7 6 5
2281 15 14 4
2282 12 11 5
2283 11 10 6
2284 10 10 4
2285 18 17 5
2286 15 15 5
2287 15 14 6
2288 10 10 4
2289 10 9 5
2290 9 8 4
2291 12 11 5
2292 11 10 4
2293 8 7 6
2294 20 20 4
2295 18 17 5
2296 19 19 5
2297 9 8 4
2298 12 11 5
2299 7 6 5
2300 5 5 5
2301 10 9 5
2302 11 10 6
2303 12 12 4
2304 12 11 5
2305 17 17 5
2306 17 16 4
2307 16 15 5
2308 19 18 6
2309 22 21 5
2310 13 12 4
2311 10 9 5
2312 9 9 5
2313 15 14 4
2314 18 17 5
2315 11 11 5
2316 9 8 4
2317 10 9 5
2318 11 11 5
2319 13 12 4
2320 16 15 5
2321 15 14 6
2322 6 6 6
2323 17 16 4
2324 18 17 5
2325 7 7 7
2326 12 12 6
2327 6 6 6
2328 11 10 6
2329 10 10 6
2330 8 8 4
2331 12 11 5
2332 17 16 6
2333 16 15 5
2334 5 5 5
2335 10 9 5
2336 21 20 6
2337 12 12 4
2338 12 11 5
2339 11 10 4
2340 10 9 5
2341 11 10 4
2342 10 9 5
2343 15 14 6
2344 10 10 4
2345 14 13 5
2346 11 10 6
2347 6 5 4
2348 14 13 5
2349 13 13 5
2350 13 12 4
2351 14 13 5
2352 9 9 5
2353 11 10 6
2354 10 10 4
2355 10 9 5
2356 7 6 5
2357 15 14 6
2358 6 6 6
2359 11 11 5
2360 13 12 4
2361 16 15 5
2362 11 10 6
2363 6 6 6
2364 13 12 4
2365 10 9 5
2366 5 5 5
2367 12 11 5
2368 7 7 7
2369 12 12 4
2370 16 15 5
2371 13 12 4
2372 12 11 5
2373 15 14 6
2374 6 6 6
2375 7 6 5
2376 9 9 5
2377 15 14 6
2378 8 8 4
2379 10 9 5
2380 13 12 6
2381 8 8 4
2382 14 13 5
2383 11 11 5
2384 11 10 6
2385 12 12 4
2386 16 15 7
2387 9 8 4
2388 14 13 5
2389 7 6 5
2390 9 9 5
2391 11 10 4
2392 14 13 5
2393 17 16 6
2394 10 10 4
2395 14 13 5
2396 11 11 5
2397 7 6 5
2398 11 11 5
2399 11 10 4
2400 16 15 5
2401 11 10 6
2402 16 16 4
2403 16 15 5
2404 13 12 4
2405 14 13 5
2406 9 9 5
2407 11 11 5
2408 15 14 6
2409 12 12 4
2410 12 11 5
2411 15 14 4
2412 12 11 5
2413 19 19 5
2414 15 14 4
2415 12 11 5
2416 9 8 4
2417 12 11 5
2418 13 12 4
2419 22 21 5
2420 23 22 6
2421 12 12 4
2422 16 15 5
2423 31 30 6
2424 38 38 8
2425 30 30 6
2426 24 24 6
2427 22 22 4
2428 14 13 5
2429 23 22 8
2430 32 32 6
2431 14 14 4
2432 18 17 7
2433 15 15 5
2434 17 16 4
2435 34 33 7
2436 23 23 5
2437 37 37 7
2438 23 23 5
2439 25 25 7
2440 41 40 12
2441 34 34 6
2442 22 21 5
2443 25 24 6
2444 28 27 7
2445 35 35 7
2446 23 23 5
2447 27 26 6
2448 24 23 7
2449 41 40 10
2450 28 28 8
2451 22 22 4
2452 54 53 7
2453 33 33 5
2454 29 29 5
2455 27 26 4
2456 46 45 7
2457 37 36 8
2458 22 22 8
2459 34 34 6
2460 36 36 6
2461 36 36 6
2462 36 35 7
2463 33 32 8
2464 30 29 7
2465 25 25 5
2466 23 23 5
2467 27 26 6
2468 26 26 6
2469 30 29 5
2470 35 34 6
2471 18 17 5
2472 33 33 7
2473 19 18 6
2474 20 20 6
2475 18 18 4
2476 20 19 5
2477 29 29 9
2478 19 18 8
2479 30 29 5
2480 17 17 5
2481 19 19 5
2482 17 16 6
2483 18 18 4
2484 24 23 5
2485 29 29 5
2486 23 22 6
2487 22 22 4
2488 34 33 5
2489 15 15 5
2490 19 18 6
2491 22 22 4
2492 16 15 5
2493 17 17 5
2494 23 22 6
2495 20 20 4
2496 14 13 5
2497 15 14 4
2498 26 25 5
2499 13 13 5
2500 15 14 4
2501 20 19 7
2502 21 20 4
2503 14 13 5
2504 9 8 4
2505 10 9 5
2506 11 10 4
2507 18 17 5
2508 19 19 5
2509 21 20 4
2510 24 23 5
2511 23 22 6
2512 16 16 4
2513 16 15 5
2514 21 20 6
2515 14 14 4
2516 16 15 5
2517 17 17 5
2518 23 22 6
2519 14 14 6
2520 14 14 4
2521 12 11 5
2522 19 18 4
2523 10 9 5
2524 15 15 5
2525 11 10 4
2526 24 23 7
2527 11 10 4
2528 14 13 5
2529 23 22 4
2530 16 15 7
2531 23 22 6
2532 14 14 4
2533 12 11 5
2534 11 10 4
2535 18 17 5
2536 13 12 6
2537 20 20 6
2538 12 12 4
2539 14 13 5
2540 15 14 4
2541 16 15 5
2542 15 15 5
2543 27 26 6
2544 16 16 4
2545 14 13 5
2546 9 8 4
2547 14 13 5
2548 17 16 4
2549 18 17 5
2550 13 12 4
2551 20 19 5
2552 11 11 5
2553 21 20 4
2554 12 11 5
2555 19 19 5
2556 23 22 6
2557 20 20 4
2558 20 19 5
2559 19 19 5
2560 17 16 4
2561 24 23 7
2562 21 20 6
2563 28 28 6
2564 26 26 6
2565 18 18 6
2566 12 11 5
2567 13 12 4
2568 16 15 5
2569 29 28 4
2570 22 21 5
2571 21 20 6
2572 14 14 4
2573 18 17 5
2574 23 22 4
2575 26 25 5
2576 11 10 4
2577 34 33 7
2578 19 18 6
2579 26 26 4
2580 26 25 7
2581 17 17 5
2582 17 16 4
2583 20 19 5
2584 17 16 4
2585 22 21 5
2586 17 17 5
2587 19 18 4
2588 22 21 5
2589 19 18 4
2590 20 19 5
2591 15 14 4
2592 16 15 5
2593 23 22 6
2594 12 12 6
2595 20 20 4
2596 16 15 5
2597 17 16 4
2598 20 19 5
2599 19 18 4
2600 22 21 5
2601 15 14 4
2602 14 13 5
2603 21 20 6
2604 8 8 4
2605 14 13 5
2606 11 11 5
2607 13 12 4
2608 18 17 5
2609 11 10 4
2610 24 23 5
2611 19 18 4
2612 14 13 5
2613 11 10 4
2614 14 13 5
2615 15 14 4
2616 16 15 5
2617 9 9 5
2618 21 20 6
2619 22 22 6
2620 14 14 4
2621 20 19 7
2622 17 16 6
2623 12 12 4
2624 14 13 5
2625 11 10 4
2626 14 13 5
2627 11 11 5
2628 7 6 5
2629 23 22 6
2630 14 14 4
2631 18 17 5
2632 13 12 6
2633 14 14 4
2634 16 15 5
2635 25 24 6
2636 12 12 6
2637 14 13 5
2638 9 8 4
2639 20 19 5
2640 9 8 4
2641 14 13 5
2642 13 13 5
2643 13 12 4
2644 18 17 5
2645 11 11 5
2646 11 10 4
2647 10 9 5
2648 21 20 4
2649 12 11 5
2650 17 16 6
2651 8 8 4
2652 20 19 5
2653 13 12 4
2654 14 13 5
2655 11 10 4
2656 18 17 5
2657 13 13 5
2658 11 10 6
2659 12 12 4
2660 12 11 5
2661 23 22 4
2662 10 9 5
2663 9 8 4
2664 12 11 5
2665 11 11 5
2666 11 11 5
2667 13 12 6
2668 14 14 4
2669 16 15 5
2670 13 12 4
2671 14 13 5
2672 7 6 5
2673 7 6 5
2674 13 13 5
2675 7 6 5
2676 17 16 8
2677 12 12 4
2678 12 11 5
2679 11 10 4
2680 24 23 5
2681 17 17 5
2682 17 17 5
2683 17 16 6
2684 6 6 6
2685 17 16 6
2686 6 6 6
2687 21 20 6
2688 12 12 4
2689 16 15 5
2690 9 8 4
2691 10 9 5
2692 17 17 5
2693 13 12 4
2694 12 11 5
2695 15 14 6
2696 20 20 4
2697 20 19 5
2698 15 14 6
2699 10 10 4
2700 20 19 5
2701 17 17 5
2702 19 19 5
2703 19 18 6
2704 28 28 6
2705 16 15 7
2706 25 24 4
2707 26 25 7
2708 25 24 4
2709 18 17 5
2710 25 24 4
2711 20 19 5
2712 21 20 6
2713 28 28 6
2714 26 26 6
2715 26 26 4
2716 26 25 5
2717 25 25 5
2718 29 29 7
2719 19 19 7
2720 17 16 4
2721 26 25 5
2722 19 19 5
2723 23 22 6
2724 20 20 4
2725 28 27 5
2726 21 20 4
2727 30 29 7
2728 31 30 6
2729 26 25 5
2730 29 29 5
2731 27 26 6
2732 22 21 5
2733 27 27 5
2734 41 41 7
2735 29 28 8
2736 40 40 6
2737 20 20 6
2738 30 29 7
2739 31 30 6
2740 18 18 4
2741 18 17 5
2742 17 16 4
2743 22 21 5
2744 19 18 4
2745 28 27 9
2746 31 30 10
2747 22 22 4
2748 20 19 5
2749 13 12 4
2750 24 23 7
2751 33 32 8
2752 14 13 5
2753 17 16 4
2754 20 19 7
2755 33 33 7
2756 25 24 6
2757 22 21 7
2758 25 24 4
2759 32 31 5
2760 29 29 9
2761 17 17 5
2762 21 20 8
2763 24 23 5
2764 29 28 6
2765 18 17 7
2766 37 37 9
2767 33 32 6
2768 24 23 5
2769 23 22 4
2770 38 37 9
2771 35 34 8
2772 26 25 7
2773 25 24 6
2774 28 28 8
2775 36 35 7
2776 17 16 6
2777 38 38 10
2778 20 20 6
2779 22 22 6
2780 18 17 5
2781 29 28 10
2782 26 26 8
2783 34 34 6
2784 26 25 7
2785 23 22 6
2786 16 16 4
2787 22 21 5
2788 29 29 9
2789 27 26 8
2790 14 14 4
2791 12 11 5
2792 35 35 9
2793 21 20 8
2794 28 28 6
2795 24 24 6
2796 30 29 5
2797 43 42 14
2798 22 22 8
2799 18 17 5
2800 13 13 5
2801 17 16 6
2802 14 14 6
2803 10 10 4
2804 16 15 7
2805 25 24 4
2806 34 33 5
2807 19 19 7
2808 35 34 6
2809 24 23 5
2810 11 11 5
2811 35 34 8
2812 8 8 4
2813 28 27 7
2814 17 16 4
2815 20 19 5
2816 25 25 5
2817 9 9 5
2818 21 20 6
2819 16 15 5
2820 29 28 6
2821 12 12 4
2822 28 27 7
2823 11 10 6
2824 16 16 4
2825 18 17 5
2826 17 16 6
2827 20 20 8
2828 10 9 5
2829 9 8 4
2830 12 11 5
2831 17 16 6
2832 10 10 4
2833 12 11 5
2834 11 10 4
2835 14 13 5
2836 15 15 5
2837 9 8 4
2838 12 11 5
2839 15 14 4
2840 14 13 5
2841 17 17 5
2842 29 29 5
2843 17 16 4
2844 20 19 5
2845 15 14 6
2846 22 22 6
2847 14 14 6
2848 16 16 4
2849 12 11 5
2850 13 12 6
2851 10 10 4
2852 20 19 5
2853 29 29 5
2854 23 22 6
2855 20 19 5
2856 13 13 5
2857 13 12 4
2858 12 11 5
2859 15 15 5
2860 11 10 4
2861 12 11 5
2862 15 14 6
2863 14 13 5
2864 11 10 4
2865 12 11 5
2866 19 18 6
2867 16 15 5
2868 7 6 5
2869 25 24 6
2870 12 12 4
2871 20 19 5
2872 15 15 5
2873 9 8 4
2874 14 13 5
2875 17 17 5
2876 15 14 6
2877 8 8 4
2878 8 7 6
2879 16 16 4
2880 26 25 7
2881 9 8 4
2882 10 9 5
2883 7 6 5
2884 9 9 5
2885 19 18 4
2886 16 15 5
2887 15 14 4
2888 16 15 5
2889 29 29 5
2890 17 16 4
2891 22 21 5
2892 9 9 5
2893 15 14 4
2894 20 19 5
2895 15 15 5
2896 11 10 6
2897 12 12 4
2898 18 17 5
2899 17 16 4
2900 14 13 5
2901 19 18 6
2902 12 11 5
2903 17 16 4
2904 14 13 5
2905 19 18 6
2906 14 14 6
2907 10 10 4
2908 12 11 5
2909 17 16 4
2910 16 15 5
2911 21 20 4
2912 18 17 5
2913 15 15 5
2914 21 21 5
2915 13 13 5
2916 23 22 4
2917 16 15 5
2918 13 13 5
2919 17 17 5
2920 9 9 5
2921 11 11 5
2922 15 15 5
2923 13 12 6
2924 14 14 4
2925 22 21 5
2926 19 18 4
2927 18 17 5
2928 19 19 7
2929 9 9 5
2930 13 12 6
2931 10 10 4
2932 20 19 5
2933 17 17 5
2934 15 14 6
2935 10 10 4
2936 18 17 5
2937 13 12 4
2938 20 19 7
2939 15 14 4
2940 10 9 5
2941 13 12 4
2942 10 9 5
2943 17 16 6
2944 14 14 4
2945 18 17 5
2946 17 16 6
2947 12 12 4
2948 14 13 5
2949 11 10 4
2950 18 17 5
2951 29 28 4
2952 16 15 5
2953 21 21 7
2954 23 22 6
2955 16 16 6
2956 16 16 6
2957 18 18 4
2958 14 13 5
2959 23 22 4
2960 22 21 5
2961 15 14 4
2962 22 21 5
2963 25 24 6
2964 14 14 8
2965 26 26 8
2966 26 25 9
2967 29 29 9
2968 17 17 5
2969 21 20 4
2970 30 29 7
2971 25 24 4
2972 28 27 7
2973 19 18 6
2974 20 20 6
2975 22 21 5
2976 17 17 5
2977 15 15 5
2978 27 26 6
2979 18 18 4
2980 20 19 7
2981 15 14 6
2982 18 17 5
2983 13 13 5
2984 13 13 5
2985 21 20 6
2986 20 19 5
2987 19 19 5
2988 15 14 4
2989 18 17 5
2990 23 22 6
2991 20 19 5
2992 17 16 6
2993 22 22 6
2994 22 21 5
2995 31 31 7
2996 25 24 4
2997 24 23 5
2998 37 36 8
2999 22 21 5
3000 29 28 6
3001 12 12 4
3002 20 19 7
3003 25 24 4
3004 30 29 9
3005 25 24 4
3006 26 25 5
3007 25 25 5
3008 21 21 7
3009 19 19 5
3010 25 24 6
3011 14 13 5
3012 17 17 5
3013 25 24 4
3014 26 25 5
3015 17 16 6
3016 26 26 8
3017 12 12 6
3018 18 17 5
3019 33 32 4
3020 14 13 5
3021 21 20 6
3022 26 26 6
3023 18 17 5
3024 27 27 13
3025 17 16 4
3026 18 17 5
3027 21 21 5
3028 25 25 7
3029 25 25 5
3030 25 25 9
3031 25 24 6
3032 24 23 7
3033 31 30 8
3034 26 26 8
3035 20 20 8
3036 24 23 5
3037 21 20 6
3038 28 28 6
3039 28 28 6
3040 26 26 6
3041 24 24 4
3042 34 33 7
3043 27 26 6
3044 32 31 7
3045 27 26 8
3046 24 24 4
3047 24 23 7
3048 25 24 8
3049 12 12 4
3050 28 27 5
3051 25 24 4
3052 20 19 7
3053 13 13 5
3054 15 14 4
3055 16 15 5
3056 19 18 6
3057 24 24 6
3058 20 20 6
3059 18 18 4
3060 22 21 7
3061 15 14 6
3062 20 20 6
3063 20 20 6
3064 20 20 6
3065 12 12 4
3066 24 23 5
3067 15 14 6
3068 14 14 4
3069 22 21 7
3070 19 18 4
3071 26 25 7
3072 13 12 6
3073 16 16 6
3074 12 12 4
3075 24 23 5
3076 21 20 6
3077 20 20 6
3078 22 22 6
3079 20 19 7
3080 17 16 4
3081 20 19 5
3082 11 10 4
3083 22 21 5
3084 15 15 5
3085 15 14 6
3086 14 14 4
3087 14 13 5
3088 17 17 5
3089 27 27 5
3090 11 10 4
3091 14 13 5
3092 15 15 5
3093 11 10 4
3094 16 15 7
3095 15 14 4
3096 12 11 5
3097 15 14 4
3098 12 11 5
3099 13 13 5
3100 27 26 6
3101 12 12 4
3102 20 19 5
3103 19 19 5
3104 23 22 6
3105 10 10 4
3106 32 31 5
3107 19 18 6
3108 26 25 5
3109 19 18 4
3110 26 25 7
3111 15 15 5
3112 23 22 6
3113 32 31 9
3114 33 32 6
3115 26 26 10
3116 26 26 8
3117 28 28 6
3118 28 28 6
3119 46 45 13
3120 23 22 4
3121 20 19 7
3122 33 33 7
3123 27 26 4
3124 26 25 7
3125 31 30 6
3126 34 34 6
3127 32 32 6
3128 38 37 5
3129 27 26 6
3130 26 26 6
3131 32 32 8
3132 26 26 4
3133 12 11 5
3134 29 28 8
3135 24 24 6
3136 22 22 6
3137 28 28 10
3138 20 19 5
3139 19 18 4
3140 20 19 5
3141 23 23 7
3142 11 11 5
3143 19 18 6
3144 16 16 4
3145 16 15 5
3146 13 12 4
3147 16 15 5
3148 15 15 5
3149 13 12 6
3150 14 14 6
3151 12 12 4
3152 14 13 5
3153 11 10 4
3154 10 9 5
3155 11 10 6
3156 10 10 4
3157 14 13 5
3158 13 13 5
3159 11 10 4
3160 20 19 5
3161 13 12 4
3162 12 11 5
3163 13 12 4
3164 10 9 5
3165 9 9 5
3166 17 16 6
3167 18 18 4
3168 16 15 5
3169 11 10 4
3170 12 11 5
3171 11 10 6
3172 8 8 4
3173 14 13 5
3174 23 23 5
3175 21 20 6
3176 18 18 4
3177 10 9 5
3178 9 8 4
3179 12 11 5
3180 11 10 6
3181 16 16 6
3182 12 12 6
3183 10 10 4
3184 10 9 5
3185 9 9 5
3186 7 6 5
3187 13 12 4
3188 14 13 5
3189 13 12 4
3190 12 11 5
3191 15 15 5
3192 17 16 6
3193 8 8 4
3194 10 9 5
3195 15 14 4
3196 14 13 5
3197 7 7 7
3198 8 8 4
3199 10 9 5
3200 13 12 6
3201 10 10 4
3202 16 15 5
3203 13 13 5
3204 21 20 4
3205 14 13 5
3206 13 13 5
3207 5 5 5
3208 14 13 5
3209 13 12 6
3210 8 8 4
3211 12 11 5
3212 11 10 4
3213 8 7 6
3214 20 20 6
3215 22 22 4
3216 20 19 5
3217 21 20 6
3218 12 12 6
3219 14 14 4
3220 20 19 5
3221 17 16 6
3222 12 12 4
3223 10 9 5
3224 19 18 4
3225 8 7 6
3226 10 10 4
3227 10 9 5
3228 13 12 4
3229 20 19 5
3230 11 11 5
3231 11 11 5
3232 7 6 5
3233 11 10 4
3234 18 17 5
3235 17 17 5
3236 25 24 8
3237 16 16 6
3238 16 16 4
3239 14 13 5
3240 13 13 5
3241 13 12 4
3242 14 13 5
3243 11 11 5
3244 13 12 4
3245 14 13 5
3246 13 12 6
3247 16 15 5
3248 9 8 4
3249 12 11 5
3250 11 10 4
3251 20 19 7
3252 15 14 4
3253 18 17 5
3254 15 15 5
3255 15 14 4
3256 14 13 5
3257 9 9 5
3258 9 8 7
3259 9 8 4
3260 16 15 5
3261 15 15 5
3262 9 8 4
3263 18 17 5
3264 11 11 5
3265 17 16 4
3266 18 17 5
3267 5 5 5
3268 10 9 5
3269 11 11 5
3270 11 10 4
3271 10 9 5
3272 15 14 6
3273 14 14 6
3274 14 13 5
3275 21 20 4
3276 14 13 5
3277 19 19 5
3278 15 14 6
3279 20 19 5
3280 25 24 6
3281 24 24 6
3282 28 27 5
3283 19 19 5
3284 23 22 4
3285 20 19 5
3286 17 17 5
3287 13 12 4
3288 18 17 5
3289 19 19 7
3290 15 14 6
3291 14 14 4
3292 32 31 7
3293 15 15 5
3294 13 12 4
3295 14 13 5
3296 9 8 4
3297 22 21 5
3298 13 12 4
3299 28 27 5
3300 17 17 7
3301 19 18 4
3302 20 19 5
3303 19 19 5
3304 25 24 8
3305 16 16 6
3306 14 14 4
3307 22 21 5
3308 21 21 5
3309 23 22 6
3310 24 23 5
3311 17 16 6
3312 14 14 4
3313 28 27 5
3314 13 13 5
3315 17 16 4
3316 20 19 5
3317 19 18 6
3318 10 10 4
3319 12 11 5
3320 17 16 6
3321 18 18 4
3322 10 9 5
3323 15 14 4
3324 12 11 5
3325 17 16 6
3326 16 16 4
3327 12 11 5
3328 23 22 6
3329 12 12 4
3330 18 17 7
3331 13 12 4
3332 18 17 5
3333 15 14 4
3334 12 11 5
3335 23 22 6
3336 12 12 4
3337 16 15 5
3338 19 18 4
3339 16 15 5
3340 7 6 5
3341 9 8 4
3342 14 13 5
3343 9 9 5
3344 19 19 5
3345 15 15 5
3346 19 19 5
3347 11 11 5
3348 11 10 4
3349 14 13 5
3350 7 6 5
3351 15 14 4
3352 12 11 5
3353 21 20 6
3354 10 10 4
3355 10 9 5
3356 19 18 8
3357 16 16 4
3358 12 11 5
3359 15 14 6
3360 22 22 6
3361 12 12 6
3362 16 16 4
3363 16 15 5
3364 15 14 4
3365 16 15 5
3366 13 13 5
3367 15 14 4
3368 14 13 5
3369 11 10 4
3370 18 17 5
3371 13 13 5
3372 25 24 4
3373 14 13 5
3374 15 14 4
3375 20 19 5
3376 17 17 5
3377 15 14 6
3378 12 12 6
3379 22 21 5
3380 15 14 4
3381 18 17 5
3382 15 14 4
3383 16 15 5
3384 13 12 4
3385 6 5 4
3386 16 15 5
3387 13 13 5
3388 9 8 4
3389 18 17 5
3390 17 16 6
3391 12 12 4
3392 18 17 5
3393 11 11 5
3394 9 8 4
3395 10 9 5
3396 13 12 6
3397 12 12 4
3398 16 15 5
3399 13 12 6
3400 12 12 4
3401 16 15 5
3402 17 16 4
3403 18 17 7
3404 25 24 6
3405 10 9 5
3406 13 12 4
3407 12 11 5
3408 13 12 4
3409 14 13 5
3410 23 23 5
3411 9 8 4
3412 12 11 5
3413 11 11 5
3414 11 10 4
3415 10 9 5
3416 13 12 4
3417 14 13 5
3418 15 14 4
3419 14 13 5
3420 9 9 5
3421 13 13 5
3422 23 22 6
3423 12 12 4
3424 18 17 5
3425 11 10 4
3426 16 15 5
3427 19 18 6
3428 16 16 6
3429 18 18 6
3430 16 16 4
3431 10 9 5
3432 11 10 4
3433 30 29 5
3434 11 11 5
3435 13 12 6
3436 16 16 4
3437 16 15 5
3438 11 11 5
3439 9 8 4
3440 18 17 7
3441 15 14 4
3442 16 15 5
3443 17 16 4
3444 14 13 5
3445 17 16 4
3446 18 17 5
3447 13 12 4
3448 12 11 5
3449 13 12 6
3450 16 16 4
3451 12 11 5
3452 13 12 4
3453 14 13 5
3454 15 15 5
3455 13 12 4
3456 10 9 5
3457 13 13 5
3458 17 16 6
3459 10 10 6
3460 8 8 4
3461 12 11 5
3462 7 6 5
3463 11 11 5
3464 19 18 6
3465 12 12 4
3466 6 5 4
3467 20 19 5
3468 9 8 7
3469 23 22 6
3470 16 16 4
3471 6 5 4
3472 12 11 5
3473 11 11 5
3474 13 12 4
3475 12 11 5
3476 17 16 6
3477 16 16 4
3478 12 11 5
3479 13 12 6
3480 10 10 6
3481 20 20 4
3482 28 27 5
3483 19 18 4
3484 22 21 7
3485 15 14 6
3486 12 12 4
3487 22 21 7
3488 13 12 4
3489 18 17 5
3490 13 13 5
3491 17 17 5
3492 27 26 6
3493 10 10 6
3494 10 10 4
3495 16 15 5
3496 9 8 4
3497 12 11 5
3498 17 16 6
3499 26 26 6
3500 36 36 6
3501 10 10 4
3502 14 13 5
3503 23 22 4
3504 20 19 5
3505 21 20 6
3506 18 18 6
3507 12 12 4
3508 20 19 5
3509 17 16 4
3510 20 19 5
3511 15 14 6
3512 12 12 4
3513 8 7 6
3514 14 14 4
3515 20 19 5
3516 23 22 6
3517 26 26 8
3518 18 18 4
3519 14 13 5
3520 15 14 4
3521 12 11 5
3522 21 20 4
3523 24 23 5
3524 25 24 4
3525 22 21 5
3526 29 29 7
3527 25 25 5
3528 15 14 4
3529 16 15 5
3530 15 14 4
3531 28 27 5
3532 47 47 7
3533 21 20 4
3534 20 19 5
3535 23 22 6
3536 16 16 4
3537 12 11 5
3538 21 21 5
3539 19 18 6
3540 20 20 4
3541 20 19 7
3542 25 24 4
3543 28 27 5
3544 27 26 6
3545 22 22 4
3546 14 13 5
3547 21 21 5
3548 13 13 5
3549 19 18 4
3550 18 17 5
3551 19 18 4
3552 18 17 5
3553 35 34 6
3554 14 14 4
3555 20 19 5
3556 25 25 7
3557 25 24 6
3558 22 21 5
3559 31 30 6
3560 32 31 5
3561 31 31 5
3562 21 20 4
3563 38 37 9
3564 29 28 8
3565 38 38 6
3566 32 31 9
3567 17 17 5
3568 45 44 8
3569 48 48 8
3570 46 45 11
3571 25 24 8
3572 28 27 7
3573 31 30 6
3574 28 28 6
3575 34 34 8
3576 28 28 6
3577 24 24 4
3578 34 33 7
3579 19 18 4
3580 44 43 9
3581 35 34 6
3582 20 19 5
3583 23 23 7
3584 29 28 6
3585 24 23 5
3586 27 26 4
3587 22 21 5
3588 21 20 6
3589 22 22 6
3590 20 20 4
3591 22 21 5
3592 13 12 4
3593 26 25 5
3594 17 16 4
3595 16 15 5
3596 19 18 4
3597 24 23 5
3598 17 17 5
3599 15 14 6
3600 24 24 6
3601 22 22 8
3602 18 18 4
3603 16 15 5
3604 11 10 4
3605 12 11 5
3606 25 24 4
3607 14 13 5
3608 13 12 4
3609 20 19 5
3610 23 22 6
3611 18 18 6
3612 12 12 4
3613 16 15 5
3614 17 16 6
3615 16 16 6
3616 12 12 4
3617 10 9 5
3618 13 12 4
3619 10 9 5
3620 9 8 4
3621 18 17 5
3622 17 16 4
3623 12 11 5
3624 11 11 5
3625 13 13 5
3626 15 14 6
3627 10 10 4
3628 16 15 5
3629 11 11 5
3630 15 14 6
3631 14 13 5
3632 19 18 4
3633 14 13 5
3634 21 20 4
3635 16 15 5
3636 19 18 6
3637 14 14 4
3638 12 11 5
3639 11 10 4
3640 22 21 7
3641 9 8 4
3642 14 13 5
3643 19 18 6
3644 20 20 6
3645 10 10 4
3646 20 19 5
3647 5 5 5
3648 10 9 5
3649 19 18 6
3650 20 20 4
3651 10 9 5
3652 27 26 6
3653 24 23 5
3654 23 23 5
3655 39 38 8
3656 36 36 6
3657 32 32 8
3658 18 18 4
3659 18 17 5
3660 19 18 4
3661 26 25 7
3662 25 24 6
3663 20 19 5
3664 25 24 6
3665 10 10 4
3666 20 19 5
3667 33 33 5
3668 23 23 7
3669 15 14 4
3670 28 27 7
3671 29 28 4
3672 18 17 5
3673 13 12 4
3674 22 21 5
3675 19 18 4
3676 36 35 7
3677 19 19 5
3678 27 26 4
3679 28 27 5
3680 13 13 5
3681 23 22 6
3682 12 11 5
3683 17 16 4
3684 10 9 5
3685 21 20 6
3686 14 13 5
3687 17 16 6
3688 26 25 5
3689 21 20 6
3690 14 14 6
3691 24 24 6
3692 22 22 6
3693 22 22 6
3694 8 8 4
3695 18 17 7
3696 15 14 4
3697 24 23 5
3698 17 17 5
3699 19 18 4
3700 14 13 5
3701 21 20 4
3702 14 13 5
3703 23 22 6
3704 24 24 8
3705 12 12 4
3706 12 11 5
3707 15 14 4
3708 16 15 5
3709 25 25 7
3710 19 19 5
3711 11 11 5
3712 17 17 5
3713 19 19 5
3714 15 14 6
3715 10 10 6
3716 12 12 4
3717 12 11 5
3718 15 14 4
3719 18 17 5
3720 11 10 4
3721 20 19 7
3722 9 8 4
3723 16 15 5
3724 15 14 4
3725 18 17 5
3726 17 16 6
3727 6 6 6
3728 19 18 4
3729 26 25 5
3730 7 6 5
3731 19 18 6
3732 14 14 6
3733 22 22 6
3734 10 10 4
3735 12 11 5
3736 11 10 6
3737 10 10 4
3738 12 11 5
3739 9 8 4
3740 12 11 5
3741 15 14 6
3742 10 10 6
3743 8 8 4
3744 14 13 5
3745 15 15 5
3746 21 20 6
3747 10 9 5
3748 11 10 4
3749 12 11 5
3750 9 9 5
3751 17 16 8
3752 10 10 4
3753 10 9 5
3754 11 10 6
3755 8 8 4
3756 16 15 5
3757 11 11 5
3758 13 12 4
3759 12 11 5
3760 11 10 6
3761 16 16 6
3762 12 12 6
3763 18 18 6
3764 16 15 5
3765 13 12 4
3766 16 15 5
3767 11 10 4
3768 10 9 5
3769 15 14 4
3770 6 5 4
3771 14 13 5
3772 13 13 5
3773 7 6 5
3774 11 10 4
3775 14 13 5
3776 15 14 4
3777 16 15 5
3778 13 13 5
3779 9 8 4
3780 6 5 4
3781 10 9 5
3782 11 10 6
3783 14 14 6
3784 20 20 6
3785 10 9 5
3786 21 20 4
3787 22 21 5
3788 25 24 6
3789 10 10 4
3790 10 9 5
3791 17 16 4
3792 12 11 5
3793 17 17 5
3794 11 10 4
3795 10 9 5
3796 15 14 4
3797 22 21 5
3798 17 16 4
3799 6 5 4
3800 14 13 5
3801 11 10 4
3802 12 11 5
3803 11 11 5
3804 15 15 5
3805 13 12 6
3806 10 10 4
3807 10 9 5
3808 17 17 5
3809 19 18 6
3810 10 9 5
3811 11 10 4
3812 6 5 4
3813 14 13 5
3814 17 17 5
3815 13 12 4
3816 10 9 5
3817 13 12 4
3818 20 19 5
3819 17 16 6
3820 10 9 5
3821 11 11 5
3822 11 10 4
3823 14 13 5
3824 21 20 6
3825 24 24 6
3826 12 12 4
3827 16 15 5
3828 9 9 5
3829 7 6 5
3830 19 18 6
3831 14 13 5
3832 19 18 4
3833 20 19 5
3834 15 15 5
3835 15 15 5
3836 13 12 4
3837 18 17 5
3838 21 20 4
3839 10 9 5
3840 17 17 5
3841 13 12 4
3842 18 17 5
3843 17 16 6
3844 18 18 6
3845 20 20 6
3846 14 14 4
3847 18 17 5
3848 15 14 4
3849 12 11 5
3850 21 20 6
3851 18 17 5
3852 17 17 5
3853 17 16 4
3854 32 31 7
3855 37 36 6
3856 24 24 4
3857 28 27 7
3858 23 22 6
3859 24 23 5
3860 25 24 4
3861 22 21 5
3862 11 11 5
3863 21 21 5
3864 25 24 6
3865 24 23 5
3866 23 22 6
3867 30 30 4
3868 16 15 7
3869 31 30 6
3870 16 16 6
3871 16 16 6
3872 16 16 6
3873 20 20 4
3874 24 23 5
3875 23 22 6
3876 14 14 4
3877 16 15 5
3878 15 14 4
3879 22 21 5
3880 19 19 5
3881 21 21 5
3882 17 17 5
3883 29 28 8
3884 22 22 8
3885 30 30 6
3886 20 20 4
3887 16 15 5
3888 21 21 5
3889 23 22 6
3890 18 18 4
3891 18 17 5
3892 17 17 5
3893 13 12 4
3894 22 21 5
3895 15 14 4
3896 20 19 5
3897 17 16 4
3898 18 17 5
3899 11 11 5
3900 19 18 4
3901 12 11 5
3902 13 12 6
3903 12 12 4
3904 12 11 5
3905 17 16 4
3906 14 13 5
3907 21 20 6
3908 16 15 5
3909 21 21 5
3910 13 12 4
3911 24 23 5
3912 9 9 5
3913 7 6 5
3914 17 16 6
3915 10 10 4
3916 14 13 5
3917 9 8 4
3918 12 11 5
3919 19 19 5
3920 19 18 4
3921 10 9 5
3922 25 24 6
3923 8 8 4
3924 6 5 4
3925 26 25 5
3926 23 22 4
3927 18 17 5
3928 13 13 5
3929 15 14 4
3930 14 13 5
3931 23 23 5
3932 15 14 6
3933 16 16 4
3934 20 19 5
3935 15 15 5
3936 11 10 4
3937 16 15 5
3938 15 14 4
3939 14 13 5
3940 21 21 5
3941 17 17 5
3942 17 16 6
3943 14 14 4
3944 14 13 5
3945 13 12 6
3946 16 16 4
3947 16 15 5
3948 13 12 4
3949 12 11 5
3950 15 14 6
3951 12 11 5
3952 15 15 5
3953 17 16 6
3954 12 12 4
3955 14 13 5
3956 13 12 4
3957 12 11 5
3958 19 19 5
3959 11 10 4
3960 16 15 5
3961 13 13 5
3962 9 9 5
3963 15 14 4
3964 20 19 5
3965 19 19 5
3966 19 18 4
3967 18 17 5
3968 21 21 5
3969 23 23 5
3970 13 12 4
3971 16 15 5
3972 15 14 4
3973 14 13 5
3974 11 10 4
3975 16 15 5
3976 25 24 4
3977 12 11 5
3978 17 16 6
3979 10 10 4
3980 18 17 5
3981 11 10 6
3982 10 10 6
3983 6 6 6
3984 11 10 6
3985 10 10 4
3986 10 9 5
3987 11 10 4
3988 22 21 5
3989 17 16 6
3990 22 22 4
3991 14 13 5
3992 11 10 4
3993 18 17 5
3994 27 27 5
3995 19 18 4
3996 16 15 5
3997 21 20 4
3998 14 13 5
3999 19 19 5
4000 9 8 4
4001 6 5 4
4002 14 13 5
4003 9 9 5
4004 13 13 5
4005 11 10 4
4006 6 5 4
4007 18 17 5
4008 13 12 4
4009 10 9 5
4010 11 11 5
4011 15 14 4
4012 8 7 6
4013 12 11 5
4014 13 12 4
4015 8 7 6
4016 8 8 4
4017 16 15 5
4018 11 10 4
4019 14 13 5
4020 13 13 5
4021 19 18 6
4022 12 12 4
4023 10 9 5
4024 7 6 5
4025 11 10 4
4026 8 7 6
4027 16 16 4
4028 10 9 5
4029 9 8 4
4030 16 15 5
4031 13 13 7
4032 11 10 6
4033 12 12 4
4034 12 11 5
4035 9 8 4
4036 14 13 5
4037 21 20 4
4038 16 15 5
4039 13 12 4
4040 8 7 6
4041 8 8 4
4042 14 13 5
4043 11 10 6
4044 12 12 6
4045 14 14 4
4046 12 11 5
4047 15 14 4
4048 12 11 5
4049 13 12 4
4050 12 11 5
4051 11 10 6
4052 10 10 4
4053 16 15 7
4054 15 14 4
4055 10 9 5
4056 11 11 5
4057 9 9 5
4058 13 12 6
4059 10 10 4
4060 12 11 5
4061 15 14 6
4062 6 6 6
4063 7 6 5
4064 19 18 6
4065 10 10 4
4066 10 9 5
4067 9 8 4
4068 10 9 5
4069 11 10 4
4070 12 11 5
4071 13 12 6
4072 12 11 5
4073 15 14 4
4074 12 11 5
4075 13 12 4
4076 14 13 5
4077 17 16 6
4078 14 14 4
4079 20 19 5
4080 17 17 5
4081 11 10 4
4082 20 19 5
4083 13 12 4
4084 18 17 5
4085 21 21 5
4086 23 22 4
4087 38 37 7
4088 39 39 5
4089 21 21 5
4090 33 33 5
4091 13 12 4
4092 18 17 5
4093 27 26 6
4094 12 11 5
4095 17 16 6
4096 14 14 4
4097 22 21 5
4098 25 24 4
4099 26 25 5
4100 21 21 5
4101 23 23 5
4102 25 24 4
4103 22 21 5
4104 27 26 4
4105 32 31 7
4106 39 38 6
4107 26 25 5
4108 37 37 5
4109 23 22 6
4110 18 17 5
4111 27 27 7
4112 29 28 4
4113 22 21 7
4114 23 22 4
4115 16 15 5
4116 21 21 5
4117 25 25 7
4118 15 14 4
4119 18 17 5
4120 21 20 4
4121 26 25 5
4122 17 16 4
4123 26 25 5
4124 25 24 6
4125 18 18 4
4126 16 15 5
4127 11 10 4
4128 16 15 5
4129 23 23 5
4130 21 21 5
4131 27 26 6
4132 18 18 4
4133 34 33 7
4134 35 35 5
4135 21 20 4
4136 38 37 7
4137 15 15 5
4138 21 21 5
4139 33 32 8
4140 40 40 6
4141 24 24 4
4142 16 15 5
4143 21 20 6
4144 16 16 4
4145 16 15 5
4146 33 32 6
4147 26 26 6
4148 22 22 8
4149 20 20 6
4150 40 40 8
4151 22 22 6
4152 26 26 6
4153 10 10 4
4154 14 13 5
4155 27 27 5
4156 33 32 6
4157 32 31 5
4158 25 24 6
4159 10 10 4
4160 26 25 5
4161 35 34 6
4162 16 15 5
4163 19 18 4
4164 20 19 5
4165 21 21 7
4166 27 26 8
4167 18 18 6
4168 16 15 5
4169 17 17 5
4170 21 21 5
4171 23 23 5
4172 21 20 4
4173 18 17 5
4174 15 14 4
4175 24 23 5
4176 17 17 5
4177 17 16 4
4178 26 25 5
4179 19 18 4
4180 22 21 5
4181 15 14 4
4182 32 31 5
4183 27 26 6
4184 16 15 5
4185 23 22 4
4186 30 29 7
4187 21 20 4
4188 10 9 5
4189 27 26 4
4190 36 35 7
4191 15 14 4
4192 18 17 5
4193 21 21 5
4194 23 22 6
4195 18 18 6
4196 20 20 4
4197 22 21 5
4198 21 21 5
4199 25 25 7
4200 19 18 4
4201 22 21 7
4202 27 26 4
4203 24 23 7
4204 25 24 6
4205 10 10 4
4206 20 19 5
4207 21 20 6
4208 20 20 6
4209 16 16 4
4210 32 31 7
4211 17 16 4
4212 18 17 5
4213 21 20 6
4214 16 16 6
4215 18 18 4
4216 14 13 5
4217 5 5 5
4218 14 13 5
4219 13 12 4
4220 14 13 5
4221 11 11 5
4222 23 22 4
4223 18 17 5
4224 17 16 6
4225 12 12 4
4226 18 17 5
4227 15 14 6
4228 22 22 4
4229 16 15 5
4230 21 20 6
4231 18 17 5
4232 15 15 5
4233 15 14 6
4234 8 8 4
4235 12 11 5
4236 9 8 4
4237 14 13 5
4238 17 16 6
4239 18 18 4
4240 16 15 5
4241 17 17 5
4242 11 11 5
4243 11 10 4
4244 6 5 4
4245 18 17 7
4246 11 10 6
4247 16 16 4
4248 14 13 5
4249 7 6 5
4250 13 12 4
4251 12 11 5
4252 5 5 5
4253 16 15 5
4254 17 16 6
4255 14 14 4
4256 8 7 6
4257 14 14 4
4258 14 13 5
4259 15 14 4
4260 14 13 5
4261 11 11 5
4262 15 15 5
4263 15 14 6
4264 10 10 4
4265 16 15 5
4266 9 8 4
4267 10 9 5
4268 15 14 6
4269 12 12 4
4270 12 11 5
4271 9 8 4
4272 16 15 5
4273 13 12 4
4274 10 9 5
4275 7 6 5
4276 15 15 5
4277 11 11 5
4278 15 14 6
4279 12 12 4
4280 14 13 5
4281 11 11 5
4282 13 12 6
4283 14 14 6
4284 10 10 6
4285 12 12 6
4286 12 12 4
4287 12 11 5
4288 7 6 5
4289 13 12 6
4290 12 12 4
4291 12 11 5
4292 13 12 4
4293 12 11 5
4294 19 18 4
4295 12 11 5
4296 15 14 4
4297 10 9 5
4298 17 16 6
4299 10 10 6
4300 10 9 5
4301 11 10 6
4302 10 10 4
4303 12 11 5
4304 13 12 4
4305 22 21 5
4306 9 9 5
4307 9 8 4
4308 16 15 5
4309 21 21 5
4310 11 11 5
4311 11 10 6
4312 12 12 4
4313 14 13 5
4314 11 10 4
4315 10 9 5
4316 11 11 5
4317 15 14 4
4318 8 7 6
4319 12 12 6
4320 12 12 4
4321 12 11 5
4322 15 14 4
4323 12 11 5
4324 13 12 4
4325 10 9 5
4326 13 13 5
4327 19 18 6
4328 10 10 4
4329 12 11 5
4330 13 12 6
4331 14 13 5
4332 9 8 4
4333 14 13 5
4334 13 12 4
4335 12 11 5
4336 9 9 5
4337 11 10 6
4338 10 9 5
4339 11 11 5
4340 13 12 4
4341 14 13 5
4342 11 10 4
4343 16 15 5
4344 13 13 5
4345 7 6 5
4346 15 14 6
4347 8 7 6
4348 10 10 6
4349 12 12 4
4350 12 11 5
4351 13 13 5
4352 7 6 5
4353 13 12 6
4354 10 9 5
4355 21 20 6
4356 20 20 6
4357 12 11 5
4358 13 12 6
4359 14 14 4
4360 26 25 5
4361 11 11 5
4362 19 18 4
4363 14 13 5
4364 23 23 5
4365 11 10 6
4366 24 24 10
4367 20 19 5
4368 19 19 5
4369 25 25 9
4370 19 18 8
4371 14 14 6
4372 26 26 6
4373 16 16 6
4374 24 23 5
4375 15 15 5
4376 13 13 7
4377 21 20 4
4378 28 27 5
4379 41 41 5
4380 21 21 5
4381 33 32 6
4382 22 22 4
4383 26 25 5
4384 25 24 4
4385 24 23 5
4386 35 34 8
4387 38 38 6
4388 38 37 9
4389 33 32 8
4390 40 40 8
4391 34 33 5
4392 51 51 15
4393 31 30 8
4394 22 22 4
4395 24 23 7
4396 51 50 8
4397 18 18 4
4398 20 19 7
4399 19 19 5
4400 25 25 5
4401 11 11 5
4402 25 24 6
4403 14 13 5
4404 23 22 4
4405 22 21 7
4406 29 28 8
4407 28 28 6
4408 18 18 6
4409 22 22 8
4410 16 16 6
4411 28 28 8
4412 20 20 6
4413 30 29 7
4414 21 21 5
4415 21 20 6
4416 18 18 4
4417 22 21 5
4418 23 22 4
4419 12 11 5
4420 21 20 4
4421 26 25 5
4422 15 15 5
4423 39 38 6
4424 38 37 9
4425 21 20 6
4426 24 24 6
4427 26 26 4
4428 18 17 5
4429 23 22 4
4430 36 35 7
4431 25 25 5
4432 23 23 7
4433 19 19 5
4434 17 17 5
4435 33 32 6
4436 30 29 5
4437 17 17 5
4438 19 18 6
4439 16 16 4
4440 18 17 7
4441 27 26 6
4442 28 27 7
4443 23 22 6
4444 16 15 5
4445 25 24 4
4446 14 13 5
4447 23 23 5
4448 25 25 5
4449 25 25 7
4450 19 18 4
4451 20 19 5
4452 19 19 5
4453 11 11 5
4454 27 26 4
4455 16 15 5
4456 29 29 7
4457 17 17 5
4458 15 14 6
4459 34 33 9
4460 17 17 5
4461 19 19 5
4462 25 25 5
4463 25 25 7
4464 15 15 5
4465 27 26 8
4466 26 25 7
4467 19 18 6
4468 34 33 5
4469 39 39 9
4470 19 19 5
4471 31 31 5
4472 15 14 4
4473 24 23 5
4474 27 27 7
4475 21 20 6
4476 24 23 7
4477 27 26 6
4478 28 27 5
4479 13 12 4
4480 34 33 5
4481 25 25 5
4482 33 32 10
4483 26 26 6
4484 22 22 4
4485 22 21 5
4486 21 21 5
4487 17 16 4
4488 26 25 5
4489 23 23 5
4490 21 20 8
4491 12 12 4
4492 34 33 5
4493 19 18 4
4494 28 27 7
4495 27 26 6
4496 16 15 7
4497 17 16 4
4498 18 17 5
4499 31 31 7
4500 23 22 6
4501 16 15 5
4502 27 27 7
4503 21 20 6
4504 12 12 4
4505 22 21 5
4506 15 14 4
4507 14 13 5
4508 25 24 4
4509 18 17 5
4510 17 16 6
4511 32 31 5
4512 21 21 5
4513 25 24 6
4514 12 12 4
4515 24 23 7
4516 35 34 8
4517 14 13 5
4518 15 14 4
4519 12 11 5
4520 29 28 6
4521 22 21 5
4522 21 20 4
4523 20 19 5
4524 23 23 5
4525 19 19 5
4526 17 16 6
4527 18 18 4
4528 16 15 5
4529 17 16 4
4530 16 15 5
4531 17 16 4
4532 14 13 5
4533 19 18 6
4534 24 24 6
4535 8 8 4
4536 20 19 5
4537 11 10 4
4538 10 9 5
4539 11 11 5
4540 11 10 4
4541 16 15 5
4542 13 12 6
4543 8 8 4
4544 12 11 5
4545 17 16 6
4546 14 13 5
4547 11 10 4
4548 24 23 5
4549 13 12 4
4550 20 19 5
4551 13 13 5
4552 13 12 6
4553 18 18 6
4554 18 18 6
4555 12 12 4
4556 16 15 5
4557 17 17 5
4558 11 10 4
4559 14 13 5
4560 15 14 4
4561 14 13 5
4562 13 12 4
4563 24 23 5
4564 15 14 6
4565 10 10 4
4566 22 21 7
4567 9 8 4
4568 12 11 5
4569 11 10 4
4570 14 13 5
4571 13 12 4
4572 16 15 5
4573 5 5 5
4574 10 9 5
4575 13 12 4
4576 14 13 5
4577 19 18 4
4578 8 7 6
4579 10 10 6
4580 14 14 4
4581 18 17 5
4582 9 8 7
4583 19 18 4
4584 10 9 5
4585 17 17 5
4586 11 10 4
4587 20 19 5
4588 21 21 5
4589 11 11 5
4590 19 18 4
4591 18 17 5
4592 17 16 4
4593 20 19 5
4594 27 26 6
4595 42 42 6
4596 38 37 7
4597 31 30 4
4598 18 17 5
4599 25 24 6
4600 30 30 6
4601 36 35 5
4602 35 35 5
4603 45 45 9
4604 35 34 6
4605 46 45 7
4606 37 37 7
4607 33 33 5
4608 31 31 7
4609 19 19 5
4610 41 40 8
4611 38 38 8
4612 28 27 7
4613 25 24 6
4614 28 27 7
4615 33 32 8
4616 32 32 6
4617 36 35 9
4618 29 28 8
4619 20 20 6
4620 30 30 8
4621 28 28 6
4622 18 18 6
4623 34 34 6
4624 30 29 5
4625 29 28 6
4626 12 12 4
4627 16 15 7
4628 17 16 6
4629 18 17 5
4630 29 28 6
4631 30 30 6
4632 24 23 9
4633 31 31 9
4634 39 39 7
4635 25 24 6
4636 14 14 4
4637 18 17 5
4638 13 13 5
4639 15 15 5
4640 19 18 4
4641 12 11 5
4642 25 24 6
4643 20 20 4
4644 20 19 5
4645 17 17 5
4646 9 9 5
4647 17 16 6
4648 16 16 4
4649 14 13 5
4650 21 20 6
4651 10 10 4
4652 20 19 5
4653 19 18 4
4654 18 17 5
4655 11 10 4
4656 14 13 5
4657 15 15 5
4658 13 12 6
4659 20 20 4
4660 16 15 5
4661 17 16 4
4662 18 17 5
4663 15 15 5
4664 15 14 6
4665 16 16 4
4666 16 15 5
4667 13 13 5
4668 15 14 4
4669 6 5 4
4670 12 11 5
4671 17 16 4
4672 12 11 5
4673 23 23 5
4674 15 14 6
4675 16 16 4
4676 12 11 5
4677 15 14 4
4678 20 19 5
4679 25 24 6
4680 20 20 6
4681 14 14 4
4682 18 17 5
4683 13 12 4
4684 18 17 5
4685 17 16 4
4686 10 9 5
4687 27 26 4
4688 36 35 7
4689 17 16 4
4690 34 33 5
4691 31 31 5
4692 21 21 5
4693 13 13 5
4694 29 28 6
4695 18 18 6
4696 24 24 6
4697 18 17 5
4698 17 17 5
4699 29 28 4
4700 20 19 5
4701 21 21 5
4702 35 34 8
4703 18 18 4
4704 28 27 5
4705 15 14 4
4706 24 23 5
4707 25 24 6
4708 26 26 6
4709 22 21 5
4710 45 45 7
4711 27 26 6
4712 24 23 5
4713 39 39 11
4714 19 19 5
4715 29 28 6
4716 22 22 4
4717 26 25 5
4718 19 19 5
4719 27 26 4
4720 32 31 5
4721 31 30 6
4722 24 24 6
4723 30 30 6
4724 28 27 5
4725 21 20 4
4726 38 37 9
4727 25 25 5
4728 23 22 4
4729 24 23 5
4730 19 19 5
4731 25 24 4
4732 38 37 7
4733 19 18 4
4734 28 27 7
4735 27 27 5
4736 35 35 5
4737 35 35 7
4738 27 27 7
4739 35 35 5
4740 55 54 16
4741 32 32 8
4742 36 36 8
4743 30 29 11
4744 51 50 12
4745 34 33 7
4746 33 33 9
4747 21 20 6
4748 30 29 7
4749 33 32 6
4750 28 27 7
4751 37 36 6
4752 28 27 5
4753 37 37 7
4754 25 24 6
4755 20 20 4
4756 28 27 7
4757 23 23 5
4758 25 25 9
4759 31 30 6
4760 34 33 9
4761 27 27 5
4762 27 27 5
4763 21 21 5
4764 31 30 12
4765 34 33 7
4766 23 23 5
4767 23 22 4
4768 30 29 5
4769 33 33 7
4770 17 17 5
4771 37 37 5
4772 17 16 4
4773 34 33 7
4774 39 38 6
4775 38 37 7
4776 33 32 8
4777 48 48 6
4778 34 34 6
4779 30 29 7
4780 27 27 5
4781 25 24 8
4782 24 24 4
4783 30 29 7
4784 23 23 7
4785 29 28 6
4786 28 28 8
4787 22 22 6
4788 22 22 4
4789 24 23 5
4790 29 29 7
4791 27 26 6
4792 26 26 6
4793 24 23 9
4794 35 34 4
4795 16 15 5
4796 15 14 4
4797 22 21 5
4798 15 15 5
4799 13 12 4
4800 26 25 5
4801 25 25 5
4802 11 10 4
4803 16 15 5
4804 21 20 4
4805 14 13 5
4806 19 18 4
4807 24 23 7
4808 15 14 6
4809 16 16 4
4810 14 13 5
4811 19 18 4
4812 24 23 5
4813 19 19 7
4814 15 14 4
4815 14 13 5
4816 15 15 5
4817 27 26 8
4818 20 20 4
4819 24 23 5
4820 19 18 4
4821 18 17 5
4822 21 20 4
4823 24 23 5
4824 21 20 6
4825 18 18 4
4826 12 11 5
4827 15 14 4
4828 24 23 7
4829 13 12 4
4830 12 11 5
4831 35 34 6
4832 22 21 5
4833 25 25 5
4834 23 22 6
4835 22 22 4
4836 20 19 5
4837 17 17 5
4838 15 15 5
4839 19 18 4
4840 24 23 5
4841 17 16 4
4842 20 19 5
4843 17 17 5
4844 15 14 4
4845 20 19 5
4846 25 25 7
4847 23 23 5
4848 19 18 4
4849 18 17 5
4850 19 18 4
4851 26 25 9
4852 11 10 4
4853 12 11 5
4854 21 20 4
4855 12 11 5
4856 21 20 6
4857 14 14 4
4858 12 11 5
4859 15 14 6
4860 20 20 6
4861 12 12 6
4862 16 16 6
4863 14 14 6
4864 10 10 6
4865 10 10 4
4866 10 9 5
4867 13 12 4
4868 14 13 7
4869 21 20 4
4870 10 9 5
4871 15 14 4
4872 12 11 5
4873 13 12 6
4874 22 22 6
4875 18 18 4
4876 16 15 5
4877 17 16 4
4878 12 11 5
4879 11 10 4
4880 14 13 5
4881 17 17 5
4882 11 11 5
4883 7 6 5
4884 13 12 4
4885 12 11 5
4886 23 22 6
4887 12 12 6
4888 12 12 4
4889 10 9 5
4890 17 16 6
4891 16 15 5
4892 15 14 4
4893 14 13 5
4894 11 11 5
4895 11 11 5
4896 15 14 4
4897 12 11 5
4898 19 19 5
4899 11 10 4
4900 10 9 5
4901 13 12 4
4902 12 11 5
4903 11 10 4
4904 12 11 5
4905 11 11 5
4906 13 12 6
4907 16 16 6
4908 10 9 5
4909 11 11 5
4910 9 9 5
4911 13 12 4
4912 12 11 5
4913 19 18 6
4914 14 14 4
4915 18 17 5
4916 15 14 6
4917 10 10 4
4918 12 11 5
4919 11 10 6
4920 18 18 6
4921 10 10 4
4922 20 19 5
4923 13 13 5
4924 11 10 4
4925 10 9 5
4926 11 10 4
4927 10 9 5
4928 9 8 4
4929 14 13 7
4930 15 14 4
4931 14 13 5
4932 13 12 4
4933 10 9 5
4934 9 8 4
4935 14 13 7
4936 13 12 4
4937 12 11 5
4938 11 10 4
4939 10 9 5
4940 15 15 5
4941 13 12 4
4942 16 15 5
4943 13 13 5
4944 13 12 4
4945 12 11 5
4946 11 10 6
4947 12 12 6
4948 6 6 6
4949 13 12 4
4950 16 15 5
4951 13 12 4
4952 14 13 5
4953 25 25 5
4954 13 13 7
4955 11 10 4
4956 14 13 5
4957 13 12 4
4958 10 9 5
4959 13 13 5
4960 17 16 6
4961 10 10 4
4962 10 9 5
4963 7 6 5
4964 19 18 6
4965 12 12 4
4966 6 5 4
4967 12 11 5
4968 11 10 6
4969 18 17 5
4970 15 14 4
4971 10 9 5
4972 11 10 4
4973 14 13 5
4974 15 15 5
4975 15 14 6
4976 12 12 4
4977 6 5 4
4978 18 17 5
4979 13 12 4
4980 20 19 5
4981 35 34 6
4982 20 20 4
4983 16 15 5
4984 27 27 5
4985 15 14 4
4986 18 17 5
4987 15 14 4
4988 18 17 7
4989 15 14 4
4990 20 19 7
4991 31 31 5
4992 19 19 5
4993 25 24 6
4994 24 24 6
4995 12 12 4
4996 18 17 5
4997 17 17 5
4998 29 29 9
4999 15 14 6
