0 34 33 9
1 15 14 4
2 14 13 5
3 7 6 5
4 11 10 4
5 16 15 5
6 13 12 4
7 18 17 5
8 31 31 7
9 27 26 6
10 18 18 4
11 24 23 5
12 17 16 4
13 12 11 5
14 9 8 4
15 24 23 5
16 19 19 5
17 25 24 6
18 10 9 5
19 9 8 4
20 14 13 5
21 15 14 4
22 16 15 5
23 15 14 4
24 22 21 5
25 23 22 4
26 22 21 5
27 15 15 5
28 19 19 5
29 23 23 5
30 13 12 4
31 16 15 5
32 19 18 4
33 22 21 5
34 13 13 5
35 13 12 6
36 12 12 4
37 16 15 5
38 11 10 4
39 24 23 5
40 19 18 6
41 28 28 6
42 20 20 4
43 18 17 5
44 19 19 5
45 31 31 5
46 51 50 6
47 34 33 5
48 27 26 4
49 20 19 7
50 19 18 4
51 28 27 5
52 35 34 6
53 32 32 4
54 26 25 5
55 23 22 4
56 26 25 5
57 27 26 4
58 36 35 5
59 29 29 5
60 21 21 5
61 15 15 5
62 27 26 8
63 18 18 4
64 16 15 5
65 27 26 4
66 26 25 7
67 29 29 5
68 19 18 4
69 38 37 5
70 23 23 5
71 25 24 4
72 26 25 5
73 21 21 5
74 23 23 5
75 11 11 5
76 23 22 6
77 30 30 4
78 28 27 5
79 27 27 5
80 23 23 5
81 29 28 4
82 28 27 5
83 17 17 5
84 37 36 6
85 34 34 6
86 32 31 5
87 29 29 5
88 27 27 5
89 45 44 14
90 32 32 6
91 28 28 8
92 14 14 4
93 32 31 7
94 13 13 5
95 41 40 12
96 30 29 11
97 19 19 7
98 35 34 6
99 16 16 8
100 26 26 6
101 30 29 7
102 37 36 4
103 26 25 5
104 27 26 6
105 32 31 5
106 23 22 4
107 18 17 5
108 29 28 4
109 20 19 5
110 21 20 6
111 32 32 6
112 24 24 6
113 18 18 4
114 34 33 5
115 17 16 6
116 12 12 6
117 34 34 6
118 12 12 6
119 16 16 4
120 24 23 5
121 23 23 7
122 29 28 6
123 12 12 4
124 24 23 5
125 13 13 5
126 17 16 4
127 28 27 7
128 13 12 4
129 28 27 7
130 23 22 4
131 26 25 5
132 31 30 6
133 24 23 5
134 23 23 7
135 23 22 6
136 22 21 5
137 29 28 8
138 20 20 4
139 28 27 5
140 25 25 7
141 21 20 4
142 36 35 7
143 27 26 8
144 20 20 4
145 22 21 5
146 29 29 5
147 35 34 8
148 18 17 5
149 23 23 5
150 23 23 5
151 17 17 5
152 23 22 6
153 28 28 8
154 16 16 4
155 20 19 5
156 21 20 4
157 16 15 5
158 23 22 4
159 24 23 5
160 17 17 7
161 15 15 5
162 21 20 4
163 24 23 5
164 21 21 5
165 21 21 5
166 15 14 4
167 20 19 5
168 19 18 6
169 24 24 6
170 14 14 4
171 12 11 5
172 13 12 4
173 16 15 5
174 35 34 8
175 22 21 5
176 19 18 6
177 12 11 5
178 17 16 6
179 16 16 4
180 20 19 5
181 9 9 5
182 15 14 6
183 34 34 8
184 12 12 6
185 24 24 6
186 18 17 5
187 19 18 6
188 12 12 4
189 22 21 5
190 15 14 4
191 14 13 5
192 15 15 5
193 17 17 5
194 11 10 4
195 14 13 5
196 21 20 6
197 26 26 4
198 24 23 5
199 17 17 5
200 17 17 5
201 7 6 5
202 13 12 4
203 22 21 5
204 17 16 6
205 10 10 4
206 18 17 7
207 11 10 4
208 18 17 7
209 25 24 4
210 16 15 5
211 11 10 4
212 18 17 7
213 19 18 4
214 14 13 5
215 15 14 4
216 14 13 5
217 17 16 6
218 26 25 5
219 23 22 4
220 16 15 5
221 15 15 5
222 11 10 4
223 10 9 5
224 13 12 6
225 20 19 5
226 7 6 5
227 21 20 6
228 20 20 6
229 16 16 4
230 16 15 5
231 15 15 5
232 27 27 5
233 13 13 5
234 23 22 4
235 10 9 5
236 13 12 4
237 20 19 5
238 9 8 4
239 14 13 5
240 9 8 4
241 12 11 5
242 11 11 5
243 19 18 6
244 14 14 6
245 8 8 4
246 12 11 5
247 21 20 6
248 18 18 6
249 24 24 4
250 18 17 5
251 17 17 5
252 11 10 4
253 12 11 5
254 21 20 4
255 14 13 5
256 23 22 4
257 24 23 5
258 23 22 6
259 20 19 5
260 11 10 4
261 14 13 5
262 13 12 4
263 18 17 5
264 27 27 5
265 19 18 6
266 20 20 6
267 10 10 4
268 20 19 5
269 15 15 5
270 11 10 4
271 12 11 5
272 15 15 5
273 13 12 4
274 16 15 5
275 21 20 4
276 16 15 5
277 25 24 6
278 14 13 5
279 29 28 4
280 20 19 5
281 29 28 6
282 18 18 6
283 16 16 4
284 18 17 5
285 21 20 6
286 8 8 4
287 34 33 7
288 17 16 6
289 18 18 4
290 14 13 5
291 35 34 8
292 18 18 4
293 16 15 5
294 15 14 4
295 22 21 5
296 25 24 6
297 16 16 6
298 20 20 4
299 18 17 5
300 11 11 5
301 15 14 4
302 16 15 5
303 29 28 6
304 18 18 4
305 24 23 5
306 11 10 4
307 26 25 5
308 17 16 4
309 28 27 5
310 17 16 4
311 14 13 5
312 11 10 4
313 20 19 5
314 15 14 4
315 26 25 7
316 23 22 4
317 20 19 5
318 17 16 6
319 10 10 4
320 12 11 5
321 23 22 6
322 18 18 4
323 14 13 5
324 25 24 6
325 16 16 4
326 16 15 5
327 21 20 4
328 14 13 5
329 13 12 4
330 30 29 5
331 19 19 5
332 27 26 4
333 20 19 5
334 13 13 5
335 7 6 5
336 15 14 4
337 18 17 5
338 19 18 4
339 30 29 7
340 23 22 4
341 10 9 5
342 11 11 5
343 15 14 4
344 12 11 5
345 17 16 6
346 20 20 6
347 32 32 6
348 16 16 6
349 10 10 6
350 16 16 4
351 14 13 5
352 11 10 4
353 20 19 5
354 17 16 6
355 24 23 5
356 19 19 5
357 15 14 4
358 12 11 5
359 17 16 4
360 12 11 5
361 27 26 6
362 16 16 4
363 26 25 5
364 21 20 4
365 18 17 5
366 25 24 4
367 16 15 5
368 23 23 7
369 21 20 4
370 26 25 5
371 11 10 4
372 18 17 5
373 11 10 4
374 16 15 5
375 23 22 6
376 16 15 5
377 21 20 4
378 26 25 5
379 25 25 7
380 9 8 4
381 18 17 5
382 29 28 6
383 14 14 4
384 20 19 5
385 25 24 6
386 18 17 5
387 41 40 6
388 34 34 6
389 30 30 6
390 32 32 4
391 18 17 5
392 21 20 6
393 14 14 4
394 26 25 5
395 27 26 6
396 28 28 6
397 14 13 5
398 13 12 4
399 16 15 5
400 15 14 4
401 28 27 5
402 25 24 6
403 32 32 6
404 18 18 6
405 12 11 5
406 25 24 4
407 20 19 5
408 25 25 5
409 23 22 6
410 18 18 4
411 14 13 5
412 25 24 6
413 12 12 4
414 34 33 5
415 31 31 5
416 33 32 4
417 16 15 5
418 19 19 5
419 29 28 4
420 32 31 5
421 21 20 6
422 8 8 4
423 20 19 5
424 21 20 4
425 28 27 5
426 43 43 7
427 25 24 4
428 20 19 5
429 15 14 4
430 24 23 5
431 25 24 6
432 36 35 5
433 33 32 4
434 24 23 5
435 13 13 5
436 33 32 6
437 14 14 4
438 32 31 7
439 39 38 4
440 36 35 5
441 33 33 5
442 33 32 6
443 34 33 5
444 37 36 6
445 38 37 5
446 27 26 4
447 34 33 5
448 27 27 5
449 39 38 6
450 16 16 4
451 28 27 5
452 23 22 4
453 52 51 5
454 37 37 5
455 49 48 4
456 48 47 5
457 27 27 5
458 37 36 6
459 34 33 5
460 51 50 6
461 46 46 4
462 30 29 5
463 37 36 6
464 28 28 4
465 38 37 5
466 51 51 5
467 51 51 5
468 35 35 5
469 41 41 5
470 43 43 5
471 47 46 4
472 44 43 5
473 35 34 4
474 48 47 7
475 25 24 4
476 42 41 5
477 47 47 5
478 27 27 5
479 55 54 6
480 40 40 6
481 54 54 4
482 44 43 5
483 43 43 5
484 53 52 6
485 38 38 4
486 44 43 5
487 39 38 6
488 46 46 6
489 40 40 4
490 50 49 7
491 33 32 4
492 48 47 5
493 37 36 6
494 50 50 6
495 40 40 6
496 38 38 4
497 38 37 5
498 39 38 6
499 32 32 4
500 38 37 5
501 39 38 6
502 46 46 4
503 50 49 5
504 45 45 5
505 43 42 6
506 52 52 6
507 56 56 4
508 48 47 5
509 51 51 5
510 47 46 4
511 56 55 5
512 39 39 5
513 45 44 6
514 26 26 4
515 48 47 5
516 57 57 5
517 41 40 6
518 28 28 4
519 40 39 5
520 47 46 4
521 42 41 5
522 41 40 4
523 44 43 5
524 57 56 6
525 48 48 4
526 50 49 5
527 45 44 4
528 52 51 5
529 33 32 4
530 48 47 5
531 45 44 6
532 44 44 4
533 58 57 5
534 37 36 6
535 52 52 6
536 34 34 4
537 42 41 5
538 57 56 6
539 32 32 4
540 40 39 5
541 57 57 5
542 65 64 6
543 54 53 5
544 41 41 5
545 33 33 5
546 43 42 4
547 56 55 5
548 43 43 5
549 45 44 4
550 40 39 5
551 61 60 4
552 56 55 5
553 51 51 5
554 71 70 6
555 44 44 6
556 54 54 6
557 58 58 4
558 62 61 7
559 55 54 6
560 54 54 4
561 42 41 5
562 55 54 4
563 70 69 5
564 45 44 6
565 36 36 4
566 66 65 5
567 57 57 5
568 43 42 4
569 60 59 5
570 29 29 5
571 63 63 7
572 51 50 6
573 48 47 11
574 51 50 6
575 56 56 4
576 56 55 7
577 39 38 6
578 54 54 4
579 44 43 5
580 51 51 5
581 31 31 5
582 45 44 6
583 32 32 4
584 48 47 5
585 45 45 5
586 49 49 5
587 43 42 8
588 50 49 5
589 53 52 6
590 32 32 4
591 64 63 5
592 33 32 4
593 58 57 5
594 59 58 4
595 46 45 5
596 43 43 5
597 45 44 6
598 54 53 5
599 51 50 6
600 42 42 6
601 44 43 5
602 49 48 6
603 36 36 4
604 50 49 5
605 37 37 5
606 43 43 7
607 45 45 5
608 39 39 7
609 41 41 7
610 41 40 6
611 24 24 4
612 36 35 7
613 47 46 4
614 34 33 5
615 33 33 5
616 41 41 5
617 47 46 6
618 40 40 4
619 48 47 5
620 45 44 6
621 32 31 5
622 39 39 5
623 33 32 6
624 28 28 4
625 54 53 7
626 37 36 6
627 60 60 6
628 38 38 4
629 50 49 5
630 47 46 6
631 48 48 4
632 48 47 5
633 35 34 4
634 46 45 5
635 43 43 5
636 53 52 4
637 58 57 7
638 47 46 6
639 54 54 6
640 52 52 6
641 48 48 4
642 54 53 5
643 49 49 5
644 41 41 5
645 41 40 4
646 42 41 5
647 39 38 4
648 28 27 5
649 51 50 6
650 58 58 6
651 28 28 4
652 50 49 5
653 35 34 4
654 56 55 5
655 49 49 5
656 45 44 4
657 56 55 5
658 55 54 6
659 30 30 4
660 42 41 7
661 45 44 4
662 36 35 5
663 31 31 5
664 57 56 6
665 36 36 4
666 54 53 7
667 33 32 4
668 42 41 5
669 37 37 5
670 45 45 5
671 45 44 6
672 32 32 4
673 36 35 5
674 41 41 5
675 61 61 7
676 59 58 8
677 36 36 4
678 60 59 5
679 47 46 4
680 42 41 5
681 37 37 5
682 57 56 4
683 56 55 7
684 55 54 4
685 42 41 5
686 55 55 5
687 47 47 5
688 33 33 5
689 39 38 4
690 50 49 5
691 49 49 7
692 53 52 6
693 60 60 6
694 70 69 7
695 41 40 4
696 40 39 5
697 27 27 5
698 57 56 4
699 50 49 5
700 55 55 5
701 37 37 5
702 49 48 4
703 54 53 5
704 53 52 4
705 44 43 5
706 33 32 4
707 58 57 5
708 47 47 5
709 47 47 5
710 53 52 4
711 42 41 5
712 57 56 6
713 52 52 4
714 32 31 5
715 55 54 6
716 64 64 4
717 48 47 5
718 57 57 5
719 37 37 5
720 45 44 6
721 48 48 4
722 66 65 5
723 49 48 6
724 44 44 4
725 56 55 5
726 47 46 4
727 70 69 5
728 63 63 5
729 49 49 5
730 27 27 5
731 47 46 4
732 40 39 7
733 47 47 5
734 53 52 6
735 56 56 8
736 46 46 6
737 34 33 7
738 57 56 6
739 34 34 6
740 30 30 6
741 36 36 4
742 24 23 5
743 55 54 6
744 28 28 4
745 34 33 5
746 51 51 5
747 35 35 5
748 29 28 4
749 28 27 5
750 29 28 4
751 24 23 5
752 45 44 4
753 34 33 5
754 29 28 6
755 36 36 4
756 36 35 5
757 21 20 4
758 50 49 7
759 19 18 4
760 32 31 5
761 47 46 6
762 34 34 6
763 30 29 5
764 27 26 6
765 24 24 4
766 28 27 5
767 37 36 6
768 24 24 4
769 28 27 7
770 31 30 4
771 28 27 5
772 29 28 6
773 46 46 6
774 36 36 4
775 32 31 7
776 27 26 6
777 20 20 4
778 20 19 5
779 33 32 4
780 26 25 5
781 23 22 4
782 26 25 5
783 15 15 5
784 29 28 6
785 30 29 5
786 35 34 4
787 24 23 5
788 31 31 5
789 21 21 5
790 33 33 5
791 33 32 4
792 44 43 5
793 31 30 4
794 24 23 5
795 21 21 5
796 25 24 4
797 26 25 5
798 39 39 5
799 31 31 5
800 25 25 7
801 31 30 4
802 28 27 5
803 25 24 4
804 30 29 5
805 21 21 5
806 27 26 6
807 42 42 6
808 26 26 4
809 26 25 5
810 29 28 4
811 18 17 5
812 31 30 4
813 36 35 5
814 35 35 5
815 15 14 4
816 30 29 5
817 21 21 5
818 37 36 4
819 20 19 5
820 37 37 5
821 31 30 4
822 40 39 5
823 35 34 6
824 18 18 4
825 22 21 5
826 29 29 5
827 25 24 6
828 30 29 5
829 21 20 4
830 16 15 5
831 23 22 6
832 24 24 4
833 32 31 5
834 45 44 6
835 48 48 6
836 32 32 6
837 24 24 4
838 28 27 5
839 45 44 4
840 60 59 7
841 39 38 6
842 30 29 5
843 33 33 5
844 35 35 5
845 27 26 6
846 16 16 4
847 40 39 9
848 21 20 4
849 20 19 5
850 23 22 6
851 32 32 6
852 28 27 5
853 25 25 5
854 23 23 5
855 17 17 5
856 25 24 6
857 20 20 4
858 28 27 5
859 23 22 4
860 32 31 5
861 17 16 4
862 28 27 5
863 29 29 7
864 23 22 6
865 18 18 4
866 34 33 7
867 21 20 4
868 34 33 9
869 17 16 4
870 14 13 5
871 31 30 4
872 34 33 5
873 29 28 4
874 16 15 5
875 15 14 4
876 24 23 5
877 21 20 4
878 30 29 5
879 13 13 5
880 23 22 6
881 30 29 5
882 25 24 6
883 20 20 6
884 10 10 4
885 34 33 5
886 19 19 5
887 27 26 6
888 18 18 4
889 14 13 5
890 23 22 4
891 16 15 5
892 19 18 4
893 22 21 5
894 13 13 5
895 23 22 6
896 32 32 4
897 16 15 5
898 17 17 5
899 11 11 5
900 21 21 5
901 15 15 5
902 25 24 4
903 26 25 7
904 19 18 6
905 14 14 4
906 12 11 5
907 17 16 4
908 16 15 5
909 31 31 5
910 19 18 4
911 28 27 5
912 21 21 5
913 9 8 4
914 24 23 7
915 11 10 4
916 20 19 5
917 27 26 6
918 24 24 6
919 12 12 4
920 12 11 5
921 19 19 5
922 15 14 6
923 24 24 6
924 22 22 4
925 20 19 5
926 25 24 4
927 20 19 5
928 31 30 6
929 18 18 4
930 26 25 5
931 11 11 5
932 17 16 4
933 20 19 5
934 15 14 4
935 22 21 5
936 23 22 4
937 26 25 7
938 13 12 4
939 16 15 5
940 23 23 5
941 21 21 5
942 19 18 6
943 20 20 4
944 16 15 5
945 25 25 5
946 19 18 4
947 20 19 5
948 15 14 6
949 16 16 4
950 22 21 5
951 11 10 4
952 20 19 5
953 25 24 4
954 22 21 5
955 23 22 6
956 32 32 8
957 14 14 4
958 32 31 7
959 27 27 5
960 21 20 4
961 20 19 5
962 17 16 4
963 20 19 5
964 29 28 6
965 34 33 5
966 15 14 4
967 20 19 5
968 27 26 6
969 24 24 6
970 24 24 4
971 18 17 5
972 19 18 4
973 18 17 5
974 27 26 4
975 18 17 5
976 27 26 4
977 20 19 5
978 17 17 5
979 15 14 4
980 26 25 5
981 33 33 5
982 19 18 4
983 16 15 5
984 33 33 5
985 25 24 4
986 22 21 5
987 21 20 4
988 22 21 5
989 19 18 4
990 20 19 5
991 11 10 4
992 22 21 5
993 19 19 5
994 29 28 4
995 22 21 5
996 13 12 4
997 28 27 5
998 17 16 6
999 18 18 6
1000 14 14 6
1001 10 10 4
1002 12 11 5
1003 15 14 4
1004 22 21 5
1005 23 22 4
1006 22 21 5
1007 29 28 6
1008 12 12 4
1009 32 31 5
1010 39 39 5
1011 17 17 5
1012 43 42 6
1013 20 20 4
1014 26 25 5
1015 31 31 5
1016 41 40 6
1017 28 28 4
1018 26 25 5
1019 35 34 6
1020 22 22 4
1021 32 31 5
1022 29 29 5
1023 39 38 4
1024 30 29 5
1025 39 39 5
1026 33 32 4
1027 42 41 5
1028 27 27 5
1029 47 46 6
1030 22 21 5
1031 35 35 5
1032 39 38 6
1033 22 22 6
1034 20 19 5
1035 23 22 6
1036 36 36 6
1037 28 28 6
1038 20 20 4
1039 26 25 5
1040 29 28 6
1041 36 35 9
1042 35 34 4
1043 40 39 5
1044 35 35 5
1045 29 28 6
1046 48 48 12
1047 38 37 7
1048 33 32 6
1049 36 36 6
1050 18 17 5
1051 43 42 6
1052 32 31 7
1053 29 29 5
1054 27 26 6
1055 38 38 12
1056 20 19 5
1057 37 36 6
1058 28 28 4
1059 26 25 5
1060 35 34 6
1061 32 31 9
1062 33 32 8
1063 32 32 10
1064 38 38 10
1065 26 26 8
1066 30 30 10
1067 34 33 11
1068 29 29 7
1069 37 36 14
1070 36 35 11
1071 31 30 8
1072 30 29 7
1073 15 14 4
1074 16 15 5
1075 35 34 6
1076 26 26 4
1077 20 19 5
1078 35 34 6
1079 16 16 4
1080 30 29 7
1081 25 25 7
1082 21 21 5
1083 33 32 16
1084 34 34 12
1085 18 18 4
1086 22 21 5
1087 17 16 6
1088 30 29 7
1089 27 27 5
1090 21 20 4
1091 26 25 5
1092 25 24 6
1093 24 23 5
1094 33 32 10
1095 20 20 6
1096 26 26 4
1097 24 23 7
1098 21 21 7
1099 23 23 5
1100 31 31 9
1101 39 38 6
1102 24 24 6
1103 10 10 4
1104 34 33 9
1105 17 17 5
1106 21 20 4
1107 24 23 5
1108 19 18 4
1109 22 21 5
1110 15 15 7
1111 23 22 4
1112 30 29 7
1113 17 16 6
1114 24 24 6
1115 8 8 4
1116 12 11 5
1117 13 12 6
1118 14 14 4
1119 30 29 9
1120 21 21 5
1121 23 23 7
1122 19 18 6
1123 22 21 5
1124 17 16 4
1125 16 15 7
1126 13 12 4
1127 22 21 5
1128 21 21 5
1129 27 27 5
1130 23 22 6
1131 22 22 8
1132 20 20 6
1133 24 24 8
1134 18 18 4
1135 18 17 5
1136 25 24 4
1137 24 23 7
1138 17 16 4
1139 16 15 5
1140 13 12 4
1141 22 21 5
1142 19 19 5
1143 39 38 8
1144 20 20 6
1145 26 26 8
1146 12 12 4
1147 12 11 5
1148 9 9 5
1149 17 16 4
1150 24 23 5
1151 11 11 5
1152 19 18 4
1153 14 13 5
1154 17 16 6
1155 20 20 4
1156 22 21 5
1157 17 16 4
1158 14 13 5
1159 25 24 6
1160 18 17 5
1161 17 16 6
1162 12 12 4
1163 26 25 5
1164 23 22 6
1165 18 17 5
1166 25 25 5
1167 21 20 4
1168 14 13 5
1169 21 21 5
1170 17 16 6
1171 14 14 4
1172 34 33 7
1173 15 14 4
1174 16 15 5
1175 21 20 4
1176 18 17 5
1177 17 17 5
1178 13 13 5
1179 17 16 4
1180 22 21 5
1181 17 16 4
1182 18 17 5
1183 19 19 7
1184 15 14 4
1185 10 9 5
1186 11 10 4
1187 6 5 4
1188 10 9 5
1189 19 18 6
1190 10 10 4
1191 20 19 5
1192 15 14 6
1193 8 8 4
1194 34 33 5
1195 13 13 5
1196 15 14 4
1197 20 19 5
1198 15 15 5
1199 17 16 4
1200 22 21 5
1201 23 22 4
1202 26 25 5
1203 17 17 7
1204 17 16 4
1205 12 11 5
1206 25 24 6
1207 14 14 6
1208 14 14 4
1209 20 19 5
1210 21 21 5
1211 21 21 5
1212 9 8 4
1213 12 11 5
1214 13 12 6
1215 18 17 5
1216 17 17 5
1217 19 18 4
1218 16 15 5
1219 15 14 4
1220 10 9 5
1221 17 16 4
1222 16 15 5
1223 19 19 5
1224 9 8 4
1225 20 19 7
1226 13 12 4
1227 18 17 5
1228 15 15 5
1229 17 16 6
1230 22 22 6
1231 10 10 4
1232 16 15 5
1233 29 28 6
1234 14 14 4
1235 20 19 5
1236 21 20 4
1237 22 21 5
1238 15 15 5
1239 17 16 4
1240 12 11 5
1241 15 14 6
1242 12 12 4
1243 20 19 5
1244 31 30 6
1245 16 16 8
1246 14 14 4
1247 18 17 5
1248 7 6 5
1249 15 14 6
1250 20 20 4
1251 10 9 5
1252 23 23 5
1253 21 21 5
1254 19 18 6
1255 20 20 6
1256 34 34 6
1257 20 19 5
1258 19 19 5
1259 21 21 5
1260 33 32 4
1261 24 23 5
1262 19 19 5
1263 13 12 4
1264 28 27 5
1265 23 23 5
1266 19 19 5
1267 37 36 6
1268 34 34 6
1269 44 44 6
1270 26 25 5
1271 15 14 4
1272 14 13 5
1273 17 17 5
1274 23 23 5
1275 11 11 5
1276 23 22 6
1277 12 12 4
1278 18 17 5
1279 15 15 5
1280 11 11 5
1281 11 10 6
1282 26 26 4
1283 20 19 5
1284 21 21 5
1285 15 15 5
1286 13 12 6
1287 12 12 6
1288 12 12 6
1289 14 14 4
1290 16 15 5
1291 23 22 4
1292 16 15 5
1293 21 20 6
1294 10 10 4
1295 20 19 5
1296 11 10 4
1297 20 19 5
1298 9 8 4
1299 20 19 5
1300 15 14 4
1301 18 17 5
1302 21 20 4
1303 22 21 7
1304 19 18 4
1305 22 21 5
1306 13 12 4
1307 14 13 5
1308 21 20 4
1309 16 15 5
1310 9 8 4
1311 14 13 5
1312 15 14 6
1313 14 13 5
1314 13 12 4
1315 20 19 5
1316 17 17 5
1317 17 17 7
1318 21 20 6
1319 10 10 4
1320 28 27 5
1321 13 13 5
1322 19 18 8
1323 8 8 4
1324 12 11 5
1325 13 12 6
1326 14 14 4
1327 14 13 5
1328 9 8 4
1329 26 25 7
1330 15 14 4
1331 28 27 7
1332 15 14 4
1333 30 29 5
1334 21 20 4
1335 22 21 5
1336 19 19 5
1337 23 23 5
1338 11 11 5
1339 13 12 4
1340 16 15 5
1341 13 12 4
1342 16 15 5
1343 11 10 4
1344 22 21 5
1345 15 15 5
1346 27 26 6
1347 14 14 4
1348 20 19 5
1349 21 20 6
1350 24 24 6
1351 26 26 4
1352 18 17 5
1353 15 15 5
1354 15 14 4
1355 20 19 5
1356 11 10 4
1357 22 21 5
1358 27 26 4
1359 34 33 5
1360 25 25 5
1361 21 21 5
1362 11 10 4
1363 18 17 5
1364 15 14 4
1365 28 27 5
1366 15 14 4
1367 18 17 5
1368 27 26 6
1369 14 14 4
1370 18 17 5
1371 13 12 4
1372 24 23 5
1373 11 11 5
1374 23 22 4
1375 22 21 5
1376 19 18 6
1377 16 16 4
1378 22 21 5
1379 23 23 5
1380 23 23 5
1381 21 21 5
1382 19 18 4
1383 30 29 5
1384 27 27 5
1385 27 26 6
1386 26 26 4
1387 16 15 5
1388 21 21 5
1389 19 18 4
1390 30 29 5
1391 27 27 5
1392 25 24 6
1393 24 23 5
1394 31 31 5
1395 21 21 7
1396 23 22 4
1397 24 23 5
1398 31 30 6
1399 34 34 6
1400 20 19 5
1401 17 16 4
1402 18 17 5
1403 29 28 6
1404 52 51 7
1405 33 32 6
1406 14 14 4
1407 22 21 5
1408 19 18 6
1409 32 32 6
1410 38 37 5
1411 27 27 7
1412 43 42 8
1413 20 20 4
1414 22 21 5
1415 25 25 5
1416 45 45 5
1417 39 38 4
1418 34 33 7
1419 21 21 5
1420 23 22 4
1421 52 51 13
1422 27 27 5
1423 39 38 6
1424 32 32 4
1425 36 35 5
1426 31 31 5
1427 37 36 6
1428 32 31 5
1429 25 25 7
1430 33 32 6
1431 30 30 6
1432 32 32 6
1433 34 33 5
1434 25 25 5
1435 37 37 9
1436 35 34 6
1437 30 30 6
1438 26 26 8
1439 52 51 9
1440 31 31 11
1441 13 13 5
1442 19 18 4
1443 28 27 5
1444 13 13 5
1445 19 18 4
1446 32 31 5
1447 21 21 5
1448 33 32 6
1449 42 41 9
1450 21 21 5
1451 31 30 8
1452 28 28 6
1453 28 27 5
1454 35 35 5
1455 21 21 9
1456 31 31 7
1457 35 35 7
1458 31 31 5
1459 25 25 13
1460 25 25 9
1461 45 44 16
1462 48 48 14
1463 34 33 7
1464 13 12 4
1465 22 21 5
1466 31 31 5
1467 41 40 10
1468 34 33 5
1469 25 25 5
1470 23 23 7
1471 27 27 7
1472 31 31 9
1473 23 22 6
1474 22 21 5
1475 21 20 4
1476 20 19 5
1477 29 28 6
1478 44 44 8
1479 24 24 6
1480 18 18 6
1481 32 31 7
1482 31 30 10
1483 34 33 7
1484 31 31 11
1485 35 35 7
1486 23 23 5
1487 31 31 5
1488 13 13 5
1489 17 17 5
1490 45 45 7
1491 25 24 6
1492 22 22 6
1493 36 35 11
1494 23 22 8
1495 18 18 6
1496 32 31 9
1497 25 25 7
1498 37 37 11
1499 23 22 8
1500 28 28 6
1501 20 20 10
1502 32 31 13
1503 37 37 9
1504 31 30 6
1505 48 48 16
1506 38 38 10
1507 20 19 5
1508 31 30 10
1509 28 27 7
1510 67 67 27
1511 19 18 4
1512 34 33 5
1513 21 21 7
1514 25 25 9
1515 23 22 4
1516 38 37 11
1517 21 21 5
1518 19 19 7
1519 27 26 6
1520 24 24 6
1521 18 17 5
1522 23 22 6
1523 26 26 6
1524 26 26 4
1525 18 17 7
1526 27 26 6
1527 24 23 5
1528 39 38 6
1529 38 37 7
1530 17 16 4
1531 26 25 5
1532 17 17 5
1533 31 30 8
1534 46 46 6
1535 36 35 5
1536 27 27 5
1537 29 28 4
1538 22 21 5
1539 33 33 5
1540 25 24 4
1541 30 29 7
1542 27 26 8
1543 32 32 4
1544 24 23 5
1545 23 22 4
1546 22 21 5
1547 35 34 6
1548 18 18 6
1549 20 19 5
1550 17 16 4
1551 16 15 5
1552 21 20 4
1553 18 17 5
1554 13 12 4
1555 18 17 5
1556 21 21 5
1557 31 31 5
1558 19 18 4
1559 26 25 5
1560 13 13 5
1561 23 22 4
1562 22 21 5
1563 15 15 5
1564 23 22 6
1565 12 12 4
1566 16 15 5
1567 13 12 4
1568 18 17 5
1569 15 14 6
1570 12 11 5
1571 13 13 5
1572 17 16 6
1573 22 22 6
1574 20 19 5
1575 13 12 4
1576 16 15 5
1577 15 14 4
1578 18 17 5
1579 13 12 6
1580 22 22 4
1581 12 11 5
1582 9 8 4
1583 28 27 7
1584 19 19 5
1585 13 12 4
1586 12 11 5
1587 15 14 4
1588 16 15 5
1589 19 18 6
1590 10 9 5
1591 15 14 6
1592 14 14 4
1593 32 31 5
1594 27 26 4
1595 24 23 5
1596 21 21 5
1597 13 12 4
1598 20 19 5
1599 27 26 6
1600 38 38 4
1601 40 39 5
1602 29 28 6
1603 34 34 6
1604 36 35 7
1605 35 35 7
1606 35 34 6
1607 68 68 16
1608 62 62 10
1609 46 45 9
1610 29 28 8
1611 36 35 7
1612 19 19 5
1613 41 41 7
1614 37 37 7
1615 25 25 7
1616 35 34 6
1617 28 27 5
1618 23 22 4
1619 46 45 13
1620 17 16 6
1621 24 24 4
1622 18 17 5
1623 27 26 6
1624 24 24 6
1625 16 16 4
1626 28 27 7
1627 27 26 6
1628 24 23 5
1629 13 13 5
1630 21 20 4
1631 18 17 5
1632 27 26 6
1633 22 22 4
1634 20 19 5
1635 17 17 5
1636 17 16 4
1637 24 23 5
1638 21 21 5
1639 19 18 4
1640 18 17 5
1641 25 24 6
1642 22 22 4
1643 26 25 5
1644 17 17 5
1645 21 20 4
1646 22 21 5
1647 25 24 6
1648 16 16 4
1649 16 15 5
1650 15 14 6
1651 22 22 4
1652 16 15 5
1653 17 16 4
1654 20 19 5
1655 15 14 6
1656 22 22 6
1657 24 24 6
1658 26 26 4
1659 24 23 5
1660 19 18 6
1661 14 14 4
1662 14 13 5
1663 15 15 5
1664 7 6 5
1665 13 12 6
1666 14 13 5
1667 19 18 4
1668 18 17 5
1669 21 20 4
1670 14 13 5
1671 23 23 7
1672 19 18 4
1673 20 19 7
1674 15 14 4
1675 22 21 5
1676 11 10 4
1677 10 9 5
1678 17 16 4
1679 18 17 5
1680 23 23 7
1681 19 18 4
1682 12 11 5
1683 21 20 6
1684 10 10 4
1685 16 15 5
1686 15 15 5
1687 17 16 6
1688 14 14 6
1689 18 18 4
1690 10 9 5
1691 11 11 5
1692 15 14 4
1693 16 15 5
1694 15 14 4
1695 12 11 5
1696 15 14 6
1697 12 12 4
1698 20 19 5
1699 17 17 5
1700 11 11 5
1701 23 22 6
1702 16 16 6
1703 12 12 4
1704 18 17 5
1705 23 22 4
1706 18 17 5
1707 13 13 5
1708 15 14 4
1709 18 17 5
1710 17 17 5
1711 31 30 6
1712 16 16 4
1713 16 15 5
1714 19 19 5
1715 15 15 5
1716 21 20 6
1717 16 15 5
1718 21 21 7
1719 11 10 4
1720 20 19 5
1721 13 12 4
1722 18 17 5
1723 21 20 4
1724 24 23 5
1725 11 10 4
1726 22 21 5
1727 17 16 6
1728 10 10 4
1729 16 15 5
1730 17 16 6
1731 18 18 4
1732 36 35 5
1733 15 14 4
1734 12 11 5
1735 15 14 6
1736 18 18 6
1737 16 16 4
1738 16 15 5
1739 29 28 6
1740 16 15 5
1741 19 18 4
1742 8 7 6
1743 24 24 4
1744 18 17 5
1745 23 22 4
1746 22 21 7
1747 25 24 4
1748 20 19 5
1749 11 10 4
1750 14 13 5
1751 19 19 5
1752 21 21 5
1753 19 19 5
1754 11 10 6
1755 20 20 6
1756 14 14 4
1757 16 15 5
1758 15 15 7
1759 15 14 4
1760 18 17 5
1761 15 15 5
1762 15 14 4
1763 10 9 5
1764 23 22 6
1765 22 21 5
1766 17 16 6
1767 14 14 6
1768 18 18 6
1769 16 16 4
1770 20 19 5
1771 25 24 4
1772 26 25 5
1773 11 10 4
1774 10 9 5
1775 23 22 6
1776 12 11 5
1777 15 14 4
1778 10 9 5
1779 19 18 4
1780 18 17 5
1781 13 12 4
1782 12 11 5
1783 23 23 5
1784 19 18 4
1785 22 21 5
1786 15 15 5
1787 19 19 5
1788 25 25 5
1789 21 20 4
1790 10 9 5
1791 29 28 4
1792 24 23 5
1793 23 22 6
1794 22 21 5
1795 27 26 6
1796 28 28 4
1797 32 31 5
1798 33 33 5
1799 27 26 6
1800 26 26 4
1801 28 27 5
1802 21 21 5
1803 29 28 6
1804 40 40 4
1805 40 39 5
1806 25 25 5
1807 39 39 5
1808 37 36 6
1809 28 27 5
1810 33 33 5
1811 35 35 5
1812 23 23 7
1813 37 37 5
1814 57 56 6
1815 62 62 6
1816 44 43 5
1817 35 34 6
1818 32 32 6
1819 40 39 5
1820 37 36 6
1821 46 45 7
1822 45 44 4
1823 20 19 5
1824 39 38 4
1825 38 37 5
1826 25 25 5
1827 35 35 5
1828 47 47 7
1829 31 30 8
1830 26 26 8
1831 20 20 6
1832 30 30 8
1833 32 31 5
1834 53 52 10
1835 44 43 7
1836 33 33 9
1837 43 42 6
1838 26 26 6
1839 18 17 5
1840 37 36 10
1841 40 39 13
1842 23 23 5
1843 37 37 9
1844 25 25 5
1845 25 25 5
1846 27 27 5
1847 43 43 7
1848 37 36 6
1849 22 22 4
1850 34 33 5
1851 23 23 9
1852 29 28 8
1853 50 50 16
1854 52 51 7
1855 45 44 20
1856 26 26 6
1857 20 20 6
1858 30 30 4
1859 28 27 7
1860 33 33 5
1861 35 35 5
1862 19 18 4
1863 24 23 5
1864 19 18 6
1865 26 26 4
1866 34 33 7
1867 25 24 4
1868 18 17 5
1869 21 20 6
1870 26 25 5
1871 43 43 9
1872 41 41 11
1873 25 25 13
1874 41 40 10
1875 38 38 14
1876 36 35 9
1877 23 22 6
1878 34 33 9
1879 23 23 5
1880 19 19 5
1881 43 42 14
1882 52 52 10
1883 32 31 13
1884 35 35 11
1885 31 31 11
1886 23 22 6
1887 28 28 6
1888 32 32 10
1889 32 31 5
1890 35 34 8
1891 40 40 12
1892 38 37 15
1893 23 22 6
1894 30 29 7
1895 37 37 11
1896 21 21 5
1897 33 32 8
1898 48 47 19
1899 43 42 16
1900 30 29 7
1901 39 39 9
1902 29 29 7
1903 25 25 7
1904 41 40 12
1905 32 32 8
1906 26 26 4
1907 36 35 9
1908 33 32 8
1909 48 48 10
1910 28 28 6
1911 34 34 4
1912 30 29 7
1913 23 22 8
1914 10 10 4
1915 26 25 5
1916 21 21 5
1917 33 32 6
1918 24 24 4
1919 30 29 5
1920 23 23 5
1921 23 22 4
1922 28 27 5
1923 21 20 4
1924 28 27 5
1925 29 29 5
1926 35 35 5
1927 13 13 5
1928 27 26 4
1929 26 25 5
1930 21 21 5
1931 41 41 7
1932 17 16 6
1933 32 32 8
1934 28 28 4
1935 30 29 11
1936 21 20 6
1937 20 19 5
1938 31 30 4
1939 26 25 5
1940 27 26 4
1941 32 31 5
1942 19 18 4
1943 20 19 5
1944 27 27 5
1945 35 34 6
1946 32 32 6
1947 34 33 7
1948 13 13 5
1949 23 22 4
1950 26 25 5
1951 25 25 5
1952 27 27 7
1953 27 26 4
1954 30 29 7
1955 19 18 4
1956 32 31 5
1957 31 31 7
1958 27 26 4
1959 24 23 7
1960 33 32 4
1961 32 31 5
1962 17 17 5
1963 27 27 5
1964 17 17 5
1965 19 18 6
1966 18 18 4
1967 34 33 5
1968 29 29 5
1969 29 28 6
1970 34 34 4
1971 20 19 5
1972 25 25 7
1973 31 30 6
1974 36 35 5
1975 45 45 7
1976 53 52 6
1977 18 18 6
1978 28 28 6
1979 28 28 6
1980 50 50 8
1981 46 46 8
1982 42 41 9
1983 43 42 6
1984 22 22 6
1985 42 41 5
1986 25 25 5
1987 27 26 8
1988 38 38 4
1989 28 27 5
1990 33 33 5
1991 29 29 9
1992 21 20 6
1993 44 44 8
1994 56 56 10
1995 50 50 6
1996 38 38 8
1997 34 33 9
1998 33 33 7
1999 17 17 5
2000 25 25 5
2001 15 14 6
2002 26 26 8
2003 22 22 6
2004 34 33 9
2005 19 18 6
2006 22 21 5
2007 23 22 4
2008 18 17 5
2009 17 17 5
2010 37 36 4
2011 32 31 5
2012 25 25 5
2013 41 40 4
2014 16 15 5
2015 33 32 4
2016 16 15 5
2017 19 19 5
2018 27 26 4
2019 38 37 5
2020 19 18 6
2021 20 20 4
2022 26 25 5
2023 27 26 4
2024 18 17 5
2025 15 14 6
2026 16 16 4
2027 26 25 5
2028 17 17 5
2029 15 14 4
2030 22 21 7
2031 11 10 4
2032 26 25 7
2033 17 16 4
2034 20 19 5
2035 23 23 5
2036 13 12 4
2037 24 23 5
2038 19 19 5
2039 25 24 4
2040 18 17 5
2041 25 24 4
2042 24 23 5
2043 23 22 6
2044 22 22 4
2045 34 33 7
2046 29 29 5
2047 27 26 6
2048 22 21 5
2049 19 18 4
2050 24 23 7
2051 39 38 8
2052 28 27 5
2053 33 33 5
2054 13 12 4
2055 26 25 5
2056 21 20 6
2057 24 24 4
2058 20 19 5
2059 29 29 5
2060 23 22 4
2061 16 15 5
2062 21 20 4
2063 28 27 5
2064 33 32 6
2065 18 18 4
2066 34 33 7
2067 33 32 6
2068 30 29 7
2069 17 16 6
2070 8 8 4
2071 24 23 5
2072 27 26 4
2073 24 23 7
2074 19 18 4
2075 22 21 5
2076 15 15 5
2077 15 14 6
2078 16 16 4
2079 20 19 7
2080 13 12 4
2081 18 17 7
2082 19 18 4
2083 24 23 5
2084 25 24 6
2085 26 26 6
2086 22 22 4
2087 16 15 5
2088 15 15 5
2089 27 26 4
2090 22 21 5
2091 25 24 6
2092 22 22 8
2093 22 22 4
2094 16 15 5
2095 13 12 4
2096 16 15 5
2097 9 8 4
2098 22 21 5
2099 17 16 4
2100 22 21 5
2101 15 14 6
2102 12 12 4
2103 18 17 5
2104 17 16 6
2105 12 12 4
2106 14 13 5
2107 17 16 4
2108 18 17 5
2109 33 33 5
2110 23 22 6
2111 12 12 4
2112 12 11 5
2113 17 16 6
2114 18 18 4
2115 16 15 5
2116 25 24 4
2117 14 13 5
2118 27 26 6
2119 10 10 4
2120 12 11 5
2121 29 28 6
2122 12 12 6
2123 14 14 6
2124 18 18 4
2125 18 17 5
2126 13 13 5
2127 7 6 5
2128 15 14 6
2129 20 20 6
2130 18 17 5
2131 9 8 4
2132 24 23 5
2133 15 15 5
2134 19 18 6
2135 10 10 4
2136 20 19 5
2137 15 14 6
2138 12 12 4
2139 14 13 5
2140 11 10 4
2141 12 11 5
2142 29 28 6
2143 10 10 4
2144 12 11 5
2145 13 12 4
2146 12 11 5
2147 19 19 5
2148 13 12 4
2149 18 17 5
2150 17 16 4
2151 14 13 5
2152 9 8 4
2153 12 11 5
2154 23 23 5
2155 19 18 4
2156 28 27 7
2157 17 16 4
2158 16 15 5
2159 29 28 4
2160 24 23 5
2161 25 25 5
2162 21 20 4
2163 22 21 5
2164 17 16 6
2165 18 18 4
2166 20 19 5
2167 29 29 5
2168 21 20 6
2169 12 12 4
2170 26 25 5
2171 19 18 4
2172 24 23 5
2173 35 34 4
2174 30 29 5
2175 25 25 5
2176 15 14 4
2177 30 29 5
2178 23 22 4
2179 30 29 5
2180 25 24 4
2181 16 15 5
2182 11 10 4
2183 28 27 5
2184 23 23 5
2185 27 26 4
2186 30 29 5
2187 13 12 4
2188 22 21 5
2189 23 22 4
2190 20 19 7
2191 21 21 7
2192 29 28 6
2193 24 24 4
2194 22 21 5
2195 15 14 6
2196 28 27 5
2197 27 26 4
2198 30 29 7
2199 33 33 7
2200 29 28 6
2201 40 40 6
2202 20 20 6
2203 24 24 6
2204 24 24 6
2205 24 24 6
2206 26 26 4
2207 28 27 5
2208 21 21 5
2209 25 25 5
2210 17 17 5
2211 27 27 5
2212 23 22 4
2213 28 27 7
2214 11 10 4
2215 28 27 5
2216 23 23 7
2217 33 32 6
2218 22 22 10
2219 24 24 6
2220 22 22 8
2221 28 27 9
2222 35 35 11
2223 25 24 8
2224 32 32 8
2225 28 28 8
2226 24 24 10
2227 28 28 8
2228 32 31 9
2229 17 16 6
2230 20 19 5
2231 27 27 7
2232 41 41 15
2233 19 19 5
2234 17 16 6
2235 18 18 4
2236 20 19 5
2237 21 20 6
2238 18 17 5
2239 19 19 5
2240 19 18 6
2241 22 22 8
2242 18 17 5
2243 31 30 6
2244 16 15 5
2245 25 25 5
2246 15 15 5
2247 23 22 6
2248 14 14 6
2249 18 18 6
2250 18 17 5
2251 31 30 10
2252 20 19 7
2253 45 45 13
2254 31 30 12
2255 14 14 4
2256 14 13 5
2257 29 28 4
2258 24 23 7
2259 21 20 8
2260 26 25 5
2261 35 34 6
2262 36 36 12
2263 20 20 6
2264 18 18 8
2265 32 31 9
2266 29 28 8
2267 36 36 14
2268 30 29 7
2269 29 29 9
2270 39 39 17
2271 17 17 7
2272 37 36 14
2273 64 63 19
2274 39 38 12
2275 20 19 7
2276 21 20 4
2277 20 19 5
2278 39 39 9
2279 23 22 8
2280 22 22 4
2281 22 21 5
2282 23 22 6
2283 30 29 9
2284 23 22 6
2285 26 25 7
2286 13 12 4
2287 30 29 7
2288 31 30 6
2289 32 31 11
2290 35 35 11
2291 23 22 6
2292 24 23 5
2293 21 21 7
2294 19 19 5
2295 29 29 7
2296 35 34 12
2297 18 18 6
2298 24 23 7
2299 23 22 6
2300 26 26 12
2301 22 21 9
2302 25 24 6
2303 20 19 5
2304 15 15 5
2305 9 8 4
2306 22 21 5
2307 19 19 5
2308 17 17 5
2309 21 21 5
2310 25 25 5
2311 25 25 5
2312 37 36 12
2313 14 13 5
2314 33 32 6
2315 32 32 10
2316 28 28 10
2317 18 18 6
2318 24 24 4
2319 24 23 7
2320 19 18 6
2321 22 22 4
2322 18 17 5
2323 27 27 5
2324 25 24 4
2325 28 27 5
2326 17 16 6
2327 32 31 11
2328 31 31 9
2329 25 24 6
2330 32 31 5
2331 35 34 6
2332 26 26 8
2333 34 34 6
2334 32 32 8
2335 26 26 8
2336 28 27 9
2337 23 23 5
2338 15 15 5
2339 17 16 4
2340 20 19 5
2341 37 36 4
2342 32 31 9
2343 39 38 12
2344 30 29 7
2345 19 19 5
2346 39 38 12
2347 22 22 6
2348 20 19 5
2349 39 38 6
2350 16 16 4
2351 36 35 5
2352 29 29 7
2353 13 12 4
2354 42 41 7
2355 27 26 6
2356 24 24 6
2357 10 10 4
2358 20 19 5
2359 21 20 6
2360 20 20 6
2361 32 32 6
2362 38 37 7
2363 39 39 7
2364 41 40 6
2365 30 29 5
2366 23 23 5
2367 35 35 5
2368 31 30 6
2369 30 30 6
2370 20 20 4
2371 32 31 5
2372 17 17 5
2373 29 28 6
2374 36 35 9
2375 19 18 4
2376 34 33 5
2377 19 18 4
2378 24 23 5
2379 25 24 4
2380 44 43 5
2381 27 26 4
2382 22 21 5
2383 39 38 6
2384 30 30 4
2385 24 23 5
2386 23 22 4
2387 34 33 5
2388 33 32 6
2389 26 25 5
2390 31 31 5
2391 23 23 5
2392 29 28 4
2393 22 21 7
2394 25 24 6
2395 30 30 4
2396 24 23 5
2397 15 14 4
2398 14 13 5
2399 31 31 7
2400 43 42 10
2401 26 26 4
2402 22 21 5
2403 21 20 4
2404 16 15 5
2405 23 23 7
2406 31 30 4
2407 34 33 7
2408 29 28 6
2409 30 30 4
2410 36 35 5
2411 43 42 6
2412 36 35 5
2413 21 20 4
2414 22 21 7
2415 17 17 5
2416 23 22 4
2417 22 21 5
2418 39 39 5
2419 35 34 6
2420 26 26 6
2421 30 30 6
2422 16 15 5
2423 23 22 8
2424 24 24 4
2425 36 35 7
2426 27 27 7
2427 27 26 6
2428 16 16 6
2429 22 22 4
2430 20 19 5
2431 27 26 6
2432 26 25 5
2433 23 23 5
2434 21 21 5
2435 27 27 5
2436 15 15 5
2437 9 8 4
2438 32 31 7
2439 25 24 4
2440 22 21 5
2441 23 23 5
2442 15 14 4
2443 30 29 5
2444 13 12 6
2445 20 19 5
2446 11 10 4
2447 18 17 5
2448 15 15 5
2449 25 24 6
2450 22 22 6
2451 16 16 4
2452 16 15 5
2453 19 19 5
2454 23 23 7
2455 13 13 5
2456 23 22 4
2457 28 27 5
2458 9 9 5
2459 23 22 4
2460 20 19 5
2461 13 13 5
2462 15 14 4
2463 12 11 5
2464 7 6 5
2465 9 8 4
2466 22 21 5
2467 17 17 5
2468 21 20 6
2469 16 16 4
2470 18 17 7
2471 23 22 4
2472 20 19 5
2473 11 10 4
2474 14 13 5
2475 17 16 6
2476 6 6 6
2477 15 14 4
2478 24 23 5
2479 19 18 6
2480 18 17 5
2481 23 22 6
2482 6 6 6
2483 13 12 4
2484 30 29 5
2485 25 25 7
2486 19 18 4
2487 24 23 5
2488 21 20 4
2489 12 11 5
2490 15 14 4
2491 12 11 5
2492 21 20 4
2493 28 27 5
2494 17 17 5
2495 21 20 6
2496 22 22 4
2497 18 17 5
2498 23 22 4
2499 20 19 5
2500 17 17 5
2501 11 10 4
2502 12 11 5
2503 9 8 4
2504 20 19 5
2505 21 20 4
2506 24 23 5
2507 9 8 4
2508 14 13 5
2509 21 20 4
2510 22 21 7
2511 13 12 4
2512 26 25 5
2513 17 16 4
2514 18 17 5
2515 19 18 4
2516 24 23 5
2517 17 16 6
2518 26 25 7
2519 11 10 4
2520 14 13 5
2521 21 20 4
2522 18 17 5
2523 9 9 5
2524 11 10 4
2525 16 15 5
2526 13 13 5
2527 15 14 6
2528 24 24 4
2529 18 17 5
2530 23 23 5
2531 15 14 4
2532 22 21 5
2533 25 25 5
2534 11 11 5
2535 9 8 4
2536 20 19 5
2537 19 18 4
2538 22 21 7
2539 23 22 4
2540 12 11 5
2541 17 17 5
2542 25 24 4
2543 20 19 5
2544 17 16 4
2545 12 11 5
2546 13 13 5
2547 13 13 5
2548 23 22 4
2549 20 19 5
2550 15 15 5
2551 13 13 5
2552 19 18 4
2553 20 19 5
2554 19 18 4
2555 22 21 5
2556 15 15 5
2557 17 16 4
2558 26 25 5
2559 19 19 5
2560 21 20 4
2561 16 15 5
2562 23 22 4
2563 18 17 5
2564 17 16 6
2565 24 24 6
2566 30 30 6
2567 14 14 4
2568 20 19 5
2569 25 24 6
2570 20 20 4
2571 22 21 5
2572 29 28 6
2573 16 16 6
2574 6 6 6
2575 9 8 4
2576 18 17 5
2577 17 16 4
2578 14 13 5
2579 21 20 6
2580 22 21 5
2581 15 14 4
2582 18 17 5
2583 15 15 5
2584 27 26 4
2585 22 21 5
2586 35 34 4
2587 18 17 5
2588 9 9 5
2589 19 18 6
2590 24 24 4
2591 18 17 5
2592 25 24 4
2593 12 11 5
2594 21 21 5
2595 25 24 4
2596 18 17 5
2597 27 26 4
2598 22 21 5
2599 41 41 5
2600 31 30 6
2601 22 21 5
2602 15 14 4
2603 32 31 5
2604 27 26 6
2605 18 18 4
2606 36 35 5
2607 25 24 6
2608 22 22 4
2609 22 21 5
2610 27 27 7
2611 37 36 4
2612 32 31 5
2613 19 18 4
2614 30 29 5
2615 39 38 6
2616 30 30 6
2617 30 30 4
2618 24 23 5
2619 43 42 6
2620 28 28 4
2621 46 45 5
2622 35 35 5
2623 21 21 5
2624 21 20 4
2625 22 21 5
2626 39 38 6
2627 28 28 6
2628 22 22 4
2629 30 29 5
2630 25 24 6
2631 24 24 4
2632 28 27 5
2633 41 40 6
2634 36 35 5
2635 21 21 5
2636 35 34 6
2637 26 26 4
2638 34 33 5
2639 21 20 4
2640 34 33 7
2641 23 22 4
2642 22 21 5
2643 39 39 5
2644 37 36 4
2645 36 35 5
2646 37 36 6
2647 44 44 6
2648 38 37 5
2649 47 47 7
2650 45 44 4
2651 32 31 5
2652 29 28 4
2653 44 43 5
2654 27 27 5
2655 39 38 8
2656 46 45 5
2657 25 24 4
2658 22 21 7
2659 51 50 4
2660 60 59 7
2661 45 44 6
2662 48 48 4
2663 34 33 5
2664 25 25 5
2665 39 39 5
2666 51 51 5
2667 43 42 6
2668 28 28 4
2669 36 35 5
2670 45 45 5
2671 45 44 6
2672 28 28 4
2673 32 31 5
2674 37 36 4
2675 30 29 5
2676 33 32 4
2677 32 31 5
2678 25 25 5
2679 35 34 6
2680 28 27 5
2681 35 34 4
2682 40 39 5
2683 39 38 4
2684 32 31 5
2685 49 49 5
2686 43 43 5
2687 33 32 6
2688 48 47 5
2689 47 47 5
2690 45 44 6
2691 32 32 6
2692 32 32 6
2693 46 46 4
2694 54 53 7
2695 35 35 5
2696 27 26 4
2697 42 41 5
2698 37 37 5
2699 41 40 8
2700 46 46 8
2701 42 41 5
2702 29 28 6
2703 48 47 7
2704 45 44 8
2705 54 53 7
2706 41 41 5
2707 37 37 5
2708 39 38 6
2709 22 22 4
2710 70 69 9
2711 41 41 5
2712 45 45 7
2713 33 33 5
2714 45 44 10
2715 52 51 5
2716 29 28 6
2717 72 71 7
2718 41 41 7
2719 45 45 13
2720 45 45 13
2721 31 30 4
2722 22 21 5
2723 25 25 5
2724 61 61 11
2725 43 43 11
2726 33 32 6
2727 26 26 4
2728 44 43 5
2729 37 36 8
2730 36 36 6
2731 28 28 6
2732 36 36 6
2733 36 36 8
2734 40 39 7
2735 37 37 5
2736 39 39 7
2737 47 46 10
2738 44 44 10
2739 30 30 4
2740 32 31 7
2741 47 46 10
2742 48 47 9
2743 29 28 4
2744 36 35 9
2745 35 35 5
2746 49 49 9
2747 29 28 8
2748 52 51 7
2749 39 39 5
2750 33 32 10
2751 42 41 5
2752 31 31 9
2753 37 37 5
2754 33 33 9
2755 21 20 4
2756 42 41 5
2757 27 27 7
2758 39 38 10
2759 34 34 6
2760 26 26 4
2761 42 41 5
2762 33 33 5
2763 29 29 5
2764 15 14 6
2765 30 30 6
2766 32 32 6
2767 50 50 6
2768 28 28 6
2769 24 23 5
2770 9 9 5
2771 23 22 4
2772 26 25 5
2773 17 16 4
2774 24 23 5
2775 39 38 6
2776 16 16 4
2777 20 19 5
2778 17 16 4
2779 30 29 7
2780 33 32 8
2781 22 22 4
2782 22 21 5
2783 23 22 4
2784 34 33 5
2785 19 18 4
2786 20 19 5
2787 17 16 4
2788 24 23 5
2789 29 28 6
2790 20 19 5
2791 15 14 4
2792 24 23 5
2793 21 20 4
2794 34 33 5
2795 23 22 6
2796 18 17 5
2797 21 20 4
2798 26 25 7
2799 33 32 6
2800 46 46 6
2801 16 16 4
2802 16 15 5
2803 25 24 4
2804 18 17 5
2805 23 22 6
2806 26 26 4
2807 26 25 5
2808 23 23 7
2809 27 26 6
2810 32 32 4
2811 30 29 5
2812 23 22 4
2813 22 21 5
2814 7 6 5
2815 15 14 4
2816 30 29 7
2817 19 18 4
2818 14 13 5
2819 27 26 6
2820 20 20 6
2821 22 22 4
2822 26 25 5
2823 41 40 4
2824 30 29 5
2825 23 23 5
2826 31 31 5
2827 37 36 6
2828 16 16 6
2829 24 23 5
2830 31 30 6
2831 30 29 9
2832 27 26 4
2833 26 25 5
2834 29 29 5
2835 25 25 7
2836 21 20 6
2837 24 23 7
2838 13 13 5
2839 23 22 4
2840 26 25 7
2841 17 17 5
2842 37 36 6
2843 16 16 4
2844 28 27 7
2845 11 10 4
2846 30 29 5
2847 13 12 4
2848 30 29 7
2849 25 24 4
2850 20 19 5
2851 23 23 5
2852 21 20 6
2853 36 35 7
2854 21 20 4
2855 28 27 5
2856 25 25 5
2857 29 28 6
2858 12 12 4
2859 20 19 5
2860 17 17 5
2861 13 12 4
2862 22 21 5
2863 21 20 6
2864 28 28 6
2865 12 11 5
2866 11 10 4
2867 24 23 5
2868 13 12 4
2869 14 13 5
2870 21 20 6
2871 14 13 5
2872 23 23 5
2873 17 16 6
2874 22 22 6
2875 24 24 6
2876 20 20 4
2877 16 15 5
2878 13 12 4
2879 16 15 5
2880 17 16 6
2881 12 12 4
2882 26 25 5
2883 15 15 5
2884 19 18 4
2885 16 15 5
2886 17 16 4
2887 16 15 5
2888 17 17 5
2889 21 21 7
2890 15 14 4
2891 18 17 5
2892 35 34 8
2893 20 20 4
2894 22 21 5
2895 19 18 6
2896 10 10 4
2897 30 29 5
2898 21 21 5
2899 25 24 4
2900 22 21 5
2901 19 19 5
2902 23 22 6
2903 16 16 4
2904 16 15 5
2905 25 25 5
2906 31 31 5
2907 27 26 4
2908 26 25 7
2909 11 10 4
2910 14 13 5
2911 15 14 6
2912 16 16 4
2913 12 11 5
2914 21 20 6
2915 16 16 6
2916 22 22 4
2917 12 11 5
2918 17 16 6
2919 14 13 5
2920 19 18 4
2921 16 15 7
2922 39 38 6
2923 28 28 4
2924 14 13 5
2925 13 13 5
2926 13 12 4
2927 14 13 5
2928 13 12 6
2929 16 16 4
2930 26 25 5
2931 23 22 6
2932 24 24 4
2933 16 15 5
2934 11 10 4
2935 20 19 5
2936 21 20 4
2937 30 29 5
2938 21 20 6
2939 8 8 4
2940 26 25 5
2941 13 13 5
2942 9 8 4
2943 14 13 5
2944 11 10 4
2945 16 15 5
2946 23 23 5
2947 29 28 4
2948 18 17 5
2949 19 18 6
2950 14 14 4
2951 28 27 5
2952 13 13 5
2953 23 22 6
2954 14 13 5
2955 25 24 6
2956 14 14 4
2957 28 27 5
2958 21 21 5
2959 11 11 5
2960 21 20 4
2961 32 31 5
2962 17 16 4
2963 12 11 5
2964 25 24 4
2965 14 13 5
2966 21 20 8
2967 16 16 4
2968 20 19 5
2969 15 14 4
2970 18 17 5
2971 21 20 6
2972 22 22 6
2973 16 16 6
2974 24 24 6
2975 32 32 6
2976 18 17 5
2977 27 26 4
2978 26 25 5
2979 27 27 5
2980 19 18 4
2981 18 17 5
2982 25 24 4
2983 12 11 5
2984 19 18 4
2985 32 31 5
2986 25 24 4
2987 22 21 5
2988 21 20 4
2989 6 5 4
2990 14 13 5
2991 21 20 4
2992 28 27 5
2993 31 30 6
2994 14 14 4
2995 18 17 5
2996 43 42 6
2997 20 20 4
2998 14 13 5
2999 25 24 4
3000 26 25 5
3001 19 18 4
3002 24 23 5
3003 31 30 4
3004 24 23 5
3005 15 14 4
3006 30 29 5
3007 33 32 4
3008 40 39 5
3009 21 20 6
3010 18 18 4
3011 38 37 5
3012 25 24 4
3013 52 51 5
3014 43 43 5
3015 37 37 7
3016 11 11 5
3017 21 20 4
3018 16 15 5
3019 47 47 7
3020 27 26 4
3021 50 49 5
3022 27 27 5
3023 39 38 8
3024 14 14 4
3025 28 27 5
3026 37 36 4
3027 50 49 5
3028 37 37 7
3029 45 44 6
3030 28 27 7
3031 37 37 7
3032 31 31 5
3033 23 22 6
3034 56 56 6
3035 50 50 6
3036 42 41 7
3037 47 46 8
3038 22 22 6
3039 16 16 4
3040 28 27 5
3041 27 26 6
3042 42 42 6
3043 50 50 8
3044 24 24 6
3045 34 34 6
3046 30 30 8
3047 54 54 8
3048 32 31 5
3049 33 32 8
3050 40 40 4
3051 32 31 5
3052 29 28 4
3053 30 29 7
3054 49 49 11
3055 39 38 6
3056 52 51 5
3057 45 45 9
3058 33 32 10
3059 36 36 4
3060 44 43 7
3061 59 59 19
3062 53 53 5
3063 29 29 5
3064 29 28 4
3065 38 37 5
3066 41 40 8
3067 32 32 6
3068 28 28 8
3069 40 40 14
3070 20 19 5
3071 31 31 7
3072 31 31 9
3073 35 34 8
3074 48 48 10
3075 48 48 10
3076 20 20 6
3077 38 37 9
3078 57 56 16
3079 44 44 14
3080 36 35 9
3081 35 34 12
3082 52 52 18
3083 48 48 10
3084 38 37 9
3085 33 32 12
3086 30 30 6
3087 32 32 8
3088 40 39 9
3089 39 39 15
3090 27 26 8
3091 38 37 11
3092 31 31 9
3093 51 50 20
3094 34 34 6
3095 44 43 19
3096 37 36 10
3097 22 22 6
3098 28 28 6
3099 18 17 5
3100 25 25 7
3101 53 52 18
3102 26 26 8
3103 28 27 5
3104 39 39 7
3105 31 31 7
3106 47 47 9
3107 35 34 8
3108 38 37 11
3109 29 29 11
3110 39 38 8
3111 28 27 7
3112 41 40 12
3113 24 24 8
3114 36 36 12
3115 38 37 15
3116 23 23 7
3117 25 25 7
3118 29 29 9
3119 29 28 8
3120 36 35 7
3121 23 23 7
3122 33 32 12
3123 28 28 8
3124 26 26 6
3125 26 26 6
3126 16 15 5
3127 21 21 5
3128 33 32 8
3129 28 27 5
3130 27 27 9
3131 23 22 4
3132 30 29 5
3133 27 27 5
3134 35 35 7
3135 39 39 9
3136 15 14 4
3137 22 21 5
3138 31 30 6
3139 18 18 6
3140 28 27 7
3141 23 23 7
3142 27 26 10
3143 26 26 10
3144 10 9 5
3145 15 14 6
3146 20 20 6
3147 26 25 7
3148 19 18 8
3149 16 16 8
3150 20 19 5
3151 17 16 4
3152 24 23 5
3153 29 29 5
3154 23 22 4
3155 22 21 5
3156 15 15 5
3157 11 10 4
3158 16 15 5
3159 11 10 4
3160 36 35 7
3161 19 18 6
3162 18 17 5
3163 23 22 6
3164 12 11 5
3165 15 15 5
3166 29 28 10
3167 16 16 4
3168 38 37 9
3169 19 18 4
3170 22 21 5
3171 19 18 6
3172 26 25 5
3173 17 17 5
3174 17 16 4
3175 22 21 5
3176 13 13 5
3177 17 17 5
3178 23 23 5
3179 11 10 4
3180 28 27 5
3181 15 14 6
3182 20 19 5
3183 19 18 4
3184 26 25 5
3185 19 18 4
3186 32 31 5
3187 15 15 5
3188 23 22 6
3189 22 22 6
3190 16 15 5
3191 17 16 4
3192 32 31 5
3193 25 25 5
3194 19 18 4
3195 26 25 5
3196 25 25 7
3197 19 18 6
3198 30 30 6
3199 18 18 4
3200 24 23 7
3201 29 28 4
3202 20 19 5
3203 17 17 5
3204 19 19 5
3205 13 13 5
3206 27 27 7
3207 15 14 4
3208 34 33 7
3209 27 26 4
3210 26 25 11
3211 21 20 6
3212 14 14 4
3213 12 11 5
3214 23 22 4
3215 22 21 5
3216 31 31 5
3217 17 16 4
3218 22 21 5
3219 17 16 4
3220 14 13 5
3221 11 10 4
3222 18 17 5
3223 15 15 5
3224 25 24 6
3225 8 8 4
3226 16 15 5
3227 29 28 6
3228 12 12 4
3229 24 23 5
3230 11 11 5
3231 7 6 5
3232 17 16 4
3233 22 21 5
3234 23 23 5
3235 11 10 4
3236 34 33 5
3237 25 24 6
3238 12 11 5
3239 15 14 6
3240 18 18 6
3241 16 16 4
3242 16 15 5
3243 21 20 6
3244 16 16 6
3245 16 16 6
3246 10 10 4
3247 20 19 5
3248 21 20 6
3249 12 12 4
3250 30 29 5
3251 19 19 7
3252 15 14 4
3253 10 9 5
3254 17 16 4
3255 14 13 5
3256 11 10 4
3257 32 31 5
3258 25 24 6
3259 28 27 5
3260 23 23 5
3261 17 16 4
3262 18 17 5
3263 29 29 5
3264 25 25 5
3265 13 12 4
3266 28 27 7
3267 21 20 4
3268 24 23 5
3269 9 8 4
3270 20 19 5
3271 19 19 5
3272 19 18 4
3273 22 21 5
3274 29 28 6
3275 28 27 5
3276 31 31 5
3277 23 22 6
3278 26 25 7
3279 29 28 6
3280 16 16 6
3281 36 36 6
3282 28 28 4
3283 20 19 5
3284 23 23 5
3285 17 16 6
3286 30 29 5
3287 15 15 5
3288 29 29 5
3289 41 40 6
3290 30 30 4
3291 40 39 7
3292 29 29 5
3293 31 31 5
3294 31 31 5
3295 41 40 6
3296 36 35 5
3297 37 36 4
3298 20 19 5
3299 41 40 6
3300 18 17 5
3301 37 37 7
3302 31 30 6
3303 36 36 6
3304 34 33 5
3305 33 33 5
3306 17 17 5
3307 23 22 6
3308 26 26 4
3309 32 31 5
3310 47 46 6
3311 30 29 5
3312 27 27 5
3313 37 37 5
3314 19 19 7
3315 29 28 4
3316 30 29 5
3317 25 24 6
3318 24 24 6
3319 30 30 6
3320 22 22 6
3321 14 14 4
3322 26 25 5
3323 11 10 4
3324 16 15 5
3325 27 27 5
3326 23 23 7
3327 15 14 4
3328 30 29 5
3329 13 12 4
3330 22 21 5
3331 19 19 9
3332 21 20 4
3333 22 21 5
3334 7 6 5
3335 27 26 4
3336 12 11 5
3337 17 16 4
3338 14 13 5
3339 21 21 5
3340 17 16 4
3341 16 15 5
3342 17 16 6
3343 22 22 6
3344 20 20 4
3345 24 23 5
3346 17 17 5
3347 23 22 6
3348 20 20 4
3349 24 23 5
3350 9 9 5
3351 17 16 4
3352 16 15 5
3353 23 22 6
3354 14 14 4
3355 24 23 5
3356 13 13 5
3357 17 16 6
3358 20 20 6
3359 18 17 5
3360 25 24 4
3361 18 17 5
3362 15 14 4
3363 16 15 5
3364 9 8 4
3365 14 13 5
3366 23 22 4
3367 20 19 5
3368 27 26 6
3369 12 12 4
3370 14 13 5
3371 15 14 6
3372 18 18 4
3373 20 19 5
3374 21 20 4
3375 22 21 5
3376 11 11 5
3377 23 22 4
3378 20 19 5
3379 13 12 4
3380 16 15 5
3381 19 18 4
3382 20 19 5
3383 17 16 6
3384 18 18 4
3385 16 15 5
3386 9 8 4
3387 18 17 5
3388 33 32 6
3389 30 30 6
3390 16 16 4
3391 10 9 5
3392 21 20 4
3393 16 15 5
3394 19 18 4
3395 28 27 5
3396 15 15 5
3397 17 16 6
3398 10 10 4
3399 12 11 5
3400 13 12 6
3401 12 12 4
3402 22 21 5
3403 27 26 6
3404 24 24 6
3405 14 14 4
3406 18 17 5
3407 15 14 4
3408 18 17 5
3409 27 26 4
3410 26 25 5
3411 19 19 5
3412 17 16 6
3413 8 8 4
3414 14 13 5
3415 17 16 4
3416 20 19 5
3417 15 15 5
3418 27 26 6
3419 10 10 4
3420 18 17 5
3421 11 11 5
3422 17 16 4
3423 20 19 7
3424 19 18 4
3425 20 19 5
3426 21 20 6
3427 22 21 5
3428 13 12 4
3429 14 13 5
3430 25 24 4
3431 24 23 7
3432 13 12 4
3433 16 15 5
3434 15 14 6
3435 26 26 6
3436 28 27 5
3437 37 37 5
3438 33 32 6
3439 18 18 4
3440 10 9 5
3441 13 12 4
3442 34 33 5
3443 25 25 5
3444 15 15 5
3445 15 14 4
3446 14 13 5
3447 13 12 4
3448 16 15 5
3449 45 45 5
3450 49 49 5
3451 35 35 7
3452 11 10 4
3453 20 19 5
3454 19 18 4
3455 20 19 5
3456 39 38 6
3457 22 22 4
3458 32 31 5
3459 23 23 5
3460 17 16 6
3461 8 8 4
3462 32 31 7
3463 37 36 4
3464 34 33 5
3465 35 35 5
3466 23 22 4
3467 26 25 5
3468 17 17 5
3469 37 36 10
3470 40 40 6
3471 40 40 6
3472 36 35 5
3473 15 14 6
3474 18 18 6
3475 20 20 8
3476 30 30 6
3477 40 39 7
3478 21 21 5
3479 19 18 6
3480 28 27 9
3481 35 35 5
3482 35 35 7
3483 35 34 8
3484 16 15 5
3485 29 28 6
3486 16 16 6
3487 16 16 6
3488 20 20 6
3489 16 16 6
3490 24 24 6
3491 18 18 6
3492 24 23 5
3493 7 6 5
3494 17 16 4
3495 16 15 5
3496 21 21 5
3497 23 22 6
3498 20 20 4
3499 22 21 5
3500 23 22 6
3501 12 11 5
3502 23 22 6
3503 14 14 4
3504 12 11 5
3505 21 20 6
3506 16 16 4
3507 34 33 5
3508 27 27 7
3509 21 20 4
3510 16 15 7
3511 11 10 4
3512 16 15 5
3513 21 20 6
3514 14 14 4
3515 16 15 5
3516 17 16 4
3517 18 17 5
3518 21 21 5
3519 13 13 5
3520 17 16 6
3521 12 12 4
3522 18 17 5
3523 19 18 6
3524 12 12 6
3525 8 8 4
3526 12 11 5
3527 11 10 4
3528 14 13 5
3529 13 12 4
3530 20 19 5
3531 21 21 5
3532 9 8 4
3533 16 15 7
3534 17 16 4
3535 20 19 5
3536 15 14 6
3537 10 10 4
3538 10 9 5
3539 19 18 4
3540 18 17 7
3541 23 22 6
3542 10 10 4
3543 20 19 5
3544 15 15 5
3545 9 8 4
3546 18 17 5
3547 9 8 4
3548 6 5 4
3549 14 13 5
3550 21 20 4
3551 18 17 7
3552 21 20 4
3553 16 15 7
3554 13 13 5
3555 13 12 4
3556 16 15 5
3557 11 10 4
3558 10 9 5
3559 25 24 6
3560 24 24 6
3561 12 12 4
3562 10 9 5
3563 15 14 4
3564 18 17 5
3565 19 19 5
3566 21 20 4
3567 16 15 5
3568 15 15 5
3569 9 9 5
3570 9 8 4
3571 18 17 5
3572 19 19 5
3573 13 12 4
3574 18 17 7
3575 13 12 4
3576 18 17 5
3577 13 13 5
3578 13 12 6
3579 14 14 4
3580 14 13 5
3581 23 22 6
3582 36 36 6
3583 16 16 4
3584 12 11 5
3585 11 11 5
3586 15 14 6
3587 14 14 4
3588 20 19 5
3589 31 31 7
3590 21 20 4
3591 16 15 5
3592 13 12 6
3593 18 18 6
3594 8 8 4
3595 12 11 5
3596 23 22 4
3597 24 23 7
3598 33 32 6
3599 16 16 4
3600 22 21 5
3601 15 15 5
3602 23 23 5
3603 27 27 5
3604 27 26 4
3605 24 23 5
3606 19 18 6
3607 20 20 6
3608 18 18 4
3609 14 13 5
3610 11 11 5
3611 13 13 5
3612 17 17 5
3613 23 22 6
3614 10 10 4
3615 14 13 5
3616 13 13 5
3617 13 12 4
3618 24 23 5
3619 25 24 6
3620 22 22 4
3621 28 27 5
3622 13 12 4
3623 16 15 7
3624 19 18 4
3625 10 9 5
3626 11 10 4
3627 16 15 5
3628 21 21 7
3629 17 16 6
3630 16 16 4
3631 14 13 5
3632 15 14 6
3633 14 14 6
3634 22 22 4
3635 28 27 5
3636 25 24 6
3637 20 20 4
3638 16 15 5
3639 11 10 4
3640 10 9 5
3641 23 22 4
3642 10 9 5
3643 9 8 4
3644 26 25 5
3645 9 9 5
3646 17 16 4
3647 14 13 5
3648 13 12 4
3649 14 13 7
3650 17 16 4
3651 14 13 5
3652 37 36 6
3653 28 27 5
3654 11 10 4
3655 14 13 5
3656 11 10 4
3657 16 15 5
3658 23 22 6
3659 14 14 4
3660 20 19 5
3661 13 12 4
3662 12 11 5
3663 13 13 5
3664 7 6 5
3665 17 16 4
3666 30 29 5
3667 17 16 4
3668 28 27 5
3669 15 14 4
3670 14 13 5
3671 9 8 4
3672 22 21 5
3673 25 25 5
3674 27 26 6
3675 16 15 5
3676 13 13 5
3677 17 17 5
3678 11 10 4
3679 16 15 5
3680 17 16 4
3681 14 13 5
3682 23 22 4
3683 20 19 5
3684 23 23 5
3685 13 13 5
3686 15 14 4
3687 34 33 5
3688 21 20 6
3689 26 26 6
3690 10 10 4
3691 18 17 5
3692 21 20 6
3693 16 16 6
3694 20 20 4
3695 18 17 5
3696 17 16 6
3697 14 14 4
3698 20 19 5
3699 17 17 5
3700 25 24 6
3701 18 18 6
3702 12 12 4
3703 38 37 5
3704 31 31 7
3705 41 40 6
3706 36 35 5
3707 13 12 4
3708 20 19 5
3709 21 20 4
3710 46 45 5
3711 39 39 5
3712 31 30 6
3713 30 30 6
3714 20 20 4
3715 52 51 7
3716 41 40 4
3717 42 41 7
3718 35 34 4
3719 32 31 5
3720 29 29 5
3721 29 29 5
3722 53 52 6
3723 38 37 7
3724 55 54 4
3725 50 49 5
3726 29 29 7
3727 39 38 6
3728 52 52 4
3729 42 41 7
3730 41 41 5
3731 49 49 5
3732 45 44 12
3733 38 37 7
3734 41 41 11
3735 41 40 4
3736 38 37 5
3737 43 43 5
3738 31 31 7
3739 47 46 4
3740 32 31 5
3741 45 45 5
3742 53 53 7
3743 41 40 4
3744 30 29 5
3745 29 28 6
3746 38 37 5
3747 53 52 6
3748 26 26 4
3749 18 17 5
3750 31 31 5
3751 19 19 5
3752 19 18 6
3753 34 33 7
3754 41 40 6
3755 32 32 6
3756 26 25 7
3757 33 33 5
3758 25 24 8
3759 24 24 10
3760 30 29 7
3761 23 22 4
3762 24 23 7
3763 33 32 12
3764 38 38 10
3765 22 22 4
3766 16 15 5
3767 17 16 8
3768 38 38 12
3769 52 51 17
3770 35 34 10
3771 24 24 6
3772 24 24 12
3773 16 16 4
3774 18 17 5
3775 33 32 8
3776 20 19 5
3777 13 12 4
3778 28 27 5
3779 17 17 5
3780 21 20 4
3781 18 17 5
3782 27 26 8
3783 22 21 9
3784 31 30 16
3785 16 16 4
3786 22 21 5
3787 17 16 6
3788 24 24 6
3789 28 28 8
3790 30 30 8
3791 28 28 8
3792 20 20 6
3793 12 12 4
3794 22 21 5
3795 17 17 5
3796 23 22 6
3797 18 18 4
3798 16 15 5
3799 21 20 4
3800 16 15 5
3801 19 18 6
3802 16 16 6
3803 30 30 6
3804 22 22 6
3805 32 32 8
3806 30 29 9
3807 17 17 5
3808 33 33 7
3809 25 24 6
3810 28 28 12
3811 24 24 6
3812 18 18 6
3813 30 29 7
3814 25 25 7
3815 13 12 6
3816 30 30 14
3817 32 32 6
3818 26 26 4
3819 28 27 5
3820 27 27 5
3821 21 20 6
3822 30 30 6
3823 34 33 7
3824 29 29 7
3825 27 26 4
3826 26 25 5
3827 19 18 4
3828 30 29 5
3829 27 27 7
3830 17 16 6
3831 30 30 6
3832 30 29 5
3833 39 38 6
3834 32 32 4
3835 20 19 5
3836 17 17 5
3837 27 26 4
3838 24 23 5
3839 37 37 7
3840 23 22 4
3841 40 39 9
3842 33 33 5
3843 31 31 5
3844 35 35 9
3845 17 16 4
3846 30 29 5
3847 19 19 5
3848 29 28 6
3849 44 43 13
3850 25 25 5
3851 33 33 9
3852 15 15 5
3853 9 8 4
3854 28 27 5
3855 27 27 5
3856 43 43 13
3857 25 24 6
3858 22 22 6
3859 22 21 7
3860 17 16 4
3861 16 15 5
3862 29 29 7
3863 23 22 8
3864 28 27 5
3865 17 17 5
3866 15 15 5
3867 13 13 7
3868 21 20 4
3869 22 21 5
3870 23 22 6
3871 26 26 6
3872 26 26 6
3873 32 32 4
3874 22 21 5
3875 21 20 4
3876 22 21 5
3877 21 21 5
3878 33 32 6
3879 26 25 5
3880 9 9 5
3881 13 12 4
3882 18 17 5
3883 17 16 4
3884 12 11 5
3885 21 21 5
3886 29 29 7
3887 17 16 4
3888 10 9 5
3889 25 25 5
3890 17 17 5
3891 19 18 4
3892 22 21 5
3893 13 13 5
3894 15 14 4
3895 16 15 5
3896 19 19 5
3897 19 18 4
3898 16 15 5
3899 19 19 5
3900 13 12 4
3901 20 19 5
3902 21 20 6
3903 20 20 4
3904 14 13 5
3905 15 15 5
3906 23 23 7
3907 19 18 6
3908 26 25 5
3909 13 12 4
3910 12 11 5
3911 19 19 5
3912 5 5 5
3913 18 17 5
3914 33 32 4
3915 22 21 5
3916 21 21 5
3917 23 22 6
3918 16 16 4
3919 16 15 5
3920 19 18 6
3921 24 24 4
3922 26 25 5
3923 13 13 5
3924 29 28 4
3925 10 9 5
3926 17 16 6
3927 22 22 4
3928 22 21 5
3929 15 14 6
3930 10 10 4
3931 14 13 5
3932 19 19 5
3933 19 18 6
3934 22 22 6
3935 22 22 6
3936 26 26 6
3937 18 18 4
3938 16 15 5
3939 11 11 5
3940 21 20 6
3941 16 15 5
3942 15 14 4
3943 22 21 5
3944 23 23 5
3945 13 12 4
3946 26 25 7
3947 23 22 6
3948 22 22 6
3949 20 20 4
3950 24 23 5
3951 13 13 5
3952 29 28 6
3953 26 26 4
3954 22 21 5
3955 15 15 5
3956 17 16 6
3957 14 14 4
3958 18 17 5
3959 15 15 5
3960 11 10 4
3961 16 15 5
3962 17 16 6
3963 16 15 5
3964 11 10 6
3965 18 18 6
3966 18 18 4
3967 10 9 5
3968 13 12 4
3969 12 11 5
3970 19 18 6
3971 18 17 5
3972 29 28 6
3973 12 11 5
3974 19 18 6
3975 20 20 4
3976 18 17 5
3977 11 10 4
3978 16 15 5
3979 31 30 6
3980 12 11 5
3981 13 13 5
3982 17 17 5
3983 19 19 5
3984 19 18 4
3985 26 25 7
3986 23 22 4
3987 16 15 5
3988 13 12 4
3989 16 15 5
3990 17 16 6
3991 16 16 6
3992 16 16 6
3993 12 12 4
3994 12 11 5
3995 13 13 5
3996 9 8 4
3997 12 11 5
3998 11 10 4
3999 14 13 5
4000 27 26 6
4001 18 18 4
4002 24 23 5
4003 15 15 5
4004 23 22 6
4005 12 12 4
4006 16 15 5
4007 17 16 4
4008 18 17 5
4009 27 26 6
4010 16 16 6
4011 12 12 4
4012 20 19 5
4013 13 12 4
4014 10 9 5
4015 13 12 6
4016 8 8 4
4017 20 19 5
4018 15 15 5
4019 11 11 5
4020 13 12 6
4021 10 10 4
4022 12 11 5
4023 31 31 5
4024 15 15 5
4025 25 25 5
4026 15 14 6
4027 6 6 6
4028 13 12 4
4029 14 13 5
4030 9 8 4
4031 24 23 5
4032 9 8 4
4033 10 9 5
4034 17 16 6
4035 6 6 6
4036 7 6 5
4037 11 10 4
4038 10 9 5
4039 13 12 4
4040 18 17 5
4041 9 9 5
4042 13 12 4
4043 18 17 5
4044 15 14 6
4045 16 16 4
4046 16 15 5
4047 15 14 4
4048 14 13 5
4049 11 11 5
4050 15 14 4
4051 14 13 5
4052 9 8 4
4053 12 11 5
4054 19 18 6
4055 14 14 6
4056 18 18 6
4057 12 12 4
4058 14 13 5
4059 11 10 4
4060 14 13 5
4061 11 10 4
4062 20 19 5
4063 13 12 4
4064 10 9 5
4065 17 16 4
4066 10 9 5
4067 15 14 6
4068 10 10 4
4069 22 21 5
4070 19 18 6
4071 14 13 5
4072 15 14 4
4073 10 9 5
4074 27 26 6
4075 26 25 5
4076 19 18 4
4077 22 21 5
4078 15 14 4
4079 12 11 5
4080 15 15 5
4081 15 14 6
4082 12 11 5
4083 21 20 4
4084 14 13 5
4085 27 26 6
4086 24 24 6
4087 20 20 6
4088 8 8 4
4089 18 17 5
4090 13 12 4
4091 22 21 5
4092 37 37 5
4093 25 24 4
4094 28 27 5
4095 15 14 6
4096 14 14 4
4097 14 13 5
4098 25 24 4
4099 46 45 5
4100 55 55 5
4101 31 31 5
4102 19 19 5
4103 15 14 4
4104 22 21 5
4105 23 22 4
4106 32 31 7
4107 47 46 6
4108 44 44 6
4109 30 30 6
4110 12 12 4
4111 14 13 5
4112 17 16 4
4113 28 27 5
4114 39 38 6
4115 44 44 4
4116 36 35 5
4117 21 21 5
4118 11 10 4
4119 22 21 5
4120 43 43 5
4121 73 72 6
4122 60 60 6
4123 26 26 4
4124 22 21 5
4125 23 22 4
4126 26 25 5
4127 25 25 5
4128 27 27 5
4129 31 30 4
4130 34 33 5
4131 21 21 5
4132 25 24 6
4133 22 22 4
4134 32 31 5
4135 21 21 5
4136 37 36 6
4137 34 34 4
4138 30 29 5
4139 21 21 5
4140 31 30 4
4141 26 25 5
4142 27 26 4
4143 18 17 5
4144 23 22 4
4145 24 23 5
4146 21 20 6
4147 18 17 5
4148 21 20 6
4149 20 20 4
4150 18 17 5
4151 39 38 6
4152 30 30 4
4153 28 27 5
4154 19 18 6
4155 38 38 6
4156 22 22 6
4157 30 30 6
4158 40 40 6
4159 10 10 4
4160 22 21 5
4161 27 26 6
4162 22 22 4
4163 24 23 5
4164 35 35 7
4165 25 25 5
4166 25 24 6
4167 36 36 6
4168 28 28 6
4169 12 11 5
4170 27 27 5
4171 31 31 5
4172 25 24 4
4173 18 17 5
4174 21 20 4
4175 28 27 7
4176 23 22 4
4177 26 25 5
4178 23 23 5
4179 29 29 9
4180 25 25 11
4181 15 15 5
4182 27 26 12
4183 24 24 6
4184 36 35 9
4185 25 25 9
4186 29 28 4
4187 32 31 7
4188 19 19 5
4189 27 27 5
4190 27 27 5
4191 17 16 4
4192 26 25 7
4193 19 18 6
4194 26 25 7
4195 15 15 5
4196 15 15 5
4197 9 8 4
4198 28 27 5
4199 9 8 4
4200 20 19 5
4201 31 31 13
4202 21 21 9
4203 39 38 12
4204 26 26 8
4205 22 21 5
4206 15 14 6
4207 20 20 6
4208 24 23 5
4209 21 20 4
4210 20 19 5
4211 21 20 6
4212 26 26 6
4213 26 26 4
4214 14 13 5
4215 17 17 7
4216 17 16 4
4217 26 25 7
4218 51 50 10
4219 30 29 11
4220 23 22 4
4221 14 13 5
4222 17 17 5
4223 17 16 4
4224 22 21 5
4225 17 17 5
4226 27 26 6
4227 18 18 6
4228 22 22 6
4229 18 17 5
4230 11 10 4
4231 30 29 9
4232 17 17 7
4233 21 20 6
4234 18 18 6
4235 12 12 4
4236 18 17 5
4237 15 15 5
4238 15 15 5
4239 27 27 5
4240 21 21 7
4241 17 17 5
4242 23 22 6
4243 8 8 4
4244 14 13 5
4245 19 18 4
4246 20 19 5
4247 33 32 8
4248 12 12 4
4249 10 9 5
4250 19 18 6
4251 20 20 4
4252 28 27 9
4253 23 22 4
4254 22 21 5
4255 27 26 4
4256 18 17 5
4257 19 19 5
4258 17 17 5
4259 29 28 6
4260 38 37 7
4261 17 16 6
4262 24 24 6
4263 22 21 5
4264 23 22 4
4265 22 21 5
4266 25 24 4
4267 20 19 5
4268 33 33 7
4269 15 15 5
4270 11 11 5
4271 25 24 6
4272 14 13 5
4273 23 22 6
4274 20 20 6
4275 26 26 4
4276 26 25 7
4277 17 17 5
4278 21 21 5
4279 19 18 8
4280 32 32 6
4281 18 18 6
4282 32 32 4
4283 28 27 9
4284 33 33 7
4285 15 14 4
4286 22 21 7
4287 25 24 6
4288 22 22 6
4289 30 30 6
4290 18 18 6
4291 26 26 6
4292 32 32 10
4293 12 12 4
4294 14 13 5
4295 17 17 5
4296 19 18 4
4297 18 17 5
4298 25 24 6
4299 18 17 5
4300 17 16 4
4301 32 31 7
4302 25 24 8
4303 26 26 6
4304 26 26 8
4305 10 10 4
4306 22 21 5
4307 25 24 4
4308 44 43 7
4309 33 32 6
4310 16 16 6
4311 18 17 5
4312 9 8 4
4313 30 29 5
4314 27 27 7
4315 23 22 4
4316 14 13 5
4317 25 24 6
4318 12 12 4
4319 16 15 5
4320 11 11 5
4321 31 30 4
4322 16 15 5
4323 13 13 5
4324 19 18 4
4325 22 21 5
4326 15 14 4
4327 22 21 5
4328 25 24 6
4329 28 28 4
4330 12 11 5
4331 15 14 4
4332 12 11 5
4333 13 12 4
4334 12 11 5
4335 19 18 6
4336 20 20 4
4337 14 13 5
4338 13 12 4
4339 18 17 5
4340 15 14 4
4341 16 15 5
4342 21 20 6
4343 18 17 5
4344 21 21 5
4345 23 23 5
4346 15 15 5
4347 11 10 4
4348 12 11 5
4349 15 14 4
4350 18 17 5
4351 17 17 5
4352 15 15 5
4353 15 14 6
4354 16 16 6
4355 10 10 4
4356 10 9 5
4357 19 18 4
4358 14 13 5
4359 19 18 6
4360 20 20 4
4361 14 13 5
4362 17 16 4
4363 18 17 5
4364 15 15 7
4365 13 12 4
4366 16 15 5
4367 13 12 4
4368 16 15 5
4369 11 11 5
4370 25 25 5
4371 11 10 4
4372 18 17 5
4373 17 16 4
4374 22 21 5
4375 11 10 4
4376 16 15 5
4377 15 15 5
4378 13 13 5
4379 9 9 5
4380 21 20 6
4381 22 22 6
4382 26 26 4
4383 18 17 5
4384 15 15 5
4385 11 11 5
4386 5 5 5
4387 10 9 5
4388 21 20 4
4389 14 13 5
4390 9 8 4
4391 16 15 5
4392 25 24 6
4393 16 16 4
4394 16 15 5
4395 23 22 6
4396 22 21 5
4397 13 12 4
4398 16 15 5
4399 21 20 6
4400 14 13 5
4401 9 8 4
4402 16 15 5
4403 15 14 4
4404 20 19 5
4405 11 11 5
4406 13 12 4
4407 10 9 5
4408 11 10 4
4409 18 17 5
4410 11 11 5
4411 11 10 4
4412 26 25 5
4413 11 11 5
4414 11 10 4
4415 10 9 5
4416 23 23 5
4417 15 15 5
4418 7 6 5
4419 9 8 4
4420 16 15 5
4421 19 19 5
4422 15 14 6
4423 20 20 4
4424 16 15 5
4425 13 12 6
4426 12 12 4
4427 24 23 5
4428 19 18 4
4429 22 21 5
4430 13 12 6
4431 14 14 4
4432 20 19 5
4433 13 12 6
4434 14 14 6
4435 18 18 4
4436 14 13 5
4437 19 18 6
4438 14 14 4
4439 14 13 5
4440 23 23 5
4441 17 16 6
4442 14 14 6
4443 16 16 6
4444 24 24 4
4445 22 21 5
4446 15 15 5
4447 15 14 6
4448 14 14 4
4449 16 15 5
4450 27 26 4
4451 16 15 5
4452 29 28 6
4453 28 27 5
4454 13 12 6
4455 16 16 6
4456 12 12 4
4457 20 19 5
4458 21 20 4
4459 26 25 5
4460 25 24 4
4461 20 19 5
4462 25 24 6
4463 26 26 6
4464 34 34 4
4465 36 35 5
4466 13 13 5
4467 37 36 6
4468 40 40 6
4469 30 30 6
4470 32 32 6
4471 38 38 4
4472 40 39 5
4473 49 49 5
4474 33 33 5
4475 51 51 5
4476 43 43 5
4477 57 57 7
4478 33 32 4
4479 46 45 5
4480 41 41 5
4481 51 51 7
4482 53 53 7
4483 43 43 5
4484 49 49 7
4485 53 53 7
4486 43 43 7
4487 47 47 5
4488 23 23 5
4489 35 34 6
4490 28 27 5
4491 37 36 6
4492 24 24 4
4493 30 29 7
4494 29 29 5
4495 39 39 5
4496 31 31 7
4497 33 33 7
4498 23 22 6
4499 50 49 9
4500 33 33 5
4501 33 32 6
4502 32 32 8
4503 