0 22 21 5
1 13 13 7
2 15 14 6
3 38 37 17
4 17 16 6
5 18 18 6
6 22 22 8
7 16 15 7
8 21 20 6
9 22 21 7
10 15 14 6
11 10 10 4
12 8 7 6
13 10 9 5
14 15 14 6
15 16 16 8
16 14 14 6
17 26 25 9
18 13 12 6
19 14 14 6
20 20 19 9
21 11 11 5
22 19 18 8
23 18 17 9
24 9 8 4
25 14 13 7
26 13 13 5
27 9 9 5
28 9 8 4
29 20 19 9
30 13 13 5
31 13 13 5
32 9 9 5
33 13 12 8
34 12 12 6
35 12 11 5
36 15 15 7
37 7 6 5
38 23 22 8
39 16 16 6
40 14 13 7
41 13 12 4
42 14 13 5
43 9 9 5
44 13 13 7
45 13 12 6
46 12 12 4
47 12 11 5
48 25 25 7
49 11 10 4
50 20 19 7
51 25 24 8
52 6 5 4
53 16 15 7
54 5 5 5
55 10 9 5
56 15 15 7
57 17 17 5
58 29 29 9
59 19 18 6
60 24 23 7
61 15 15 5
62 15 15 5
63 41 40 12
64 32 32 8
65 40 39 9
66 27 27 9
67 17 17 7
68 15 14 6
69 24 24 8
70 20 20 8
71 18 18 4
72 32 31 11
73 27 26 10
74 12 12 6
75 20 20 6
76 18 17 7
77 31 30 12
78 26 26 8
79 18 18 8
80 22 22 8
81 12 11 5
82 33 32 10
83 26 26 8
84 28 28 12
85 26 26 8
86 48 47 13
87 39 38 10
88 16 16 6
89 22 21 7
90 25 24 4
91 40 39 9
92 23 23 7
93 33 33 5
94 27 27 7
95 23 23 7
96 25 25 9
97 25 24 6
98 22 21 5
99 19 19 5
100 29 28 10
101 22 21 5
102 31 31 7
103 23 22 6
104 18 17 5
105 13 13 5
106 17 17 5
107 29 29 9
108 21 20 6
109 22 22 8
110 20 19 7
111 27 26 6
112 22 21 7
113 25 24 10
114 34 33 9
115 21 20 6
116 24 24 8
117 36 35 11
118 23 23 7
119 37 36 16
120 14 13 5
121 17 17 5
122 17 17 5
123 35 35 7
124 23 23 7
125 31 30 8
126 24 24 6
127 36 35 7
128 35 35 13
129 19 18 6
130 18 17 7
131 23 22 6
132 20 20 8
133 20 19 7
134 29 29 9
135 31 30 6
136 20 19 7
137 15 14 4
138 24 23 5
139 23 22 6
140 18 17 5
141 27 27 7
142 23 23 7
143 33 33 7
144 21 21 7
145 29 29 11
146 15 15 7
147 23 22 8
148 22 22 8
149 22 22 8
150 32 32 10
151 30 29 9
152 25 25 7
153 33 32 12
154 18 18 6
155 36 35 9
156 19 18 6
157 28 27 7
158 21 20 8
159 32 32 10
160 24 24 6
161 18 18 4
162 34 33 9
163 33 33 9
164 23 22 6
165 16 16 6
166 18 17 5
167 19 19 5
168 31 30 6
169 28 28 8
170 20 19 5
171 29 29 11
172 25 24 6
173 24 23 7
174 29 29 5
175 25 25 11
176 27 26 8
177 36 35 5
178 41 41 19
179 31 30 6
180 26 26 6
181 32 31 11
182 25 25 7
183 29 29 7
184 25 25 5
185 33 33 9
186 35 34 8
187 28 28 6
188 26 25 5
189 27 27 11
190 31 30 6
191 30 29 9
192 13 13 5
193 17 16 6
194 18 17 5
195 19 19 7
196 27 27 11
197 19 19 5
198 31 31 11
199 27 26 6
200 14 13 5
201 23 23 7
202 23 23 5
203 25 25 7
204 17 17 5
205 27 26 10
206 26 26 6
207 18 18 6
208 40 39 9
209 25 24 6
210 20 19 5
211 19 19 5
212 35 34 12
213 44 44 10
214 24 23 9
215 23 23 7
216 21 20 6
217 32 32 8
218 24 23 7
219 15 15 5
220 25 25 9
221 17 16 4
222 20 19 5
223 25 25 5
224 29 28 10
225 24 23 7
226 35 35 11
227 37 36 10
228 22 22 8
229 28 28 8
230 28 27 7
231 29 29 7
232 17 16 6
233 20 20 6
234 20 20 6
235 34 34 8
236 26 25 5
237 29 28 8
238 18 17 7
239 27 26 8
240 24 24 6
241 26 25 7
242 19 19 7
243 35 34 6
244 12 12 4
245 10 9 5
246 15 15 5
247 17 16 6
248 24 24 6
249 18 17 5
250 11 10 4
251 10 9 5
252 11 10 4
253 14 13 5
254 13 13 5
255 9 8 4
256 10 9 5
257 17 16 6
258 14 14 6
259 18 18 6
260 16 16 4
261 14 13 7
262 17 16 6
263 10 9 5
264 21 21 7
265 9 9 5
266 23 23 9
267 23 23 7
268 23 23 9
269 31 31 9
270 21 20 8
271 20 20 6
272 18 17 5
273 17 17 7
274 11 10 4
275 18 17 5
276 19 19 5
277 23 23 7
278 19 18 8
279 20 20 6
280 24 23 7
281 17 16 6
282 12 12 4
283 44 43 9
284 21 21 5
285 17 16 4
286 24 23 5
287 15 15 5
288 13 13 5
289 15 15 5
290 21 21 7
291 23 22 6
292 30 29 7
293 9 9 5
294 19 19 5
295 15 14 4
296 24 23 7
297 41 41 9
298 33 33 7
299 25 24 8
300 34 34 8
301 54 54 10
302 26 25 7
303 31 31 9
304 41 40 14
305 40 39 11
306 45 44 8
307 46 45 11
308 49 48 12
309 36 36 8
310 36 35 7
311 41 41 11
312 19 18 6
313 46 45 13
314 33 32 10
315 24 23 7
316 43 43 17
317 23 22 8
318 26 26 8
319 24 23 7
320 49 49 11
321 39 38 8
322 48 47 11
323 55 55 13
324 43 43 11
325 19 18 6
326 32 32 8
327 28 27 5
328 35 35 7
329 35 34 10
330 26 26 8
331 24 24 8
332 28 28 8
333 22 21 5
334 13 12 6
335 12 12 6
336 14 14 4
337 30 29 11
338 15 14 4
339 20 19 7
340 31 30 4
341 24 23 7
342 11 10 6
343 14 14 4
344 22 21 7
345 27 27 7
346 17 16 4
347 24 23 9
348 25 25 7
349 17 17 5
350 27 26 8
351 18 18 8
352 16 16 6
353 10 9 5
354 17 17 7
355 17 17 5
356 23 23 5
357 15 14 6
358 12 12 6
359 24 24 8
360 22 22 6
361 14 13 5
362 13 12 6
363 22 22 6
364 18 18 6
365 20 20 8
366 14 14 4
367 26 25 5
368 15 15 5
369 27 27 7
370 13 12 4
371 24 23 7
372 15 15 5
373 19 18 4
374 22 21 7
375 21 20 8
376 18 18 6
377 12 11 5
378 21 20 8
379 20 19 7
380 29 29 7
381 21 21 11
382 11 10 4
383 16 15 5
384 23 22 8
385 12 12 4
386 26 25 5
387 13 13 5
388 17 17 5
389 21 21 9
390 21 20 8
391 14 13 5
392 11 10 4
393 16 15 5
394 15 14 4
395 22 21 5
396 21 21 7
397 25 24 8
398 16 16 6
399 10 9 5
400 11 10 6
401 18 18 6
402 12 12 6
403 16 16 6
404 14 13 7
405 11 10 4
406 6 5 4
407 10 9 5
408 15 14 8
409 26 26 8
410 10 10 6
411 10 9 5
412 9 8 4
413 12 11 5
414 17 16 6
415 22 22 8
416 20 20 8
417 18 17 7
418 11 11 5
419 13 12 4
420 10 9 5
421 15 14 6
422 12 11 5
423 17 16 8
424 10 10 4
425 20 19 5
426 11 11 5
427 13 12 6
428 14 14 6
429 16 15 5
430 15 15 5
431 13 12 6
432 26 26 10
433 36 36 12
434 26 25 7
435 29 28 8
436 16 16 6
437 10 9 5
438 15 14 6
439 16 16 6
440 20 20 10
441 12 12 4
442 22 21 5
443 23 23 7
444 17 17 5
445 11 11 5
446 9 8 4
447 18 17 5
448 13 12 6
449 8 8 4
450 18 17 5
451 11 11 5
452 19 19 7
453 9 8 4
454 16 15 5
455 19 19 7
456 19 18 6
457 16 15 7
458 17 17 7
459 19 19 7
460 15 14 6
461 8 8 4
462 10 9 5
463 21 20 8
464 10 10 6
465 12 12 4
466 14 13 7
467 13 13 5
468 9 9 5
469 5 5 5
470 12 11 7
471 15 14 6
472 10 10 6
473 16 16 6
474 20 20 6
475 28 27 5
476 13 13 5
477 11 10 4
478 6 5 4
479 16 15 7
480 19 18 6
481 8 8 4
482 10 9 5
483 9 8 4
484 8 7 6
485 8 8 4
486 12 11 5
487 17 16 6
488 20 20 10
489 16 15 5
490 9 9 5
491 13 12 6
492 16 16 8
493 14 14 6
494 8 8 4
495 24 23 9
496 11 11 7
497 9 9 5
498 17 16 6
499 8 8 4
