0 14 13 5
1 17 16 6
2 8 8 4
3 18 17 7
4 15 15 7
5 9 9 5
6 7 6 5
7 31 30 6
8 20 20 6
9 6 5 4
10 12 11 5
11 13 13 7
12 15 15 7
13 11 11 5
14 21 20 8
15 12 12 6
16 14 13 5
17 13 12 6
18 10 10 4
19 12 11 7
20 13 12 6
21 10 10 6
22 14 14 4
23 14 13 5
24 7 7 7
25 16 16 6
26 10 10 6
27 16 15 7
28 27 26 6
29 24 23 9
30 9 9 5
31 17 16 6
32 18 18 6
33 14 13 7
34 19 18 6
35 16 15 5
36 37 37 9
37 23 22 6
38 20 20 6
39 18 18 4
40 20 19 5
41 43 42 8
42 26 26 6
43 26 26 8
44 12 12 4
45 26 25 7
46 25 24 8
47 16 16 4
48 12 11 5
49 17 16 4
50 22 21 5
51 21 21 5
52 13 12 6
53 26 26 8
54 18 17 5
55 15 15 7
56 9 8 4
57 28 27 7
58 19 19 7
59 35 34 10
60 20 20 4
61 14 13 5
62 25 24 6
63 24 24 4
64 22 21 9
65 21 20 6
66 12 12 6
67 22 21 7
68 19 18 6
69 16 15 7
70 19 18 6
71 24 23 5
72 25 25 7
73 17 16 6
74 24 23 5
75 21 20 8
76 20 19 7
77 15 14 4
78 20 19 5
79 15 15 5
80 19 19 7
81 15 14 6
82 20 20 6
83 16 16 4
84 16 15 7
85 11 11 5
86 17 16 6
87 14 14 4
88 12 11 5
89 17 16 6
90 10 10 4
91 16 15 5
92 17 16 6
93 12 12 6
94 28 28 8
95 8 8 4
96 20 19 7
97 25 24 8
98 18 18 6
99 20 20 6
100 20 20 6
101 12 12 6
102 18 18 8
103 6 6 6
104 17 16 6
105 16 16 6
106 14 14 6
107 22 22 6
108 12 11 7
109 19 18 6
110 12 12 4
111 16 15 5
112 11 11 5
113 15 15 5
114 13 12 6
115 14 13 5
116 15 15 5
117 17 17 7
118 11 10 6
119 10 10 4
120 10 9 5
121 19 18 6
122 16 16 8
123 18 18 6
124 20 19 7
125 25 24 6
126 6 6 6
127 13 12 4
128 12 11 5
129 19 18 6
130 12 11 5
131 23 23 5
132 19 19 7
133 19 19 5
134 9 9 5
135 9 8 4
136 14 13 7
137 19 18 6
138 6 6 6
139 19 18 6
140 14 14 6
141 12 12 6
142 12 12 4
143 24 23 5
144 9 8 4
145 30 29 7
146 9 9 5
147 11 11 5
148 11 10 4
149 20 19 5
150 11 11 5
151 15 14 6
152 20 19 5
153 15 15 5
154 13 12 6
155 14 13 5
156 13 12 4
157 12 11 5
158 23 22 8
159 14 13 7
160 13 13 5
161 9 8 4
162 14 13 7
163 11 10 4
164 14 13 5
165 15 15 5
166 21 21 7
167 17 16 6
168 10 10 4
169 16 15 5
170 15 14 6
171 16 16 6
172 6 5 4
173 12 11 5
174 13 13 5
175 11 11 5
176 31 30 8
177 12 12 6
178 20 19 7
179 9 8 4
180 20 19 5
181 11 11 7
182 23 22 6
183 14 13 5
184 17 16 6
185 10 9 5
186 11 11 5
187 11 11 5
188 13 12 4
189 10 9 5
190 15 15 7
191 11 11 5
192 13 12 6
193 10 9 5
194 9 8 4
195 14 13 5
196 17 17 5
197 15 15 7
198 13 13 7
199 9 9 5
200 17 17 5
201 11 11 7
202 25 24 8
203 16 15 5
204 15 15 7
205 11 11 5
206 9 8 4
207 12 11 5
208 17 17 7
209 11 10 6
210 20 19 5
211 7 7 7
212 16 16 4
213 22 21 7
214 15 15 5
215 15 15 7
216 23 22 6
217 14 14 6
218 12 12 4
219 16 15 7
220 23 22 4
221 14 13 7
222 19 18 8
223 24 24 8
224 18 17 5
225 15 14 6
226 10 10 6
227 28 28 6
228 14 14 6
229 12 11 5
230 17 17 7
231 15 14 4
232 16 15 5
233 11 11 5
234 15 15 7
235 19 18 8
236 12 12 4
237 16 15 7
238 11 10 4
239 10 9 5
240 15 15 7
241 19 18 6
242 18 18 6
243 8 8 4
244 16 15 5
245 7 7 7
246 10 10 6
247 10 9 5
248 11 11 5
249 7 6 5
250 15 14 4
251 8 7 6
252 6 6 6
253 21 21 9
254 9 9 5
255 9 8 4
256 20 19 7
257 15 14 6
258 12 12 6
259 12 11 5
260 9 9 5
261 17 17 7
262 9 9 5
263 13 12 4
264 14 13 7
265 9 8 4
266 6 5 4
267 10 9 5
268 9 9 5
269 11 11 5
270 7 6 5
271 9 9 5
272 9 9 5
273 11 10 6
274 16 15 7
275 9 9 5
276 11 11 5
277 15 15 5
278 9 9 5
279 13 12 6
280 14 13 7
281 13 12 4
282 6 5 4
283 10 9 5
284 9 8 4
285 12 11 5
286 5 5 5
287 12 11 7
288 7 6 5
289 11 11 7
290 17 16 6
291 14 14 8
292 14 14 6
293 12 11 5
294 11 11 5
295 11 11 5
296 11 11 5
297 13 12 6
298 14 14 8
299 18 17 7
300 21 20 6
301 12 12 6
302 6 5 4
303 12 11 5
304 23 22 10
305 14 13 5
306 15 15 5
307 13 13 7
308 13 12 6
309 12 11 5
310 15 14 6
311 14 14 6
312 6 6 6
313 21 20 6
314 14 13 5
315 15 14 6
316 6 5 4
317 16 15 7
318 11 10 6
319 12 12 6
320 22 22 8
321 12 12 6
322 6 5 4
323 20 19 5
324 15 15 7
325 11 10 6
326 20 20 8
327 6 6 6
328 11 10 4
329 18 17 7
330 13 12 6
331 24 24 6
332 14 14 6
333 10 9 5
334 13 13 5
335 5 5 5
336 14 13 7
337 15 14 6
338 18 18 8
339 20 20 6
340 18 18 6
341 10 9 5
342 13 13 5
343 5 5 5
344 10 9 5
345 9 9 5
346 17 16 6
347 22 21 7
348 19 19 5
349 9 9 5
350 15 14 6
351 10 9 5
352 13 12 6
353 12 11 5
354 31 30 6
355 22 21 9
356 19 18 6
357 6 5 4
358 14 13 5
359 13 12 6
360 38 37 11
361 21 20 4
362 28 27 7
363 21 21 7
364 15 14 6
365 12 11 5
366 17 16 6
367 12 12 6
368 20 20 6
369 28 27 7
370 29 28 6
371 12 11 5
372 17 16 6
373 24 24 6
374 16 16 6
375 12 12 4
376 22 21 9
377 19 18 6
378 24 23 5
379 17 17 5
380 17 17 7
381 15 15 7
382 19 18 6
383 22 21 5
384 15 15 5
385 17 17 7
386 15 14 4
387 16 15 5
388 17 17 5
389 17 17 5
390 13 13 7
391 17 16 4
392 30 29 9
393 17 16 4
394 18 17 5
395 21 21 7
396 19 18 6
397 18 17 7
398 19 18 6
399 16 15 5
400 21 21 7
401 21 20 6
402 10 10 4
403 32 31 7
404 23 22 6
405 18 18 6
406 20 20 6
407 12 12 4
408 24 23 9
409 11 10 4
410 22 21 9
411 21 21 7
412 13 12 4
413 14 13 5
414 17 17 7
415 15 14 4
416 22 21 7
417 11 10 4
418 16 15 7
419 19 18 6
420 30 29 9
421 11 10 4
422 24 23 7
423 17 16 4
424 18 17 7
425 11 11 5
426 11 11 5
427 25 24 8
428 18 18 6
429 28 28 6
430 14 14 4
431 22 21 7
432 13 12 4
433 14 13 5
434 21 20 6
435 24 23 9
436 15 14 6
437 22 22 6
438 16 15 5
439 19 18 4
440 22 21 9
441 21 20 6
442 18 18 6
443 16 15 5
444 9 8 4
445 18 17 5
446 15 14 6
447 24 23 7
448 19 18 8
449 16 16 6
450 10 9 5
451 11 11 5
452 11 11 5
453 17 17 7
454 15 14 6
455 20 20 8
456 12 11 5
457 17 16 6
458 14 14 4
459 14 13 7
460 21 20 6
461 20 20 6
462 10 10 4
463 12 11 5
464 19 18 8
465 12 12 6
466 18 18 6
467 20 19 5
468 11 11 5
469 15 14 6
470 16 15 5
471 11 11 7
472 5 5 5
473 16 15 7
474 17 16 6
475 20 20 6
476 10 9 5
477 13 12 6
478 22 21 9
479 13 12 6
480 12 12 6
481 10 9 5
482 11 11 5
483 13 13 5
484 15 15 7
485 15 14 8
486 12 12 6
487 12 12 6
488 10 9 5
489 13 13 5
490 9 9 5
491 15 15 7
492 17 16 8
493 10 10 6
494 18 17 7
495 23 22 6
496 10 9 5
497 17 17 7
498 11 10 4
499 16 15 7
