0 34 33 9
1 15 14 4
2 14 13 5
3 7 6 5
4 11 10 4
5 16 15 5
6 13 12 4
7 18 17 5
8 31 31 7
9 27 26 6
10 18 18 4
11 24 23 5
12 17 16 4
13 12 11 5
14 9 8 4
15 24 23 5
16 19 19 5
17 25 24 6
18 10 9 5
19 9 8 4
20 14 13 5
21 15 14 4
22 16 15 5
23 15 14 4
24 22 21 5
25 23 22 4
26 22 21 5
27 15 15 5
28 19 19 5
29 23 23 5
30 13 12 4
31 16 15 5
32 19 18 4
33 22 21 5
34 13 13 5
35 13 12 6
36 12 12 4
37 16 15 5
38 11 10 4
39 24 23 5
40 19 18 6
41 28 28 6
42 20 20 4
43 18 17 5
44 19 19 5
45 31 31 5
46 51 50 6
47 34 33 5
48 27 26 4
49 20 19 7
50 19 18 4
51 28 27 5
52 35 34 6
53 32 32 4
54 26 25 5
55 23 22 4
56 26 25 5
57 27 26 4
58 36 35 5
59 29 29 5
60 21 21 5
61 15 15 5
62 27 26 8
63 18 18 4
64 16 15 5
65 27 26 4
66 26 25 7
67 29 29 5
68 19 18 4
69 38 37 5
70 23 23 5
71 25 24 4
72 26 25 5
73 21 21 5
74 23 23 5
75 11 11 5
76 23 22 6
77 30 30 4
78 28 27 5
79 27 27 5
80 23 23 5
81 29 28 4
82 28 27 5
83 17 17 5
84 37 36 6
85 34 34 6
86 32 31 5
87 29 29 5
88 27 27 5
89 45 44 14
90 32 32 6
91 28 28 8
92 14 14 4
93 32 31 7
94 13 13 5
95 41 40 12
96 30 29 11
97 19 19 7
98 35 34 6
99 16 16 8
100 26 26 6
101 30 29 7
102 37 36 4
103 26 25 5
104 27 26 6
105 32 31 5
106 23 22 4
107 18 17 5
108 29 28 4
109 20 19 5
110 21 20 6
111 32 32 6
112 24 24 6
113 18 18 4
114 34 33 5
115 17 16 6
116 12 12 6
117 34 34 6
118 12 12 6
119 16 16 4
120 24 23 5
121 23 23 7
122 29 28 6
123 12 12 4
124 24 23 5
125 13 13 5
126 17 16 4
127 28 27 7
128 13 12 4
129 28 27 7
130 23 22 4
131 26 25 5
132 31 30 6
133 24 23 5
134 23 23 7
135 23 22 6
136 22 21 5
137 29 28 8
138 20 20 4
139 28 27 5
140 25 25 7
141 21 20 4
142 36 35 7
143 27 26 8
144 20 20 4
145 22 21 5
146 29 29 5
147 35 34 8
148 18 17 5
149 23 23 5
150 23 23 5
151 17 17 5
152 23 22 6
153 28 28 8
154 16 16 4
155 20 19 5
156 21 20 4
157 16 15 5
158 23 22 4
159 24 23 5
160 17 17 7
161 15 15 5
162 21 20 4
163 24 23 5
164 21 21 5
165 21 21 5
166 15 14 4
167 20 19 5
168 19 18 6
169 24 24 6
170 14 14 4
171 12 11 5
172 13 12 4
173 16 15 5
174 35 34 8
175 22 21 5
176 19 18 6
177 12 11 5
178 17 16 6
179 16 16 4
180 20 19 5
181 9 9 5
182 15 14 6
183 34 34 8
184 12 12 6
185 24 24 6
186 18 17 5
187 19 18 6
188 12 12 4
189 22 21 5
190 15 14 4
191 14 13 5
192 15 15 5
193 17 17 5
194 11 10 4
195 14 13 5
196 21 20 6
197 26 26 4
198 24 23 5
199 17 17 5
200 17 17 5
201 7 6 5
202 13 12 4
203 22 21 5
204 17 16 6
205 10 10 4
206 18 17 7
207 11 10 4
208 18 17 7
209 25 24 4
210 16 15 5
211 11 10 4
212 18 17 7
213 19 18 4
214 14 13 5
215 15 14 4
216 14 13 5
217 17 16 6
218 26 25 5
219 23 22 4
220 16 15 5
221 15 15 5
222 11 10 4
223 10 9 5
224 13 12 6
225 20 19 5
226 7 6 5
227 21 20 6
228 20 20 6
229 16 16 4
230 16 15 5
231 15 15 5
232 27 27 5
233 13 13 5
234 23 22 4
235 10 9 5
236 13 12 4
237 20 19 5
238 9 8 4
239 14 13 5
240 9 8 4
241 12 11 5
242 11 11 5
243 19 18 6
244 14 14 6
245 8 8 4
246 12 11 5
247 21 20 6
248 18 18 6
249 24 24 4
250 18 17 5
251 17 17 5
252 11 10 4
253 12 11 5
254 21 20 4
255 14 13 5
256 23 22 4
257 24 23 5
258 23 22 6
259 20 19 5
260 11 10 4
261 14 13 5
262 13 12 4
263 18 17 5
264 27 27 5
265 19 18 6
266 20 20 6
267 10 10 4
268 20 19 5
269 15 15 5
270 11 10 4
271 12 11 5
272 15 15 5
273 13 12 4
274 16 15 5
275 21 20 4
276 16 15 5
277 25 24 6
278 14 13 5
279 29 28 4
280 20 19 5
281 29 28 6
282 18 18 6
283 16 16 4
284 18 17 5
285 21 20 6
286 8 8 4
287 34 33 7
288 17 16 6
289 18 18 4
290 14 13 5
291 35 34 8
292 18 18 4
293 16 15 5
294 15 14 4
295 22 21 5
296 25 24 6
297 16 16 6
298 20 20 4
299 18 17 5
300 11 11 5
301 15 14 4
302 16 15 5
303 29 28 6
304 18 18 4
305 24 23 5
306 11 10 4
307 26 25 5
308 17 16 4
309 28 27 5
310 17 16 4
311 14 13 5
312 11 10 4
313 20 19 5
314 15 14 4
315 26 25 7
316 23 22 4
317 20 19 5
318 17 16 6
319 10 10 4
320 12 11 5
321 23 22 6
322 18 18 4
323 14 13 5
324 25 24 6
325 16 16 4
326 16 15 5
327 21 20 4
328 14 13 5
329 13 12 4
330 30 29 5
331 19 19 5
332 27 26 4
333 20 19 5
334 13 13 5
335 7 6 5
336 15 14 4
337 18 17 5
338 19 18 4
339 30 29 7
340 23 22 4
341 10 9 5
342 11 11 5
343 15 14 4
344 12 11 5
345 17 16 6
346 20 20 6
347 32 32 6
348 16 16 6
349 10 10 6
350 16 16 4
351 14 13 5
352 11 10 4
353 20 19 5
354 17 16 6
355 24 23 5
356 19 19 5
357 15 14 4
358 12 11 5
359 17 16 4
360 12 11 5
361 27 26 6
362 16 16 4
363 26 25 5
364 21 20 4
365 18 17 5
366 25 24 4
367 16 15 5
368 23 23 7
369 21 20 4
370 26 25 5
371 11 10 4
372 18 17 5
373 11 10 4
374 16 15 5
375 23 22 6
376 16 15 5
377 21 20 4
378 26 25 5
379 25 25 7
380 9 8 4
381 18 17 5
382 29 28 6
383 14 14 4
384 20 19 5
385 25 24 6
386 18 17 5
387 41 40 6
388 34 34 6
389 30 30 6
390 32 32 4
391 18 17 5
392 21 20 6
393 14 14 4
394 26 25 5
395 27 26 6
396 28 28 6
397 14 13 5
398 13 12 4
399 16 15 5
400 15 14 4
401 28 27 5
402 25 24 6
403 32 32 6
404 18 18 6
405 12 11 5
406 25 24 4
407 20 19 5
408 25 25 5
409 23 22 6
410 18 18 4
411 14 13 5
412 25 24 6
413 12 12 4
414 34 33 5
415 31 31 5
416 33 32 4
417 16 15 5
418 19 19 5
419 29 28 4
420 32 31 5
421 21 20 6
422 8 8 4
423 20 19 5
424 21 20 4
425 28 27 5
426 43 43 7
427 25 24 4
428 20 19 5
429 15 14 4
430 24 23 5
431 25 24 6
432 36 35 5
433 33 32 4
434 24 23 5
435 13 13 5
436 33 32 6
437 14 14 4
438 32 31 7
439 39 38 4
440 36 35 5
441 33 33 5
442 33 32 6
443 34 33 5
444 37 36 6
445 38 37 5
446 27 26 4
447 34 33 5
448 27 27 5
449 39 38 6
450 16 16 4
451 28 27 5
452 23 22 4
453 52 51 5
454 37 37 5
455 49 48 4
456 48 47 5
457 27 27 5
458 37 36 6
459 34 33 5
460 51 50 6
461 46 46 4
462 30 29 5
463 37 36 6
464 28 28 4
465 38 37 5
466 51 51 5
467 51 51 5
468 35 35 5
469 41 41 5
470 43 43 5
471 47 46 4
472 44 43 5
473 35 34 4
474 48 47 7
475 25 24 4
476 42 41 5
477 47 47 5
478 27 27 5
479 55 54 6
480 40 40 6
481 54 54 4
482 44 43 5
483 43 43 5
484 53 52 6
485 38 38 4
486 44 43 5
487 39 38 6
488 46 46 6
489 40 40 4
490 50 49 7
491 33 32 4
492 48 47 5
493 37 36 6
494 50 50 6
495 40 40 6
496 38 38 4
497 38 37 5
498 39 38 6
499 32 32 4
