0 22 21 5
1 11 10 4
2 14 13 5
3 27 26 6
4 16 16 6
5 20 20 8
6 18 18 4
7 14 13 5
8 21 20 6
9 20 20 6
10 12 12 4
11 12 11 5
12 5 5 5
13 10 9 5
14 15 14 6
15 14 14 6
16 12 12 4
17 24 23 7
18 13 12 6
19 14 13 5
20 15 14 4
21 12 11 5
22 15 14 4
23 14 13 5
24 9 8 4
25 12 11 5
26 13 13 5
27 9 9 5
28 9 8 4
29 16 15 5
30 13 13 5
31 13 12 4
32 10 9 5
33 9 8 4
34 16 15 9
35 11 10 4
36 14 13 5
37 5 5 5
38 22 21 7
39 15 14 4
40 12 11 5
41 13 12 4
42 16 15 7
43 9 9 5
44 11 10 4
45 12 11 5
46 13 12 4
47 12 11 5
48 23 23 5
49 11 11 5
50 19 18 6
51 20 20 4
52 6 5 4
53 16 15 7
54 5 5 5
55 10 9 5
56 13 12 4
57 18 17 5
58 25 25 5
59 17 16 4
60 22 21 5
61 15 15 5
62 17 16 6
63 32 32 4
64 32 31 7
65 37 36 6
66 24 24 6
67 14 14 4
68 14 13 5
69 23 22 6
70 18 17 5
71 19 18 4
72 26 25 5
73 21 20 4
74 12 11 5
75 19 18 4
76 16 15 5
77 25 24 6
78 24 23 5
79 17 16 6
80 20 20 6
81 10 10 4
82 28 27 5
83 25 24 6
84 22 21 5
85 25 24 6
86 38 38 4
87 34 33 5
88 15 14 4
89 20 19 5
90 25 25 5
91 37 37 7
92 21 20 4
93 34 33 5
94 25 25 5
95 21 21 5
96 23 22 6
97 24 23 5
98 21 20 4
99 20 19 5
100 23 22 4
101 22 21 5
102 29 29 5
103 23 23 7
104 17 16 4
105 14 13 5
106 17 16 4
107 26 25 5
108 19 18 4
109 20 19 5
110 19 18 6
111 26 26 6
112 18 18 4
113 20 19 5
114 31 31 7
115 19 19 5
116 21 21 5
117 31 30 6
118 24 23 7
119 29 28 8
120 14 13 5
121 17 16 4
122 18 17 5
123 33 33 5
124 23 22 6
125 30 29 7
126 25 24 6
127 36 35 7
128 27 26 4
129 18 17 5
130 17 16 6
131 24 24 8
132 20 20 8
133 18 18 6
134 24 24 4
135 32 31 7
136 17 16 4
137 16 15 5
138 25 24 6
139 22 21 5
140 17 16 4
141 26 25 5
142 23 23 7
143 33 32 6
144 22 21 7
145 25 24 6
146 14 13 5
147 19 18 4
148 20 19 5
149 21 21 7
150 27 26 4
151 26 25 5
152 27 26 8
153 28 28 8
154 18 18 6
155 30 30 4
156 18 17 5
157 25 25 5
158 17 16 4
159 28 27 5
160 25 25 7
161 19 19 5
162 31 30 6
163 28 28 4
164 22 21 5
165 15 15 5
166 19 18 6
167 18 18 4
168 30 29 5
169 27 26 6
170 18 18 4
171 26 25 7
172 25 24 6
173 20 20 4
174 30 29 5
175 19 19 5
176 23 23 5
177 37 36 6
178 30 29 7
179 29 28 4
180 26 25 5
181 25 24 4
182 24 23 5
183 29 29 7
184 27 26 6
185 30 30 6
186 32 31 5
187 27 27 5
188 25 25 5
189 21 21 5
190 29 28 4
191 26 25 5
192 15 14 6
193 16 15 5
194 17 16 4
195 18 17 5
196 21 21 5
197 21 21 7
198 25 25 5
199 25 24 4
200 14 13 5
201 21 20 4
202 24 23 5
203 23 23 5
204 17 16 4
205 22 21 5
206 27 27 7
207 17 16 4
208 36 35 5
209 23 22 4
210 20 19 5
211 19 18 4
212 28 27 5
213 41 41 7
214 19 19 5
215 21 21 5
216 19 18 4
217 30 29 5
218 23 22 6
219 16 15 5
220 21 20 4
221 18 17 5
222 21 20 6
223 26 26 6
224 22 22 4
225 22 21 5
226 29 29 5
227 35 34 8
228 18 18 4
229 26 25 5
230 27 26 6
231 26 26 4
232 16 15 5
233 19 18 4
234 20 19 5
235 35 34 8
236 24 24 4
237 28 27 7
238 15 14 4
239 24 23 5
240 25 25 7
241 23 22 4
242 18 17 5
243 35 35 7
244 13 12 4
245 10 9 5
246 17 16 6
247 14 14 4
248 24 23 5
249 17 17 5
250 11 11 5
251 9 8 4
252 12 11 5
253 15 14 6
254 14 14 6
255 8 8 4
256 10 9 5
257 15 14 4
258 14 13 5
259 19 18 6
260 18 18 6
261 10 10 4
262 16 15 5
263 9 8 4
264 22 21 7
265 9 9 5
266 19 18 4
267 22 21 5
268 19 19 5
269 29 28 6
270 16 16 4
271 20 19 5
272 17 16 4
273 16 15 5
274 13 12 6
275 18 17 5
276 19 19 5
277 23 22 6
278 16 16 6
279 20 20 6
280 20 20 4
281 18 17 7
282 13 12 4
283 40 39 5
284 21 21 5
285 17 17 5
286 25 24 6
287 14 14 4
288 14 13 5
289 17 16 6
290 18 18 4
291 22 21 5
292 27 26 4
293 10 9 5
294 19 19 5
295 15 15 5
296 21 20 4
297 40 39 7
298 33 32 6
299 22 22 6
300 30 30 4
301 52 51 7
302 23 23 5
303 27 27 5
304 35 34 8
305 34 33 5
306 41 41 5
307 39 39 5
308 41 41 5
309 33 32 4
310 36 35 7
311 37 37 7
312 17 17 5
313 41 40 8
314 26 26 4
315 24 23 7
316 35 34 8
317 20 20 6
318 24 23 5
319 23 23 7
320 45 44 6
321 38 37 7
322 45 45 9
323 53 52 10
324 40 39 7
325 17 17 5
326 29 28 4
327 28 27 5
328 35 35 7
329 31 31 7
330 25 24 6
331 22 21 5
332 27 27 7
333 21 20 4
334 12 11 5
335 11 10 4
336 18 17 7
337 23 22 4
338 16 15 5
339 17 16 4
340 34 33 7
341 25 24 8
342 8 8 4
343 16 15 5
344 19 18 4
345 26 25 5
346 17 17 5
347 19 18 4
348 26 25 7
349 17 17 5
350 23 22 4
351 18 17 7
352 15 14 4
353 10 9 5
354 15 14 4
355 18 17 5
356 23 22 4
357 14 13 5
358 13 12 6
359 22 22 6
360 22 21 5
361 15 14 6
362 10 10 4
363 22 21 5
364 19 18 6
365 18 17 5
366 15 15 5
367 25 24 4
368 16 15 5
369 25 24 4
370 14 13 5
371 25 24 8
372 14 14 4
373 20 19 5
374 19 18 4
375 18 17 5
376 17 17 5
377 13 13 7
378 17 16 4
379 18 17 5
380 29 28 6
381 16 15 5
382 13 12 6
383 14 14 4
384 22 21 7
385 13 12 4
386 26 25 5
387 13 13 5
388 19 18 6
389 16 16 4
390 18 17 5
391 13 13 5
392 11 10 4
393 16 15 5
394 17 16 6
395 22 22 6
396 20 20 6
397 22 21 5
398 15 14 4
399 10 9 5
400 9 8 4
401 18 17 5
402 11 10 4
403 16 15 5
404 13 12 6
405 12 12 6
406 6 5 4
407 10 9 5
408 11 11 5
409 25 24 6
410 8 8 4
411 10 9 5
412 9 8 4
413 12 11 5
414 17 16 6
415 20 19 5
416 19 19 7
417 15 14 4
418 14 13 7
419 13 12 4
420 10 9 5
421 13 12 4
422 12 11 5
423 15 14 6
424 12 11 5
425 19 18 4
426 14 13 7
427 11 11 5
428 13 12 4
429 22 21 11
430 15 14 4
431 12 11 5
432 21 20 4
433 32 31 7
434 23 22 4
435 26 25 5
436 17 16 6
437 10 10 6
438 12 12 4
439 16 15 5
440 17 16 6
441 14 14 6
442 22 22 6
443 20 20 4
444 18 17 5
445 11 11 5
446 9 9 5
447 17 16 4
448 12 11 5
449 9 8 4
450 18 17 5
451 11 11 5
452 17 16 4
453 10 9 5
454 15 15 5
455 19 18 6
456 18 17 5
457 17 16 8
458 14 14 4
459 18 17 5
460 13 13 5
461 9 8 4
462 10 9 5
463 17 16 4
464 10 9 5
465 13 12 4
466 12 11 5
467 13 13 5
468 9 8 4
469 6 5 4
470 10 9 5
471 15 14 6
472 10 9 5
473 15 15 5
474 19 18 4
475 30 29 7
476 15 14 6
477 12 11 5
478 7 6 5
479 13 12 4
480 18 17 5
481 9 9 5
482 9 8 4
483 10 9 5
484 7 6 5
485 9 8 4
486 14 13 7
487 15 14 4
488 16 15 5
489 17 16 6
490 10 9 5
491 11 10 4
492 14 13 5
493 13 12 4
494 12 11 7
495 21 20 6
496 8 8 4
497 10 9 5
498 15 14 4
499 10 9 5
