0 14 13 5
1 15 14 4
2 10 9 5
3 17 16 6
4 14 14 6
5 8 8 4
6 8 7 6
7 30 30 6
8 20 20 6
9 6 6 6
10 11 11 5
11 11 11 5
12 13 13 5
13 11 11 5
14 17 17 5
15 13 12 6
16 14 14 6
17 12 12 6
18 12 11 5
19 11 10 6
20 10 10 4
21 12 11 7
22 17 16 6
23 12 12 4
24 6 5 4
25 16 15 5
26 9 9 5
27 15 14 6
28 26 25 5
29 19 19 5
30 11 10 6
31 16 16 6
32 16 16 4
33 12 11 5
34 17 16 4
35 18 17 7
36 37 36 8
37 20 20 4
38 20 19 5
39 19 18 4
40 20 19 5
41 39 39 5
42 27 26 6
43 22 22 4
44 14 13 5
45 23 22 4
46 22 21 5
47 19 18 6
48 10 10 4
49 18 17 5
50 21 20 4
51 22 21 5
52 11 10 4
53 24 23 5
54 17 17 5
55 15 14 6
56 10 9 5
57 27 26 6
58 16 16 4
59 30 29 5
60 25 24 8
61 14 14 6
62 24 24 6
63 30 30 10
64 18 17 5
65 19 18 4
66 12 11 5
67 21 21 7
68 19 18 6
69 12 12 4
70 18 17 5
71 27 26 8
72 24 23 5
73 17 16 6
74 28 28 10
75 20 20 8
76 18 17 5
77 17 16 6
78 20 20 6
79 16 15 5
80 17 17 5
81 13 12 4
82 20 19 5
83 17 17 5
84 15 14 6
85 12 11 5
86 17 16 6
87 16 16 6
88 12 12 6
89 16 15 5
90 11 11 5
91 15 15 5
92 15 15 5
93 13 12 6
94 28 28 8
95 8 8 4
96 18 17 5
97 21 21 5
98 17 16 4
99 22 21 7
100 21 20 6
101 12 11 5
102 15 15 5
103 7 6 5
104 17 16 6
105 16 16 6
106 14 14 6
107 24 23 7
108 11 10 6
109 18 17 5
110 15 15 7
111 17 17 7
112 11 10 4
113 18 17 7
114 11 11 5
115 13 12 4
116 18 17 7
117 17 17 7
118 11 10 6
119 12 11 5
120 11 10 6
121 18 18 6
122 14 14 6
123 18 17 5
124 21 21 9
125 23 23 5
126 5 5 5
127 14 13 5
128 13 12 6
129 18 17 5
130 11 11 5
131 27 26 8
132 18 17 5
133 19 19 5
134 11 11 7
135 9 8 4
136 12 11 5
137 25 24 12
138 6 6 6
139 19 18 6
140 14 14 6
141 10 10 4
142 14 13 5
143 25 25 7
144 9 9 5
145 31 30 8
146 12 11 7
147 13 12 6
148 12 11 5
149 21 20 6
150 10 10 4
151 16 15 7
152 21 20 6
153 18 17 7
154 13 13 7
155 15 14 6
156 14 14 6
157 12 12 6
158 20 20 6
159 12 12 6
160 14 13 5
161 9 9 5
162 11 10 4
163 12 11 5
164 15 15 7
165 15 14 4
166 20 19 5
167 15 15 5
168 13 13 7
169 19 18 8
170 14 14 6
171 16 16 6
172 6 6 6
173 13 12 6
174 16 15 7
175 13 12 6
176 28 28 6
177 10 10 4
178 20 19 7
179 9 9 5
180 21 21 7
181 11 10 6
182 24 24 8
183 16 15 7
184 17 16 6
185 8 8 4
186 12 11 5
187 13 12 6
188 14 13 5
189 9 9 5
190 13 13 5
191 15 15 9
192 13 12 6
193 10 10 6
194 10 9 5
195 15 15 7
196 17 16 4
197 14 13 5
198 13 12 6
199 8 8 4
200 22 21 9
201 11 10 6
202 24 23 7
203 17 16 6
204 12 12 4
205 12 11 5
206 9 8 4
207 14 13 7
208 17 17 7
209 11 10 6
210 22 22 8
211 6 5 4
212 18 17 5
213 21 20 6
214 16 16 6
215 14 14 6
216 22 21 5
217 13 12 4
218 14 13 5
219 13 13 5
220 25 25 7
221 11 11 5
222 15 14 4
223 22 21 5
224 17 17 5
225 13 13 5
226 11 10 6
227 28 27 5
228 13 13 5
229 11 10 4
230 16 15 5
231 17 16 6
232 16 15 5
233 11 11 5
234 13 13 5
235 15 14 4
236 16 15 7
237 15 15 7
238 11 11 5
239 9 9 5
240 13 13 5
241 21 20 8
242 20 19 7
243 9 9 5
244 17 16 6
245 6 6 6
246 9 8 4
247 10 9 5
248 13 13 7
249 7 6 5
250 19 19 9
251 5 5 5
252 8 7 6
253 20 20 8
254 10 9 5
255 9 9 5
256 19 18 6
257 14 13 5
258 13 12 6
259 10 10 4
260 12 11 7
261 19 18 8
262 10 10 6
263 14 14 6
264 12 12 6
265 10 9 5
266 5 5 5
267 12 11 7
268 13 12 8
269 12 12 6
270 6 5 4
271 10 9 5
272 11 10 6
273 10 10 6
274 16 15 7
275 11 11 7
276 13 12 6
277 18 18 8
278 10 9 5
279 13 13 7
280 11 10 4
281 16 15 7
282 7 6 5
283 11 10 6
284 10 10 6
285 12 12 6
286 8 7 6
287 10 9 5
288 7 7 7
289 8 8 4
290 18 17 7
291 13 12 6
292 14 13 5
293 11 11 5
294 11 11 5
295 13 13 7
296 11 11 5
297 13 12 6
298 12 11 5
299 17 17 7
300 21 20 6
301 12 12 6
302 6 6 6
303 11 10 4
304 18 17 5
305 15 15 7
306 17 16 6
307 12 12 6
308 12 12 6
309 14 13 7
310 13 12 4
311 14 13 5
312 7 6 5
313 21 21 7
314 15 14 6
315 14 14 6
316 6 6 6
317 15 14 6
318 10 9 5
319 13 12 6
320 20 19 5
321 11 11 5
322 7 6 5
323 21 20 6
324 12 12 4
325 12 11 7
326 19 18 6
327 6 5 4
328 12 11 5
329 15 14 4
330 12 11 5
331 25 24 6
332 14 14 6
333 10 9 5
334 13 13 5
335 5 5 5
336 12 11 5
337 13 12 4
338 18 17 7
339 21 20 6
340 16 16 4
341 10 9 5
342 17 16 8
343 6 5 4
344 10 9 5
345 9 8 4
346 16 15 5
347 23 22 8
348 18 18 4
349 10 9 5
350 13 12 4
351 10 9 5
352 13 12 6
353 12 11 5
354 29 28 4
355 18 17 5
356 17 17 5
357 7 6 5
358 13 12 4
359 12 11 5
360 31 30 4
361 22 21 5
362 27 26 6
363 20 20 6
364 12 12 4
365 12 11 5
366 15 14 4
367 12 11 5
368 19 18 4
369 26 25 5
370 29 29 7
371 11 10 4
372 16 15 5
373 25 24 6
374 14 14 4
375 14 13 5
376 19 18 6
377 18 17 5
378 23 22 4
379 20 19 7
380 15 14 4
381 14 13 5
382 17 17 5
383 23 22 6
384 16 16 6
385 14 14 4
386 18 17 7
387 15 15 5
388 17 16 4
389 20 19 7
390 11 11 5
391 21 21 9
392 25 24 4
393 18 17 5
394 21 20 8
395 18 18 4
396 18 17 5
397 15 15 5
398 17 17 5
399 17 16 6
400 24 24 10
401 20 20 6
402 14 13 7
403 31 30 6
404 22 22 6
405 20 20 8
406 24 24 10
407 18 17 9
408 23 22 8
409 12 11 5
410 17 16 4
411 20 19 5
412 13 13 5
413 15 14 6
414 16 16 6
415 16 15 5
416 19 19 5
417 13 13 7
418 13 13 5
419 19 19 7
420 25 24 4
421 12 11 5
422 23 23 7
423 19 19 7
424 19 18 8
425 12 12 6
426 14 14 8
427 22 22 6
428 18 17 5
429 33 32 10
430 16 16 6
431 22 22 8
432 14 14 6
433 14 14 6
434 22 21 7
435 21 20 6
436 16 15 7
437 31 30 14
438 18 17 7
439 21 20 6
440 20 19 7
441 21 20 6
442 16 16 4
443 16 15 5
444 11 11 7
445 21 20 8
446 14 14 6
447 22 22 6
448 18 17 7
449 15 14 4
450 10 9 5
451 13 12 6
452 12 12 6
453 14 14 4
454 16 15 7
455 19 18 6
456 12 12 6
457 16 16 6
458 18 18 8
459 10 10 4
460 20 19 5
461 19 18 4
462 12 11 5
463 11 11 5
464 17 16 6
465 10 10 4
466 18 17 5
467 19 19 5
468 11 11 5
469 15 15 7
470 15 15 5
471 9 9 5
472 7 6 5
473 15 14 6
474 16 16 6
475 20 20 6
476 8 8 4
477 12 11 5
478 19 19 7
479 11 10 4
480 12 11 5
481 9 9 5
482 15 14 8
483 14 14 6
484 14 14 6
485 10 10 4
486 14 13 7
487 13 12 6
488 8 8 4
489 16 15 7
490 9 8 4
491 16 15 7
492 15 14 6
493 10 10 6
494 16 16 6
495 22 21 5
496 11 10 6
497 14 14 4
498 12 11 5
499 13 12 4
500 24 23 5
501 19 19 5
502 19 18 4
503 16 15 5
504 15 15 5
505 13 13 5
506 25 25 5
507 13 13 5
508 17 16 4
509 12 11 7
510 13 12 4
511 22 21 9
512 25 25 7
513 11 10 4
514 14 13 5
515 15 14 4
516 14 13 5
517 13 13 5
518 13 12 6
519 20 20 8
520 18 18 8
521 12 12 6
522 14 13 5
523 15 14 6
524 16 15 5
525 23 23 9
526 13 13 5
527 13 12 6
528 20 20 6
529 10 10 6
530 16 16 6
531 8 8 4
532 16 15 7
533 17 17 7
534 9 9 5
535 11 10 6
536 8 7 6
537 16 16 6
538 10 10 4
539 10 9 5
540 9 8 4
541 16 15 11
542 19 18 4
543 10 9 5
544 23 22 6
545 10 10 4
546 12 11 5
547 13 13 7
548 9 9 5
549 11 10 6
550 14 13 7
551 11 10 6
552 12 11 5
553 11 10 6
554 12 12 8
555 8 8 4
556 16 15 7
557 11 11 7
558 19 18 8
559 12 11 5
560 7 6 5
561 11 11 5
562 13 12 4
563 14 13 7
564 13 12 6
565 10 10 4
566 14 13 7
567 17 17 7
568 11 10 6
569 8 8 4
570 14 13 5
571 7 7 7
572 16 16 6
573 12 12 4
574 8 7 6
575 14 13 7
576 13 13 7
577 15 14 6
578 14 14 6
579 10 10 4
580 10 9 5
581 19 18 4
582 10 9 5
583 17 16 4
584 14 13 7
585 13 13 5
586 17 16 6
587 12 12 6
588 14 13 7
589 13 12 4
590 16 15 7
591 17 16 4
592 18 17 7
593 23 22 6
594 8 8 4
595 22 21 5
596 7 6 5
597 15 14 6
598 12 12 6
599 16 15 5
600 17 16 4
601 18 17 5
602 15 15 5
603 19 19 5
604 21 20 6
605 12 12 4
606 12 11 5
607 17 16 6
608 16 16 6
609 20 20 6
610 12 12 4
611 20 19 5
612 17 17 5
613 21 20 6
614 14 14 6
615 10 10 4
616 14 13 5
617 17 16 4
618 12 11 5
619 13 12 6
620 16 15 5
621 19 19 9
622 9 8 4
623 22 21 5
624 17 17 5
625 23 22 6
626 20 20 6
627 10 10 6
628 30 30 10
629 10 10 4
630 18 17 5
631 13 13 5
632 13 12 6
633 14 14 4
634 22 21 7
635 23 22 6
636 42 42 6
637 22 21 5
638 11 10 4
639 18 17 5
640 25 24 6
641 30 30 8
642 22 22 6
643 28 28 6
644 26 25 7
645 23 22 8
646 16 15 5
647 25 24 6
648 28 28 8
649 8 8 4
650 32 31 9
651 17 16 6
652 32 32 12
653 22 22 10
654 14 13 5
655 13 13 5
656 19 19 5
657 25 25 7
658 23 22 6
659 26 26 14
660 10 10 4
661 16 15 5
662 23 22 6
663 18 17 7
664 19 18 6
665 16 15 5
666 23 22 6
667 18 18 8
668 30 29 5
669 17 16 6
670 30 30 10
671 22 22 6
672 42 42 10
673 14 14 4
674 18 17 5
675 15 14 4
676 20 19 5
677 5 5 5
678 34 33 5
679 15 15 5
680 15 14 4
681 18 17 5
682 15 14 4
683 16 15 7
684 21 20 6
685 14 14 4
686 18 17 5
687 19 18 6
688 12 12 6
689 14 14 4
690 12 11 5
691 21 20 6
692 16 16 4
693 20 19 7
694 11 10 4
695 16 15 5
696 11 11 5
697 21 20 8
698 16 15 5
699 11 10 4
700 12 11 5
701 27 27 7
702 15 15 5
703 13 12 6
704 10 10 4
705 16 15 7
706 19 18 4
707 16 15 5
708 9 9 5
709 15 14 6
710 10 10 6
711 12 11 5
712 15 15 9
713 13 12 6
714 12 12 6
715 14 13 7
716 19 18 4
717 26 25 7
718 25 24 8
719 16 16 6
720 14 14 6
721 10 10 6
722 12 12 6
723 28 28 8
724 18 18 6
725 24 24 8
726 12 12 6
727 18 18 6
728 20 19 11
729 13 13 5
730 19 18 6
731 14 14 6
732 12 11 5
733 13 12 4
734 16 15 7
735 15 14 6
736 10 10 4
737 12 11 5
738 11 10 4
739 22 21 9
740 21 20 6
741 20 20 8
742 24 23 9
743 15 15 7
744 11 11 5
745 13 13 5
746 13 13 5
747 19 19 9
748 15 14 6
749 16 16 6
750 18 18 8
751 12 12 6
752 12 11 5
753 15 14 6
754 10 10 4
755 12 11 5
756 13 13 5
757 15 14 6
758 12 11 5
759 9 9 5
760 9 9 5
761 11 11 5
762 11 11 5
763 15 15 7
764 11 10 6
765 16 15 7
766 9 9 5
767 17 17 5
768 19 18 8
769 12 12 4
770 12 11 5
771 13 12 6
772 28 28 10
773 10 10 6
774 14 14 6
775 10 10 6
776 14 14 4
777 10 9 5
778 15 15 5
779 9 9 5
780 19 19 7
781 13 13 5
782 11 11 5
783 13 12 6
784 10 10 6
785 6 6 6
786 13 12 6
787 16 16 6
788 18 17 7
789 7 6 5
790 9 9 5
791 11 11 7
792 9 9 5
793 11 10 6
794 14 13 5
795 15 15 7
796 9 9 5
797 13 12 6
798 8 8 8
799 11 10 6
800 10 10 6
801 12 11 5
802 13 13 5
803 11 10 6
804 20 19 7
805 15 14 6
806 10 10 6
807 6 5 4
808 12 11 5
809 19 18 6
810 10 10 6
811 18 18 6
812 14 14 8
813 6 6 6
814 13 12 6
815 6 6 6
816 13 12 6
817 12 11 5
818 13 12 8
819 12 11 7
820 7 7 7
821 14 13 5
822 23 22 6
823 6 6 6
824 13 12 4
825 12 11 5
826 19 18 8
827 14 14 6
828 14 13 5
829 13 12 4
830 12 11 5
831 15 15 7
832 11 11 5
833 9 8 7
834 7 6 5
835 13 13 7
836 17 16 6
837 8 7 6
838 14 14 6
839 10 9 5
840 9 9 5
841 13 13 5
842 15 15 5
843 5 5 5
844 18 17 7
845 19 19 7
846 9 8 4
847 10 9 5
848 11 11 5
849 11 11 5
850 19 19 7
851 17 16 6
852 18 18 4
853 18 17 5
854 9 9 5
855 13 13 5
856 11 11 5
857 9 8 4
858 14 13 7
859 11 10 4
860 6 5 4
861 14 13 7
862 19 18 8
863 10 9 5
864 7 6 5
865 11 11 5
866 13 12 8
867 20 20 8
868 14 14 4
869 18 17 5
870 13 12 6
871 18 18 6
872 12 12 6
873 10 10 6
874 14 13 5
875 13 12 6
876 6 6 6
877 13 13 5
878 9 8 7
879 17 16 8
880 12 12 4
881 14 13 5
882 13 12 4
883 24 23 9
884 21 20 6
885 22 22 6
886 14 14 4
887 12 11 5
888 11 10 4
889 28 27 5
890 25 24 4
891 20 19 5
892 29 28 4
893 24 23 5
894 11 11 5
895 17 16 6
896 50 50 6
897 28 27 5
898 15 14 4
899 18 17 5
900 21 20 4
901 16 15 5
902 23 22 4
903 18 17 5
904 19 18 6
905 20 20 4
906 16 15 5
907 17 16 4
908 30 29 5
909 15 15 5
910 11 10 4
911 28 27 5
912 15 15 5
913 13 13 5
914 15 14 4
915 10 9 5
916 19 18 6
917 16 15 5
918 13 13 5
919 13 12 6
920 16 16 4
921 18 17 5
922 31 30 8
923 16 15 7
924 21 20 6
925 10 10 4
926 24 23 5
927 31 30 8
928 16 16 6
929 20 20 6
930 20 20 8
931 20 20 6
932 14 13 7
933 15 15 5
934 13 12 6
935 12 12 4
936 20 19 5
937 23 23 7
938 25 24 6
939 14 13 5
940 17 16 6
941 18 17 5
942 19 19 7
943 11 11 5
944 15 14 6
945 14 14 6
946 20 20 6
947 16 16 4
948 12 11 5
949 15 14 8
950 16 16 4
951 16 15 5
952 17 16 4
953 16 15 5
954 19 19 5
955 23 23 7
956 17 17 7
957 17 17 5
958 23 22 6
959 16 16 4
960 16 15 5
961 13 12 6
962 10 10 6
963 16 16 6
964 16 16 8
965 14 14 6
966 12 12 6
967 24 24 8
968 18 17 9
969 31 30 6
970 16 16 6
971 22 22 4
972 22 21 7
973 27 26 4
974 16 15 5
975 11 11 5
976 29 29 11
977 19 18 8
978 20 20 10
979 28 27 9
980 23 23 9
981 17 16 4
982 12 11 5
983 13 13 5
984 27 26 4
985 16 15 5
986 17 17 5
987 15 14 4
988 14 13 5
989 19 18 4
990 18 17 5
991 29 29 9
992 19 18 6
993 16 16 4
994 20 19 7
995 15 14 4
996 14 13 5
997 17 17 7
998 9 8 4
999 12 11 5
1000 7 6 5
1001 15 14 6
1002 16 16 8
1003 14 14 4
1004 14 13 5
1005 13 12 4
1006 12 11 5
1007 21 20 6
1008 12 11 5
1009 15 14 4
1010 10 9 5
1011 19 19 7
1012 13 13 5
1013 15 14 6
1014 10 9 5
1015 23 23 7
1016 21 21 7
1017 11 10 4
1018 6 5 4
1019 16 15 5
1020 19 19 5
1021 13 12 4
1022 12 11 5
1023 13 13 5
1024 31 30 6
1025 24 23 5
1026 11 10 4
1027 22 21 5
1028 11 10 4
1029 18 17 5
1030 11 11 5
1031 11 10 4
1032 16 15 5
1033 19 18 6
1034 20 20 4
1035 22 21 5
1036 23 23 7
1037 11 10 4
1038 20 19 5
1039 13 13 5
1040 19 19 5
1041 11 10 4
1042 14 13 5
1043 23 22 6
1044 16 16 4
1045 16 15 5
1046 11 11 5
1047 27 26 8
1048 18 18 6
1049 14 13 5
1050 13 13 5
1051 13 12 4
1052 20 19 9
1053 11 10 6
1054 18 18 6
1055 10 9 5
1056 21 21 9
1057 15 15 5
1058 11 11 7
1059 17 16 8
1060 14 14 6
1061 10 10 6
1062 18 17 7
1063 11 10 4
1064 14 13 7
1065 9 8 7
1066 17 16 6
1067 10 9 5
1068 15 15 5
1069 13 13 5
1070 11 10 6
1071 12 11 5
1072 15 14 4
1073 12 11 7
1074 13 12 6
1075 8 8 4
1076 14 13 5
1077 15 15 9
1078 21 20 6
1079 10 10 4
1080 16 15 7
1081 9 9 5
1082 11 11 5
1083 17 17 7
1084 15 14 6
1085 10 10 6
1086 10 10 6
1087 10 10 4
1088 16 15 5
1089 15 15 7
1090 13 12 6
1091 6 5 4
1092 12 11 5
1093 13 13 5
1094 15 15 5
1095 5 5 5
1096 12 11 5
1097 11 11 5
1098 11 11 5
1099 7 6 5
1100 9 9 5
1101 15 15 5
1102 17 16 6
1103 12 11 5
1104 15 15 7
1105 13 12 6
1106 10 9 5
1107 17 16 6
1108 14 14 6
1109 10 10 6
1110 12 12 6
1111 12 12 4
1112 10 9 5
1113 11 11 5
1114 13 12 6
1115 10 10 6
1116 12 12 8
1117 10 10 6
1118 14 13 7
1119 13 13 5
1120 21 20 6
1121 10 10 6
1122 12 12 6
1123 14 13 7
1124 15 14 6
1125 12 12 6
1126 8 8 4
1127 22 21 7
1128 13 12 4
1129 12 11 5
1130 7 6 5
1131 15 14 8
1132 18 18 6
1133 14 13 5
1134 11 10 4
1135 6 5 4
1136 18 17 7
1137 15 14 6
1138 16 15 7
1139 13 12 4
1140 16 15 5
1141 19 19 5
1142 15 14 6
1143 16 15 5
1144 17 17 7
1145 15 14 4
1146 8 7 6
1147 14 13 5
1148 5 5 5
1149 12 11 5
1150 11 11 5
1151 15 14 6
1152 24 23 9
1153 19 18 6
1154 12 12 4
1155 12 11 5
1156 11 11 5
1157 17 16 6
1158 12 12 6
1159 22 22 4
1160 14 13 5
1161 11 11 5
1162 15 14 6
1163 12 12 4
1164 12 11 5
1165 11 10 6
1166 10 10 6
1167 24 24 8
1168 12 11 5
1169 15 14 6
1170 14 14 6
1171 10 9 5
1172 7 6 5
1173 29 28 6
1174 22 22 6
1175 26 26 6
1176 14 14 6
1177 16 16 4
1178 10 9 5
1179 13 13 7
1180 11 10 4
1181 16 15 5
1182 21 20 6
1183 14 14 6
1184 6 6 6
1185 11 10 4
1186 14 13 7
1187 19 18 4
1188 10 9 5
1189 23 22 4
1190 30 29 5
1191 25 24 4
1192 14 13 5
1193 15 14 4
1194 22 21 5
1195 23 22 4
1196 18 17 5
1197 21 20 4
1198 12 11 5
1199 15 14 6
1200 10 10 4
1201 26 25 7
1202 19 18 4
1203 20 19 5
1204 9 8 4
1205 14 13 5
1206 13 13 5
1207 13 12 4
1208 16 15 5
1209 15 14 4
1210 18 17 5
1211 15 14 6
1212 16 16 6
1213 14 14 4
1214 22 21 7
1215 23 22 6
1216 12 11 5
1217 31 30 6
1218 20 19 5
1219 15 14 4
1220 8 7 6
1221 14 14 4
1222 14 13 5
1223 21 20 6
1224 30 30 6
1225 8 8 4
1226 12 11 5
1227 17 16 4
1228 14 13 5
1229 13 12 4
1230 20 19 5
1231 13 13 5
1232 19 18 6
1233 10 9 5
1234 11 10 4
1235 30 29 5
1236 19 19 5
1237 33 32 6
1238 26 26 4
1239 24 23 7
1240 13 12 4
1241 22 21 5
1242 29 29 5
1243 21 21 5
1244 33 33 5
1245 33 32 6
1246 22 22 4
1247 18 17 5
1248 41 40 6
1249 28 27 5
1250 29 28 8
1251 28 27 5
1252 39 39 5
1253 35 34 8
1254 34 34 8
1255 14 14 4
1256 26 25 5
1257 29 29 5
1258 29 28 4
1259 14 13 5
1260 27 26 10
1261 14 14 4
1262 14 13 5
1263 17 17 7
1264 23 23 5
1265 19 18 4
1266 22 21 5
1267 21 20 6
1268 20 19 5
1269 19 19 7
1270 19 19 5
1271 23 22 6
1272 22 22 4
1273 24 23 7
1274 17 16 8
1275 14 14 4
1276 28 27 11
1277 23 22 8
1278 14 14 6
1279 16 16 6
1280 8 8 4
1281 12 11 5
1282 25 25 5
1283 17 17 5
1284 19 18 6
1285 14 14 4
1286 18 17 5
1287 19 19 5
1288 11 11 5
1289 19 18 8
1290 18 18 8
1291 20 20 6
1292 14 14 6
1293 16 16 6
1294 22 22 10
1295 6 6 6
1296 17 16 4
1297 12 11 7
1298 13 13 5
1299 21 20 8
1300 24 24 6
1301 12 11 5
1302 17 16 6
1303 20 19 7
1304 17 16 6
1305 20 19 5
1306 9 9 5
1307 17 16 4
1308 22 21 7
1309 9 9 5
1310 19 18 4
1311 16 15 7
1312 19 18 4
1313 18 17 5
1314 17 17 5
1315 17 17 5
1316 11 11 7
1317 15 14 6
1318 18 17 7
1319 11 11 5
1320 23 23 7
1321 15 14 6
1322 14 13 5
1323 25 25 9
1324 17 17 5
1325 11 10 4
1326 22 21 7
1327 13 12 4
1328 18 17 7
1329 11 10 4
1330 16 15 7
1331 7 6 5
1332 11 10 4
1333 12 11 7
1334 19 18 6
1335 14 14 4
1336 12 11 7
1337 15 14 6
1338 8 8 4
1339 16 15 5
1340 11 11 5
1341 15 14 8
1342 8 8 4
1343 10 9 5
1344 11 10 6
1345 14 14 6
1346 12 12 6
1347 12 11 5
1348 17 16 8
1349 22 22 8
1350 8 8 4
1351 12 11 5
1352 19 19 5
1353 25 25 5
1354 17 16 6
1355 16 16 6
1356 12 12 6
1357 12 12 6
1358 16 15 5
1359 13 13 5
1360 11 10 4
1361 24 23 5
1362 11 11 5
1363 17 16 6
1364 12 12 4
1365 14 13 5
1366 13 12 6
1367 12 12 6
1368 14 13 7
1369 13 12 6
1370 12 12 6
1371 16 15 7
1372 13 13 5
1373 17 16 6
1374 14 14 4
1375 12 11 5
1376 11 10 6
1377 12 11 5
1378 11 11 7
1379 15 14 6
1380 10 9 5
1381 19 18 6
1382 12 11 5
1383 11 10 6
1384 12 11 7
1385 13 12 8
1386 16 16 6
1387 14 14 4
1388 8 7 6
1389 14 14 6
1390 12 12 6
1391 16 16 8
1392 14 14 6
1393 12 11 5
1394 11 11 7
1395 11 10 4
1396 16 15 7
1397 17 16 6
1398 12 11 5
1399 17 16 4
1400 16 15 5
1401 15 15 7
1402 7 6 5
1403 19 19 7
1404 7 6 5
1405 17 16 6
1406 12 11 5
1407 19 18 6
1408 14 13 5
1409 13 12 8
1410 10 9 5
1411 11 11 5
1412 13 12 6
1413 16 16 6
1414 10 9 5
1415 15 14 6
1416 10 10 6
1417 10 9 5
1418 15 15 7
1419 7 7 7
1420 14 14 4
1421 10 9 5
1422 13 13 7
1423 19 18 6
1424 10 10 4
1425 10 9 5
1426 17 16 6
1427 12 12 6
1428 18 17 7
1429 9 8 4
1430 16 15 5
1431 7 7 7
1432 14 14 6
1433 10 10 4
1434 14 13 5
1435 17 17 7
1436 13 13 5
1437 13 12 4
1438 20 19 5
1439 15 15 7
1440 11 10 6
1441 12 11 5
1442 15 14 6
1443 12 12 4
1444 20 19 7
1445 15 14 6
1446 18 18 6
1447 14 13 5
1448 11 10 6
1449 8 8 4
1450 12 11 5
1451 9 9 5
1452 15 14 4
1453 12 11 5
1454 17 17 7
1455 11 10 6
1456 14 14 6
1457 8 7 6
1458 12 11 5
1459 17 16 6
1460 20 19 5
1461 7 6 5
1462 17 16 6
1463 6 6 6
1464 17 16 8
1465 12 12 6
1466 16 15 5
1467 21 20 6
1468 12 11 5
1469 7 7 7
1470 12 12 6
1471 12 12 4
1472 16 15 7
1473 21 20 6
1474 22 21 5
1475 13 13 5
1476 15 14 6
1477 6 5 4
1478 12 11 5
1479 21 21 7
1480 25 25 7
1481 17 16 4
1482 20 19 5
1483 13 12 4
1484 20 19 7
1485 13 13 5
1486 13 12 6
1487 18 18 6
1488 36 35 5
1489 21 21 5
1490 17 16 6
1491 12 12 4
1492 18 17 5
1493 9 9 5
1494 25 24 6
1495 32 32 6
1496 24 24 6
1497 18 18 4
1498 14 13 5
1499 9 8 4
1500 18 17 5
1501 13 12 6
1502 24 24 6
1503 12 12 4
1504 12 11 5
1505 11 11 5
1506 17 16 8
1507 20 20 4
1508 14 13 5
1509 21 20 4
1510 20 19 5
1511 21 21 7
1512 9 9 5
1513 15 14 6
1514 14 14 4
1515 18 17 5
1516 15 14 6
1517 10 9 5
1518 27 26 4
1519 14 13 7
1520 15 15 5
1521 13 12 6
1522 14 14 6
1523 14 13 5
1524 17 16 8
1525 16 16 6
1526 24 23 5
1527 15 14 8
1528 12 12 4
1529 14 13 5
1530 13 13 7
1531 19 18 6
1532 10 10 6
1533 18 18 6
1534 16 15 7
1535 15 14 4
1536 14 13 5
1537 11 10 4
1538 24 23 7
1539 15 15 5
1540 15 14 4
1541 20 19 7
1542 17 16 8
1543 10 10 4
1544 16 15 5
1545 17 17 5
1546 15 15 7
1547 11 10 4
1548 8 7 6
1549 16 16 4
1550 24 23 9
1551 23 22 4
1552 14 13 5
1553 17 17 5
1554 11 11 5
1555 21 20 6
1556 14 14 4
1557 16 15 5
1558 11 10 6
1559 22 22 6
1560 20 20 8
1561 16 16 6
1562 12 12 6
1563 24 24 6
1564 10 9 5
1565 23 22 4
1566 22 21 7
1567 19 18 6
1568 20 19 7
1569 15 15 5
1570 17 17 5
1571 23 22 6
1572 18 18 6
1573 14 14 4
1574 20 19 5
1575 17 17 5
1576 17 17 5
1577 9 8 4
1578 24 23 7
1579 15 14 4
1580 10 9 5
1581 15 14 4
1582 28 27 9
1583 17 17 7
1584 25 24 6
1585 12 11 5
1586 19 18 4
1587 6 5 4
1588 14 13 5
1589 17 17 9
1590 17 16 4
1591 14 13 7
1592 13 12 6
1593 8 7 6
1594 14 14 4
1595 20 19 5
1596 19 19 7
1597 17 17 9
1598 21 20 10
1599 16 16 6
1600 18 18 6
1601 12 12 6
1602 20 20 4
1603 20 19 5
1604 23 22 6
1605 20 19 5
1606 25 24 6
1607 10 10 4
1608 10 9 5
1609 17 16 4
1610 12 11 5
1611 11 11 5
1612 27 26 4
1613 10 9 5
1614 17 16 6
1615 10 10 6
1616 10 10 6
1617 14 13 5
1618 13 13 7
1619 21 20 4
1620 20 19 7
1621 5 5 5
1622 12 11 5
1623 17 17 5
1624 19 18 6
1625 16 15 5
1626 11 11 5
1627 13 13 5
1628 9 9 5
1629 9 8 4
1630 14 13 7
1631 15 14 8
1632 28 28 4
1633 16 15 5
1634 9 9 5
1635 19 18 6
1636 16 16 6
1637 14 14 4
1638 10 9 5
1639 11 11 5
1640 7 7 7
1641 18 18 6
1642 24 24 4
1643 18 17 7
1644 13 12 6
1645 12 12 4
1646 18 17 7
1647 13 13 7
1648 19 18 8
1649 18 18 6
1650 14 14 4
1651 20 19 5
1652 13 13 5
1653 13 12 6
1654 14 14 6
1655 14 14 6
1656 8 8 4
1657 12 11 5
1658 17 16 4
1659 34 33 7
1660 17 16 6
1661 12 12 4
1662 8 7 6
1663 18 17 7
1664 11 10 4
1665 12 11 5
1666 11 11 7
1667 15 14 4
1668 18 17 5
1669 19 19 5
1670 13 13 5
1671 11 11 5
1672 15 14 4
1673 14 13 7
1674 21 20 6
1675 12 12 4
1676 22 21 7
1677 9 9 5
1678 13 12 4
1679 18 17 9
1680 15 14 4
1681 16 15 5
1682 17 17 5
1683 13 13 5
1684 15 14 6
1685 12 12 6
1686 14 14 6
1687 12 12 4
1688 18 17 5
1689 11 11 5
1690 15 14 4
1691 10 9 5
1692 9 8 4
1693 16 15 5
1694 9 9 5
1695 13 12 6
1696 10 9 5
1697 11 10 6
1698 10 10 6
1699 6 5 4
1700 10 9 5
1701 17 17 5
1702 13 13 7
1703 13 12 6
1704 10 10 6
1705 12 12 8
1706 18 18 6
1707 6 6 6
1708 7 6 5
1709 9 9 5
1710 13 12 6
1711 12 12 4
1712 14 13 7
1713 7 6 5
1714 5 5 5
1715 12 11 5
1716 15 15 7
1717 15 14 6
1718 12 11 5
1719 19 18 6
1720 10 10 6
1721 16 16 6
1722 8 7 6
1723 8 8 4
1724 14 13 7
1725 15 14 6
1726 24 24 6
1727 14 14 4
1728 14 13 5
1729 13 13 5
1730 9 9 5
1731 11 10 4
1732 8 7 6
1733 20 19 7
1734 13 12 6
1735 12 11 5
1736 11 11 5
1737 15 15 5
1738 13 12 6
1739 14 13 5
1740 7 7 7
1741 16 16 6
1742 14 13 5
1743 19 19 7
1744 13 12 4
1745 14 13 5
1746 15 14 6
1747 8 8 4
1748 8 7 6
1749 14 14 8
1750 14 14 6
1751 18 17 5
1752 17 17 7
1753 13 12 6
1754 10 9 5
1755 11 10 6
1756 14 14 4
1757 14 13 5
1758 11 10 6
1759 12 11 7
1760 15 14 6
1761 22 21 7
1762 9 9 5
1763 11 11 5
1764 7 6 5
1765 19 18 6
1766 12 12 6
1767 18 18 8
1768 14 14 4
1769 18 17 5
1770 11 10 4
1771 10 9 5
1772 5 5 5
1773 16 15 5
1774 17 17 5
1775 47 46 6
1776 14 13 5
1777 13 12 4
1778 14 13 5
1779 13 12 6
1780 14 14 6
1781 16 16 6
1782 32 32 4
1783 20 19 5
1784 27 26 6
1785 14 14 6
1786 24 24 6
1787 12 12 4
1788 28 27 5
1789 21 20 4
1790 18 17 5
1791 17 16 8
1792 18 18 6
1793 14 14 4
1794 26 25 7
1795 13 12 6
1796 16 16 6
1797 14 14 6
1798 28 28 12
1799 12 12 4
1800 16 15 5
1801 11 10 6
1802 14 13 5
1803 13 13 5
1804 19 19 5
1805 15 14 4
1806 20 19 5
1807 5 5 5
1808 16 15 5
1809 21 21 7
1810 13 12 4
1811 14 13 7
1812 23 22 6
1813 8 8 4
1814 18 17 7
1815 13 12 4
1816 14 13 5
1817 9 9 5
1818 13 12 6
1819 14 14 10
1820 12 12 6
1821 18 17 9
1822 15 14 6
1823 16 16 6
1824 8 8 4
1825 12 11 5
1826 15 14 6
1827 10 9 5
1828 17 16 6
1829 26 25 7
1830 17 16 4
1831 24 23 5
1832 17 17 5
1833 23 23 9
1834 19 18 8
1835 18 18 4
1836 10 9 5
1837 9 9 5
1838 29 28 6
1839 16 16 4
1840 14 13 5
1841 13 13 7
1842 17 17 5
1843 11 11 5
1844 23 22 6
1845 16 15 5
1846 13 13 5
1847 15 15 7
1848 21 20 6
1849 16 15 5
1850 27 26 6
1851 32 31 11
1852 21 21 5
1853 5 5 5
1854 10 9 5
1855 17 17 5
1856 15 15 5
1857 19 18 4
1858 20 19 5
1859 19 18 4
1860 22 21 7
1861 17 16 6
1862 14 13 5
1863 13 12 4
1864 18 17 7
1865 27 26 6
1866 14 14 4
1867 14 13 5
1868 19 18 6
1869 8 8 4
1870 10 9 5
1871 9 9 5
1872 17 16 6
1873 18 18 8
1874 14 14 6
1875 16 16 4
1876 10 9 5
1877 9 8 4
1878 16 15 7
1879 11 10 4
1880 12 11 5
1881 19 19 7
1882 21 20 4
1883 20 19 7
1884 11 10 4
1885 20 19 7
1886 15 15 7
1887 27 26 6
1888 10 10 4
1889 22 21 7
1890 15 15 5
1891 15 14 4
1892 18 17 5
1893 11 11 5
1894 13 12 4
1895 18 17 5
1896 11 11 5
1897 17 17 7
1898 7 6 5
1899 15 14 6
1900 8 8 4
1901 16 15 7
1902 25 24 6
1903 10 9 5
1904 17 16 6
1905 10 10 4
1906 20 19 5
1907 15 15 5
1908 15 15 5
1909 19 19 5
1910 11 11 5
1911 13 12 6
1912 6 5 4
1913 12 11 5
1914 19 19 9
1915 19 18 4
1916 10 9 5
1917 11 10 6
1918 14 14 6
1919 12 11 5
1920 15 14 6
1921 16 16 6
1922 6 6 6
1923 17 17 5
1924 11 11 5
1925 9 9 5
1926 15 14 4
1927 8 7 6
1928 12 12 6
1929 8 7 6
1930 10 9 5
1931 13 13 5
1932 17 16 8
1933 10 10 6
1934 12 12 6
1935 6 6 6
1936 13 12 6
1937 8 8 4
1938 18 17 5
1939 9 9 5
1940 13 12 8
1941 10 10 6
1942 12 12 6
1943 8 7 6
1944 12 12 6
1945 8 7 6
1946 18 18 4
1947 8 7 6
1948 16 15 5
1949 15 15 7
1950 9 8 4
1951 10 9 5
1952 9 9 5
1953 13 12 6
1954 16 16 10
1955 12 12 4
1956 14 13 5
1957 11 11 5
1958 11 11 5
1959 13 12 6
1960 8 8 8
1961 11 10 6
1962 8 8 4
1963 12 11 7
1964 13 12 8
1965 20 20 6
1966 14 14 8
1967 12 12 6
1968 6 6 6
1969 11 11 5
1970 5 5 5
1971 10 9 5
1972 7 7 7
1973 18 18 6
1974 14 14 6
1975 14 13 5
1976 11 10 6
1977 16 16 8
1978 6 6 6
1979 17 17 7
1980 19 18 6
1981 12 12 4
1982 18 17 5
1983 13 12 6
1984 8 8 8
1985 13 13 5
1986 17 16 6
1987 12 11 5
1988 11 10 4
1989 16 15 9
1990 7 6 5
1991 13 13 5
1992 9 9 5
1993 9 8 4
1994 16 15 7
1995 15 15 5
1996 11 11 5
1997 15 15 5
1998 15 14 4
1999 10 9 5
2000 11 10 6
2001 16 16 6
2002 8 7 6
2003 14 14 4
2004 22 21 5
2005 13 13 5
2006 7 6 5
2007 9 9 5
2008 5 5 5
2009 10 9 5
2010 11 11 7
2011 31 31 7
2012 13 12 6
2013 6 6 6
2014 11 11 5
2015 11 11 5
2016 15 15 9
2017 11 10 4
2018 14 13 5
2019 13 12 4
2020 14 13 5
2021 9 9 5
2022 11 10 6
2023 12 12 6
2024 8 8 4
2025 12 11 5
2026 5 5 5
2027 14 13 7
2028 15 15 7
2029 7 6 5
2030 19 19 5
2031 13 13 5
2032 13 12 6
2033 16 16 6
2034 12 12 4
2035 14 13 5
2036 27 27 7
2037 19 19 5
2038 11 10 4
2039 14 13 5
2040 15 15 5
2041 9 8 4
2042 14 13 5
2043 29 28 8
2044 40 40 6
2045 16 16 4
2046 18 17 5
2047 15 14 4
2048 26 25 5
2049 25 24 6
2050 22 22 4
2051 26 25 5
2052 13 12 4
2053 20 19 5
2054 15 15 5
2055 17 16 4
2056 12 11 5
2057 23 22 6
2058 12 12 6
2059 28 28 8
2060 26 26 4
2061 14 13 5
2062 15 14 6
2063 10 10 6
2064 10 10 4
2065 14 13 5
2066 31 30 6
2067 18 17 5
2068 23 22 8
2069 10 9 5
2070 23 22 6
2071 14 13 7
2072 9 9 5
2073 15 15 7
2074 25 24 8
2075 18 18 8
2076 14 14 6
2077 18 17 5
2078 23 23 9
2079 13 13 5
2080 19 19 5
2081 19 18 4
2082 18 17 5
2083 15 15 5
2084 11 11 5
2085 21 20 6
2086 16 16 6
2087 16 15 5
2088 13 13 5
2089 13 12 4
2090 14 13 5
2091 35 35 7
2092 15 15 7
2093 11 10 6
2094 14 13 7
2095 13 12 6
2096 18 18 6
2097 20 19 5
2098 19 19 9
2099 19 18 8
2100 10 10 6
2101 12 12 8
2102 10 10 4
2103 16 15 5
2104 19 19 7
2105 15 14 6
2106 12 12 4
2107 14 13 7
2108 11 10 6
2109 14 14 6
2110 18 18 4
2111 14 13 5
2112 9 8 4
2113 22 21 7
2114 11 10 4
2115 16 15 7
2116 19 18 6
2117 18 18 6
2118 6 5 4
2119 14 13 5
2120 11 11 7
2121 13 12 4
2122 12 11 5
2123 15 15 7
2124 15 14 8
2125 18 18 8
2126 12 11 5
2127 17 16 8
2128 26 25 9
2129 13 12 4
2130 22 21 7
2131 11 11 5
2132 13 12 4
2133 22 21 7
2134 13 12 6
2135 12 12 6
2136 10 10 6
2137 16 16 8
2138 16 16 6
2139 18 17 5
2140 13 12 6
2141 12 12 4
2142 10 9 5
2143 9 9 5
2144 13 12 6
2145 16 16 6
2146 18 18 6
2147 18 18 8
2148 10 10 6
2149 10 10 6
2150 18 17 7
2151 13 12 6
2152 12 12 4
2153 22 21 5
2154 25 24 8
2155 14 14 4
2156 16 15 5
2157 13 13 5
2158 15 14 6
2159 14 13 7
2160 15 14 6
2161 14 14 6
2162 14 13 7
2163 25 24 6
2164 20 19 5
2165 11 11 5
2166 19 19 7
2167 15 14 4
2168 16 15 7
2169 11 10 4
2170 20 19 5
2171 13 12 4
2172 16 15 5
2173 15 15 5
2174 19 19 5
2175 9 9 5
2176 17 16 6
2177 14 13 5
2178 15 15 5
2179 25 24 10
2180 8 8 4
2181 18 17 7
2182 13 12 4
2183 18 17 5
2184 21 20 8
2185 10 10 6
2186 6 5 4
2187 18 17 5
2188 9 9 5
2189 15 15 5
2190 15 15 7
2191 13 13 5
2192 11 11 5
2193 17 16 6
2194 12 12 6
2195 24 24 6
2196 22 22 4
2197 14 13 5
2198 7 6 5
2199 15 14 6
2200 6 6 6
2201 13 13 7
2202 9 8 4
2203 22 21 7
2204 17 16 6
2205 18 18 6
2206 12 12 6
2207 14 13 5
2208 15 14 6
2209 10 10 6
2210 10 10 4
2211 14 13 5
2212 17 17 5
2213 13 13 7
2214 9 8 7
2215 17 16 6
2216 8 7 6
2217 6 6 6
2218 11 11 5
2219 17 16 4
2220 22 21 7
2221 17 16 6
2222 12 12 6
2223 18 17 5
2224 15 14 6
2225 22 22 8
2226 18 18 6
2227 12 11 5
2228 7 6 5
2229 27 26 6
2230 12 12 6
2231 20 20 4
2232 10 9 5
2233 17 17 5
2234 27 26 6
2235 10 9 5
2236 15 15 5
2237 15 14 6
2238 12 11 5
2239 17 17 7
2240 21 21 5
2241 25 24 8
2242 14 14 6
2243 10 9 5
2244 15 14 4
2245 14 13 7
2246 15 14 4
2247 16 15 5
2248 13 12 6
2249 12 12 6
2250 16 16 6
2251 14 14 4
2252 12 11 5
2253 11 11 5
2254 15 14 6
2255 16 16 8
2256 14 13 7
2257 15 14 6
2258 12 12 6
2259 18 18 4
2260 16 15 5
2261 9 9 5
2262 15 14 8
2263 6 6 6
2264 15 15 5
2265 11 11 7
2266 19 19 7
2267 13 12 6
2268 16 16 6
2269 6 5 4
2270 12 11 5
2271 11 10 4
2272 18 17 7
2273 11 11 5
2274 19 19 5
2275 9 9 5
2276 17 17 7
2277 15 14 6
2278 16 16 4
2279 12 11 5
2280 11 10 4
2281 14 13 5
2282 17 17 5
2283 21 21 5
2284 11 10 4
2285 10 9 5
2286 13 13 5
2287 13 12 6
2288 20 19 9
2289 21 20 6
2290 12 11 5
2291 19 18 4
2292 18 17 7
2293 13 12 6
2294 14 14 8
2295 8 8 4
2296 16 15 7
2297 15 14 6
2298 12 11 5
2299 15 15 5
2300 17 16 6
2301 6 5 4
2302 12 11 5
2303 7 7 7
2304 16 15 7
2305 11 10 4
2306 18 17 5
2307 13 13 5
2308 7 6 5
2309 9 8 4
2310 10 9 5
2311 13 13 7
2312 15 15 7
2313 13 12 6
2314 16 16 6
2315 8 7 6
2316 12 12 6
2317 6 6 6
2318 9 9 5
2319 9 9 5
2320 15 15 9
2321 7 6 5
2322 19 18 6
2323 12 11 5
2324 11 10 6
2325 6 6 6
2326 5 5 5
2327 10 9 5
2328 27 27 7
2329 21 20 6
2330 14 14 6
2331 20 20 8
2332 10 9 5
2333 9 8 4
2334 12 11 5
2335 13 13 5
2336 11 11 5
2337 13 13 5
2338 19 19 5
2339 11 11 5
2340 5 5 5
2341 12 11 5
2342 9 9 5
2343 21 20 6
2344 22 21 5
2345 11 10 4
2346 14 13 5
2347 19 19 5
2348 7 6 5
2349 11 11 5
2350 19 18 6
2351 26 26 6
2352 20 19 5
2353 11 10 4
2354 10 9 5
2355 15 14 6
2356 16 16 6
2357 10 10 6
2358 14 14 4
2359 18 17 7
2360 11 10 4
2361 14 13 5
2362 15 14 6
2363 10 10 6
2364 10 9 5
2365 21 21 5
2366 9 8 4
2367 24 23 5
2368 19 18 4
2369 16 15 5
2370 11 10 6
2371 12 12 4
2372 18 17 5
2373 23 23 7
2374 11 10 4
2375 10 9 5
2376 27 26 6
2377 28 27 5
2378 11 11 5
2379 19 18 6
2380 18 18 4
2381 12 11 5
2382 9 8 4
2383 14 13 5
2384 19 18 6
2385 18 18 4
2386 16 15 5
2387 17 16 6
2388 16 15 5
2389 17 17 5
2390 13 12 6
2391 12 12 4
2392 26 25 5
2393 11 11 5
2394 13 13 7
2395 13 12 4
2396 10 9 5
2397 11 10 4
2398 24 23 5
2399 19 18 6
2400 14 14 6
2401 6 6 6
2402 17 17 5
2403 13 13 5
2404 13 13 5
2405 37 37 5
2406 19 19 5
2407 13 13 5
2408 13 12 6
2409 22 22 6
2410 14 13 5
2411 13 13 5
2412 21 20 4
2413 16 15 5
2414 15 14 4
2415 12 11 5
2416 17 17 7
2417 27 26 6
2418 16 15 5
2419 11 10 4
2420 36 35 7
2421 29 29 5
2422 23 22 4
2423 24 23 5
2424 17 16 4
2425 14 13 5
2426 27 26 6
2427 32 32 6
2428 30 30 8
2429 34 34 10
2430 20 20 4
2431 20 19 5
2432 17 17 5
2433 43 42 8
2434 36 36 6
2435 38 38 8
2436 24 23 5
2437 49 49 7
2438 31 31 7
2439 17 16 6
2440 24 23 5
2441 15 14 4
2442 28 27 5
2443 21 20 4
2444 14 13 5
2445 31 30 4
2446 28 27 7
2447 31 30 6
2448 30 29 7
2449 19 18 6
2450 36 36 10
2451 20 20 4
2452 22 21 7
2453 17 16 6
2454 20 19 5
2455 33 32 10
2456 12 12 6
2457 24 24 4
2458 16 15 5
2459 23 22 6
2460 24 24 10
2461 26 26 6
2462 34 33 13
2463 23 22 6
2464 10 10 4
2465 16 15 5
2466 21 20 6
2467 36 36 8
2468 14 14 4
2469 20 19 5
2470 19 18 6
2471 32 31 7
2472 21 21 7
2473 25 24 6
2474 24 23 5
2475 17 17 5
2476 25 24 6
2477 20 20 6
2478 20 20 4
2479 20 19 5
2480 9 8 4
2481 12 11 5
2482 11 11 5
2483 15 14 6
2484 14 14 6
2485 12 12 4
2486 20 19 5
2487 23 22 6
2488 12 11 5
2489 21 20 8
2490 18 17 7
2491 13 12 4
2492 14 13 5
2493 21 21 11
2494 15 14 4
2495 10 9 5
2496 23 22 8
2497 24 23 7
2498 27 27 11
2499 13 13 5
2500 25 25 9
2501 15 14 4
2502 12 11 5
2503 13 12 4
2504 16 15 5
2505 21 21 7
2506 25 25 5
2507 23 22 6
2508 12 12 6
2509 12 12 4
2510 10 9 5
2511 13 12 6
2512 8 8 4
2513 22 21 5
2514 19 19 5
2515 13 13 5
2516 19 18 6
2517 20 19 7
2518 19 19 7
2519 17 17 7
2520 11 10 6
2521 16 16 4
2522 18 17 7
2523 11 10 4
2524 20 19 5
2525 23 22 4
2526 16 15 7
2527 17 16 6
2528 18 18 6
2529 16 15 5
2530 11 10 4
2531 20 19 9
2532 13 12 6
2533 14 13 5
2534 11 11 5
2535 11 11 5
2536 19 19 5
2537 9 9 5
2538 11 10 4
2539 20 19 7
2540 17 17 5
2541 11 10 4
2542 12 11 5
2543 13 12 6
2544 10 9 5
2545 11 11 7
2546 15 14 6
2547 20 19 7
2548 13 12 6
2549 12 12 6
2550 18 18 4
2551 14 13 5
2552 13 12 6
2553 14 14 6
2554 14 14 6
2555 10 10 6
2556 16 16 4
2557 6 5 4
2558 22 21 9
2559 13 12 4
2560 12 11 5
2561 5 5 5
2562 12 11 5
2563 11 11 5
2564 17 16 8
2565 10 10 6
2566 12 12 4
2567 14 13 7
2568 15 14 6
2569 10 9 5
2570 15 15 7
2571 17 16 4
2572 12 11 5
2573 11 10 6
2574 20 19 7
2575 15 14 6
2576 12 12 6
2577 12 12 6
2578 16 16 4
2579 12 11 7
2580 13 12 4
2581 10 9 5
2582 15 15 5
2583 9 9 5
2584 17 16 6
2585 16 15 7
2586 21 20 4
2587 14 13 7
2588 19 18 6
2589 18 17 5
2590 15 14 6
2591 10 9 5
2592 11 10 4
2593 8 7 6
2594 12 11 5
2595 17 16 6
2596 18 18 6
2597 18 18 4
2598 10 9 5
2599 11 11 5
2600 13 12 4
2601 16 15 5
2602 15 14 4
2603 16 15 7
2604 11 10 4
2605 20 19 7
2606 9 8 4
2607 14 13 7
2608 11 10 6
2609 14 14 4
2610 18 17 5
2611 17 17 7
2612 11 10 6
2613 16 15 5
2614 13 13 5
2615 11 10 4
2616 16 15 5
2617 17 16 6
2618 14 13 5
2619 13 13 5
2620 19 18 6
2621 14 13 5
2622 9 8 4
2623 12 11 7
2624 13 12 6
2625 12 11 5
2626 7 6 5
2627 9 9 5
2628 9 9 5
2629 17 16 8
2630 10 10 6
2631 16 15 7
2632 11 10 4
2633 12 11 5
2634 5 5 5
2635 14 13 5
2636 11 11 5
2637 9 9 5
2638 17 16 8
2639 16 16 4
2640 10 9 5
2641 11 11 5
2642 23 22 6
2643 12 11 5
2644 11 10 6
2645 8 8 4
2646 12 11 5
2647 11 11 5
2648 11 10 6
2649 14 13 7
2650 11 10 4
2651 14 13 5
2652 15 15 7
2653 15 14 6
2654 10 10 6
2655 20 20 6
2656 14 14 6
2657 16 16 6
2658 14 14 4
2659 18 17 5
2660 11 10 6
2661 8 8 4
2662 20 19 7
2663 23 22 6
2664 16 15 5
2665 17 17 7
2666 15 14 4
2667 12 11 5
2668 25 24 6
2669 16 15 5
2670 17 16 4
2671 12 11 5
2672 11 11 5
2673 19 18 6
2674 22 22 4
2675 36 35 5
2676 19 19 5
2677 25 25 5
2678 19 19 5
2679 17 17 5
2680 15 14 4
2681 10 9 5
2682 15 14 6
2683 12 12 4
2684 20 19 5
2685 11 11 5
2686 13 13 7
2687 13 12 6
2688 12 12 6
2689 16 15 5
2690 11 10 4
2691 6 5 4
2692 22 21 9
2693 13 12 4
2694 14 13 7
2695 15 14 6
2696 10 10 6
2697 6 6 6
2698 23 22 8
2699 14 13 5
2700 11 11 5
2701 13 13 5
2702 11 10 4
2703 16 15 5
2704 9 9 5
2705 11 11 5
2706 15 15 5
2707 15 15 7
2708 11 10 6
2709 6 6 6
2710 15 15 5
2711 29 29 7
2712 19 18 4
2713 16 15 5
2714 19 18 6
2715 14 14 6
2716 26 25 5
2717 15 14 6
2718 12 12 6
2719 8 8 4
2720 16 15 5
2721 11 10 6
2722 14 14 6
2723 14 14 4
2724 16 15 5
2725 21 20 6
2726 14 14 4
2727 10 9 5
2728 15 14 6
2729 12 12 4
2730 22 21 7
2731 15 14 6
2732 20 20 6
2733 10 9 5
2734 11 10 4
2735 12 11 5
2736 19 19 5
2737 21 20 6
2738 20 20 6
2739 12 12 6
2740 22 22 6
2741 12 12 6
2742 20 20 4
2743 14 13 7
2744 15 14 4
2745 16 15 5
2746 29 28 6
2747 14 14 4
2748 12 11 5
2749 23 22 4
2750 18 17 7
2751 11 10 6
2752 14 14 6
2753 14 14 6
2754 20 20 4
2755 24 23 7
2756 23 23 7
2757 15 14 6
2758 20 20 6
2759 16 16 4
2760 16 15 5
2761 17 17 5
2762 21 20 6
2763 16 15 5
2764 11 10 4
2765 20 19 9
2766 15 14 6
2767 10 10 4
2768 14 13 5
2769 9 9 5
2770 15 14 6
2771 14 13 5
2772 17 17 7
2773 11 10 4
2774 12 11 5
2775 13 13 5
2776 17 17 5
2777 13 12 6
2778 22 22 8
2779 10 10 6
2780 12 12 6
2781 14 14 6
2782 18 17 5
2783 11 10 6
2784 12 12 4
2785 20 19 5
2786 9 9 5
2787 13 13 5
2788 11 10 6
2789 14 14 8
2790 6 6 6
2791 21 21 5
2792 5 5 5
2793 20 19 7
2794 13 13 5
2795 11 10 6
2796 10 9 5
2797 13 13 5
2798 9 9 5
2799 13 13 5
2800 15 14 6
2801 16 15 5
2802 13 13 7
2803 13 12 6
2804 14 13 5
2805 11 10 4
2806 12 11 5
2807 13 13 7
2808 13 12 4
2809 18 17 7
2810 11 10 6
2811 12 11 5
2812 11 11 7
2813 15 14 6
2814 6 6 6
2815 11 11 5
2816 13 13 7
2817 13 12 6
2818 10 10 6
2819 10 10 6
2820 12 12 6
2821 14 14 4
2822 18 17 9
2823 15 15 5
2824 21 20 4
2825 22 21 7
2826 11 10 6
2827 8 8 4
2828 8 7 6
2829 10 10 6
2830 6 6 6
2831 19 18 6
2832 10 10 6
2833 14 14 6
2834 12 11 5
2835 11 11 5
2836 19 18 8
2837 6 6 6
2838 11 11 5
2839 11 10 4
2840 10 9 5
2841 17 17 7
2842 15 15 5
2843 13 12 6
2844 8 8 4
2845 22 21 7
2846 9 9 5
2847 15 15 5
2848 5 5 5
2849 18 17 5
2850 15 15 5
2851 21 20 6
2852 10 10 6
2853 12 11 5
2854 11 10 4
2855 14 13 7
2856 15 14 6
2857 18 18 6
2858 20 20 6
2859 8 8 4
2860 16 15 5
2861 11 11 5
2862 11 11 7
2863 17 17 5
2864 9 8 4
2865 8 7 6
2866 16 16 6
2867 14 13 7
2868 19 18 4
2869 10 9 5
2870 17 17 5
2871 13 12 6
2872 16 16 8
2873 12 11 5
2874 15 14 6
2875 22 22 6
2876 10 10 6
2877 10 9 5
2878 19 18 6
2879 8 8 8
2880 15 14 6
2881 12 12 6
2882 10 10 4
2883 12 11 5
2884 19 18 8
2885 10 10 6
2886 16 15 5
2887 13 13 5
2888 15 14 6
2889 12 11 5
2890 17 16 8
2891 24 23 5
2892 19 18 4
2893 18 17 5
2894 9 8 4
2895 12 11 5
2896 9 9 5
2897 11 10 6
2898 10 10 6
2899 10 10 6
2900 16 15 7
2901 13 12 6
2902 18 18 6
2903 10 9 5
2904 13 12 6
2905 14 14 6
2906 16 15 5
2907 11 10 4
2908 14 13 7
2909 7 6 5
2910 25 24 8
2911 10 10 4
2912 12 11 5
2913 11 10 4
2914 12 11 5
2915 19 18 6
2916 10 10 6
2917 12 12 4
2918 14 13 5
2919 21 20 6
2920 6 6 6
2921 13 12 6
2922 12 12 4
2923 12 11 7
2924 17 17 7
2925 15 15 5
2926 17 16 6
2927 22 22 6
2928 16 16 6
2929 16 16 6
2930 8 8 4
2931 14 13 7
2932 15 14 8
2933 10 10 6
2934 18 18 6
2935 12 11 5
2936 9 9 5
2937 11 10 4
2938 12 11 5
2939 13 13 7
2940 7 6 5
2941 11 11 5
2942 13 13 5
2943 25 24 4
2944 14 13 5
2945 13 12 4
2946 10 9 5
2947 13 13 7
2948 13 13 7
2949 15 14 4
2950 20 19 5
2951 17 16 6
2952 12 12 6
2953 16 16 6
2954 10 10 6
2955 10 10 4
2956 14 13 5
2957 21 21 5
2958 13 13 5
2959 11 10 4
2960 12 11 7
2961 15 14 6
2962 12 11 5
2963 15 15 5
2964 19 18 4
2965 16 15 5
2966 13 12 4
2967 16 15 5
2968 13 13 5
2969 15 14 4
2970 14 13 5
2971 21 20 4
2972 12 11 5
2973 25 25 5
2974 15 14 4
2975 24 23 5
2976 13 12 4
2977 14 13 5
2978 17 16 6
2979 10 10 4
2980 18 17 5
2981 27 27 7
2982 17 16 4
2983 16 15 5
2984 17 16 8
2985 16 16 6
2986 18 18 4
2987 20 19 5
2988 15 15 5
2989 17 17 5
2990 15 14 4
2991 18 17 5
2992 13 13 5
2993 9 9 5
2994 21 20 6
2995 20 20 8
2996 10 10 4
2997 16 15 7
2998 31 30 6
2999 18 17 5
3000 15 14 6
3001 12 11 5
3002 13 12 6
3003 6 6 6
3004 11 11 5
3005 21 20 6
3006 28 27 11
3007 15 15 7
3008 11 10 4
3009 22 21 7
3010 9 8 4
3011 32 31 13
3012 19 18 8
3013 24 24 10
3014 24 24 6
3015 18 18 6
3016 24 23 5
3017 11 11 5
3018 13 13 7
3019 15 14 4
3020 22 21 5
3021 9 8 4
3022 20 19 5
3023 13 12 4
3024 20 19 7
3025 15 14 6
3026 26 25 7
3027 19 19 7
3028 29 29 7
3029 21 20 12
3030 10 10 4
3031 12 11 7
3032 15 14 4
3033 14 13 5
3034 13 13 7
3035 23 22 6
3036 16 15 5
3037 13 12 6
3038 10 10 4
3039 10 9 5
3040 9 9 5
3041 17 17 5
3042 25 24 6
3043 10 10 4
3044 20 19 7
3045 17 16 6
3046 8 8 4
3047 10 9 5
3048 17 16 6
3049 20 20 10
3050 12 12 8
3051 10 10 4
3052 16 15 5
3053 11 11 5
3054 7 6 5
3055 19 18 6
3056 8 8 8
3057 15 14 4
3058 12 11 5
3059 19 18 8
3060 20 20 8
3061 16 15 5
3062 5 5 5
3063 16 15 5
3064 15 14 6
3065 8 8 4
3066 6 5 4
3067 10 9 5
3068 9 9 5
3069 9 9 5
3070 17 16 4
3071 14 13 7
3072 17 16 6
3073 12 11 5
3074 15 14 6
3075 16 15 7
3076 13 12 6
3077 12 11 5
3078 13 12 6
3079 18 18 6
3080 12 12 6
3081 18 18 6
3082 14 13 5
3083 9 8 4
3084 6 5 4
3085 16 15 5
3086 7 7 7
3087 12 12 6
3088 12 12 6
3089 18 18 6
3090 16 15 5
3091 17 16 6
3092 16 15 7
3093 11 10 4
3094 12 11 7
3095 11 10 4
3096 8 7 6
3097 12 11 5
3098 15 14 6
3099 10 10 4
3100 12 11 7
3101 9 8 4
3102 10 9 5
3103 9 9 9
3104 14 14 8
3105 10 9 5
3106 19 18 6
3107 14 14 8
3108 12 11 5
3109 9 8 4
3110 8 7 6
3111 10 10 6
3112 12 11 7
3113 9 9 5
3114 13 13 5
3115 13 13 5
3116 11 10 6
3117 10 9 5
3118 9 9 5
3119 11 11 7
3120 9 8 4
3121 12 11 7
3122 23 22 6
3123 22 22 6
3124 10 10 4
3125 8 7 6
3126 14 14 6
3127 10 9 5
3128 13 12 6
3129 14 14 6
3130 10 10 6
3131 10 9 5
3132 13 12 6
3133 12 12 6
3134 16 15 7
3135 7 6 5
3136 11 10 6
3137 14 14 8
3138 14 14 6
3139 24 23 5
3140 17 17 7
3141 11 10 4
3142 16 15 5
3143 9 8 4
3144 12 11 5
3145 13 12 6
3146 10 9 5
3147 19 19 7
3148 9 8 4
3149 12 11 5
3150 9 9 5
3151 15 14 6
3152 16 15 5
3153 11 10 6
3154 16 15 7
3155 7 6 5
3156 17 16 6
3157 14 14 4
3158 14 13 5
3159 7 7 7
3160 18 18 8
3161 8 8 4
3162 16 15 7
3163 7 6 5
3164 15 14 6
3165 10 9 5
3166 15 14 6
3167 16 16 8
3168 16 16 6
3169 10 10 6
3170 10 10 6
3171 12 12 6
3172 10 9 5
3173 9 8 4
3174 12 11 5
3175 9 9 5
3176 9 9 5
3177 9 8 7
3178 9 9 5
3179 11 10 6
3180 12 12 8
3181 10 10 4
3182 16 15 7
3183 9 9 5
3184 13 12 6
3185 12 12 6
3186 14 14 6
3187 6 6 6
3188 13 12 8
3189 16 15 5
3190 23 23 5
3191 25 24 6
3192 20 19 5
3193 13 12 4
3194 16 15 5
3195 5 5 5
3196 6 5 4
3197 12 11 7
3198 7 6 5
3199 13 12 6
3200 14 14 6
3201 12 12 6
3202 16 15 5
3203 13 13 5
3204 7 6 5
3205 11 10 6
3206 16 15 5
3207 17 17 7
3208 31 30 6
3209 24 24 6
3210 12 12 4
3211 14 13 5
3212 9 9 5
3213 11 11 5
3214 9 8 4
3215 18 17 5
3216 29 28 6
3217 24 24 4
3218 16 15 5
3219 15 14 6
3220 8 8 4
3221 16 15 5
3222 31 30 6
3223 16 16 4
3224 30 29 5
3225 19 18 6
3226 8 8 4
3227 18 17 5
3228 13 12 4
3229 48 47 5
3230 35 34 6
3231 24 24 4
3232 16 15 5
3233 21 21 5
3234 17 16 4
3235 30 29 5
3236 21 20 4
3237 16 15 5
3238 19 19 5
3239 23 22 6
3240 12 12 4
3241 36 35 5
3242 19 19 5
3243 23 22 6
3244 18 18 6
3245 18 18 4
3246 18 17 5
3247 19 18 6
3248 12 12 4
3249 22 21 5
3250 17 16 4
3251 22 21 5
3252 15 15 5
3253 23 22 4
3254 22 21 5
3255 27 26 6
3256 12 12 6
3257 10 10 4
3258 18 17 5
3259 17 17 5
3260 29 29 7
3261 31 30 8
3262 16 16 4
3263 14 13 5
3264 9 9 5
3265 13 13 5
3266 27 27 7
3267 33 32 6
3268 26 25 11
3269 15 15 7
3270 23 22 6
3271 26 26 6
3272 32 32 6
3273 40 40 6
3274 26 25 5
3275 31 31 5
3276 31 31 5
3277 27 27 5
3278 19 19 5
3279 29 28 4
3280 28 27 5
3281 21 20 6
3282 16 16 4
3283 26 25 7
3284 25 24 6
3285 18 18 4
3286 18 17 5
3287 23 22 4
3288 30 29 5
3289 15 14 4
3290 28 27 5
3291 35 34 8
3292 22 21 7
3293 31 30 6
3294 16 15 5
3295 17 16 6
3296 22 21 7
3297 19 19 5
3298 17 17 5
3299 37 36 14
3300 16 16 4
3301 24 23 7
3302 29 28 6
3303 14 14 4
3304 18 17 5
3305 15 15 5
3306 13 12 4
3307 12 11 5
3308 15 15 5
3309 11 11 5
3310 23 22 6
3311 12 11 5
3312 21 20 6
3313 22 22 4
3314 18 17 7
3315 27 27 7
3316 25 24 6
3317 10 10 4
3318 18 17 5
3319 17 17 7
3320 19 18 6
3321 20 20 4
3322 14 13 5
3323 19 18 4
3324 18 17 5
3325 25 25 5
3326 15 15 5
3327 11 10 4
3328 20 19 5
3329 15 15 5
3330 25 24 6
3331 12 12 4
3332 22 21 7
3333 19 19 5
3334 35 34 8
3335 14 14 4
3336 24 23 7
3337 17 16 6
3338 20 20 6
3339 14 14 4
3340 30 29 7
3341 13 12 6
3342 18 18 6
3343 24 24 4
3344 18 17 5
3345 19 19 7
3346 19 18 8
3347 20 20 6
3348 22 22 6
3349 18 17 5
3350 21 20 4
3351 24 23 7
3352 15 15 5
3353 21 20 6
3354 16 16 4
3355 22 21 5
3356 13 13 5
3357 21 21 5
3358 25 24 4
3359 20 19 5
3360 19 18 4
3361 20 19 5
3362 13 13 5
3363 13 12 4
3364 26 25 5
3365 27 27 5
3366 23 22 4
3367 22 21 7
3368 31 30 4
3369 22 21 5
3370 27 26 6
3371 28 28 4
3372 30 29 5
3373 15 15 5
3374 19 18 6
3375 26 26 4
3376 36 35 5
3377 21 21 7
3378 23 23 5
3379 45 45 7
3380 29 29 7
3381 25 24 6
3382 20 20 4
3383 30 29 7
3384 15 14 4
3385 40 39 7
3386 27 26 6
3387 24 23 5
3388 19 18 6
3389 20 19 5
3390 23 22 6
3391 10 10 4
3392 38 37 7
3393 21 20 6
3394 30 30 6
3395 16 16 4
3396 24 23 7
3397 21 20 4
3398 24 23 5
3399 17 16 4
3400 22 21 5
3401 17 17 5
3402 17 17 5
3403 13 12 6
3404 30 30 8
3405 22 21 5
3406 35 34 6
3407 26 25 5
3408 19 19 5
3409 23 23 5
3410 13 13 5
3411 13 12 4
3412 16 15 7
3413 21 20 6
3414 22 22 6
3415 22 21 5
3416 11 10 4
3417 22 21 9
3418 37 36 10
3419 18 18 4
3420 44 43 9
3421 23 23 7
3422 17 16 6
3423 16 16 4
3424 20 19 5
3425 35 35 7
3426 27 26 6
3427 24 23 5
3428 35 35 9
3429 19 18 4
3430 24 23 5
3431 43 42 8
3432 14 14 6
3433 32 31 5
3434 21 21 5
3435 17 16 4
3436 16 15 5
3437 27 26 4
3438 24 23 5
3439 21 21 5
3440 17 17 5
3441 23 23 5
3442 19 18 6
3443 16 16 6
3444 26 25 5
3445 25 25 5
3446 21 21 5
3447 15 14 6
3448 18 18 4
3449 30 29 7
3450 23 22 4
3451 36 35 9
3452 23 22 4
3453 24 23 5
3454 23 22 4
3455 20 19 5
3456 25 25 5
3457 25 24 6
3458 20 20 4
3459 32 31 5
3460 29 29 5
3461 21 20 4
3462 20 19 5
3463 15 15 5
3464 19 18 4
3465 30 29 5
3466 19 18 4
3467 38 37 5
3468 33 33 5
3469 29 29 5
3470 31 30 6
3471 28 28 4
3472 26 25 7
3473 39 38 6
3474 34 34 4
3475 30 29 7
3476 21 20 4
3477 26 25 5
3478 23 22 6
3479 28 27 5
3480 39 38 8
3481 20 20 4
3482 32 31 7
3483 21 21 7
3484 29 28 6
3485 14 13 5
3486 19 18 6
3487 20 19 5
3488 21 20 6
3489 34 34 6
3490 20 19 5
3491 11 10 6
3492 14 14 4
3493 28 27 7
3494 21 20 4
3495 16 15 5
3496 11 11 5
3497 13 12 4
3498 14 13 5
3499 11 11 5
3500 17 16 6
3501 10 10 4
3502 22 21 5
3503 15 15 5
3504 19 19 7
3505 15 15 5
3506 23 23 5
3507 9 8 4
3508 20 19 5
3509 5 5 5
3510 10 9 5
3511 13 12 4
3512 14 13 5
3513 9 9 5
3514 17 16 4
3515 24 23 7
3516 17 16 6
3517 24 24 6
3518 20 19 5
3519 13 13 5
3520 15 14 6
3521 10 10 6
3522 18 18 6
3523 10 10 4
3524 20 19 5
3525 11 11 5
3526 19 18 4
3527 18 17 5
3528 13 13 5
3529 19 18 8
3530 18 18 6
3531 20 20 6
3532 18 18 6
3533 12 11 5
3534 19 18 6
3535 10 10 6
3536 24 23 7
3537 11 10 4
3538 18 17 5
3539 17 17 7
3540 17 17 5
3541 19 18 4
3542 10 9 5
3543 17 17 5
3544 9 9 5
3545 23 23 5
3546 19 19 5
3547 13 12 4
3548 12 11 7
3549 15 14 4
3550 16 15 5
3551 19 18 6
3552 22 22 6
3553 20 20 4
3554 16 15 5
3555 19 19 5
3556 13 13 5
3557 17 16 4
3558 6 5 4
3559 12 11 5
3560 21 21 5
3561 23 22 6
3562 20 20 6
3563 12 12 4
3564 20 19 5
3565 9 9 5
3566 5 5 5
3567 18 17 5
3568 25 24 6
3569 22 22 4
3570 12 11 5
3571 35 34 6
3572 26 26 4
3573 16 15 5
3574 13 12 4
3575 18 17 5
3576 23 23 5
3577 27 26 6
3578 12 12 4
3579 20 19 5
3580 15 14 4
3581 24 23 5
3582 27 27 7
3583 19 18 4
3584 18 17 5
3585 23 22 4
3586 24 23 5
3587 21 20 6
3588 36 36 6
3589 20 20 6
3590 26 25 5
3591 19 18 4
3592 26 25 7
3593 21 20 6
3594 24 24 6
3595 24 24 6
3596 18 18 6
3597 10 10 4
3598 18 17 5
3599 17 16 6
3600 20 20 4
3601 26 25 5
3602 21 21 9
3603 17 16 6
3604 22 22 8
3605 26 25 5
3606 21 21 7
3607 23 22 6
3608 28 28 4
3609 20 19 5
3610 19 19 5
3611 17 16 6
3612 18 18 4
3613 24 23 7
3614 15 14 6
3615 18 18 6
3616 18 18 6
3617 16 16 4
3618 24 23 7
3619 27 26 6
3620 16 15 5
3621 21 20 4
3622 26 25 9
3623 9 8 4
3624 18 17 5
3625 15 14 6
3626 18 17 5
3627 11 10 4
3628 30 29 9
3629 17 16 6
3630 28 28 6
3631 16 16 6
3632 26 25 5
3633 19 19 7
3634 29 28 8
3635 10 9 5
3636 35 34 8
3637 16 16 6
3638 18 18 6
3639 16 15 5
3640 19 18 4
3641 16 15 5
3642 15 14 6
3643 28 28 8
3644 14 13 5
3645 21 20 6
3646 16 16 4
3647 16 15 5
3648 17 17 5
3649 11 11 5
3650 19 18 8
3651 16 15 7
3652 11 11 5
3653 17 16 4
3654 14 13 5
3655 13 13 5
3656 11 10 4
3657 18 17 5
3658 17 16 6
3659 20 20 4
3660 18 17 5
3661 15 14 6
3662 14 14 6
3663 12 12 6
3664 14 13 5
3665 17 16 6
3666 14 14 4
3667 18 17 7
3668 9 9 5
3669 11 11 5
3670 5 5 5
3671 18 17 7
3672 11 10 4
3673 18 17 7
3674 15 15 5
3675 21 20 6
3676 24 23 7
3677 17 16 6
3678 22 21 5
3679 19 18 4
3680 16 15 7
3681 21 20 6
3682 8 8 4
3683 22 21 7
3684 11 10 6
3685 14 14 4
3686 10 9 5
3687 17 16 6
3688 20 19 5
3689 17 16 6
3690 16 16 6
3691 18 17 5
3692 19 19 7
3693 11 10 4
3694 16 15 5
3695 25 24 6
3696 22 22 4
3697 16 15 5
3698 11 10 4
3699 12 11 7
3700 21 20 6
3701 16 16 6
3702 18 18 8
3703 18 18 4
3704 10 9 5
3705 11 11 5
3706 15 15 5
3707 13 12 6
3708 14 14 4
3709 20 19 5
3710 21 21 7
3711 7 6 5
3712 17 16 6
3713 8 8 4
3714 12 11 5
3715 7 6 5
3716 17 16 8
3717 12 12 6
3718 16 15 5
3719 13 13 5
3720 17 16 6
3721 16 15 5
3722 13 13 5
3723 11 10 4
3724 12 11 5
3725 11 10 6
3726 14 13 5
3727 7 7 7
3728 10 10 4
3729 10 9 5
3730 15 15 7
3731 21 20 8
3732 10 10 4
3733 14 13 5
3734 19 19 5
3735 13 12 4
3736 12 11 5
3737 13 12 6
3738 14 13 5
3739 19 18 8
3740 18 18 6
3741 18 18 6
3742 22 21 5
3743 13 12 4
3744 14 13 5
3745 13 13 5
3746 15 14 4
3747 6 5 4
3748 20 19 7
3749 17 16 6
3750 18 18 6
3751 16 16 6
3752 24 24 6
3753 12 12 4
3754 14 13 5
3755 13 12 6
3756 12 11 5
3757 17 17 7
3758 19 18 4
3759 10 9 5
3760 23 22 4
3761 12 11 5
3762 19 19 5
3763 21 20 6
3764 26 25 5
3765 17 17 5
3766 13 12 6
3767 20 20 6
3768 18 18 6
3769 18 17 5
3770 9 9 5
3771 9 9 5
3772 13 13 5
3773 13 12 6
3774 10 10 6
3775 14 14 6
3776 12 12 6
3777 14 14 6
3778 24 23 9
3779 15 14 6
3780 10 10 4
3781 14 13 5
3782 13 12 6
3783 22 21 7
3784 17 17 5
3785 17 16 4
3786 14 13 5
3787 15 14 6
3788 12 12 4
3789 12 11 7
3790 17 16 4
3791 20 19 5
3792 13 12 4
3793 12 11 5
3794 17 17 7
3795 13 12 4
3796 12 11 7
3797 19 18 4
3798 26 25 5
3799 19 18 6
3800 22 22 6
3801 14 13 5
3802 13 13 5
3803 19 18 4
3804 20 19 5
3805 15 14 4
3806 12 11 5
3807 15 14 4
3808 14 13 5
3809 23 22 4
3810 20 19 5
3811 13 12 4
3812 20 19 5
3813 9 8 4
3814 10 9 5
3815 23 23 5
3816 17 16 4
3817 16 15 5
3818 19 18 6
3819 18 18 6
3820 14 14 4
3821 28 27 7
3822 23 23 5
3823 17 16 4
3824 14 13 5
3825 33 33 5
3826 21 21 7
3827 19 18 4
3828 24 23 5
3829 15 14 6
3830 18 17 5
3831 29 28 4
3832 38 37 5
3833 25 24 6
3834 14 14 4
3835 32 31 7
3836 21 21 5
3837 17 17 5
3838 27 26 6
3839 14 14 4
3840 20 19 5
3841 17 17 5
3842 29 28 8
3843 14 14 4
3844 36 35 9
3845 27 27 7
3846 35 34 4
3847 24 23 5
3848 27 26 6
3849 14 14 6
3850 14 14 4
3851 34 33 5
3852 33 32 4
3853 22 21 5
3854 21 20 4
3855 24 23 5
3856 25 25 5
3857 21 20 4
3858 26 25 5
3859 13 12 4
3860 28 27 7
3861 33 33 9
3862 21 20 8
3863 14 14 4
3864 32 31 9
3865 23 22 6
3866 34 33 7
3867 13 13 5
3868 29 29 9
3869 17 17 5
3870 21 21 5
3871 17 16 6
3872 18 17 5
3873 17 16 6
3874 40 40 10
3875 26 25 9
3876 17 16 6
3877 12 12 6
3878 58 58 14
3879 26 26 4
3880 18 17 5
3881 15 14 4
3882 18 17 5
3883 11 11 5
3884 9 8 4
3885 22 21 5
3886 27 26 6
3887 30 29 13
3888 21 20 6
3889 32 31 9
3890 11 10 4
3891 22 21 7
3892 15 14 4
3893 20 19 7
3894 25 24 8
3895 18 17 5
3896 9 9 5
3897 27 26 10
3898 18 18 6
3899 14 14 6
3900 16 16 8
3901 16 16 6
3902 10 10 4
3903 28 27 9
3904 13 13 5
3905 15 14 6
3906 16 15 5
3907 29 28 8
3908 18 17 9
3909 11 10 4
3910 18 17 7
3911 25 24 10
3912 14 14 6
3913 18 18 8
3914 14 13 5
3915 25 24 6
3916 12 12 6
3917 16 16 4
3918 12 11 5
3919 23 22 10
3920 14 14 4
3921 12 11 5
3922 11 10 4
3923 12 11 7
3924 15 14 4
3925 22 21 5
3926 19 18 4
3927 14 13 5
3928 15 14 10
3929 18 18 6
3930 18 18 6
3931 14 14 4
3932 18 17 5
3933 17 17 7
3934 17 17 7
3935 13 12 4
3936 6 5 4
3937 18 17 5
3938 21 21 7
3939 11 10 6
3940 10 10 4
3941 10 9 5
3942 15 14 6
3943 8 8 4
3944 12 11 5
3945 21 20 8
3946 12 12 6
3947 16 16 6
3948 24 24 8
3949 10 10 4
3950 20 19 5
3951 9 9 5
3952 17 17 7
3953 13 12 6
3954 10 10 4
3955 6 5 4
3956 18 17 7
3957 17 16 6
3958 12 12 4
3959 16 15 5
3960 21 20 8
3961 18 17 5
3962 15 14 6
3963 14 14 6
3964 12 12 4
3965 14 13 5
3966 19 18 6
3967 14 14 4
3968 14 13 5
3969 13 12 6
3970 14 14 6
3971 26 26 8
3972 14 14 6
3973 20 19 7
3974 23 22 6
3975 18 18 6
3976 30 29 11
3977 11 11 5
3978 29 29 5
3979 19 18 4
3980 16 15 5
3981 15 14 4
3982 18 17 5
3983 15 14 4
3984 10 9 5
3985 13 13 7
3986 21 20 8
3987 16 15 5
3988 23 22 6
3989 16 16 6
3990 18 18 4
3991 12 11 5
3992 13 12 4
3993 12 11 5
3994 11 11 5
3995 21 20 6
3996 16 16 6
3997 10 10 4
3998 22 21 5
3999 15 15 5
4000 19 18 6
4001 12 12 6
4002 16 15 5
4003 19 18 4
4004 20 19 5
4005 15 14 8
4006 18 18 6
4007 8 8 4
4008 26 25 5
4009 19 19 7
4010 15 14 6
4011 10 10 4
4012 16 15 5
4013 11 10 4
4014 22 21 7
4015 15 14 4
4016 18 17 5
4017 19 18 6
4018 14 14 4
4019 16 15 5
4020 15 14 6
4021 14 13 5
4022 29 28 6
4023 8 8 4
4024 18 17 5
4025 17 17 5
4026 13 12 6
4027 20 20 6
4028 14 14 6
4029 16 16 6
4030 12 12 6
4031 14 14 4
4032 6 5 4
4033 10 9 5
4034 19 18 6
4035 20 20 8
4036 20 20 4
4037 14 13 5
4038 19 18 4
4039 16 15 5
4040 21 21 5
4041 17 16 8
4042 12 12 4
4043 14 13 5
4044 11 11 5
4045 23 22 6
4046 14 14 4
4047 16 15 5
4048 17 17 7
4049 19 18 4
4050 22 21 7
4051 21 20 4
4052 18 17 7
4053 17 16 4
4054 16 15 7
4055 15 14 4
4056 8 7 6
4057 14 14 4
4058 10 9 5
4059 13 13 5
4060 11 10 6
4061 10 10 6
4062 18 18 6
4063 10 9 5
4064 11 11 7
4065 15 14 4
4066 20 19 5
4067 11 10 6
4068 14 13 5
4069 19 19 7
4070 7 6 5
4071 13 12 6
4072 6 6 6
4073 13 13 7
4074 11 10 4
4075 14 13 7
4076 17 17 7
4077 11 10 4
4078 16 15 5
4079 17 16 6
4080 12 11 5
4081 23 23 5
4082 13 13 7
4083 15 14 6
4084 12 12 6
4085 8 8 4
4086 18 17 9
4087 19 18 6
4088 10 10 4
4089 10 9 5
4090 15 14 8
4091 6 6 6
4092 11 11 5
4093 25 24 8
4094 16 16 6
4095 12 12 4
4096 16 15 5
4097 15 15 7
4098 15 14 6
4099 8 8 4
4100 12 11 5
4101 5 5 5
4102 16 15 7
4103 15 15 7
4104 11 10 6
4105 12 12 6
4106 14 14 8
4107 6 6 6
4108 15 15 5
4109 11 10 6
4110 20 20 4
4111 16 15 9
4112 11 10 6
4113 10 10 4
4114 10 9 5
4115 7 7 7
4116 24 23 11
4117 9 8 4
4118 16 15 5
4119 13 12 4
4120 14 13 5
4121 17 17 7
4122 13 12 6
4123 14 14 6
4124 14 13 5
4125 9 9 5
4126 11 11 5
4127 17 16 8
4128 10 10 4
4129 8 7 6
4130 18 17 5
4131 5 5 5
4132 18 17 5
4133 13 13 5
4134 21 20 8
4135 10 10 6
4136 12 11 5
4137 13 13 5
4138 13 12 6
4139 12 12 6
4140 8 8 4
4141 12 11 7
4142 19 19 7
4143 11 11 5
4144 19 19 5
4145 11 11 7
4146 17 16 6
4147 14 14 6
4148 10 10 6
4149 16 16 6
4150 10 10 4
4151 18 17 5
4152 13 12 4
4153 16 15 5
4154 9 9 5
4155 23 22 6
4156 6 5 4
4157 16 15 5
4158 13 12 6
4159 18 17 7
4160 15 14 4
4161 12 11 5
4162 9 9 5
4163 15 14 8
4164 14 14 6
4165 12 11 5
4166 15 14 6
4167 10 10 6
4168 12 12 6
4169 10 10 4
4170 8 7 6
4171 22 22 6
4172 14 14 6
4173 14 14 6
4174 16 16 6
4175 12 12 4
4176 12 11 5
4177 17 16 8
4178 8 8 8
4179 13 12 6
4180 14 13 5
4181 11 10 4
4182 20 19 5
4183 11 10 6
4184 16 15 5
4185 15 14 8
4186 6 6 6
4187 13 13 5
4188 17 17 7
4189 19 19 5
4190 15 14 4
4191 20 19 5
4192 11 10 6
4193 10 10 6
4194 10 10 6
4195 10 10 4
4196 30 29 7
4197 33 33 5
4198 13 12 4
4199 12 11 5
4200 11 10 4
4201 12 11 5
4202 19 18 6
4203 32 32 4
4204 30 29 5
4205 21 20 4
4206 10 9 5
4207 11 10 4
4208 24 23 5
4209 15 14 4
4210 40 39 7
4211 21 21 5
4212 15 14 4
4213 18 17 7
4214 33 32 4
4215 10 9 5
4216 15 14 6
4217 14 14 4
4218 20 19 5
4219 21 21 5
4220 21 21 5
4221 27 27 7
4222 19 19 5
4223 19 19 5
4224 27 26 6
4225 28 27 9
4226 21 20 4
4227 34 33 9
4228 23 23 7
4229 19 18 6
4230 28 28 6
4231 18 17 7
4232 31 30 8
4233 42 41 9
4234 31 30 10
4235 12 12 4
4236 18 17 5
4237 27 27 7
4238 21 21 9
4239 27 26 8
4240 20 20 8
4241 24 23 9
4242 31 30 8
4243 18 17 5
4244 13 12 4
4245 28 27 9
4246 23 22 6
4247 30 30 10
4248 20 19 7
4249 13 12 6
4250 22 22 6
4251 16 16 6
4252 20 20 6
4253 10 10 4
4254 26 25 9
4255 23 22 10
4256 14 14 6
4257 16 15 5
4258 19 19 7
4259 17 16 6
4260 12 12 6
4261 20 19 7
4262 29 29 7
4263 27 26 12
4264 28 27 11
4265 29 28 4
4266 20 19 5
4267 19 18 10
4268 22 21 7
4269 23 23 7
4270 23 22 6
4271 20 20 8
4272 20 20 4
4273 28 27 9
4274 23 23 7
4275 19 19 7
4276 23 22 6
4277 32 31 11
4278 37 36 8
4279 30 29 9
4280 23 22 8
4281 24 23 5
4282 27 26 6
4283 18 18 4
4284 22 21 5
4285 19 18 6
4286 26 26 6
4287 18 17 7
4288 23 22 8
4289 24 23 5
4290 23 22 4
4291 32 31 9
4292 31 30 10
4293 10 10 4
4294 22 21 5
4295 17 17 7
4296 23 22 8
4297 24 24 10
4298 10 10 4
4299 10 9 5
4300 41 41 13
4301 13 12 6
4302 12 12 4
4303 18 17 5
4304 19 18 6
4305 18 17 7
4306 9 8 4
4307 12 11 5
4308 21 20 6
4309 18 18 6
4310 14 14 6
4311 14 14 6
4312 14 14 4
4313 12 11 5
4314 19 18 6
4315 8 8 4
4316 12 11 7
4317 13 12 4
4318 20 19 7
4319 19 18 4
4320 6 5 4
4321 16 15 5
4322 13 12 6
4323 12 11 5
4324 17 17 7
4325 15 14 4
4326 14 13 7
4327 17 17 5
4328 9 8 4
4329 14 13 5
4330 7 6 5
4331 19 19 7
4332 27 26 6
4333 18 18 4
4334 14 13 5
4335 13 13 5
4336 13 12 4
4337 10 9 5
4338 7 6 5
4339 15 14 4
4340 14 13 7
4341 19 18 4
4342 16 15 5
4343 15 15 5
4344 11 10 4
4345 18 17 5
4346 17 16 4
4347 16 15 5
4348 17 17 7
4349 9 8 4
4350 12 11 5
4351 19 19 5
4352 17 16 6
4353 16 15 5
4354 15 14 6
4355 20 19 5
4356 9 9 5
4357 17 17 5
4358 11 11 5
4359 19 18 6
4360 20 20 4
4361 30 29 7
4362 17 16 6
4363 20 20 6
4364 8 7 6
4365 14 14 4
4366 12 11 5
4367 23 22 8
4368 8 8 4
4369 10 9 5
4370 21 21 5
4371 21 21 5
4372 13 13 5
4373 13 13 5
4374 11 10 6
4375 20 20 6
4376 6 6 6
4377 15 14 6
4378 16 16 4
4379 18 17 7
4380 7 7 7
4381 18 18 4
4382 16 15 5
4383 13 13 5
4384 7 7 7
4385 14 14 6
4386 12 12 4
4387 14 13 5
4388 13 13 7
4389 11 10 4
4390 24 23 11
4391 11 10 6
4392 16 16 6
4393 12 12 4
4394 16 15 7
4395 11 10 4
4396 16 15 5
4397 17 17 7
4398 9 9 5
4399 15 14 4
4400 20 19 5
4401 13 13 7
4402 11 10 4
4403 10 9 5
4404 11 10 4
4405 6 5 4
4406 10 9 5
4407 23 22 6
4408 14 13 5
4409 13 12 6
4410 14 14 6
4411 6 5 4
4412 16 15 5
4413 7 6 5
4414 13 13 5
4415 15 14 6
4416 14 14 4
4417 14 13 5
4418 19 18 6
4419 6 6 6
4420 11 10 6
4421 10 9 5
4422 21 21 5
4423 15 15 5
4424 23 22 6
4425 12 11 5
4426 9 8 4
4427 18 17 7
4428 17 16 6
4429 16 15 7
4430 11 11 7
4431 13 12 4
4432 16 15 7
4433 15 14 6
4434 20 20 6
4435 8 8 4
4436 20 19 9
4437 17 16 4
4438 14 13 5
4439 7 6 5
4440 11 10 4
4441 16 15 7
4442 23 22 6
4443 18 17 5
4444 15 15 7
4445 9 8 4
4446 26 25 9
4447 11 11 5
4448 11 10 4
4449 10 9 5
4450 13 12 6
4451 14 14 6
4452 12 11 7
4453 13 12 4
4454 18 17 5
4455 15 15 5
4456 15 15 5
4457 11 10 4
4458 18 17 7
4459 13 12 8
4460 24 24 6
4461 12 11 5
4462 17 16 6
4463 8 8 4
4464 10 9 5
4465 17 17 5
4466 23 22 6
4467 12 12 6
4468 12 11 5
4469 23 22 6
4470 16 15 5
4471 17 17 5
4472 19 19 7
4473 21 20 6
4474 10 10 4
4475 18 17 5
4476 13 13 5
4477 13 12 4
4478 18 17 5
4479 29 29 7
4480 21 20 4
4481 20 19 5
4482 17 17 5
4483 19 18 6
4484 24 23 5
4485 17 17 5
4486 13 12 4
4487 18 17 5
4488 21 21 5
4489 19 18 8
4490 16 16 4
4491 28 27 5
4492 49 48 6
4493 26 26 4
4494 16 15 5
4495 19 18 4
4496 22 21 5
4497 21 20 4
4498 38 37 5
4499 33 32 6
4500 20 19 5
4501 17 16 4
4502 26 25 5
4503 17 16 4
4504 26 25 7
4505 23 23 5
4506 15 14 4
4507 20 19 5
4508 25 25 5
4509 23 22 6
4510 16 15 5
4511 23 23 5
4512 27 26 6
4513 16 15 7
4514 17 16 6
4515 18 17 5
4516 17 16 4
4517 20 19 5
4518 27 27 7
4519 23 22 8
4520 14 14 6
4521 38 38 10
4522 22 22 6
4523 20 20 6
4524 38 38 6
4525 20 20 6
4526 22 21 5
4527 19 18 6
4528 18 18 8
4529 24 24 8
4530 20 20 6
4531 18 17 5
4532 23 22 6
4533 30 30 6
4534 24 24 6
4535 44 44 6
4536 22 22 6
4537 16 16 6
4538 8 8 4
4539 20 19 5
4540 19 18 4
4541 26 25 7
4542 31 30 4
4543 26 25 7
4544 15 14 4
4545 14 13 5
4546 17 17 5
4547 21 20 6
4548 32 31 7
4549 27 27 9
4550 17 17 5
4551 23 22 8
4552 22 21 5
4553 29 28 4
4554 30 29 9
4555 23 22 4
4556 34 33 11
4557 19 19 7
4558 19 18 4
4559 18 17 7
4560 17 16 6
4561 16 16 6
4562 24 24 10
4563 16 15 5
4564 29 29 5
4565 13 13 5
4566 41 40 14
4567 16 16 6
4568 30 30 6
4569 20 19 7
4570 13 12 4
4571 14 13 5
4572 23 23 9
4573 13 12 6
4574 20 19 5
4575 15 15 5
4576 45 44 16
4577 28 28 8
4578 16 15 5
4579 17 16 6
4580 16 15 5
4581 11 10 4
4582 18 17 7
4583 15 14 4
4584 22 21 5
4585 13 12 4
4586 28 27 7
4587 7 6 5
4588 19 19 7
4589 19 19 7
4590 17 16 6
4591 12 11 5
4592 23 22 4
4593 20 19 5
4594 17 17 7
4595 11 11 5
4596 19 18 6
4597 20 20 8
4598 24 24 8
4599 26 25 5
4600 17 16 4
4601 18 17 5
4602 11 10 4
4603 6 5 4
4604 16 15 5
4605 9 9 5
4606 27 26 4
4607 10 9 5
4608 15 15 5
4609 17 17 7
4610 15 14 6
4611 10 10 4
4612 14 13 5
4613 13 12 6
4614 14 14 6
4615 20 20 6
4616 16 15 5
4617 13 12 6
4618 16 16 4
4619 14 13 7
4620 25 24 8
4621 14 14 8
4622 18 18 6
4623 14 14 8
4624 14 14 4
4625 10 9 5
4626 13 12 6
4627 12 11 5
4628 5 5 5
4629 12 11 5
4630 9 9 5
4631 19 18 6
4632 12 12 8
4633 12 12 6
4634 10 10 4
4635 16 15 7
4636 11 10 4
4637 20 19 7
4638 15 14 4
4639 26 25 7
4640 15 15 5
4641 23 23 9
4642 19 18 6
4643 16 16 4
4644 6 5 4
4645 12 11 5
4646 13 12 4
4647 14 13 5
4648 11 11 5
4649 13 13 5
4650 23 23 7
4651 11 11 5
4652 11 10 4
4653 12 11 5
4654 11 10 4
4655 18 17 9
4656 13 12 4
4657 12 11 5
4658 11 10 4
4659 14 13 5
4660 19 19 7
4661 13 13 7
4662 13 13 5
4663 9 9 5
4664 11 10 4
4665 20 19 7
4666 17 16 8
4667 18 18 6
4668 10 10 4
4669 16 15 5
4670 7 6 5
4671 15 15 9
4672 13 12 4
4673 16 15 5
4674 9 9 5
4675 15 14 8
4676 6 6 6
4677 17 17 5
4678 11 10 4
4679 16 15 7
4680 13 12 6
4681 8 8 8
4682 13 12 6
4683 12 11 5
4684 15 15 5
4685 15 14 6
4686 10 9 5
4687 25 25 7
4688 13 13 5
4689 13 13 5
4690 21 20 4
4691 18 17 7
4692 9 8 4
4693 10 9 5
4694 15 15 5
4695 19 19 5
4696 19 19 7
4697 7 6 5
4698 23 22 6
4699 22 22 10
4700 12 11 5
4701 9 8 4
4702 16 15 5
4703 11 10 6
4704 12 12 6
4705 12 12 6
4706 16 15 5
4707 9 9 5
4708 11 10 4
4709 12 11 5
4710 23 22 6
4711 8 8 4
4712 20 19 5
4713 23 22 6
4714 24 23 11
4715 17 17 7
4716 17 17 5
4717 9 9 5
4718 7 6 5
4719 13 12 4
4720 12 11 5
4721 15 14 4
4722 14 13 7
4723 17 16 6
4724 16 15 5
4725 13 12 4
4726 14 13 5
4727 17 16 4
4728 14 13 5
4729 11 10 4
4730 12 11 7
4731 17 16 8
4732 10 10 6
4733 10 10 6
4734 10 9 5
4735 15 14 4
4736 24 23 7
4737 5 5 5
4738 12 11 5
4739 11 10 6
4740 6 6 6
4741 17 16 6
4742 16 15 5
4743 11 10 4
4744 6 5 4
4745 18 17 5
4746 13 12 6
4747 14 14 6
4748 6 5 4
4749 22 21 5
4750 13 13 5
4751 15 14 6
4752 16 15 5
4753 9 9 5
4754 9 8 4
4755 12 11 7
4756 7 6 5
4757 13 12 4
4758 12 11 5
4759 17 17 9
4760 9 8 4
4761 14 13 5
4762 11 10 6
4763 14 14 8
4764 12 12 6
4765 14 13 5
4766 9 9 5
4767 15 14 6
4768 10 10 6
4769 6 6 6
4770 15 14 6
4771 14 14 6
4772 16 16 6
4773 14 14 6
4774 10 9 5
4775 13 13 5
4776 13 13 5
4777 11 11 5
4778 17 17 7
4779 15 15 7
4780 9 8 4
4781 14 13 5
4782 19 18 8
4783 12 12 4
4784 16 15 9
4785 15 14 4
4786 16 15 7
4787 19 18 6
4788 14 13 5
4789 15 15 5
4790 19 18 6
4791 8 7 6
4792 16 16 6
4793 6 6 6
4794 9 8 4
4795 12 11 5
4796 11 10 4
4797 16 15 7
4798 13 12 6
4799 6 6 6
4800 15 14 6
4801 12 11 5
4802 19 19 7
4803 21 20 4
4804 14 13 7
4805 15 14 6
4806 16 16 6
4807 12 12 6
4808 8 8 4
4809 16 15 5
4810 9 9 5
4811 7 6 5
4812 11 11 5
4813 9 9 5
4814 11 10 6
4815 10 10 6
4816 18 18 8
4817 16 16 6
4818 20 20 6
4819 18 17 5
4820 11 10 6
4821 10 10 6
4822 12 12 4
4823 10 9 5
4824 13 13 7
4825 9 9 5
4826 15 14 6
4827 12 11 5
4828 13 12 6
4829 14 14 6
4830 8 7 6
4831 10 9 5
4832 11 10 4
4833 12 11 5
4834 9 8 4
4835 12 11 7
4836 13 12 6
4837 22 21 7
4838 13 12 6
4839 16 16 4
4840 16 15 5
4841 17 17 5
4842 11 11 5
4843 15 15 5
4844 11 11 5
4845 13 13 7
4846 11 10 4
4847 16 15 5
4848 21 21 7
4849 11 10 4
4850 18 17 5
4851 11 10 4
4852 16 15 7
4853 13 12 6
4854 26 26 8
4855 18 18 4
4856 12 11 5
4857 17 16 6
4858 30 30 6
4859 16 15 5
4860 27 26 4
4861 14 13 5
4862 9 8 4
4863 24 23 5
4864 19 18 6
4865 16 16 4
4866 14 13 5
4867 13 12 4
4868 22 21 9
4869 15 14 4
4870 18 17 5
4871 11 11 5
4872 7 6 5
4873 21 20 8
4874 26 26 4
4875 10 9 5
4876 19 18 10
4877 16 15 5
4878 15 15 5
4879 17 16 4
4880 18 17 5
4881 19 19 7
4882 17 17 7
4883 13 13 5
4884 11 11 5
4885 15 14 8
4886 10 10 4
4887 22 21 11
4888 11 10 6
4889 10 10 4
4890 12 11 5
4891 13 13 5
4892 13 13 5
4893 19 18 6
4894 16 16 6
4895 12 11 5
4896 29 28 8
4897 10 10 4
4898 14 13 5
4899 7 7 7
4900 18 18 6
4901 14 13 5
4902 11 11 5
4903 13 12 4
4904 20 19 5
4905 13 13 5
4906 13 12 4
4907 10 9 5
4908 15 15 7
4909 15 14 6
4910 20 19 7
4911 21 21 5
4912 21 20 6
4913 10 10 4
4914 14 13 5
4915 17 16 4
4916 16 15 5
4917 19 18 6
4918 16 15 5
4919 15 15 5
4920 9 9 5
4921 11 11 5
4922 9 9 5
4923 9 8 7
4924 17 16 6
4925 14 14 6
4926 12 12 6
4927 8 8 4
4928 8 7 6
4929 14 14 8
4930 14 14 8
4931 14 14 6
4932 18 18 6
4933 10 10 4
4934 10 9 5
4935 11 10 4
4936 10 9 5
4937 17 16 6
4938 14 14 6
4939 20 19 5
4940 15 14 6
4941 12 12 6
4942 14 14 6
4943 12 12 6
4944 12 12 6
4945 10 10 6
4946 14 13 5
4947 17 16 4
4948 10 9 5
4949 17 17 7
4950 19 18 4
4951 12 11 5
4952 11 10 4
4953 14 13 5
4954 21 20 6
4955 16 16 6
4956 10 10 6
4957 12 12 4
4958 14 13 5
4959 19 19 7
4960 13 12 6
4961 16 16 4
4962 14 13 5
4963 11 10 4
4964 6 5 4
4965 20 19 5
4966 13 12 6
4967 14 14 6
4968 12 12 8
4969 18 18 6
4970 10 10 4
4971 14 13 5
4972 7 6 5
4973 13 13 5
4974 21 20 6
4975 16 15 5
4976 13 12 4
4977 22 21 5
4978 9 8 4
4979 12 11 5
4980 11 10 4
4981 16 15 5
4982 17 17 7
4983 17 16 4
4984 16 15 5
4985 15 15 7
4986 7 6 5
4987 13 13 5
4988 13 13 5
4989 11 11 5
4990 9 8 7
4991 19 18 6
4992 8 7 6
4993 16 15 5
4994 21 20 8
4995 8 8 4
4996 14 13 5
4997 19 18 6
4998 8 7 6
4999 10 9 5
